first,second
Q_TES_heater_peak,0.0
p_coal_t,"[0.0, 0.0, 0.0, 0.0, 249.99999999999997, 0.0, 335.0, 0.0, 0.0, 0.0, 0.0, 0.0, 0.0, 0.0, 0.0, 0.0, 0.0, 0.0, 0.0, 0.0, 0.0, 0.0, 0.0, 0.0, 0.0, 0.0, 0.0, 500.0, 0.0, 500.0, 0.0, 0.0, 0.0, 0.0, 0.0, 0.0, 0.0, 0.0, 0.0, 0.0, 0.0, 0.0, 0.0, 0.0, 0.0, 0.0, 0.0, 0.0, 0.0, 0.0, 500.0, 0.0, 500.0, 0.0, 0.0, 0.0, 0.0, 0.0, 0.0, 0.0, 0.0, 0.0, 0.0, 0.0, 0.0, 0.0, 0.0, 0.0, 0.0, 0.0, 0.0, 0.0, 0.0, 500.0, 0.0, 500.0, 0.0, 0.0, 0.0, 0.0, 0.0, 0.0, 0.0, 0.0, 0.0, 0.0, 0.0, 0.0, 0.0, 0.0, 0.0, 0.0, 0.0, 0.0, 0.0, 0.0, 500.0, 0.0, 500.0, 0.0, 0.0, 0.0, 0.0, 0.0, 0.0, 0.0, 0.0, 0.0, 0.0, 0.0, 0.0, 0.0, 0.0, 0.0, 0.0, 0.0, 0.0, 0.0, 0.0, 500.0, 0.0, 500.0, 0.0, 0.0, 0.0, 0.0, 0.0, 0.0, 0.0, 0.0, 0.0, 0.0, 0.0, 0.0, 0.0, 0.0, 0.0, 0.0, 0.0, 0.0, 0.0, 0.0, 500.0, 0.0, 500.0, 0.0, 0.0, 0.0, 0.0, 0.0, 0.0, 0.0, 0.0, 0.0, 0.0, 0.0, 0.0, 0.0, 0.0, 0.0, 0.0, 0.0, 0.0, 0.0, 0.0, 499.99999999999994, 0.0, 250.0, 0.0, 0.0, 0.0, 0.0, 0.0, 0.0, 0.0, 0.0, 0.0, 0.0, 0.0, 0.0, 0.0, 0.0, 0.0, 0.0, 0.0, 0.0, 0.0, 0.0, 257.86653983334776, 0.0, 0.0, 0.0, 0.0, 0.0, 0.0, 0.0, 0.0, 0.0, 0.0, 0.0, 0.0, 0.0, 0.0, 0.0, 0.0, 0.0, 0.0, 0.0, 0.0, 0.0, 0.0, 250.0000000000001, 0.0, 0.0, 0.0, 0.0, 0.0, 0.0, 0.0, 0.0, 0.0, 0.0, 0.0, 0.0, 0.0, 0.0, 0.0, 0.0, 0.0, 0.0, 0.0, 0.0, 0.0, 0.0, 0.0, 0.0, 0.0, 0.0, 0.0, 0.0, 0.0, 0.0, 0.0, 0.0, 0.0, 0.0, 0.0, 0.0, 0.0, 0.0, 0.0, 0.0, 0.0, 0.0, 0.0, 0.0, 0.0, 0.0, 0.0, 0.0, 0.0, 0.0, 0.0, 0.0, 0.0, 0.0, 0.0, 0.0, 0.0, 0.0, 0.0, 0.0, 0.0, 0.0, 0.0, 0.0, 0.0, 0.0, 0.0, 0.0, 0.0, 0.0, 0.0, 0.0, 0.0, 0.0, 0.0, 0.0, 0.0, 0.0, 0.0, 0.0, 0.0, 0.0, 0.0, 0.0, 0.0, 0.0, 0.0, 0.0, 0.0, 0.0, 0.0, 0.0, 0.0, 0.0, 0.0, 0.0, 0.0, 0.0, 0.0, 0.0, 0.0, 0.0, 0.0, 0.0, 0.0, 0.0, 0.0, 0.0, 0.0, 0.0, 0.0, 0.0, 0.0, 0.0, 0.0, 0.0, 0.0, 0.0, 0.0, 0.0, 0.0, 0.0, 0.0, 0.0, 0.0, 0.0, 0.0, 0.0, 0.0, 0.0, 0.0, 0.0, 0.0, 0.0, 0.0, 0.0, 0.0, 0.0, 0.0, 0.0, 0.0, 0.0, 0.0, 0.0, 0.0, 0.0, 0.0, 0.0, 0.0, 0.0, 0.0, 0.0, 0.0, 0.0, 0.0, 0.0, 0.0, 0.0, 0.0, 0.0, 0.0, 0.0, 0.0, 0.0, 0.0, 0.0, 0.0, 0.0, 0.0, 0.0, 0.0, 0.0, 0.0, 0.0, 0.0, 0.0, 0.0, 0.0, 0.0, 221.69972611002927, 0.0, 0.0, 0.0, 114.8039473242217, 0.0, 0.0, 0.0, 0.0, 0.0, 0.0, 0.0, 0.0, 0.0, 0.0, 0.0, 0.0, 0.0, 0.0, 0.0, 0.0, 0.0, 0.0, 460.8714057607388, 0.0, 0.0, 0.0, 364.80394732422167, 0.0, 0.0, 0.0, 0.0, 0.0, 0.0, 0.0, 0.0, 0.0, 0.0, 0.0, 0.0, 0.0, 0.0, 0.0, 0.0, 0.0, 0.0, 210.87140576073884, 0.0, 0.0, 0.0, 500.0, 0.0, 0.0, 0.0, 0.0, 0.0, 0.0, 0.0, 0.0, 0.0, 0.0, 0.0, 0.0, 0.0, 0.0, 0.0, 0.0, 0.0, 0.0, 336.1975167612241, 0.0, 0.0, 0.0, 500.0, 0.0, 0.0, 0.0, 0.0, 0.0, 0.0, 0.0, 0.0, 0.0, 0.0, 0.0, 0.0, 238.15060715032243, 0.0, 0.0, 0.0, 0.0, 0.0, 500.0, 0.0, 0.0, 0.0, 500.0, 0.0, 0.0, 0.0, 0.0, 0.0, 0.0, 0.0, 0.0, 0.0, 0.0, 0.0, 0.0, 488.15060715032246, 0.0, 0.0, 0.0, 0.0, 0.0, 500.0, 0.0, 0.0, 0.0, 500.0, 0.0, 240.44699503348224, 0.0, 0.0, 0.0, 0.0, 0.0, 0.0, 0.0, 0.0, 0.0, 0.0, 500.0, 0.0, 0.0, 0.0, 0.0, 0.0, 500.0, 0.0, 0.0, 0.0, 500.0, 0.0, 490.4469950334822, 0.0, 0.0, 0.0, 0.0, 0.0, 0.0, 0.0, 0.0, 0.0, 0.0, 500.0, 0.0, 0.0, 0.0, 0.0, 0.0, 500.0, 0.0, 0.0, 0.0, 500.0, 0.0, 500.0, 0.0, 0.0, 0.0, 0.0, 0.0, 0.0, 0.0, 0.0, 0.0, 0.0, 500.0, 0.0, 0.0, 0.0, 0.0, 0.0, 500.0, 0.0, 0.0, 0.0, 500.0, 0.0, 500.0, 0.0, 0.0, 0.0, 0.0, 0.0, 0.0, 0.0, 0.0, 0.0, 0.0, 500.0, 0.0, 0.0, 0.0, 0.0, 0.0, 500.0, 0.0, 0.0, 0.0, 500.0, 0.0, 500.0, 0.0, 0.0, 0.0, 0.0, 0.0, 0.0, 0.0, 0.0, 0.0, 0.0, 500.0, 0.0, 0.0, 0.0, 0.0, 0.0, 500.0, 0.0, 0.0, 0.0, 500.0, 0.0, 500.0, 0.0, 0.0, 0.0, 0.0, 0.0, 0.0, 0.0, 0.0, 0.0, 0.0, 500.0, 0.0, 0.0, 0.0, 0.0, 0.0, 500.0, 0.0, 0.0, 0.0, 500.0, 0.0, 250.00000000000028, 0.0, 0.0, 0.0, 0.0, 0.0, 0.0, 0.0, 0.0, 0.0, 0.0, 500.0, 0.0, 0.0, 0.0, 0.0, 0.0, 500.0, 0.0, 0.0, 0.0, 500.0, 0.0, 0.0, 0.0, 0.0, 0.0, 0.0, 0.0, 0.0, 0.0, 0.0, 0.0, 0.0, 499.99999999999994, 0.0, 0.0, 0.0, 0.0, 0.0, 500.0, 0.0, 0.0, 0.0, 500.0, 0.0, 0.0, 0.0, 0.0, 0.0, 0.0, 0.0, 0.0, 0.0, 0.0, 0.0, 0.0, 500.0, 0.0, 0.0, 0.0, 0.0, 0.0, 499.9999999999998, 0.0, 0.0, 0.0, 381.77700248504175, 0.0, 0.0, 0.0, 0.0, 0.0, 0.0, 0.0, 0.0, 0.0, 0.0, 0.0, 0.0, 500.0, 0.0, 0.0, 0.0, 0.0, 0.0, 363.8987512904573, 0.0, 0.0, 0.0, 131.77700248504172, 0.0, 0.0, 0.0, 0.0, 0.0, 0.0, 0.0, 0.0, 0.0, 0.0, 0.0, 0.0, 250.00000000000006, 0.0, 0.0, 0.0, 0.0, 0.0, 113.8987512904573, 0.0, 0.0, 0.0, 0.0, 0.0, 0.0, 0.0, 0.0, 0.0, 0.0, 0.0, 0.0, 0.0, 0.0, 0.0, 0.0, 0.0, 0.0, 0.0, 0.0, 0.0, 0.0, 85.0, 0.0, 0.0, 0.0, 0.0, 0.0, 0.0, 0.0, 0.0, 0.0, 0.0, 0.0, 0.0, 0.0, 0.0, 0.0, 0.0, 0.0, 0.0, 0.0, 0.0, 0.0, 0.0, 85.0, 0.0, 0.0, 0.0, 0.0, 0.0, 0.0, 0.0, 0.0, 0.0, 0.0, 0.0, 0.0, 0.0, 0.0, 0.0, 0.0, 0.0, 0.0, 0.0, 0.0, 0.0, 0.0, 85.0, 0.0, 0.0, 0.0, 0.0, 0.0, 0.0, 0.0, 0.0, 0.0, 0.0, 0.0, 0.0, 0.0, 0.0, 0.0, 0.0, 0.0, 0.0, 0.0, 0.0, 0.0, 0.0, 85.0, 0.0, 0.0, 0.0, 0.0, 0.0, 0.0, 0.0, 0.0, 0.0, 0.0, 0.0, 0.0, 0.0, 0.0, 0.0, 0.0, 0.0, 0.0, 0.0, 0.0, 0.0, 0.0, 85.0, 0.0, 0.0, 0.0, 0.0, 0.0, 0.0, 0.0, 0.0, 0.0, 0.0, 0.0, 0.0, 0.0, 0.0, 0.0, 0.0, 0.0, 0.0, 0.0, 0.0, 0.0, 0.0, 335.0, 0.0, 0.0, 0.0, 0.0, 0.0, 0.0, 0.0, 0.0, 0.0, 0.0, 0.0, 0.0, 0.0, 0.0, 0.0, 0.0, 0.0, 0.0, 0.0, 0.0, 0.0, 0.0, 500.0, 0.0, 0.0, 0.0, 250.00000000000028, 0.0, 0.0, 0.0, 0.0, 0.0, 0.0, 0.0, 0.0, 0.0, 0.0, 0.0, 0.0, 0.0, 0.0, 0.0, 0.0, 0.0, 0.0, 500.0, 0.0, 0.0, 0.0, 500.0, 0.0, 0.0, 0.0, 0.0, 0.0, 0.0, 0.0, 0.0, 0.0, 0.0, 0.0, 0.0, 0.0, 0.0, 0.0, 0.0, 0.0, 0.0, 500.0, 0.0, 0.0, 0.0, 500.0, 0.0, 250.00000000000028, 0.0, 0.0, 0.0, 0.0, 0.0, 0.0, 0.0, 0.0, 0.0, 0.0, 0.0, 0.0, 0.0, 0.0, 0.0, 0.0, 500.0, 0.0, 0.0, 0.0, 500.0, 0.0, 335.0, 0.0, 0.0, 0.0, 0.0, 0.0, 0.0, 0.0, 0.0, 0.0, 0.0, 0.0, 0.0, 0.0, 0.0, 0.0, 0.0, 500.0, 0.0, 0.0, 0.0, 500.0, 0.0, 85.0, 0.0, 0.0, 0.0, 0.0, 0.0, 0.0, 0.0, 0.0, 0.0, 0.0, 0.0, 0.0, 0.0, 0.0, 0.0, 0.0, 500.0, 0.0, 0.0, 0.0, 500.0, 0.0, 335.0, 0.0, 0.0, 0.0, 0.0, 0.0, 0.0, 0.0, 0.0, 0.0, 0.0, 0.0, 0.0, 0.0, 0.0, 0.0, 0.0, 500.0, 0.0, 0.0, 0.0, 500.0, 0.0, 500.0, 0.0, 0.0, 0.0, 0.0, 0.0, 0.0, 0.0, 0.0, 0.0, 0.0, 0.0, 0.0, 0.0, 0.0, 0.0, 0.0, 500.0, 0.0, 0.0, 0.0, 500.0, 0.0, 500.0, 0.0, 0.0, 0.0, 0.0, 0.0, 0.0, 0.0, 0.0, 0.0, 0.0, 0.0, 0.0, 0.0, 0.0, 0.0, 0.0, 451.23460198489977, 0.0, 0.0, 0.0, 500.0, 0.0, 500.0, 0.0, 0.0, 0.0, 0.0, 0.0, 0.0, 0.0, 0.0, 0.0, 0.0, 0.0, 0.0, 0.0, 0.0, 0.0, 0.0, 500.0, 0.0, 0.0, 0.0, 500.0, 0.0, 500.0, 0.0, 0.0, 0.0, 0.0, 0.0, 0.0, 0.0, 0.0, 0.0, 0.0, 0.0, 0.0, 0.0, 0.0, 0.0, 0.0, 500.0, 0.0, 0.0, 0.0, 500.0, 0.0, 500.0, 0.0, 0.0, 0.0, 0.0, 0.0, 0.0, 0.0, 0.0, 0.0, 0.0, 0.0, 0.0, 0.0, 0.0, 0.0, 0.0, 500.0, 0.0, 0.0, 0.0, 500.0, 0.0, 500.0, 0.0, 0.0, 0.0, 0.0, 0.0, 0.0, 0.0, 0.0, 0.0, 0.0, 0.0, 0.0, 0.0, 0.0, 0.0, 0.0, 500.0, 0.0, 0.0, 0.0, 500.0, 0.0, 500.0, 0.0, 0.0, 0.0, 0.0, 0.0, 0.0, 0.0, 0.0, 0.0, 0.0, 0.0, 0.0, 0.0, 0.0, 0.0, 0.0, 500.0, 0.0, 0.0, 0.0, 500.0, 0.0, 500.0, 0.0, 0.0, 0.0, 0.0, 0.0, 0.0, 0.0, 0.0, 0.0, 0.0, 0.0, 0.0, 0.0, 0.0, 0.0, 0.0, 500.0, 0.0, 0.0, 0.0, 500.0, 0.0, 250.0, 0.0, 0.0, 0.0, 0.0, 0.0, 0.0, 0.0, 0.0, 0.0, 0.0, 0.0, 0.0, 0.0, 0.0, 0.0, 0.0, 250.0, 0.0, 0.0, 0.0, 250.0000000000001, 0.0, 323.0435591417815, 0.0, 0.0, 0.0, 0.0, 0.0, 0.0, 0.0, 0.0, 0.0, 0.0, 0.0, 0.0, 0.0, 0.0, 0.0, 0.0, 0.0, 0.0, 0.0, 0.0, 0.0, 0.0, 249.99999999999997, 0.0, 0.0, 0.0, 0.0, 0.0, 0.0, 0.0, 0.0, 0.0, 0.0, 0.0, 0.0, 0.0, 0.0, 0.0, 0.0, 0.0, 0.0, 0.0, 0.0, 0.0, 0.0, 0.0, 0.0, 0.0, 0.0, 0.0, 0.0, 0.0, 0.0, 0.0, 0.0, 0.0, 0.0, 0.0, 0.0, 0.0, 0.0, 0.0, 0.0, 0.0, 0.0, 0.0, 0.0, 0.0, 0.0, 0.0, 0.0, 0.0, 0.0, 0.0, 0.0, 0.0, 0.0, 0.0, 0.0, 0.0, 0.0, 0.0, 0.0, 0.0, 0.0, 0.0, 0.0, 0.0, 0.0, 0.0, 0.0, 0.0, 0.0, 0.0, 0.0, 0.0, 0.0, 0.0, 0.0, 0.0, 0.0, 0.0, 0.0, 0.0, 0.0, 0.0, 0.0, 0.0, 0.0, 0.0, 0.0, 0.0, 0.0, 0.0, 0.0, 0.0, 0.0, 0.0, 0.0, 0.0, 0.0, 0.0, 0.0, 0.0, 0.0, 0.0, 0.0, 0.0, 0.0, 0.0, 0.0, 0.0, 0.0, 0.0, 0.0, 0.0, 0.0, 0.0, 0.0, 0.0, 0.0, 0.0, 0.0, 0.0, 0.0, 0.0, 0.0, 0.0, 0.0, 0.0, 0.0, 0.0, 0.0, 0.0, 0.0, 0.0, 0.0, 0.0, 0.0, 0.0, 0.0, 0.0, 0.0, 0.0, 0.0, 0.0, 0.0, 0.0, 0.0, 0.0, 0.0, 0.0, 0.0, 0.0, 0.0, 0.0, 0.0, 0.0, 0.0, 0.0, 0.0, 0.0, 0.0, 0.0, 0.0, 0.0, 0.0, 0.0, 0.0, 0.0, 0.0, 0.0, 0.0, 0.0, 0.0, 0.0, 0.0, 0.0, 0.0, 0.0, 0.0, 0.0, 0.0, 0.0, 250.0000000000001, 0.0, 0.0, 0.0, 0.0, 0.0, 0.0, 0.0, 0.0, 0.0, 0.0, 0.0, 0.0, 0.0, 0.0, 0.0, 0.0, 0.0, 0.0, 0.0, 0.0, 0.0, 0.0, 85.0, 0.0, 0.0, 0.0, 0.0, 0.0, 0.0, 0.0, 0.0, 0.0, 0.0, 0.0, 0.0, 0.0, 0.0, 0.0, 0.0, 0.0, 0.0, 0.0, 0.0, 0.0, 0.0, 335.0, 0.0, 0.0, 0.0, 0.0, 0.0, 0.0, 0.0, 0.0, 0.0, 0.0, 0.0, 0.0, 0.0, 0.0, 0.0, 0.0, 0.0, 0.0, 0.0, 0.0, 0.0, 0.0, 500.0, 0.0, 0.0, 0.0, 0.0, 0.0, 0.0, 0.0, 0.0, 0.0, 0.0, 0.0, 0.0, 0.0, 0.0, 0.0, 0.0, 0.0, 0.0, 0.0, 0.0, 0.0, 0.0, 500.0, 0.0, 0.0, 0.0, 0.0, 0.0, 0.0, 0.0, 0.0, 0.0, 0.0, 0.0, 0.0, 0.0, 0.0, 0.0, 0.0, 0.0, 0.0, 0.0, 0.0, 0.0, 0.0, 500.0, 0.0, 0.0, 0.0, 0.0, 0.0, 0.0, 0.0, 0.0, 0.0, 0.0, 0.0, 0.0, 0.0, 0.0, 0.0, 0.0, 0.0, 0.0, 0.0, 0.0, 0.0, 0.0, 500.0, 0.0, 0.0, 0.0, 0.0, 0.0, 0.0, 0.0, 0.0, 0.0, 0.0, 0.0, 0.0, 0.0, 0.0, 0.0, 0.0, 0.0, 0.0, 0.0, 0.0, 0.0, 0.0, 500.0, 0.0, 0.0, 0.0, 0.0, 0.0, 0.0, 0.0, 0.0, 0.0, 0.0, 0.0, 0.0, 0.0, 0.0, 0.0, 0.0, 0.0, 0.0, 0.0, 0.0, 0.0, 0.0, 500.0, 0.0, 85.0, 0.0, 0.0, 0.0, 0.0, 0.0, 0.0, 0.0, 0.0, 0.0, 0.0, 0.0, 0.0, 0.0, 0.0, 0.0, 0.0, 0.0, 0.0, 0.0, 0.0, 500.0, 0.0, 335.0, 0.0, 0.0, 0.0, 0.0, 0.0, 0.0, 0.0, 0.0, 0.0, 0.0, 0.0, 0.0, 0.0, 0.0, 0.0, 0.0, 0.0, 0.0, 0.0, 0.0, 500.0, 0.0, 500.0, 0.0, 0.0, 0.0, 0.0, 0.0, 0.0, 0.0, 0.0, 0.0, 0.0, 0.0, 0.0, 0.0, 0.0, 0.0, 0.0, 0.0, 0.0, 0.0, 0.0, 500.0, 0.0, 500.0, 0.0, 0.0, 0.0, 0.0, 0.0, 0.0, 0.0, 0.0, 0.0, 0.0, 0.0, 0.0, 0.0, 0.0, 0.0, 0.0, 250.0000000000001, 0.0, 0.0, 0.0, 500.0, 0.0, 500.0, 0.0, 0.0, 0.0, 0.0, 0.0, 0.0, 0.0, 0.0, 0.0, 0.0, 0.0, 0.0, 0.0, 0.0, 0.0, 0.0, 500.0, 0.0, 0.0, 0.0, 500.0, 0.0, 500.0, 0.0, 0.0, 0.0, 0.0, 0.0, 0.0, 0.0, 0.0, 0.0, 0.0, 0.0, 0.0, 0.0, 0.0, 0.0, 0.0, 499.0658322638009, 0.0, 0.0, 0.0, 500.0, 0.0, 500.0, 0.0, 0.0, 0.0, 0.0, 0.0, 0.0, 0.0, 0.0, 0.0, 0.0, 0.0, 0.0, 0.0, 0.0, 0.0, 0.0, 249.06583226380093, 0.0, 0.0, 0.0, 335.0, 0.0, 500.0, 0.0, 0.0, 0.0, 0.0, 0.0, 0.0, 0.0, 0.0, 0.0, 0.0, 0.0, 0.0, 0.0, 0.0, 0.0, 0.0, 250.0, 0.0, 0.0, 0.0, 85.0, 0.0, 500.0, 0.0, 0.0, 0.0, 0.0, 0.0, 0.0, 0.0, 0.0, 0.0, 0.0, 0.0, 0.0, 0.0, 0.0, 0.0, 0.0, 0.0, 0.0, 0.0, 0.0, 0.0, 0.0, 250.0000000000002, 0.0, 0.0, 0.0, 0.0, 0.0, 0.0, 0.0, 0.0, 0.0, 0.0, 0.0, 0.0, 0.0, 0.0, 0.0, 0.0, 0.0, 0.0, 0.0, 0.0, 0.0, 0.0, 0.0, 0.0, 0.0, 0.0, 0.0, 0.0, 0.0, 0.0, 0.0, 0.0, 0.0, 0.0, 0.0, 0.0, 0.0, 0.0, 0.0, 0.0, 0.0, 0.0, 0.0, 0.0, 0.0, 0.0, 0.0, 0.0, 0.0, 0.0, 0.0, 0.0, 0.0, 0.0, 0.0, 0.0, 0.0, 0.0, 0.0, 0.0, 0.0, 0.0, 0.0, 0.0, 0.0, 0.0, 0.0, 0.0, 0.0, 0.0, 0.0, 0.0, 0.0, 0.0, 0.0, 0.0, 0.0, 0.0, 0.0, 0.0, 0.0, 0.0, 0.0, 0.0, 0.0, 0.0, 0.0, 0.0, 0.0, 0.0, 0.0, 0.0, 0.0, 0.0, 0.0, 0.0, 0.0, 0.0, 0.0, 0.0, 0.0, 0.0, 0.0, 0.0, 0.0, 0.0, 0.0, 0.0, 0.0, 0.0, 0.0, 0.0, 0.0, 0.0, 0.0, 0.0, 0.0, 0.0, 0.0, 0.0, 0.0, 0.0, 0.0, 0.0, 0.0, 0.0, 0.0, 0.0, 0.0, 0.0, 0.0, 0.0, 0.0, 0.0, 0.0, 0.0, 0.0, 168.22135910978045, 0.0, 0.0, 0.0, 0.0, 0.0, 0.0, 0.0, 0.0, 0.0, 0.0, 0.0, 0.0, 0.0, 0.0, 0.0, 0.0, 0.0, 0.0, 0.0, 0.0, 0.0, 0.0, 418.2213591097805, 0.0, 0.0, 0.0, 0.0, 0.0, 0.0, 0.0, 0.0, 0.0, 0.0, 0.0, 0.0, 0.0, 0.0, 0.0, 0.0, 0.0, 0.0, 0.0, 0.0, 0.0, 0.0, 500.0, 0.0, 0.0, 0.0, 0.0, 0.0, 0.0, 0.0, 0.0, 0.0, 0.0, 0.0, 0.0, 0.0, 0.0, 0.0, 0.0, 0.0, 0.0, 0.0, 0.0, 250.0000000000001, 0.0, 500.0, 0.0, 0.0, 0.0, 0.0, 0.0, 0.0, 0.0, 0.0, 0.0, 0.0, 0.0, 0.0, 0.0, 0.0, 0.0, 0.0, 0.0, 0.0, 0.0, 0.0, 500.0, 0.0, 500.0, 0.0, 0.0, 0.0, 0.0, 0.0, 0.0, 0.0, 0.0, 0.0, 0.0, 0.0, 0.0, 0.0, 0.0, 0.0, 0.0, 0.0, 0.0, 0.0, 0.0, 500.0, 0.0, 500.0, 0.0, 0.0, 0.0, 0.0, 0.0, 0.0, 0.0, 0.0, 0.0, 0.0, 0.0, 0.0, 0.0, 0.0, 0.0, 0.0, 0.0, 0.0, 0.0, 0.0, 500.0, 0.0, 500.0, 0.0, 0.0, 0.0, 0.0, 0.0, 0.0, 0.0, 0.0, 0.0, 0.0, 0.0, 0.0, 0.0, 0.0, 0.0, 0.0, 0.0, 0.0, 0.0, 0.0, 500.0, 0.0, 500.0, 0.0, 0.0, 0.0, 0.0, 0.0, 0.0, 0.0, 0.0, 0.0, 0.0, 0.0, 0.0, 0.0, 0.0, 0.0, 0.0, 0.0, 0.0, 0.0, 0.0, 500.0, 0.0, 500.0, 0.0, 0.0, 0.0, 0.0, 0.0, 0.0, 0.0, 0.0, 0.0, 0.0, 0.0, 0.0, 0.0, 0.0, 0.0, 0.0, 0.0, 0.0, 0.0, 0.0, 500.0, 0.0, 500.0, 0.0, 0.0, 0.0, 0.0, 0.0, 0.0, 0.0, 0.0, 0.0, 0.0, 0.0, 0.0, 0.0, 0.0, 0.0, 0.0, 0.0, 0.0, 0.0, 0.0, 500.0, 0.0, 500.0, 0.0, 0.0, 0.0, 0.0, 0.0, 0.0, 0.0, 0.0, 0.0, 0.0, 0.0, 0.0, 0.0, 0.0, 0.0, 0.0, 0.0, 0.0, 0.0, 0.0, 500.0, 0.0, 500.0, 0.0, 0.0, 0.0, 0.0, 0.0, 0.0, 0.0, 0.0, 0.0, 0.0, 0.0, 0.0, 0.0, 0.0, 0.0, 0.0, 0.0, 0.0, 0.0, 0.0, 500.0, 0.0, 500.0, 0.0, 0.0, 0.0, 0.0, 0.0, 0.0, 0.0, 0.0, 0.0, 0.0, 0.0, 0.0, 0.0, 0.0, 0.0, 0.0, 0.0, 0.0, 0.0, 0.0, 500.0, 0.0, 500.0, 0.0, 0.0, 0.0, 0.0, 0.0, 0.0, 0.0, 0.0, 0.0, 0.0, 0.0, 0.0, 0.0, 0.0, 0.0, 0.0, 0.0, 0.0, 0.0, 0.0, 500.0, 0.0, 500.0, 0.0, 0.0, 0.0, 0.0, 0.0, 0.0, 0.0, 0.0, 0.0, 0.0, 0.0, 0.0, 0.0, 0.0, 0.0, 0.0, 0.0, 0.0, 0.0, 0.0, 500.0, 0.0, 500.0, 0.0, 0.0, 0.0, 0.0, 0.0, 0.0, 0.0, 0.0, 0.0, 0.0, 0.0, 0.0, 0.0, 0.0, 0.0, 0.0, 0.0, 0.0, 0.0, 0.0, 250.0000000000002, 0.0, 250.0000000000001, 0.0, 0.0, 0.0, 0.0, 0.0, 0.0, 0.0, 0.0, 0.0, 0.0, 0.0, 0.0, 0.0, 0.0, 0.0, 0.0, 0.0, 0.0, 0.0, 0.0, 0.0, 0.0, 0.0, 0.0, 0.0, 0.0, 0.0, 0.0, 0.0, 0.0, 0.0, 0.0, 0.0, 0.0, 0.0, 0.0, 0.0, 0.0, 0.0, 0.0, 0.0, 0.0, 0.0, 0.0, 0.0, 0.0, 0.0, 0.0, 0.0, 0.0, 0.0, 0.0, 0.0, 0.0, 0.0, 0.0, 0.0, 0.0, 0.0, 0.0, 0.0, 0.0, 0.0, 0.0, 0.0, 0.0, 0.0, 0.0, 0.0, 0.0, 0.0, 0.0, 0.0, 0.0, 0.0, 0.0, 0.0, 0.0, 0.0, 0.0, 0.0, 0.0, 0.0, 0.0, 0.0, 0.0, 0.0, 0.0, 0.0, 0.0, 0.0, 0.0, 0.0, 0.0, 0.0, 0.0, 0.0, 0.0, 0.0, 0.0, 0.0, 0.0, 0.0, 0.0, 0.0, 0.0, 0.0, 0.0, 0.0, 0.0, 0.0, 0.0, 0.0, 0.0, 0.0, 0.0, 0.0, 0.0, 0.0, 0.0, 0.0, 0.0, 0.0, 0.0, 0.0, 0.0, 0.0, 0.0, 0.0, 0.0, 0.0, 0.0, 0.0, 0.0, 0.0, 0.0, 0.0, 0.0, 0.0, 0.0, 0.0, 0.0, 0.0, 0.0, 0.0, 0.0, 0.0, 0.0, 0.0, 0.0, 0.0, 0.0, 0.0, 0.0, 0.0, 0.0, 0.0, 0.0, 0.0, 0.0, 0.0, 0.0, 0.0, 0.0, 0.0, 0.0, 0.0, 0.0, 0.0, 0.0, 0.0, 0.0, 0.0, 0.0, 0.0, 0.0, 0.0, 0.0, 0.0, 0.0, 0.0, 0.0, 0.0, 0.0, 0.0, 0.0, 0.0, 0.0, 0.0, 0.0, 0.0, 0.0, 0.0, 0.0, 0.0, 0.0, 0.0, 0.0, 0.0, 0.0, 0.0, 0.0, 0.0, 0.0, 0.0, 0.0, 0.0, 0.0, 0.0, 0.0, 0.0, 0.0, 0.0, 0.0, 0.0, 0.0, 0.0, 0.0, 0.0, 0.0, 0.0, 0.0, 0.0, 0.0, 0.0, 0.0, 0.0, 0.0, 0.0, 0.0, 0.0, 0.0, 0.0, 0.0, 0.0, 0.0, 0.0, 0.0, 0.0, 0.0, 0.0, 0.0, 0.0, 0.0, 0.0, 0.0, 0.0, 0.0, 0.0, 0.0, 0.0, 0.0, 0.0, 0.0, 0.0, 0.0, 0.0, 0.0, 0.0, 0.0, 0.0, 0.0, 0.0, 0.0, 0.0, 0.0, 0.0, 0.0, 0.0, 0.0, 0.0, 0.0, 0.0, 0.0, 0.0, 0.0, 0.0, 0.0, 0.0, 0.0, 0.0, 0.0, 0.0, 0.0, 0.0, 0.0, 0.0, 0.0, 0.0, 0.0, 0.0, 0.0, 0.0, 0.0, 0.0, 0.0, 0.0, 0.0, 85.0, 0.0, 0.0, 0.0, 0.0, 0.0, 0.0, 0.0, 0.0, 0.0, 0.0, 0.0, 0.0, 0.0, 0.0, 0.0, 0.0, 0.0, 0.0, 0.0, 0.0, 0.0, 0.0, 328.3570345455055, 0.0, 0.0, 0.0, 0.0, 0.0, 0.0, 0.0, 0.0, 0.0, 0.0, 0.0, 0.0, 0.0, 0.0, 0.0, 0.0, 0.0, 0.0, 0.0, 0.0, 0.0, 0.0, 500.0, 0.0, 0.0, 0.0, 0.0, 0.0, 0.0, 0.0, 0.0, 0.0, 0.0, 0.0, 0.0, 0.0, 0.0, 0.0, 0.0, 0.0, 0.0, 0.0, 0.0, 0.0, 0.0, 500.0, 0.0, 0.0, 0.0, 0.0, 0.0, 0.0, 0.0, 0.0, 0.0, 0.0, 0.0, 0.0, 0.0, 0.0, 0.0, 0.0, 0.0, 0.0, 0.0, 0.0, 0.0, 0.0, 500.0, 0.0, 0.0, 0.0, 0.0, 0.0, 0.0, 0.0, 0.0, 0.0, 0.0, 0.0, 0.0, 0.0, 0.0, 0.0, 0.0, 0.0, 0.0, 0.0, 0.0, 0.0, 0.0, 500.0, 0.0, 0.0, 0.0, 0.0, 0.0, 0.0, 0.0, 0.0, 0.0, 0.0, 0.0, 0.0, 0.0, 0.0, 0.0, 200.8024555711805, 0.0, 0.0, 0.0, 0.0, 0.0, 0.0, 500.0, 0.0, 0.0, 0.0, 0.0, 0.0, 0.0, 0.0, 0.0, 0.0, 0.0, 0.0, 0.0, 0.0, 0.0, 0.0, 450.80245557118053, 0.0, 0.0, 0.0, 0.0, 250.0, 0.0, 500.0, 0.0, 0.0, 0.0, 0.0, 0.0, 0.0, 0.0, 0.0, 0.0, 0.0, 0.0, 0.0, 0.0, 0.0, 0.0, 500.0, 0.0, 0.0, 0.0, 0.0, 500.0, 0.0, 500.0, 0.0, 0.0, 0.0, 0.0, 0.0, 0.0, 0.0, 0.0, 0.0, 0.0, 0.0, 0.0, 0.0, 0.0, 0.0, 250.00000000000057, 0.0, 0.0, 0.0, 0.0, 500.0, 0.0, 500.0, 0.0, 0.0, 0.0, 0.0, 0.0, 0.0, 0.0, 0.0, 0.0, 0.0, 0.0, 0.0, 0.0, 0.0, 0.0, 0.0, 0.0, 0.0, 0.0, 0.0, 391.2847630981758, 0.0, 500.0, 0.0, 0.0, 0.0, 0.0, 0.0, 0.0, 0.0, 0.0, 0.0, 0.0, 0.0, 0.0, 0.0, 0.0, 0.0, 0.0, 0.0, 0.0, 0.0, 0.0, 141.28476309817577, 0.0, 250.0000000000001, 0.0, 0.0, 0.0, 0.0, 0.0, 0.0, 0.0, 0.0, 0.0, 0.0, 0.0, 0.0, 0.0, 0.0, 0.0, 0.0, 0.0, 0.0, 0.0, 0.0, 0.0, 0.0, 0.0, 0.0, 0.0, 0.0, 0.0, 0.0, 0.0, 0.0, 0.0, 0.0, 0.0, 0.0, 0.0, 0.0, 0.0, 0.0, 0.0, 0.0, 0.0, 0.0, 0.0, 0.0, 0.0, 0.0, 0.0, 0.0, 0.0, 0.0, 0.0, 0.0, 0.0, 0.0, 0.0, 0.0, 0.0, 0.0, 0.0, 0.0, 0.0, 0.0, 0.0, 0.0, 0.0, 0.0, 0.0, 0.0, 0.0, 0.0, 0.0, 0.0, 0.0, 0.0, 0.0, 0.0, 0.0, 0.0, 0.0, 0.0, 0.0, 0.0, 0.0, 0.0, 0.0, 0.0, 0.0, 0.0, 0.0, 0.0, 0.0, 0.0, 0.0, 0.0, 0.0, 0.0, 0.0, 0.0, 0.0, 0.0, 0.0, 0.0, 0.0, 0.0, 0.0, 0.0, 0.0, 0.0, 0.0, 0.0, 0.0, 0.0, 0.0, 0.0, 0.0, 0.0, 0.0, 0.0, 0.0, 0.0, 0.0, 0.0, 0.0, 0.0, 0.0, 0.0, 0.0, 0.0, 0.0, 0.0, 0.0, 0.0, 0.0, 0.0, 0.0, 0.0, 0.0, 0.0, 0.0, 0.0, 0.0, 0.0, 0.0, 0.0, 0.0, 0.0, 0.0, 0.0, 0.0, 0.0, 0.0, 0.0, 0.0, 0.0, 0.0, 0.0, 0.0, 0.0, 0.0, 0.0, 0.0, 0.0, 0.0, 0.0, 0.0, 0.0, 0.0, 0.0, 0.0, 0.0, 0.0, 0.0, 0.0, 0.0, 0.0, 0.0, 0.0, 0.0, 0.0, 0.0, 0.0, 0.0, 0.0, 0.0, 0.0, 0.0, 0.0, 0.0, 0.0, 0.0, 0.0, 0.0, 0.0, 0.0, 0.0, 0.0, 0.0, 0.0, 0.0, 0.0, 0.0, 0.0, 0.0, 0.0, 0.0, 0.0, 0.0, 0.0, 0.0, 0.0, 0.0, 0.0, 0.0, 0.0, 0.0, 0.0, 0.0, 0.0, 0.0, 0.0, 0.0, 0.0, 0.0, 0.0, 0.0, 0.0, 0.0, 0.0, 0.0, 0.0, 0.0, 0.0, 0.0, 0.0, 0.0, 0.0, 0.0, 0.0, 0.0, 0.0, 0.0, 0.0, 0.0, 0.0, 0.0, 0.0, 0.0, 0.0, 0.0, 0.0, 0.0, 0.0, 0.0, 0.0, 0.0, 0.0, 0.0, 0.0, 0.0, 0.0, 0.0, 0.0, 0.0, 0.0, 0.0, 0.0, 0.0, 0.0, 0.0, 0.0, 0.0, 0.0, 0.0, 0.0, 0.0, 250.0, 0.0, 0.0, 0.0, 0.0, 0.0, 0.0, 0.0, 0.0, 0.0, 0.0, 0.0, 0.0, 0.0, 0.0, 0.0, 0.0, 0.0, 0.0, 0.0, 0.0, 0.0, 0.0, 500.0, 0.0, 0.0, 0.0, 0.0, 0.0, 0.0, 0.0, 0.0, 0.0, 0.0, 0.0, 0.0, 0.0, 0.0, 0.0, 0.0, 0.0, 0.0, 0.0, 0.0, 0.0, 0.0, 500.0, 0.0, 0.0, 0.0, 0.0, 0.0, 0.0, 0.0, 0.0, 0.0, 0.0, 0.0, 0.0, 0.0, 0.0, 0.0, 0.0, 0.0, 0.0, 0.0, 0.0, 0.0, 0.0, 500.0, 0.0, 0.0, 0.0, 0.0, 0.0, 0.0, 0.0, 0.0, 0.0, 0.0, 0.0, 0.0, 0.0, 0.0, 0.0, 0.0, 0.0, 0.0, 0.0, 0.0, 0.0, 0.0, 500.0, 0.0, 0.0, 0.0, 0.0, 0.0, 0.0, 0.0, 0.0, 0.0, 0.0, 0.0, 0.0, 0.0, 0.0, 0.0, 0.0, 0.0, 0.0, 0.0, 0.0, 0.0, 0.0, 500.0, 0.0, 0.0, 0.0, 0.0, 0.0, 0.0, 0.0, 0.0, 0.0, 0.0, 0.0, 0.0, 0.0, 0.0, 0.0, 0.0, 0.0, 0.0, 0.0, 0.0, 0.0, 0.0, 500.0, 0.0, 0.0, 0.0, 0.0, 0.0, 0.0, 0.0, 0.0, 0.0, 0.0, 0.0, 0.0, 0.0, 0.0, 0.0, 0.0, 0.0, 0.0, 0.0, 0.0, 0.0, 0.0, 500.0, 0.0, 0.0, 0.0, 0.0, 0.0, 0.0, 0.0, 0.0, 0.0, 0.0, 0.0, 0.0, 0.0, 0.0, 0.0, 0.0, 0.0, 0.0, 0.0, 0.0, 0.0, 0.0, 500.0, 0.0, 0.0, 0.0, 0.0, 0.0, 0.0, 0.0, 0.0, 0.0, 0.0, 0.0, 0.0, 0.0, 0.0, 0.0, 0.0, 0.0, 0.0, 0.0, 0.0, 0.0, 0.0, 500.0, 0.0, 0.0, 0.0, 0.0, 0.0, 0.0, 0.0, 0.0, 0.0, 0.0, 0.0, 0.0, 0.0, 0.0, 0.0, 0.0, 0.0, 0.0, 0.0, 0.0, 0.0, 0.0, 500.0, 0.0, 0.0, 0.0, 0.0, 0.0, 0.0, 0.0, 0.0, 0.0, 0.0, 0.0, 0.0, 0.0, 0.0, 0.0, 0.0, 0.0, 0.0, 0.0, 0.0, 0.0, 0.0, 391.9766557069508, 0.0, 0.0, 0.0, 0.0, 0.0, 0.0, 0.0, 0.0, 0.0, 0.0, 0.0, 0.0, 0.0, 0.0, 0.0, 0.0, 0.0, 0.0, 0.0, 0.0, 0.0, 0.0, 141.97665570695082, 0.0, 0.0, 0.0, 0.0, 0.0, 0.0, 0.0, 0.0, 0.0, 0.0, 0.0, 0.0, 0.0, 0.0, 0.0, 0.0, 0.0, 0.0, 0.0, 0.0, 0.0, 0.0, 0.0, 0.0, 0.0, 0.0, 0.0, 0.0, 0.0, 0.0, 0.0, 0.0, 0.0, 0.0, 0.0, 0.0, 0.0, 0.0, 0.0, 0.0, 0.0, 0.0, 0.0, 0.0, 0.0, 0.0, 0.0, 0.0, 0.0, 0.0, 0.0, 0.0, 0.0, 0.0, 0.0, 0.0, 0.0, 0.0, 0.0, 0.0, 0.0, 0.0, 0.0, 0.0, 0.0, 0.0, 0.0, 0.0, 0.0, 0.0, 0.0, 0.0, 0.0, 0.0, 0.0, 0.0, 0.0, 0.0, 0.0, 0.0, 0.0, 0.0, 0.0, 0.0, 0.0, 0.0, 0.0, 0.0, 0.0, 0.0, 0.0, 0.0, 0.0, 0.0, 0.0, 0.0, 0.0, 0.0, 0.0, 0.0, 0.0, 0.0, 0.0, 0.0, 0.0, 0.0, 0.0, 0.0, 0.0, 0.0, 0.0, 0.0, 0.0, 0.0, 0.0, 0.0, 0.0, 0.0, 0.0, 0.0, 0.0, 0.0, 0.0, 0.0, 0.0, 0.0, 0.0, 0.0, 0.0, 0.0, 0.0, 0.0, 0.0, 0.0, 0.0, 0.0, 0.0, 0.0, 0.0, 0.0, 0.0, 0.0, 0.0, 0.0, 0.0, 0.0, 0.0, 0.0, 0.0, 0.0, 0.0, 0.0, 0.0, 0.0, 0.0, 0.0, 0.0, 0.0, 0.0, 0.0, 0.0, 0.0, 0.0, 0.0, 0.0, 0.0, 0.0, 0.0, 0.0, 0.0, 0.0, 0.0, 0.0, 0.0, 0.0, 0.0, 0.0, 0.0, 0.0, 0.0, 0.0, 0.0, 0.0, 0.0, 0.0, 0.0, 0.0, 0.0, 0.0, 0.0, 0.0, 0.0, 0.0, 0.0, 0.0, 0.0, 0.0, 0.0, 0.0, 0.0, 0.0, 0.0, 0.0, 0.0, 0.0, 0.0, 0.0, 0.0, 0.0, 0.0, 0.0, 0.0, 0.0, 0.0, 0.0, 0.0, 0.0, 0.0, 0.0, 0.0, 0.0, 0.0, 0.0, 0.0, 0.0, 0.0, 0.0, 0.0, 0.0, 0.0, 0.0, 0.0, 0.0, 0.0, 0.0, 0.0, 0.0, 0.0, 0.0, 0.0, 0.0, 0.0, 0.0, 0.0, 0.0, 0.0, 0.0, 0.0, 0.0, 0.0, 0.0, 0.0, 0.0, 0.0, 0.0, 0.0, 0.0, 0.0, 0.0, 0.0, 0.0, 0.0, 0.0, 0.0, 0.0, 0.0, 0.0, 0.0, 0.0, 0.0, 0.0, 0.0, 0.0, 0.0, 0.0, 85.0, 0.0, 0.0, 0.0, 0.0, 0.0, 0.0, 0.0, 0.0, 0.0, 0.0, 0.0, 0.0, 0.0, 0.0, 0.0, 0.0, 0.0, 0.0, 0.0, 0.0, 0.0, 0.0, 335.0, 0.0, 0.0, 0.0, 0.0, 0.0, 0.0, 0.0, 0.0, 0.0, 0.0, 0.0, 0.0, 0.0, 0.0, 0.0, 0.0, 0.0, 0.0, 0.0, 0.0, 0.0, 0.0, 464.17892766988274, 0.0, 0.0, 0.0, 0.0, 0.0, 0.0, 0.0, 0.0, 0.0, 0.0, 0.0, 0.0, 0.0, 0.0, 0.0, 0.0, 0.0, 0.0, 0.0, 0.0, 0.0, 0.0, 334.9999999999984, 0.0, 0.0, 0.0, 0.0, 0.0, 0.0, 0.0, 0.0, 0.0, 0.0, 0.0, 0.0, 0.0, 0.0, 0.0, 0.0, 0.0, 0.0, 0.0, 0.0, 0.0, 0.0, 85.0, 0.0, 0.0, 0.0, 0.0, 0.0, 0.0, 0.0, 0.0, 0.0, 0.0, 0.0, 0.0, 0.0, 0.0, 0.0, 0.0]"
x_retire,0.0
subsidy,0.0
TES_LCOE_Capex,0
lifetime,25.0
Q_ind,0.0
CAPEX_TES_HEN,0.0
P_coldpump,0.0
demand_t,"Any[[1729.0762762089641, 1583.9861245487734, 1482.3378860633102, 1429.1917927839966, 1399.0652507249579, 1459.1858756491695, 1550.7862640961955, 1553.114670301336, 1609.1634180764656, 1671.7595661539376, 1731.958705056238, 1731.6210027115937, 1760.996094497648, 1753.7568926209765, 1744.3708397435125, 1763.300334131619, 1844.4200707683233, 1904.0068464177746, 2037.9873205613264, 2221.907040502464, 1967.7490027314518, 1862.9980336525327, 1740.3492312940618, 1625.9158185586437, 1528.7260006610527, 1448.2707362363449, 1398.4348404374673, 1377.8888234119977, 1362.731648312118, 1431.6411092943893, 1518.9355766083204, 1489.6126409575606, 1511.4792542226426, 1561.6937313004562, 1611.4203070311735, 1609.7482647999293, 1661.2459106066212, 1685.716910685935, 1730.1999084320696, 1817.6436139413106, 1896.7201650116726, 1902.9987835497875, 1955.418908166014, 2063.682031234232, 2028.2651913391667, 2003.1647439405963, 1964.610309119054, 1891.9405366857668, 1841.2833666732304, 1695.2223858755683, 1580.1555543673605, 1503.327675643326, 1440.3885845634604, 1469.9405672223802, 1529.6003948196792, 1487.103946832344, 1510.8589671788989, 1583.4614449186681, 1658.6573852823205, 1670.7014618158325, 1728.5914920287894, 1759.2414104585694, 1788.8554688953095, 1797.0979440401766, 1813.532151580335, 1824.216793719193, 1946.1257737218098, 2123.25878398324, 1754.532094065932, 1669.0671257338397, 1610.0563024601972, 1569.9110816930393, 1477.5352657035714, 1462.3415800748253, 1443.033029504208, 1434.5839740678944, 1438.2205414350508, 1463.6548069589885, 1558.9067053764916, 1579.8426493368509, 1608.4029179005288, 1613.8529179045502, 1615.4800398454101, 1654.9939127390774, 1653.7882970614648, 1643.0559042094387, 1695.9701868224554, 1700.1361809744446, 1689.1385268433944, 1683.3270245197525, 1771.9074230961332, 1768.4562495505247, 1654.0759840462617, 1548.2024612535336, 1509.3834449597753, 1487.0441747134137, 1344.775298068202, 1327.777141953814, 1310.3257786621787, 1301.052125776753, 1303.3946511123634, 1328.2933851434254, 1417.197263659348, 1433.6727615342113, 1458.0807177583092, 1463.778430649686, 1464.653226609899, 1508.8959511122644, 1513.0020422020455, 1500.1063574388816, 1540.2895685223205, 1542.639762802586, 1523.719993910187, 1525.733547154129, 1616.4814761695955, 1612.9149249104314, 1497.1756928188743, 1407.214911757715, 1363.4144376526187, 1340.3452385214366, 1372.0157493665604, 1363.944390192158, 1351.1770362469974, 1346.1054012907125, 1351.410798148976, 1377.828618536975, 1471.3589696879505, 1489.2439658877154, 1510.9987578311689, 1509.629340111386, 1502.4822237032058, 1531.3100567750666, 1516.1321543981655, 1491.1241268382194, 1533.8434260919428, 1540.9927620888825, 1525.828001859919, 1532.9099324308331, 1630.0966108328198, 1637.9700269459715, 1532.3698675718053, 1436.4399885869095, 1393.2643038681772, 1373.2738831734864, 1324.4860848866563, 1312.2379460211173, 1295.9449126272598, 1289.5780964468063, 1294.5547454009527, 1320.3649338461946, 1410.2354751028736, 1429.2837374915193, 1456.1524767998676, 1461.6248878414326, 1456.0490936755689, 1496.4637038219573, 1503.246940131838, 1503.072527458563, 1556.7169963661738, 1569.96852032496, 1549.744665952887, 1548.369227501303, 1622.4843041600461, 1612.9526533897742, 1516.511400521926, 1415.727366659864, 1355.8967185289766, 1334.5594585939857], [2049.229877917985, 1932.7054235559206, 1830.6782894896235, 1763.2310364702853, 1680.1736864291668, 1634.753909031534, 1652.8305744348907, 1624.6344888023843, 1644.426992276861, 1731.5534564200213, 1822.759871708016, 1870.8962452330375, 1893.8309901156986, 1883.595131053401, 1941.937073287795, 1955.5295039944426, 1945.4787871047472, 1923.3119377373107, 1966.5442964308813, 2085.8675995082976, 1935.1270541160861, 1929.0094504951592, 1926.1258164845228, 1910.1845290080335, 1919.7469942509977, 1810.867940505871, 1767.9043696326567, 1745.949034892616, 1700.780018897203, 1677.1926172037424, 1703.741050898265, 1668.0478182187553, 1674.5114744922946, 1733.9969568285426, 1793.0510475964024, 1823.7633884851032, 1835.0323372513571, 1826.4894767260128, 1881.7895995460347, 1883.7860317585169, 1854.1243156911373, 1826.3990493196968, 1855.758304053674, 1922.2847947370121, 1996.6605364300162, 1965.513525314165, 1933.0391540831101, 1876.0737458274832, 1902.0371111898412, 1826.4009885173512, 1793.3917810880673, 1787.788649087016, 1761.109877959184, 1746.3738608631752, 1786.9441817254483, 1771.8292655390628, 1797.9310707693292, 1861.5781150719386, 1922.3884844568881, 1966.26653780301, 1998.2973150765686, 1992.5947678025286, 2044.1563733534567, 2064.9544981546487, 2078.7982810228, 2063.6920472763964, 2057.996131034414, 2102.444425676583, 2417.6323582326827, 2377.9130614157384, 2304.074946056841, 2177.879021720412, 1861.3247392935402, 1744.90131410411, 1672.0248663107839, 1641.931016142613, 1615.0975111412113, 1615.3159213148867, 1671.5054849520598, 1685.3370189225104, 1735.2893884950852, 1803.9209994316775, 1868.299984312753, 1903.0926225187561, 1913.5969449327047, 1898.920125182568, 1935.68316479971, 1951.7258384769787, 1989.8528790056712, 2014.1178408399387, 2055.474404944578, 2141.3727319674254, 1902.150523292275, 1856.3576300190166, 1815.849132618041, 1758.1885503429794, 1777.2091001329595, 1705.5721403041575, 1676.0941897553635, 1670.4847496677623, 1642.3287137393213, 1630.0450675849931, 1665.8928880624321, 1649.339727421143, 1668.0514128031332, 1720.8254106340353, 1771.424621435652, 1805.8097277111624, 1826.0226621390252, 1816.288800519302, 1866.799488528721, 1890.0609108350432, 1907.976400932359, 1903.457678866628, 1907.8331102679697, 1955.016072263232, 1899.1153758377282, 1874.2281705521134, 1846.2742615572645, 1794.1637350372184, 1752.334841320446, 1682.1185092908695, 1653.7824170551555, 1626.227681563167, 1591.5771978561168, 1613.1764879889954, 1633.989633021728, 1593.2495516166325, 1601.1117795957673, 1639.7150424054978, 1673.334009707951, 1691.7285150645926, 1676.317097381287, 1698.6142439200773, 1714.9932007602506, 1726.0874002774087, 1751.19304959577, 1739.0852766853748, 1784.6707832604693, 1939.1349864938827, 2204.5226131402333, 2200.514936608805, 2169.487421432576, 2113.9631180893743, 2106.0805853520233, 1995.172300227163, 1893.9248410800078, 1803.2107232713686, 1718.0947802578173, 1711.5222295347899, 1727.7929405931322, 1687.9993701293618, 1711.8588295248296, 1802.9344040443473, 1892.8392542916874, 1934.0937867611467, 1915.5552777784017, 1946.9995665578836, 1986.2660037554915, 2004.1977144281254, 2014.1110709944942, 1990.260992245142, 2059.098242175716, 2278.2242478994144, 2339.4062491354184, 2296.92223116503, 2245.645573290191, 2190.5012721108233], [1199.159075089353, 1210.2789985654526, 1175.814313916525, 1155.2330763836253, 1138.6298611177845, 1154.5767026676535, 1222.256328979542, 1305.3913446529418, 1356.7553802088994, 1349.7859360265716, 1395.88637033071, 1404.1654189600426, 1407.0060991427092, 1419.0777997556863, 1427.475745249849, 1424.5306688707055, 1446.7716011709088, 1426.3366183903263, 1489.0663350608993, 1505.265194938515, 1448.9211257581517, 1372.2139557356613, 1331.217299767432, 1282.736711314076, 1295.110496225893, 1312.122184199079, 1280.0853521287286, 1264.1638161417136, 1250.190190019493, 1272.6521125521126, 1356.1550333650164, 1458.99873797011, 1525.1988182042214, 1522.8593729798174, 1576.262169657191, 1591.2413913281757, 1605.9078381582042, 1633.4794027321948, 1651.1840418405345, 1647.1052506767983, 1669.49395144718, 1649.6648907539413, 1701.631135067261, 1695.8648487535909, 1574.2746444921345, 1492.8321413372698, 1452.096138774784, 1392.8272040780694, 1329.6592105625155, 1349.0288473535818, 1317.8000704350832, 1301.7814685063447, 1285.760143923861, 1308.5021651997542, 1392.7201980011748, 1492.7318450063758, 1551.2658879976848, 1542.8105845968998, 1590.2326143988946, 1606.3743093815776, 1616.9233115572256, 1627.7352875227239, 1629.2294720913992, 1626.2694822659453, 1646.9262771247445, 1630.6411466833047, 1695.5023986411773, 1702.1607494671066, 1585.2155711241917, 1513.3523695038323, 1483.9251434984694, 1427.3580218810503, 1430.2456778661385, 1448.240935978762, 1413.0366502879215, 1395.2725179633353, 1378.805981613258, 1401.218573478233, 1485.8604550909565, 1587.9195378155794, 1654.74407280096, 1645.2381374001254, 1697.2931168702103, 1701.3662890740627, 1696.9899183068899, 1696.9556234033014, 1700.3638563831362, 1691.7566639797094, 1721.9028898365298, 1696.2068304233387, 1773.3168690870748, 1790.496074313052, 1733.1642112577533, 1644.3376401777127, 1590.9855751683922, 1532.323848175425, 1325.888524650504, 1343.8506385080993, 1309.5904126862945, 1290.2967511931884, 1272.2640416123495, 1291.682954414711, 1369.311218511727, 1463.8755478019775, 1519.4680289193154, 1508.2671572030113, 1554.2140344049992, 1572.3911305342872, 1589.4210886023945, 1614.0646716086842, 1628.0752328719182, 1634.5519804743174, 1658.5204273618806, 1655.768133255401, 1729.0444417511571, 1723.7759808397686, 1569.7617481613322, 1499.7205502630302, 1471.1764570500075, 1419.2734505012888, 1247.6703166878413, 1173.4071700252214, 1133.2360909060228, 1090.833946775362, 1052.546207000993, 1006.2969467556034, 1134.9100486844247, 1251.692298394542, 1362.2731231306, 1370.6157852677024, 1392.050043253486, 1375.2995530529377, 1382.917279121793, 1389.869190843613, 1412.5738716431067, 1415.7224380039056, 1428.1698319667835, 1456.652994845834, 1529.8679888962577, 1639.2444334755753, 1576.8672097152564, 1495.7669889559766, 1464.9027755644934, 1416.9890862914333, 1238.8285826699382, 1256.9992052715422, 1228.0473558716817, 1215.122944558858, 1203.6415716062695, 1227.844950229707, 1310.487877591553, 1407.3847844156392, 1468.58927685968, 1464.450840650414, 1513.3995484532215, 1529.0585047774746, 1542.5365323480203, 1551.8117114579254, 1551.4237379619697, 1549.0237190715955, 1569.3760161187392, 1551.8380624357847, 1611.2650170952306, 1605.1643517841608, 1513.855142668147, 1435.3515788086079, 1398.3445131178698, 1344.154517281851], [1730.699984428894, 1664.9124027983678, 1601.1378282752776, 1569.5562775324647, 1548.9283100358136, 1529.5782680034752, 1570.1088322232602, 1602.505248445888, 1650.5024547954133, 1697.9102447276514, 1712.8497006954033, 1735.48590602638, 1765.5162695618128, 1771.0053410704868, 1771.1870593486506, 1805.8525664327733, 1856.5036352223656, 1893.9627380157021, 1903.1505055812095, 1972.1523887815972, 2051.172540693455, 2042.7445015490364, 1961.472214250597, 1878.686341200302, 1803.0294284605695, 1729.7605445744719, 1653.6918025406403, 1615.509771546795, 1592.5552996146864, 1569.292919002969, 1610.5663882446402, 1642.3983476493534, 1685.5187514038107, 1730.8917043140777, 1753.8802311397083, 1785.7483659867285, 1822.4505034094748, 1831.280877080111, 1826.4249070961523, 1850.566232501246, 1893.7003672982946, 1920.1425401557858, 1927.5333268885972, 2014.8648920943187, 2095.0251121179813, 2084.6714801334942, 1994.105365071584, 1907.5246450056218, 1991.5338033130643, 1878.5054236948174, 1774.367979414047, 1734.8199361061345, 1712.1468074738098, 1702.3253316933474, 1746.5680197755953, 1788.281822396312, 1863.2405263167486, 1912.7853099691679, 2031.308099758749, 2039.485701061452, 2063.7811680382238, 2068.752622379042, 2076.307548663592, 2122.0346918378746, 2163.549099549627, 2183.1834851619615, 2185.457905858682, 2271.9234060369868, 2628.3067103124063, 2560.918824372048, 2407.71204671648, 2297.1565621933723, 2065.3369527036175, 1923.8670435354913, 1798.9158352719412, 1752.1506081249759, 1725.6005920934515, 1715.0947235448887, 1762.820974336372, 1810.5677428324373, 1893.1176090206798, 1935.4819272214363, 2043.870813469673, 2044.6111335891471, 2059.611384845927, 2055.728268259563, 2064.021807679169, 2137.625653381644, 2223.5685676517646, 2291.5580647941533, 2336.9030396455273, 2453.7851304383817, 2204.2584535782617, 2162.516999822275, 2077.169279773195, 2046.5312855101013, 1828.0676070154448, 1786.3167564037105, 1742.726655854327, 1728.9714347934719, 1720.1143826467649, 1707.5376385632537, 1751.9312531732332, 1770.9341902388828, 1804.4958577711861, 1850.4081333671502, 1872.414731994293, 1894.6305457313638, 1924.5081757707965, 1932.4725837321305, 1930.0460771089822, 1944.0241510553558, 1946.315018884655, 1937.7903455729274, 1917.6297137876027, 1977.9932498895314, 2034.9461261695567, 2032.7757778210014, 1960.338615929811, 1915.2819028923673, 1853.3558116119814, 1808.9712916387073, 1762.7800926306159, 1743.8678325447293, 1728.969525011333, 1706.6825036899359, 1741.4438105249687, 1752.8768191054749, 1779.0435227627268, 1818.8080350830633, 1831.9881184949713, 1861.1533489615883, 1900.1248808728576, 1911.5520785381227, 1906.7181961299839, 1929.0667071502771, 1945.649187108628, 1941.2681250460066, 1916.5394564994685, 1974.1812195086536, 2328.184718393018, 2330.386092175269, 2231.3275964800214, 2132.2623798422997, 1952.2511341454615, 1861.5968960637738, 1766.3920389051673, 1719.8524092496161, 1694.4381746719268, 1674.1416291544704, 1716.1294582190906, 1747.0394913627365, 1795.1589781247133, 1847.598542046912, 1871.2344478975, 1909.4478791053002, 1964.2774447771567, 1984.212777921762, 1986.85079372092, 2022.7300708358994, 2076.4811095393875, 2118.393871686047, 2129.007388095762, 2213.749446653441, 2154.1309825864437, 2141.497847538336, 2055.6950765665465, 1979.151127398174], [1649.985877678035, 1531.1802259216274, 1432.768365225784, 1402.0983389787464, 1378.1571373240906, 1435.966743547785, 1557.5129429715028, 1520.657800672981, 1556.4037556696978, 1578.069235489628, 1642.9807017619974, 1675.9630609304147, 1710.868665698806, 1729.0562311837127, 1758.824103720604, 1762.5967442892756, 1847.5908678718245, 1887.024712144003, 2055.1391828385554, 2248.3378143753202, 2249.3438036487005, 2137.8953324343634, 2004.8150633533066, 1890.3339591882727, 1582.597098904212, 1464.4123925688953, 1362.8827551609797, 1324.022379409506, 1299.6660820969016, 1355.7995877213766, 1479.9835147207696, 1472.7518202654512, 1531.9196963170918, 1568.3088572798708, 1640.9511212064647, 1680.384805656094, 1726.4894438738513, 1734.4418002983589, 1747.8916191807002, 1744.7821027680473, 1829.0833086000628, 1866.0150175152223, 2016.9712857294278, 2197.0605721436564, 1823.3529021298505, 1749.362273947129, 1664.2768562497254, 1611.8993974459706, 1552.8526934777672, 1459.2806418999403, 1383.2365809365613, 1360.8719919327427, 1333.2437877989455, 1383.3428762099204, 1486.8855808212782, 1423.4269720541395, 1438.814114795507, 1461.7035083571136, 1536.319661042136, 1575.0545764995734, 1622.2071475569005, 1646.0010834762193, 1678.107531452112, 1660.8118672873652, 1675.0543496416826, 1656.6556703909087, 1795.922882977742, 1970.4635757840738, 2131.668192393401, 2045.6007098656003, 1930.700284470688, 1825.2806193595995, 1683.3978298411357, 1561.964318875817, 1459.8741123600566, 1427.104997988311, 1403.8168733715304, 1462.5490699529935, 1591.6708458000653, 1566.9359555365768, 1614.694575239336, 1651.4805587460712, 1739.713544129686, 1789.2651260446387, 1841.9568265448422, 1848.6440915732337, 1847.0614843659812, 1821.2258006052134, 1873.6478720690218, 1883.6942576525137, 2036.0065119774133, 2236.2637055095047, 2140.6321989441203, 2072.3178132553116, 1993.5874805348947, 1943.5092374465082, 1734.40880170971, 1591.9427901208633, 1505.3716014379731, 1447.9059278176603, 1396.5475996489981, 1433.284080927235, 1497.319884681362, 1453.3349063461194, 1466.7238241616571, 1518.8467247514686, 1573.6826901289155, 1568.6802255344674, 1609.7480743647686, 1619.4859549164173, 1627.6764318128521, 1628.8433823834105, 1634.188182193028, 1643.1682091215444, 1772.6077149440537, 1942.6215395102545, 1784.230506761655, 1726.2218373256546, 1669.57601302784, 1606.0065530942863, 1496.1415189993595, 1425.3462874922236, 1376.240063104166, 1351.9191024746594, 1329.3263631516747, 1378.1484431337637, 1442.888987917189, 1406.400756749977, 1421.784766001912, 1458.5792196503244, 1490.34795417321, 1474.3240393944495, 1515.1856709625104, 1523.2878711754843, 1522.3509777494035, 1536.4969516388542, 1578.2528033033714, 1587.3014655081265, 1663.738081515309, 1787.3330274091225, 1914.9812852274345, 1919.08191641549, 1891.7389044925608, 1833.7196265187852, 1701.2843727512416, 1588.9600183041246, 1482.2829705979093, 1413.304178228333, 1360.7764994406243, 1400.7531803335066, 1464.047279581568, 1427.9902461571867, 1451.1019566723605, 1512.14433850736, 1577.9445765588725, 1582.382480353748, 1624.5788015406026, 1626.6061061087498, 1621.1767742152226, 1605.4503200197453, 1610.2177321085549, 1598.7529220971517, 1692.0586954889777, 1863.546661725361, 2132.0902582004737, 2063.500471054166, 1963.7710408561536, 1830.6526893451767], [1970.565477159565, 1901.0148849955658, 1832.8710615632074, 1799.0252748588925, 1778.2557308854516, 1752.738789810276, 1790.6131016481631, 1810.4205925342646, 1849.4759106352096, 1913.827962212918, 1928.752245889832, 1980.6406118041689, 2036.006846348225, 2063.7747436183195, 2073.8208342177704, 2094.568665449118, 2119.8332622078638, 2143.5787045878815, 2138.788431604914, 2212.2609632678586, 2143.926133658747, 2118.5650456755943, 2030.8452169928619, 1961.7832010963862, 1865.7709440205217, 1810.7279992784654, 1759.597150430714, 1742.4778062492667, 1725.5072137772247, 1704.6909358666073, 1741.4712348061473, 1756.7061877728152, 1791.6756226252803, 1843.1345282164993, 1873.1268290222679, 1916.5236214073855, 1967.3441685617533, 1989.2860075030308, 2011.0250413141998, 2047.0312307277663, 2065.403801454541, 2068.9295519462453, 2043.0416970482538, 2094.0017767847435, 2207.549143208409, 2184.751131426711, 2100.3704646156093, 2028.8708442002624, 1761.1120949149818, 1701.1854189104167, 1642.7998175471173, 1615.6583864362294, 1600.2045561506127, 1584.6166891670446, 1627.8617535784008, 1664.0101435506522, 1718.385556052663, 1785.7951403492812, 1831.4379862893506, 1881.9091168231287, 1941.0372207390496, 1966.2588888932942, 1965.3725500265296, 1987.3314189205323, 2005.4073934634105, 2008.4333451171499, 1985.3957235401797, 2027.5881550816187, 2259.001248509715, 2226.382316286819, 2101.6244141399334, 1984.2336540555366, 1831.4065692447593, 1745.8924367257334, 1664.8914560119883, 1626.782851860664, 1605.5183921938135, 1584.5894887812537, 1626.2104687845065, 1660.4280143903334, 1711.0185292513293, 1761.7497860307355, 1780.6081871935419, 1815.5749535808043, 1857.594017202033, 1868.1562862343537, 1862.6955563829883, 1899.3646077092951, 1955.9606530892002, 2005.0976828377, 2022.7833276395354, 2104.143766281847, 1876.1351174138676, 1867.121115823226, 1795.9886619030535, 1749.9185067408232, 1645.6909335578862, 1574.6886734897228, 1509.0225272806354, 1489.2268149445813, 1472.7150947441928, 1464.390259462446, 1488.2270632234033, 1496.8837502364142, 1537.9897711985466, 1560.4329394129616, 1645.948414054344, 1642.8617340807216, 1653.0993205156954, 1660.3439514070683, 1675.662230803728, 1713.9309263371867, 1728.7115017957346, 1727.064592479771, 1717.5464846432083, 1779.4116842232684, 2052.913236980044, 2018.5806868030202, 1930.7385094289589, 1883.7488272527987, 1739.9309220229493, 1651.0525962417232, 1563.968243152204, 1533.4528277435968, 1512.3159050843055, 1505.6843587954936, 1533.3215728332077, 1550.1354075592485, 1602.834164199018, 1626.6216330575348, 1708.803861795538, 1702.9266262533451, 1711.1781677237373, 1712.0478182775214, 1725.2082810782092, 1770.7482372712755, 1808.9013894227467, 1832.9381538459936, 1843.060835360184, 1923.3317575079147, 2191.0349948438443, 2149.82187009454, 2044.9082573552687, 1980.6309354320592, 1861.185696175227, 1782.14696713439, 1704.7078074951567, 1669.9978108016237, 1651.2618601101133, 1634.822734613558, 1675.6887491235332, 1704.438820528137, 1749.279240983694, 1795.4672094145974, 1810.0936316354496, 1849.336409894488, 1894.9783714943037, 1911.9772910383606, 1926.1254358438075, 1971.8759594639114, 2031.537845092002, 2073.424169390334, 2073.187373038074, 2149.8255918307714, 2063.179563793416, 2075.883949399831, 2024.175857483782, 1989.2090232575242], [1562.1290571461225, 1466.9877590866722, 1386.689178390047, 1364.611781038841, 1346.5868673661573, 1404.4571217974594, 1526.0018722606028, 1490.9260707622332, 1527.0495169805204, 1542.1280679956005, 1600.3099735461722, 1632.125702780374, 1678.5904695631534, 1681.2003299982205, 1688.5906895785993, 1672.7334740675192, 1727.0533669175434, 1736.2203866931063, 1873.2021614819837, 2049.357411205286, 2205.887408076496, 2122.8265469234516, 1997.481743029958, 1871.8896840107873, 1813.6317732295686, 1684.2036359161652, 1582.6278379214168, 1525.9210932301528, 1489.953481732236, 1541.595654802845, 1621.2271249754024, 1604.7198913814211, 1645.0472429808622, 1703.6087981409653, 1757.483201546552, 1754.3145655877504, 1804.9726868161222, 1813.8702300571572, 1806.130119686743, 1825.1025639125774, 1908.9264736192065, 1964.104126030749, 2095.0726849595517, 2269.167896395443, 2212.8204704462055, 2153.5865500933837, 2068.2036692779043, 1945.3397304016858, 1889.8459775716071, 1763.3508320197777, 1664.4827693432967, 1607.8659035186254, 1570.0642880207547, 1624.6671588080194, 1703.7636409571444, 1677.4728389870418, 1710.3139671310014, 1765.900077625112, 1816.2330856538706, 1808.6154644821074, 1859.4111484292139, 1865.4585150538335, 1859.767286350241, 1872.1480926023073, 1949.121191573589, 1999.0752948411682, 2130.3049426302086, 2310.881035538435, 2111.305476426231, 2017.606633833172, 1928.8624978595299, 1840.8251771029013, 1709.4478043877207, 1621.5304983439844, 1570.8991684516154, 1548.1364749111106, 1530.358847657531, 1603.670549839932, 1697.8547083810133, 1670.381847193149, 1691.7220880181078, 1748.55420427313, 1807.1736814063609, 1807.0785510139308, 1863.196317001972, 1886.7148492688987, 1922.8412739239209, 1971.6604781437934, 2024.3058231158673, 2023.9835652517918, 2094.015023266997, 2203.686778661397, 2130.554976832357, 2022.7944500829913, 1920.2298810751722, 1823.8671146407214, 1475.4086260948507, 1385.719662115057, 1321.821260664013, 1313.863492481391, 1302.6601307016347, 1369.3506196389988, 1488.7651170221013, 1432.2097969908325, 1445.4189376200034, 1458.5596535554935, 1511.7093286672166, 1532.4406823210304, 1567.7123762845845, 1591.0069921035365, 1654.029734013665, 1664.5118858870248, 1714.303025008195, 1729.659791034654, 1859.7963893236947, 2005.5623773334767, 1949.3788991437054, 1867.2507023097833, 1763.075304181196, 1681.9265277767013, 1583.907489490612, 1488.5875390234496, 1421.8045223241106, 1387.3956993338095, 1360.8928131144637, 1410.3764493641695, 1480.5207460035665, 1453.4296033845042, 1479.3584351241686, 1521.7042221602492, 1555.6745102004595, 1548.0290329059121, 1592.1567766150304, 1597.8710549282273, 1592.6988141791726, 1611.8770738655135, 1672.0636048646395, 1700.7082727224815, 1793.65571711893, 1934.1795456114294, 1924.874979617656, 1908.8388429818322, 1881.8254934498307, 1813.5266935600807, 1697.1234908975966, 1600.1658059000044, 1498.8388893220524, 1431.823714691958, 1372.7165802464283, 1399.7294214132967, 1456.6114910179706, 1414.6499763486443, 1430.5690881433068, 1490.8748071872162, 1554.5982451258014, 1557.3117178003981, 1604.7135010451457, 1616.6161280640517, 1619.1289783119546, 1625.7262131986515, 1643.0845262878647, 1628.87273146592, 1719.0395839554842, 1887.0119420717774, 1998.8783650602106, 1926.9051600661699, 1834.6461752158614, 1723.6624581740534], [1324.7580554743786, 1341.8278567939713, 1309.2151457094433, 1292.1232087218186, 1278.1979223426304, 1301.971136497542, 1386.2071307252438, 1487.4118099747207, 1548.945164333021, 1540.838691560452, 1591.4018956004597, 1604.8446083393817, 1621.04807653961, 1641.60524019696, 1648.6489101442942, 1640.7051796227527, 1662.529225414568, 1637.9217528087042, 1698.3380408251796, 1702.4252684682651, 1593.7362661846955, 1511.3253609465671, 1473.3203194856842, 1413.6619014795374, 1326.9377616080242, 1352.031287810059, 1321.4327170284234, 1306.1952858052005, 1292.062581140432, 1314.2755619364593, 1397.4126614828785, 1496.835262468554, 1555.0332722201078, 1544.7626328390622, 1593.147354352554, 1602.30259310658, 1614.5690148605688, 1631.5060088491152, 1636.0133736717787, 1631.864258270076, 1662.7791823196842, 1638.8065524826095, 1700.2280147279066, 1703.7345735292, 1669.7170215936187, 1617.4531083591546, 1595.9189261589586, 1540.023192823761, 1453.722129950408, 1343.8292782719311, 1275.7479259725887, 1223.844381594368, 1185.7361351906502, 1152.4918327323103, 1306.8300320926753, 1446.6245386180765, 1578.1920634723124, 1595.0974971418339, 1615.7193915791868, 1585.8937304338385, 1574.0572604415634, 1564.6355733501373, 1582.8944237415176, 1569.490801058542, 1574.9110690885577, 1611.6660115578782, 1727.1294353752016, 1876.594925787631, 1721.1637953142722, 1637.0495582544158, 1614.0810147491243, 1555.9646413356252, 1244.14549337827, 1258.1596665237591, 1226.9079577419018, 1212.036852309346, 1199.0925022337933, 1237.3311307066174, 1347.087588099298, 1465.5249828984306, 1538.375922562241, 1552.9531491722835, 1604.5042945297525, 1601.944368510815, 1582.904792084732, 1543.2762696915847, 1512.1052668110226, 1482.336714743376, 1491.7997786952908, 1470.7482363536717, 1538.8698904412768, 1562.0739159130023, 1484.0854269986128, 1418.4413190102562, 1391.575986780372, 1334.558044146504, 1179.9381236564732, 1200.300387244508, 1176.4587782417084, 1169.9411665890204, 1162.9212155129874, 1195.2403949787217, 1290.2419841490134, 1400.958363149621, 1473.7728691191662, 1479.6502152065534, 1516.8226874828854, 1507.719830358098, 1482.6886701816154, 1448.2005767715093, 1418.7387019727234, 1389.546699252152, 1395.0468086233511, 1373.6114758202245, 1436.8921171355676, 1458.437114516588, 1393.1300844059222, 1329.8465495172272, 1308.088455225838, 1261.6269665536154, 1340.3650853725687, 1365.838455141995, 1335.7402826994708, 1321.037042258983, 1306.6578583990351, 1326.923409627101, 1403.3247994027154, 1496.854841534883, 1554.2456205138246, 1536.3707541172273, 1580.2924581997124, 1573.2485774324211, 1555.8125741319768, 1551.9139457517454, 1552.015335040947, 1541.0608775698347, 1572.5816923625985, 1551.0988932157427, 1628.7314654575125, 1658.0704193456427, 1595.032813119678, 1522.8554785957147, 1486.9819102080821, 1434.4148886777045, 1182.2965725522474, 1198.2911122248158, 1167.3908644686917, 1146.906487845807, 1134.3796079478677, 1153.6670155330564, 1223.9374687010998, 1308.0951513283176, 1361.5673815016855, 1357.8777198115456, 1403.0783653674798, 1418.5487289735647, 1434.9646231524082, 1459.5103304050995, 1466.720393589302, 1471.481713101694, 1485.14966067102, 1468.9553588400615, 1526.5295811085296, 1535.0901177858489, 1515.3503534992622, 1466.2090297594216, 1430.5982839742358, 1378.3068821366207], [1231.4185023410653, 1179.0500994087274, 1163.727548109918, 1147.8863314789603, 1143.8766280176997, 1204.7067894493846, 1320.3255692406249, 1416.85633773796, 1397.8005730653063, 1391.687676900475, 1394.6422777255082, 1400.4095430572356, 1402.1257871535308, 1410.5976964097692, 1425.7916297582747, 1398.0913732855292, 1403.87429876431, 1398.7841811058568, 1444.607490169924, 1526.9761161658514, 1445.3788656626612, 1377.8015838167316, 1301.1902088571628, 1241.7111269371774, 1358.1526150230095, 1303.7183313865473, 1290.1054664488427, 1272.6570740696445, 1268.0037557578003, 1333.3518635503792, 1459.8091072269476, 1566.641500092346, 1549.6224711417042, 1543.2012886413472, 1544.9873661723045, 1555.897834878619, 1565.2379480118002, 1582.9187489761907, 1600.8724742423963, 1571.1057201263836, 1576.2245716525563, 1567.013707121998, 1604.8253467508755, 1682.5819534692898, 1594.047994032763, 1524.0098848571504, 1447.5822572140487, 1382.5307160603866, 1342.9884719042684, 1181.493663308006, 1149.4331728460552, 1081.8791826999284, 1033.896530328496, 1101.5740614072456, 1258.3407897335157, 1474.0278447444018, 1502.2590356192807, 1491.8994114033435, 1509.5773565794511, 1553.8386041677206, 1563.1507270107854, 1564.522763329154, 1550.6537634042909, 1571.0210746954772, 1565.5003483062117, 1596.0908647415972, 1671.5747284972924, 1758.238236651578, 1683.6428204079784, 1573.5401205231278, 1467.3797738246105, 1444.4309650415964, 1335.6742924407843, 1172.2060559862168, 1143.636409236435, 1074.6334770478472, 1023.359737201051, 1087.8503142467755, 1242.6645490540577, 1455.5212517608402, 1493.4496710300555, 1484.2261414093666, 1503.438487838496, 1559.2655588702407, 1579.9078754128286, 1593.3816133250612, 1575.4530023007173, 1600.9158426593522, 1586.2632190492918, 1613.7815775790002, 1677.3784119602694, 1761.1552421734139, 1691.777924799557, 1579.0182514978806, 1467.7034921215568, 1444.019896560035, 1332.191154494314, 1279.2992809650575, 1266.8310254594464, 1254.2027193833746, 1254.1616142772868, 1324.69989862671, 1449.5591550437491, 1553.9947151090853, 1533.0258788047372, 1524.9813696210563, 1521.6955158847923, 1535.189895021033, 1548.4919919613467, 1572.1666905308896, 1595.9571023878113, 1571.239839669994, 1573.1786682119528, 1573.5762230794585, 1612.063687233919, 1681.4830254765243, 1546.028984377358, 1478.070557512908, 1403.4553257263838, 1342.2849983366239, 1215.8493214416162, 1165.7608120966213, 1153.8654797697761, 1139.960744400676, 1138.9669917021993, 1204.7562219588028, 1320.749815637835, 1412.734613355579, 1385.7987151213863, 1375.8392862766955, 1375.6366470271505, 1380.3796448848695, 1377.2410422480846, 1379.5443721254624, 1393.2487663084773, 1362.199579841214, 1369.197702910136, 1374.0413918192307, 1421.473576367078, 1510.144500554076, 1442.009125428852, 1368.9160593378424, 1289.3838747005732, 1231.153203064863, 1289.9321364753011, 1237.2894753546052, 1224.7995498772834, 1209.7829658066469, 1208.6965026912633, 1278.5549043896758, 1405.251716607638, 1508.9461844863058, 1488.6753134504083, 1484.5144380200834, 1487.9538261000355, 1505.9333830322116, 1521.8230041544848, 1541.7188758568664, 1559.1850008944027, 1532.8149482840927, 1536.0200861330893, 1537.750911513003, 1569.835135439057, 1640.8506783699493, 1585.3603022021632, 1548.391989357556, 1477.6088779126158, 1411.872183643112], [1792.2204299997832, 1716.3672198689032, 1662.1027374598127, 1628.9596631618722, 1606.9001903504748, 1565.2658594895022, 1518.531328789925, 1517.335205990193, 1513.9433048337503, 1547.8463737444106, 1591.3025289242628, 1623.8125075425762, 1635.3626291726325, 1632.9014195569837, 1657.338861221275, 1680.9738927062608, 1673.6528435989765, 1665.0011697375653, 1777.5765665435551, 1842.232173214514, 2011.8483496250467, 1987.5321799242447, 1914.6623943839231, 1817.8301068387616, 1860.2193479251623, 1777.7554956726713, 1711.2780816764932, 1673.1934890985287, 1656.7731070798993, 1625.565870352416, 1590.7172039986629, 1621.0484420060793, 1639.6149835737333, 1660.9623691547893, 1678.471378143542, 1702.9658774163631, 1716.4580269369953, 1713.6881065665489, 1750.3846406476273, 1788.3437140656133, 1839.3027644493054, 1869.4212752663705, 1973.8878215174811, 2040.9047026196959, 1919.6262221189957, 1909.0780970375324, 1855.6267987880694, 1778.3772927626296, 1902.9886325423633, 1821.743479573407, 1785.9763951694308, 1776.1109560581242, 1750.3322032485362, 1730.5844361489924, 1770.164348937553, 1751.0846049222387, 1772.7777517956508, 1832.4094774527964, 1887.340315863895, 1922.8183805873186, 1939.3778154326706, 1923.4239900852724, 1975.7981797512714, 1987.2847474028802, 2001.228137759888, 2003.436950980539, 2014.9928441622112, 2079.9749910171886, 2363.8861239091857, 2248.9123336712096, 2154.012230644187, 2046.4336591830358, 1837.1766079501501, 1763.240697622234, 1714.6142324731018, 1693.9139875656435, 1696.0033929163712, 1700.3026471216656, 1699.8891206081973, 1731.0394597124061, 1737.3136196319044, 1765.3803047687945, 1806.1986195596546, 1831.1881614879194, 1822.6543374111072, 1834.355635977675, 1944.1577345316446, 2041.5001845830373, 2107.3199817722193, 2130.884189043459, 2229.462025415314, 2268.222016913949, 2002.0076327175216, 1951.6397530922466, 1850.7081301314252, 1752.6186170232208, 1775.999289065038, 1702.9587056164014, 1682.794323521048, 1684.0976829215604, 1668.0659234995744, 1668.5510598927135, 1712.3524316410294, 1682.9687000588206, 1694.9365132783093, 1748.8015552619413, 1795.6066679208413, 1824.3257033426532, 1836.9042773006754, 1836.48279190252, 1928.569372707344, 1990.9275598835197, 2022.7620503989324, 2027.0179758680965, 2035.0892574573413, 2066.6694483268957, 2159.413992478204, 2127.5403973199923, 2076.523733541761, 1986.1403634826095, 1837.958261620744, 1733.497983943856, 1679.453686575363, 1657.6953043698618, 1626.0258597651905, 1620.0973793052606, 1680.699505356927, 1669.9185852103963, 1702.4664502033813, 1758.6436825118633, 1808.8284475504045, 1837.552639853618, 1848.7815238392138, 1832.3768657011292, 1880.8633471162286, 1899.1425374758837, 1936.7151236036375, 1959.3662467045972, 1973.4061128805693, 2047.1014999198321, 2077.667854226655, 2041.89530145625, 1999.658542181078, 1920.1071992009943, 1883.9723832576374, 1791.8253836347014, 1738.0947606977777, 1717.9599994039622, 1687.9350704182984, 1677.7554549971385, 1728.723006620494, 1733.5540491268216, 1770.608414269793, 1828.4971701924771, 1887.256280696673, 1925.9575243590577, 1956.416531381294, 1952.9873748616294, 2000.643413551735, 2039.2641116352931, 2081.913772545419, 2085.5413996196125, 2091.807688147975, 2142.106145743995, 2193.489732979187, 2149.944546350723, 2088.9066215395464, 1990.9808403639101], [1853.2502400896085, 1813.3659746521878, 1771.3204863249327, 1757.2414583123978, 1744.8007962295371, 1726.6886928588196, 1767.6518421752203, 1789.789887818156, 1829.699552315521, 1883.822203110944, 1915.4496775328937, 1954.4384490312614, 1998.1162886911306, 2006.3764381572307, 2005.6502218778214, 2034.6197473232814, 2048.812165492572, 2039.8731034215427, 2007.0755412996743, 2056.2257204978523, 2432.592769471474, 2409.710128315782, 2283.8838738825752, 2169.892511432919, 1961.9774649196743, 1827.2575662861661, 1707.2256330759649, 1659.3751847674112, 1630.9850121636885, 1621.0615005212192, 1661.4828719263242, 1704.7063019670668, 1778.5255971148433, 1806.7111508721794, 1901.5550992558115, 1915.355676570902, 1937.8211180014755, 1939.3118841596176, 1944.3124858559918, 2006.4363599671863, 2079.5261257885522, 2130.0777149931178, 2155.7128169219654, 2258.1058696419514, 2292.5233432856394, 2267.0713950071054, 2178.583639112819, 2113.736491764331, 2027.2340647814829, 1915.8797487566576, 1799.9994741558207, 1750.2897242566712, 1721.8876159703852, 1711.6368628790526, 1748.522630394928, 1778.0231027612804, 1839.9694973861415, 1861.2824429844165, 1955.8492146274987, 1956.61133387177, 1977.7476167792179, 1994.9094283004067, 2008.004742072252, 2058.8815361027396, 2112.6768591232076, 2135.944461279068, 2143.2019762567497, 2235.964972722179, 2301.2612999288262, 2264.365465476163, 2176.258791862939, 2134.0312505186735, 1829.3788714298107, 1778.667704150743, 1727.1547226526882, 1701.2625462421472, 1683.805790871614, 1665.4716537223014, 1708.2549230674388, 1738.0954342568577, 1781.7408100233076, 1842.9897418199168, 1860.7624349890586, 1910.9116265709697, 1957.0914687619616, 1969.7828618233173, 1968.6845088153025, 1986.6452115112313, 2010.6226728654226, 2021.869388733571, 2007.7040091277338, 2071.419847475282, 2329.884325667867, 2320.4350942563947, 2203.107922631294, 2079.273405591176, 1913.0226166373584, 1808.144271102853, 1715.170833846461, 1671.1568046625353, 1644.681145832022, 1619.0064520954295, 1659.8329848257492, 1687.5296976616717, 1731.2754282622977, 1784.3088841333533, 1819.208884579109, 1865.336377395173, 1903.7787471079484, 1902.5013161984032, 1896.4642633288938, 1925.4628202495403, 1975.5106092497952, 2024.033840988076, 2057.5036534655446, 2174.246755542585, 1879.0952984605872, 1877.3481752159523, 1820.713155808261, 1807.567558002944, 1769.7347123734196, 1678.663078670815, 1618.273271001708, 1600.954829583963, 1579.6794358079287, 1562.4554140309795, 1582.1151074039176, 1577.6690012429065, 1604.6053060937127, 1620.807877121587, 1708.897915589195, 1700.6804943782809, 1707.591670090983, 1707.6288940060151, 1719.6237947942702, 1754.0644308209255, 1747.0367267369559, 1735.5428655992548, 1744.1720434022807, 1815.190768473757, 2276.5525729912697, 2227.939251310674, 2121.606751112427, 2053.238899024595, 1753.7271711286353, 1685.1068421091613, 1618.0569043179853, 1585.5143345919353, 1566.6495149452774, 1549.9094972929083, 1594.087650027426, 1635.3296950196984, 1693.6167468632034, 1752.834112705163, 1780.3900103149083, 1811.7681046462646, 1844.0995919239733, 1850.6213510798532, 1857.5511286081019, 1897.3629572135806, 1959.5013657982652, 2000.347596618691, 2005.7628915703997, 2076.5800311012217, 2104.6317993469884, 2088.4067445798582, 1993.0041775907118, 1899.7077499153954], [1834.1916576136298, 1752.1620232450978, 1713.3149779026437, 1699.3152951075813, 1671.0065167052244, 1653.4159841405933, 1689.1447431819522, 1669.788921735432, 1687.7028225063254, 1732.3706445252105, 1773.822142514719, 1801.306557016353, 1818.8120279796904, 1815.830669418988, 1872.4847353882806, 1902.0594192678832, 1935.0125157554016, 1944.971426121062, 1960.6743119919347, 2013.7879355991474, 1948.5135366385769, 1900.6043963198254, 1858.4021343534032, 1804.5070927890313, 1681.9667777876502, 1623.8882650995954, 1609.5189771285254, 1614.3280447150687, 1596.8193751127162, 1593.550321195177, 1633.1095903982807, 1598.244777841712, 1595.4063695624861, 1641.1316298811573, 1689.2212983896275, 1718.94978211712, 1736.6164912253373, 1738.6030262546933, 1824.1051274883073, 1870.147609980669, 1880.2757396597738, 1858.6236359975899, 1846.6204173572853, 1875.0298392129096, 2148.7578760733413, 2046.4494899639362, 1947.3189558029271, 1843.592776902983, 1980.2690882611619, 1914.2020446077981, 1871.2565379247255, 1855.618312868669, 1866.0690374013832, 1878.9444530776534, 1880.4083922869418, 1902.6867835097867, 1890.5614432701886, 1898.5043091399712, 1928.8837939986727, 1946.050527013428, 1939.3605283096877, 1954.9764750020631, 2067.82390124723, 2176.7003885632225, 2237.369961447321, 2239.676296473947, 2312.891007911309, 2338.515267657077, 2096.2167979217998, 2044.7949478211633, 1976.65017316736, 1902.1623313584, 1839.8470688787027, 1771.5052979105508, 1730.2863213009057, 1716.8870700356028, 1723.1927401151784, 1720.8592212786086, 1699.7334575084672, 1703.0993479170802, 1698.7720044063167, 1728.7541057425112, 1760.517903345251, 1785.2796793292114, 1804.1080466923474, 1846.1943968557339, 1959.1682871318253, 2007.5090843058144, 2025.535605379984, 2046.2663120785314, 2116.0137441075835, 2119.3530490411194, 1983.9235216344687, 1964.5552230208139, 1908.5340105569971, 1831.9169246239153, 1871.066974717955, 1802.373114317126, 1775.1651054831898, 1770.6658615565502, 1747.0317999634497, 1737.3795793793793, 1775.5753920137565, 1752.1636595422497, 1770.5533631674714, 1826.8200612411479, 1879.7002214876418, 1910.481715436324, 1922.0472049736752, 1910.692489355881, 1962.8365568329657, 1963.0139556942854, 1957.9854570963173, 1936.9523775396142, 1934.6036550882554, 1986.880044962837, 1989.2720569211972, 1986.3007234094941, 1986.2414600045902, 1947.0164466056026, 1722.099312324022, 1647.2883789505358, 1619.388605340096, 1609.2562551532917, 1574.6792907174088, 1547.9117234850694, 1567.9197024332273, 1528.8712202248832, 1528.0199378325449, 1576.488622362878, 1623.4305019300925, 1646.3126494166972, 1660.3634805176355, 1652.6125426307574, 1703.1085403489624, 1708.5329987699981, 1691.0537887679695, 1679.0615605813757, 1706.6199080778242, 1756.0515444582027, 1915.3286689252081, 1940.502633777034, 1953.5590987913317, 1907.1896699165575, 1954.8860445934795, 1887.8998412829628, 1813.9261942882986, 1772.9266080825053, 1716.5546791610918, 1679.9545674190138, 1703.829121671511, 1671.9258563151511, 1692.8696690571098, 1774.6458858650267, 1853.9072158190604, 1898.1140187706246, 1922.8945109708309, 1908.7113654427835, 1953.9565166272519, 1958.658956345448, 1947.7922840221659, 1899.5209435795136, 1887.742560150764, 1978.6671499240597, 2011.713916241463, 2004.9617383995308, 1974.573158226415, 1927.0795932413178], [2037.5879071351226, 1962.9815831163485, 1868.6184960018304, 1784.353057492326, 1708.4441034629535, 1702.2228080320326, 1683.282500542705, 1700.4444928917874, 1728.3425077616014, 1798.6413688915434, 1850.6949898842747, 1904.7095181772488, 1925.0542306073125, 1938.6305213591547, 1980.491892811446, 2001.4682088535264, 1985.4998847436968, 1963.9101930881739, 1979.9929449766353, 2030.970413672777, 2071.978633699245, 2058.83955254833, 2025.2827871346817, 1961.0554542046561, 1982.969291225965, 1926.3005192518326, 1844.0017689539768, 1775.5259895127997, 1729.9864478653556, 1650.265116483314, 1669.6819842828095, 1748.3296734185656, 1748.335034725162, 1787.2467539364964, 1833.7146583687731, 1885.9369351243954, 1925.5689360593763, 1942.1581787954967, 1977.458108491182, 2040.597591329743, 2084.708413087051, 2097.536310962198, 2105.968534955172, 2126.351704516175, 2300.0205428944364, 2206.118176241099, 2081.08781244924, 2004.0280678240374, 1996.0917915519751, 1958.377536812858, 1901.092896153613, 1859.535566072855, 1830.7396604687435, 1767.191026386163, 1785.6294029489784, 1836.8811996982427, 1807.1500669967377, 1834.6085925862649, 1871.1453941469672, 1912.5882910862551, 1921.0130324400059, 1936.3362953918147, 2001.2777264888286, 2133.9629077560753, 2206.6350239316193, 2212.9330742552647, 2228.6754286435944, 2240.4473052636954, 2445.2790453639955, 2430.1238250912543, 2402.366209854096, 2372.018755538004, 1946.972433792093, 1852.562910862805, 1740.6401501030077, 1650.601775749254, 1580.7109634941332, 1491.820279888228, 1487.6612509056113, 1527.1104709650292, 1511.0852321642672, 1563.3660663385833, 1628.6342320251674, 1675.9909584870936, 1686.990008137222, 1689.2930871142994, 1713.6314848574723, 1755.7330697214202, 1768.7749966958936, 1788.965518383785, 1870.2116301989363, 1966.4438895151093, 1954.7640429754917, 1864.6666543585588, 1819.1645957547798, 1799.1091453090964, 1688.9130907141016, 1644.2665390618213, 1610.4757701199233, 1580.2745813809508, 1555.929310611224, 1588.9091282167733, 1598.1720806101152, 1617.1375666258093, 1625.6234423963256, 1659.5302325239766, 1679.486580742812, 1721.9789308591849, 1722.51997982957, 1733.3358520046088, 1804.0862422290108, 1848.979421464611, 1859.6799703338183, 1867.8486138984179, 1858.736413634111, 1854.8525482939565, 1791.0186890269097, 1773.3696100623345, 1744.948977654668, 1709.430559594556, 1719.7376226304707, 1681.5586854591093, 1649.0029098333305, 1620.0487018728468, 1588.586456589206, 1603.56934228353, 1590.2251693612284, 1601.461782124958, 1608.263880482829, 1638.1909873150614, 1653.2605974353933, 1700.0098774989374, 1709.7861748507999, 1712.9605706331583, 1749.7840865784924, 1788.8266056798045, 1799.75433523561, 1794.8258954051162, 1792.5354431830187, 1794.6494386517882, 2083.9152071648227, 2059.4532002704755, 2012.501021712837, 1937.4001315602113, 2008.17376607145, 1944.6721301632458, 1882.3127443085289, 1830.4749181101456, 1789.7057178928942, 1808.873240512279, 1809.9857716435201, 1852.1297517681273, 1887.1007451471473, 1934.1708260169723, 1956.5371359175977, 2011.7590361507328, 2024.48593217369, 2025.7545934402456, 2055.2300552231463, 2101.6945029844533, 2143.7318685923096, 2160.1716973578864, 2166.893473177074, 2181.858159675868, 2323.3626037397253, 2297.122160817644, 2243.000461843473, 2159.3064667426365], [2013.0863089244435, 1911.9892809666178, 1851.2704640106408, 1792.6637418285652, 1732.8889415925958, 1733.7036618820673, 1720.5693583074258, 1734.431046949053, 1751.1109567109056, 1808.8830156300921, 1852.957664680606, 1914.3816074890542, 1926.3355919168555, 1930.9710321589505, 1971.639437713512, 2006.6136576464426, 1999.1841844092155, 1986.0117384949428, 2023.8106054980487, 2052.8898749920245, 2263.574498509271, 2236.716776480227, 2179.0301376898096, 2089.3287867673953, 1959.9044674485701, 1880.8764342243442, 1810.0623865574844, 1755.5581630396457, 1714.2660375160622, 1732.6957465956143, 1739.43636810877, 1789.0956057443004, 1833.7770762392392, 1890.473060852516, 1927.7956334878115, 1989.0282385054443, 2009.2566672992373, 2007.0326934368065, 2031.3636045841095, 2077.9316957333003, 2118.9945732986885, 2137.998982282927, 2151.3131416153515, 2173.079426085248, 2184.50344639895, 2130.0833956768106, 2029.3070839317977, 1923.1885096999865, 1748.755336393911, 1703.6763844467325, 1668.8103274964772, 1639.109745795347, 1611.7427705949112, 1644.204432847549, 1652.48970807627, 1667.6004507415694, 1676.7815280995494, 1717.574200095706, 1742.8792282822396, 1792.921142486078, 1808.7229333947107, 1822.1968669737046, 1892.7506607778719, 2000.9052226999772, 2061.8178497046188, 2049.628791052766, 2028.9577341439867, 2027.3478532901281, 2393.2995376386816, 2365.725119578968, 2296.920022740253, 2168.532729877576, 2109.4120484557466, 1982.185413118833, 1868.933099680338, 1785.96256336203, 1729.2015621239252, 1738.769799160385, 1745.0836894566676, 1792.1990203486132, 1837.4737935548874, 1886.550193517034, 1914.7006044221189, 1968.457522321046, 1982.1935699030719, 1997.4936416081775, 2033.0708513753882, 2083.1804591182977, 2164.3013416023596, 2238.2727136684543, 2307.771698496323, 2377.2870741835886, 2152.472132626004, 2170.769556884499, 2181.811173161207, 2137.2704959940133, 1824.0621271938749, 1723.966077133583, 1650.1160635510228, 1587.1669450242139, 1534.6808607089688, 1543.0927207793918, 1539.01017451327, 1553.271751362913, 1575.5933940545112, 1630.4757364158993, 1672.1072924298032, 1721.1646475886096, 1732.2784644501419, 1739.0038935446028, 1772.8025722292055, 1785.57861717375, 1761.2204539247973, 1757.5226179240694, 1797.8546104420714, 1827.6927680578863, 1775.896606756579, 1763.0296407684812, 1742.2428030969934, 1702.7531595673042, 1750.07419408092, 1712.7824487580835, 1650.3494713209473, 1594.8731756162485, 1552.1284197004227, 1475.3851441929203, 1489.6134568253074, 1541.30161094512, 1517.1248466469806, 1533.9723001040352, 1563.081682779856, 1592.515424399384, 1599.3365467574038, 1599.1043707073486, 1631.6967593048698, 1684.0900850238543, 1706.5883473251429, 1712.367447363938, 1731.095041913554, 1771.0696954468958, 2083.236164508964, 1983.225283808323, 1904.5789468754108, 1865.6329221978415, 1668.7217404063304, 1624.48700785702, 1584.2867448956197, 1575.0058446830333, 1579.3282756128149, 1597.1131072979338, 1657.3677313037217, 1663.2860109723777, 1682.4956562090244, 1728.3941575641907, 1750.0006274532147, 1766.8468276590245, 1793.9061797246347, 1832.6615278514093, 1909.4995116746607, 1957.8746901085578, 1974.938309392406, 1999.1364522553117, 1979.9339479739892, 1991.781380961142, 1864.1842563474254, 1851.938124974242, 1770.7929680935295, 1712.5123657095307], [1385.7811160350007, 1358.5366300478881, 1338.074158152083, 1320.5212187589527, 1320.7558879799847, 1336.3739537993963, 1428.8370965460301, 1469.698404332725, 1477.2400080671748, 1455.5980890647882, 1456.2594528654568, 1514.0123654615766, 1505.3998121648585, 1535.2968395653909, 1602.5559313666004, 1624.3429349461146, 1614.5729969658807, 1668.1971831553367, 1782.3561276603962, 1783.2627751612092, 1656.8960288498017, 1525.284025184238, 1481.5131988214632, 1494.0488194708907, 1426.8781281443928, 1384.2897910187883, 1347.4193690948546, 1321.4246946625067, 1313.595287479768, 1325.874672478219, 1408.2211526182841, 1443.6067595308912, 1447.8456275516858, 1422.5496653923321, 1421.6291044344086, 1464.1588581104638, 1425.831709598195, 1431.2251167459528, 1489.9217972112308, 1493.2327378493005, 1484.4282935486829, 1550.8491135294385, 1708.303245890824, 1755.6535636303063, 1732.7165765525544, 1620.0455596018774, 1571.6657918217766, 1579.7485786034886, 1409.1376834532557, 1352.3624898122482, 1298.8169410118826, 1272.7897370294756, 1264.1071076314727, 1287.435147570242, 1377.2298028385492, 1422.2103841392789, 1435.1348345305335, 1413.0804190280635, 1406.2047542617574, 1436.0553898259882, 1390.6753591286802, 1387.76733118208, 1436.1082704546616, 1442.161957836128, 1428.6827688414726, 1493.4791767509305, 1658.4399722982114, 1719.4146421147786, 1602.80799772052, 1478.0084327949546, 1432.4424049187667, 1454.6563701271039, 1571.7648972145355, 1522.072015796231, 1475.2154438461664, 1440.6461147461055, 1424.796998389144, 1438.2220166303712, 1533.8035725823877, 1568.93252670368, 1565.4483274301997, 1526.530369362724, 1516.0402715487896, 1562.865181800723, 1510.3985907327378, 1512.0327352350776, 1560.4276683460491, 1574.4950480243228, 1563.4002137013288, 1643.1949072884906, 1829.311213436854, 1899.6161800032728, 1732.4791080829286, 1580.5219311454018, 1530.8226053624987, 1552.1581083842407, 1377.6077632647794, 1353.5527912249283, 1336.8211083108497, 1321.395792829317, 1326.7295787348978, 1344.7715260867708, 1435.4104856837641, 1476.250365841527, 1481.6548493263094, 1453.6142352308718, 1443.2418569785623, 1492.3773549365585, 1478.7962550262434, 1508.6185987096567, 1579.1860209803892, 1605.8085304085973, 1591.5695831720009, 1637.8418724917315, 1760.7104304960603, 1755.3075058752074, 1653.0272828080895, 1529.8842029422442, 1489.2556071213207, 1511.321281732787, 1315.6833444726203, 1275.1927984224305, 1236.7809087618034, 1211.5305777365002, 1200.6740506941985, 1212.0436020653244, 1289.8293517730747, 1321.7847253225939, 1320.9375480219683, 1289.9616356147958, 1277.5512226059193, 1308.03796739472, 1263.6940830453873, 1259.9577885687977, 1305.1604416053985, 1311.0611005988405, 1305.2522183341966, 1368.6987281493987, 1521.9952440130148, 1579.6545130571715, 1451.029036122656, 1324.0922261946305, 1277.8393429867667, 1296.877777063146, 1399.3317160185, 1391.4791534996511, 1378.711147578861, 1375.1072042278133, 1381.431271345408, 1408.7283952497066, 1504.601520594071, 1522.9126662554133, 1547.0983682849894, 1549.6224055952557, 1546.0107401919095, 1581.0405847393129, 1571.8946576397182, 1553.8548782070518, 1589.745548613243, 1600.407936657038, 1583.92573316916, 1584.6059792014444, 1666.7488306477555, 1675.686266834871, 1582.8647276742015, 1520.0726136503401, 1499.998873587998, 1477.1487227481246], [1866.6557647098066, 1771.223869498174, 1687.1197875930543, 1616.6341409495512, 1585.6087185917615, 1636.8419072856523, 1646.682421993841, 1647.9098022018663, 1663.0606302386948, 1703.6497800939285, 1663.4435844680534, 1726.7800973840656, 1735.3423238186188, 1769.435789708016, 1774.8020691862853, 1817.7799703652533, 1876.6681742311985, 1909.7085619042846, 2003.5827839563374, 2083.2739031701885, 2201.3453034557156, 2111.7002027156364, 2038.2909657850562, 1925.460171560211, 1731.5437104398745, 1637.559511212938, 1588.959497683335, 1547.9975871540873, 1510.6424288275562, 1532.3247256779061, 1564.73047070031, 1558.0726725579518, 1598.1497128623296, 1655.044993942983, 1697.79620716121, 1724.686824393445, 1721.1874966219943, 1736.57679978055, 1749.0644993302283, 1762.7685830863468, 1811.0610306927158, 1830.8736997271033, 1888.7441161594907, 2031.7419046692166, 2153.653079149219, 2099.222506359399, 2013.9283358839564, 1914.1285912396838, 1930.3433220568916, 1813.1046646593002, 1742.0889085668268, 1684.2273827052443, 1639.4190232618334, 1662.3677691230407, 1698.1734454255497, 1696.133667593774, 1740.997883839785, 1803.635960805826, 1857.001409794767, 1885.1075657925387, 1879.1304350170744, 1903.6172086612307, 1913.274656430106, 1933.7882780414027, 2003.8059631431784, 2039.0713299598194, 2117.2900508263974, 2292.590189923748, 2144.1090623796676, 2131.9210500280874, 2112.6273213513373, 2077.03611784949, 2076.561159101423, 1961.365118474841, 1878.8830783476415, 1797.0250684546002, 1724.4296792510968, 1727.0041684731548, 1740.7288134962546, 1715.4981249316913, 1740.9305693473132, 1822.0711314322664, 1904.6422228397748, 1937.4710009021526, 1927.1553929424015, 1968.2656568397608, 1983.2634400583609, 1968.53223893615, 1959.4629929939044, 1932.8426814030843, 2001.2667419893621, 2188.595608087261, 2070.0415236264907, 2014.2310891302266, 1955.8582938130498, 1908.3143620551486, 1744.9858318922193, 1676.8081784461015, 1613.9983008746697, 1553.4467112837685, 1532.4346704658108, 1590.8483411244333, 1596.7609978796888, 1603.8567571832766, 1613.2032551813475, 1649.3123522757794, 1601.647336523819, 1661.670248370397, 1655.0746769125367, 1673.4124199752791, 1662.0043184634471, 1680.537953837183, 1717.6619398528867, 1726.31052051203, 1810.407247094257, 1893.3583861266582, 1915.9533147871728, 1855.5405079526136, 1809.0139668609118, 1728.613008711406, 1658.3232114501616, 1606.863495805262, 1553.9880658975096, 1497.2148311354094, 1477.8031560065547, 1528.894707859271, 1523.5400645855473, 1525.1580769377722, 1525.0993285118552, 1555.8342024486406, 1503.0444309570923, 1561.4994368194878, 1562.3038127481573, 1590.1789764497605, 1581.278017584945, 1606.0407813098163, 1645.7201457809335, 1648.1529875827691, 1722.92952361357, 1787.7722015095205, 2162.859698405521, 2093.1465970431245, 2011.14626710657, 1877.0194705965591, 1842.5091201797197, 1739.08646346327, 1645.7294887955325, 1568.7473700490204, 1540.8824122624976, 1594.2374790210222, 1612.5771749821176, 1642.7896432464076, 1677.0915453583211, 1726.5565819179506, 1691.255111585581, 1760.7279807030782, 1761.4327544347357, 1775.420544055134, 1757.7510197248187, 1796.7447385114704, 1874.7058951568347, 1924.5242715300415, 2033.7451013571367, 2141.716573470398, 2166.224182378727, 2092.7389767921386, 2020.262578061652, 1896.2933110811132], [1231.2089383186626, 1252.0377762739467, 1225.3145886673144, 1214.5143859193265, 1204.4135659789247, 1231.4460798233845, 1318.8166965075256, 1423.6928042538234, 1483.074440616758, 1474.2457854438353, 1511.8009615893482, 1504.3821878472277, 1476.6648557132, 1456.9300989101148, 1443.756904565142, 1419.1253750303897, 1436.2309282928165, 1417.7309389444592, 1489.1324979775195, 1523.309281501738, 1487.9959263254252, 1410.7920900056554, 1373.8732138344544, 1322.2409622419086, 1306.9403833073368, 1325.686869776006, 1293.328298712826, 1277.0218134568488, 1261.1302865999128, 1283.0621786155687, 1366.7425548399713, 1468.0617393139835, 1524.5420921740667, 1514.8697846972402, 1560.8272014854201, 1571.501951359436, 1576.7166169509653, 1590.5528745457534, 1597.530055538256, 1596.9166299009596, 1619.6664396502363, 1605.1924604561357, 1670.0388647768943, 1677.5597547840362, 1553.0719632995397, 1481.767904373012, 1449.080334231358, 1393.0901332826932, 1235.6713696371623, 1251.7310493520893, 1221.3057338081198, 1206.7174762947527, 1193.100469026031, 1214.3698703264834, 1295.366136020053, 1392.7315711650258, 1451.2347108503507, 1449.599676211608, 1496.3067592870068, 1505.3583844077996, 1505.7148459693215, 1506.15840483083, 1505.459018338975, 1502.2758043507652, 1523.1549757832954, 1504.3141172891956, 1568.5662222193437, 1577.8726980200097, 1508.0662408067255, 1427.1150109959808, 1387.6764425975007, 1333.0755976159498, 1268.71670009727, 1301.39920381124, 1270.863749503548, 1258.9783132510042, 1246.8647413414876, 1280.461620256441, 1347.3148990720017, 1434.5370103504954, 1478.9726674424842, 1464.821354012812, 1513.9662904983948, 1529.663418893276, 1540.1148519219807, 1556.8021948325893, 1560.5233553152227, 1553.487647632599, 1580.1276142875965, 1554.0674115203574, 1619.2735356397768, 1604.6707633116632, 1512.123637486892, 1434.3370566578926, 1399.0210674135085, 1348.000986680545, 1229.1707047720695, 1154.9401407252167, 1116.5063247542555, 1081.252297745089, 1051.9927919923584, 1018.1849523613056, 1153.7925311301926, 1276.5152949434698, 1391.042248479248, 1402.8738981503084, 1421.2714877949306, 1405.7200461842535, 1420.1917194081584, 1438.5998002199483, 1475.6565886194346, 1485.5848879533235, 1499.7629739986487, 1527.5409587299396, 1582.1776497038381, 1662.7171776584628, 1551.9918924911838, 1473.061425535852, 1445.0019753659128, 1393.7488024248232, 1203.7019922161023, 1223.5983604894461, 1194.7718982670656, 1179.7048405511166, 1164.6247335742478, 1182.643845370198, 1251.680301969008, 1336.1055904186167, 1386.988755048168, 1370.546630448675, 1409.425434497686, 1409.8573748005306, 1407.5960752840842, 1416.1666231559434, 1419.6388827037654, 1409.1624808699205, 1431.6005267919697, 1411.8555142405394, 1482.0474858218945, 1500.9620681851545, 1414.6776563925807, 1350.7841100696278, 1322.5463900933207, 1277.8986306053812, 1261.7892990088883, 1285.811291379616, 1257.4373582571288, 1243.5233576681414, 1231.2231159345595, 1251.8963577021882, 1324.2684526719904, 1413.2413669382165, 1473.6080454615808, 1459.7654651130854, 1505.8855509277894, 1504.2362626076513, 1500.6498771255176, 1507.5863309449014, 1513.88873956488, 1509.375337844682, 1542.3441070906013, 1521.40460472836, 1588.566820053788, 1598.465771288092, 1501.4542482893971, 1437.337780360687, 1413.0246311679437, 1362.8828266303021], [1815.6808597502522, 1717.8946192554645, 1652.590744957258, 1579.0500976302233, 1538.1319306145717, 1537.2769804261475, 1553.231728554018, 1590.9380555008304, 1611.9069304637362, 1682.01787947377, 1685.5736724567719, 1741.2070818103978, 1745.1418054573805, 1770.033992477, 1819.2304426998685, 1858.0482017133706, 1915.8796389472634, 1956.2792734391821, 1977.808248421775, 2043.4189217316941, 2165.0501465090615, 2103.786793716668, 2016.0446569278074, 1938.2927758753299, 1742.8941575528113, 1634.1655326715456, 1571.937192462334, 1505.5271463821316, 1466.4497362331956, 1466.0089069833498, 1480.4637407341527, 1516.9448901067653, 1542.5810006586275, 1619.049655983316, 1627.127073045322, 1692.4702071913794, 1695.8356772707016, 1709.2747801641333, 1765.800132064454, 1807.0806637082017, 1866.9055275357794, 1923.1480782264593, 1952.8348804834807, 2027.4286739791792, 1855.5013595448247, 1817.794438173263, 1771.9792100034224, 1732.6571574929096, 1668.1119119253547, 1607.106819843756, 1573.1656685881321, 1519.1270101920256, 1486.8699902422914, 1484.7366323621275, 1490.0857539951414, 1508.2611110608714, 1511.3549427718967, 1578.1130834292267, 1580.0908525483792, 1638.4586488166603, 1640.4416425273305, 1657.4613734203563, 1700.4217546557286, 1717.6969970090513, 1733.796992408409, 1732.9512237215026, 1723.3503417777638, 1776.2857655619525, 1939.2776489715939, 1890.7353400993945, 1830.6668786979508, 1788.1494486800293, 1636.6431189701846, 1561.7752055686612, 1524.93694622279, 1470.6621768334887, 1439.7822050180948, 1439.8736067628533, 1450.4503274946244, 1477.9121547814073, 1492.1594650127015, 1562.1712283778936, 1566.966301889163, 1623.3985116722786, 1631.167936113557, 1652.9554307550939, 1699.4931504086408, 1727.886856744638, 1758.4605602353538, 1776.632841296544, 1778.7865961624855, 1826.04593072516, 2088.71404048837, 2040.7774439025263, 1959.7669308374752, 1874.3245419412071, 1736.5386497204256, 1635.9491967441209, 1568.7143656478415, 1496.5325183508608, 1458.4109609618502, 1458.4383472387042, 1475.2149778572834, 1518.48741575824, 1554.3229766802926, 1640.4203287319351, 1658.9542066976105, 1722.6871755475056, 1740.407109505664, 1753.1897612478895, 1790.9189375722456, 1820.3937650140485, 1871.6444596507467, 1912.8557937530354, 1931.2723272680685, 2003.2629018603445, 1901.8993212489609, 1869.317298327836, 1815.1277603043663, 1760.432327801578, 1731.9351492741907, 1611.801652238503, 1555.8784898025192, 1473.4060763165528, 1373.5086854966933, 1359.2770283742789, 1427.1524658090145, 1449.721462334651, 1508.8121963750682, 1557.1416232117988, 1597.4691821272697, 1673.9127444436674, 1702.7015986462136, 1684.9565745589653, 1730.5750293243061, 1764.2823458996272, 1771.2990810321828, 1819.3577665864536, 1869.4732763192653, 1915.597022663733, 2106.1066532950617, 2087.303980640254, 2101.784464092898, 2080.2085890848175, 2003.3517930758833, 1899.7104840647544, 1795.5447823903996, 1680.3021764666403, 1599.96539021698, 1571.0612149467352, 1573.255565682349, 1596.4333479919633, 1613.5676784702007, 1719.5174072108966, 1756.0258350171855, 1836.7565159594737, 1859.3329482249694, 1896.5159804463644, 1947.8111208679557, 1946.681774819004, 1920.1609627926625, 1889.9432690918661, 1886.6353622230229, 1972.4026953200055, 2091.9690005230486, 2036.58761285177, 1946.1646927372572, 1873.7651220309117], [2007.1181807461246, 1954.8637249286169, 1875.9937736852191, 1826.77106004474, 1780.9709336990084, 1741.2422553425401, 1776.547168021134, 1793.315137409723, 1834.520406931018, 1921.0697730483623, 1984.0853003429527, 2030.3844883442644, 2080.280599602911, 2096.217816729088, 2108.1902956995386, 2129.6350187961357, 2099.4077688568887, 2063.7404373066242, 2038.8569978999926, 2114.1707370634726, 2269.2686727367845, 2192.6203598015136, 2057.917566865525, 1969.8046789691557, 1704.9893876178787, 1656.5400759157499, 1615.7247653409738, 1607.0076969117813, 1610.4580626404693, 1624.0553802088427, 1688.5912018489046, 1711.4936284399835, 1749.5484520967768, 1802.7735324672326, 1820.5073568021548, 1842.8236852790546, 1885.418510901067, 1920.3936228780938, 1985.8847774308388, 2047.5715735173349, 2081.5613831321575, 2105.8285732552695, 2068.3629590934265, 2072.4335038247536, 2459.2321970491057, 2431.860096474452, 2307.5999989140055, 2161.8598304636057, 2114.3916935785946, 1980.8828692769553, 1859.5143627704447, 1789.212586417008, 1761.5865576346428, 1730.0941790666768, 1712.539750416184, 1766.583610013686, 1801.980218983051, 1821.7680519152004, 1859.15974052595, 1896.8125507017608, 1919.8308581676401, 1923.3868244429646, 1954.3089669759372, 1999.5822643216554, 2095.196577928569, 2160.4190725240755, 2296.110949362545, 2418.490417908228, 1986.90756982152, 2016.0978231464985, 1993.6711541120035, 1936.7219106629746, 2153.7428367084467, 2078.7044311337627, 2005.818018585256, 1955.8079695441986, 1920.9590946426338, 1866.191569562509, 1804.8639125610914, 1800.243830864118, 1791.14460370047, 1826.308639535055, 1876.6561610102954, 1917.8802746688887, 1935.38657676884, 1939.6676069117525, 1974.6153115225648, 1990.673130008187, 1975.3174564212147, 1938.53344395941, 2040.4203762709092, 2134.6338177783086, 2089.3960052685584, 2073.3161463330425, 2018.5044332290677, 1950.72301496157, 1785.2530652141772, 1731.7425640442193, 1695.610344909536, 1680.4424018840853, 1671.0374714853547, 1635.3478578842723, 1589.4972846991354, 1588.8093736153794, 1578.6929716511415, 1588.64306469203, 1606.907931502764, 1630.1686690326699, 1637.4173869227463, 1636.863166144936, 1677.008314125258, 1710.0661949076375, 1724.750536572749, 1722.7143406110729, 1807.1331994308384, 1863.0144221474513, 1873.0989765941015, 1882.8805151765707, 1856.1443086163138, 1817.7092623267831, 1774.6705168026094, 1715.2498932605672, 1670.8894335764749, 1642.7130411526507, 1620.2089329577425, 1576.0584231578641, 1522.5606727218112, 1510.6632084773403, 1491.3649229725606, 1508.6444405496288, 1538.5786336019833, 1557.4241641770902, 1556.4319778259792, 1549.2584953661235, 1581.018432217288, 1602.337451355575, 1590.069233755921, 1569.6227598975051, 1669.7553716894715, 1746.0632419028102, 1902.879809882927, 1895.2131331449202, 1843.53071493773, 1764.382492346101, 1878.4920129298216, 1797.4122381319446, 1755.5604469598127, 1741.918485034991, 1718.8429978633314, 1714.2797767008667, 1761.1565655388765, 1746.8832061543494, 1773.3397761043475, 1833.029042406168, 1888.6786435753418, 1912.7980513247583, 1916.80625683407, 1899.5065971745341, 1949.676461731477, 1958.171411972987, 1969.1457582625783, 1966.3920085228006, 1981.288457087616, 2053.801758760521, 2071.562601136241, 2031.9774857243099, 1993.6471701803603, 1932.17007837196], [1859.6163828907652, 1804.9603832443665, 1758.0651273448166, 1712.0517402879839, 1673.626482861277, 1706.3174020765039, 1697.1337571171396, 1720.4041657551954, 1745.7210035547691, 1784.6999644773964, 1800.6073607438132, 1850.9354788485994, 1864.8997474828725, 1869.1599163976775, 1898.2769343869231, 1927.3106639636387, 1940.216660928913, 1947.6808054600842, 1940.934382074748, 1944.675514934918, 2051.8606346634256, 2045.686618831323, 2019.9066270807243, 1960.1668413491348, 1899.3624130539495, 1847.5168696540438, 1763.3435952003144, 1701.0623261734559, 1657.313059117762, 1577.918262120884, 1588.3868148354786, 1651.1458592391693, 1640.3541710085055, 1664.7716487893354, 1695.805406527255, 1735.9724165509563, 1757.0080952228889, 1770.0784040215788, 1798.280112510882, 1864.0167805257333, 1918.5211840728336, 1929.304330628786, 1950.1452558966362, 1978.17003859622, 2146.589691217762, 2096.8478303466472, 2039.6724583342366, 2004.2329895119008, 1807.4300043394298, 1744.3145798672388, 1686.1699427664232, 1637.777671238656, 1604.8531378015537, 1627.9000933064488, 1634.5028699690602, 1669.1749854484312, 1696.2190257436644, 1738.0606324702626, 1763.8260091866334, 1810.7959818720367, 1809.8711391902434, 1809.3640584060038, 1835.5980161783239, 1864.7146343077989, 1883.2573454025408, 1892.0290147309413, 1904.7982063726886, 1926.1165361853775, 1913.1277014319373, 1897.2158935110192, 1873.6584808919336, 1835.9156315113175, 1814.9289397683292, 1754.9102514842132, 1704.12900222046, 1661.533859776699, 1624.402954642955, 1638.15135247376, 1630.5630596943172, 1653.5347009575482, 1671.7007165384646, 1715.7667798338366, 1745.625320624504, 1803.7923056095028, 1826.4469090709727, 1845.7450834454066, 1889.1701213822582, 1929.6969117119431, 1943.9048122999893, 1947.2436073619094, 1943.859286349842, 1940.5466249384774, 2093.588015455925, 2060.467904593544, 2024.1656965980537, 1960.2874457867733, 1869.4880829501192, 1815.6736787960888, 1762.3009680964178, 1714.6855374766087, 1678.4121324626353, 1696.3272526663075, 1692.5996348413707, 1723.4798853073094, 1746.5890409774734, 1783.6148336298832, 1801.5781775311093, 1842.650344551451, 1840.4042565962186, 1844.0496906886974, 1870.6867232968239, 1902.767383633948, 1926.611576834162, 1939.9555452248094, 1952.090075579712, 1970.4957142777457, 1941.4442720566055, 1909.114054056704, 1873.9233486589096, 1840.4916344174135, 1660.9926777195299, 1632.9892033025535, 1607.4720383215906, 1581.5385590819567, 1556.5928306943451, 1581.3808389514231, 1578.9488252264273, 1585.9504143880333, 1582.936467387084, 1605.0838072580448, 1613.8719469437754, 1652.4741983933234, 1654.2770320850066, 1662.1686032939574, 1716.6929392093723, 1778.2286645628515, 1795.2098428230674, 1782.00455133411, 1764.3752633047186, 1750.5627605166123, 1987.321179817584, 1942.412230503566, 1865.1214620878736, 1787.1455885446107, 1733.6181448791656, 1687.9845589335314, 1651.385550600444, 1621.2996733316966, 1597.1773789894962, 1632.9555451437914, 1643.693797288328, 1666.2889202459723, 1670.563388634652, 1706.5666042017715, 1737.2951845616158, 1787.6276462959318, 1792.9609468451092, 1807.445866493787, 1883.1526692649516, 1984.1315942146093, 2041.468362565014, 2039.7786397444686, 2014.6413814542707, 1996.2977287037202, 2049.729007949942, 2069.1759077152324, 2066.3257904638513, 2030.3860617952566], [1351.5284600949387, 1289.855610300512, 1249.727887538424, 1240.3711724694535, 1230.0011266693894, 1303.7322886731065, 1468.6785010202973, 1572.7605262390066, 1587.6128460049804, 1613.1939629678031, 1624.381733809619, 1613.7214570120452, 1590.8403807897553, 1549.617304428192, 1505.1899529111936, 1479.3879579692534, 1436.6265712514441, 1450.089289764878, 1473.7775953627047, 1572.4193965889633, 1589.705079628001, 1526.4970201450647, 1470.824535175014, 1416.294426916926, 1305.6852456210256, 1230.0280769095418, 1179.2574664020083, 1142.3678278591078, 1142.7233407425642, 1208.863012867879, 1377.5373339273945, 1452.6508036510218, 1463.494487815781, 1504.6445617755344, 1493.0401239696016, 1472.119771890656, 1445.974384644139, 1497.8833351370306, 1484.847484078761, 1499.4083888927162, 1475.9644404706107, 1485.9055552760885, 1535.7890000782675, 1642.1986119430896, 1589.7709973026313, 1512.6417847478003, 1458.0133739757116, 1367.1097503291414, 1295.3765319508377, 1221.3081405649953, 1174.2750573242927, 1138.7145425961032, 1141.263000230968, 1215.5873482237525, 1406.5100178929802, 1527.702227863348, 1568.0419251955557, 1611.448870393948, 1596.5793050532825, 1559.3590205311482, 1505.0173293375253, 1517.1009908515227, 1464.1130003473547, 1458.3068301923813, 1425.0894351250424, 1438.5270673531281, 1492.985422586894, 1611.7775295934384, 1615.1547273902324, 1522.6200087821323, 1450.4813635469525, 1357.0591292756003, 1464.9751520532266, 1397.4752262800546, 1354.5197420874279, 1349.0360470442781, 1337.6007869296413, 1406.125433827696, 1569.0646914243755, 1665.9591167990445, 1683.0213230814252, 1705.70494962019, 1720.3150074414161, 1715.0015641989432, 1725.6528291283132, 1719.3997133387538, 1706.6882795247393, 1704.2645555481513, 1666.0968034472105, 1678.051372749768, 1688.9156922317177, 1766.351416539, 1744.4204941616779, 1662.903838145967, 1593.4210978173335, 1536.4498338794272, 1316.1491719166415, 1257.0598764789852, 1220.3856268640625, 1218.7553346578727, 1213.4568812292212, 1279.8497735091732, 1422.5186840692043, 1506.4849266524325, 1516.7017404380726, 1533.2956425824752, 1535.8401408079483, 1533.5352529932534, 1546.0825301768834, 1549.6855740065973, 1540.9182734658025, 1543.195194048351, 1508.6696512141032, 1522.3270701598815, 1527.5985839796247, 1591.5422688428164, 1542.90237364532, 1471.7882374414673, 1414.6696262357987, 1365.5579785074428, 1191.7984178303816, 1138.0435829159185, 1104.360162887255, 1099.6133635939748, 1089.534777513899, 1144.456371256376, 1269.2772806380767, 1339.772384315227, 1343.839571039532, 1353.9752568982683, 1358.9018954417072, 1351.011364265423, 1358.2234106118926, 1357.001808979344, 1351.9884479217212, 1355.4834117263804, 1326.7271751002072, 1335.0227441676898, 1351.7757715618654, 1415.8756198493174, 1389.23205039645, 1328.0002031695767, 1275.1885239071557, 1234.0280593215894, 1298.1940829402351, 1241.5025387361668, 1206.5988703210628, 1202.7825166259152, 1193.7935807310055, 1254.826103175668, 1394.472689896719, 1474.4522008322585, 1482.4575469420852, 1494.5456030500832, 1501.6883356116443, 1489.8773470530134, 1492.818163569268, 1491.2559683483898, 1482.6197057877073, 1474.741909079047, 1442.7077205073758, 1457.360312157907, 1472.4581306722293, 1548.177682704131, 1550.4479860053732, 1481.301952109316, 1415.80419449024, 1368.2696885048565], [2019.6593642174562, 1874.3461667336007, 1793.4470078241661, 1721.8630789907866, 1645.1109836816347, 1636.5674433681527, 1655.4361141868344, 1607.1667454254932, 1631.0691208371238, 1711.235490715658, 1798.4999334955412, 1813.7780958847384, 1791.891152261354, 1818.0689818270973, 1848.5541936384484, 1855.9565545139908, 1865.1276706186695, 1885.7284813435829, 2011.0479339887627, 2230.884870170729, 2064.4200512815546, 2014.250784528299, 1951.3966399867102, 1894.5143977019684, 1788.5895446286456, 1696.8576004371032, 1649.527664935831, 1610.135734630452, 1571.7771471155904, 1595.7150463819858, 1631.244259668132, 1617.820710895727, 1646.3074155818447, 1695.868409706612, 1743.8553026688676, 1780.4332750351207, 1769.3681660555633, 1780.7405494273648, 1789.2964395915415, 1805.1028627726857, 1847.3856789989152, 1849.369485294552, 1899.858532605864, 2071.317560163073, 2249.489500905363, 2182.6958116922115, 2088.395179084865, 1985.4471548992688, 2027.6348637540627, 1906.999411257732, 1837.6237759036337, 1781.5558359035301, 1736.0465990768867, 1764.3218123736913, 1808.7608514837314, 1812.8889094251097, 1870.083638218182, 1943.3206722575335, 1999.015119306817, 2034.0255926887046, 2030.03092894251, 2057.9019527706005, 2072.1346786662557, 2097.876984631316, 2173.8577803142184, 2210.551102127259, 2289.2048315306542, 2467.262341066297, 2403.1680564947424, 2382.39559625841, 2355.316172245801, 2288.1601873716113, 2327.7347091214083, 2221.9824705685214, 2100.2898933120755, 1986.2209057237685, 1883.503200804884, 1872.3501719161882, 1894.3388537791427, 1854.3425950844153, 1886.7691579380291, 1984.9385743977214, 2074.2292824970446, 2107.5334125576674, 2092.0668072582716, 2135.458503536638, 2160.624301759188, 2162.073239804928, 2153.4301103821686, 2107.2765377352384, 2162.092733016114, 2414.3531966606215, 2562.397250271506, 2553.391886039111, 2496.392223505432, 2432.705583168798, 2267.8136599017316, 2080.9476429678843, 1979.5246675395558, 1891.6929102113152, 1812.375693377196, 1814.0461144340418, 1834.494216456749, 1794.297549835812, 1821.7679700323522, 1907.6548186312943, 1981.313231893168, 1999.002371780616, 1975.2318044306087, 2000.441732131512, 2017.3137294792762, 2008.1937282664917, 2015.3231719030741, 2056.4437533701566, 2228.636630544731, 2449.49150622291, 2262.8944471994464, 2218.736139587451, 2151.232483006373, 2080.035510836058, 1858.4568799342933, 1755.2733422879908, 1696.6462863162192, 1650.4246536179755, 1608.6079702871334, 1629.2400299644307, 1656.546885968906, 1629.398664689844, 1651.755381530984, 1697.448581476863, 1733.945338615424, 1755.3576443032534, 1743.7117306954399, 1763.6057470489127, 1772.9478133158311, 1786.6752019857506, 1838.5223953259908, 1859.081825201476, 1933.9452290435015, 2116.174874011897, 2262.0015187553095, 2191.7827132237894, 2101.0352346759787, 2002.6965847753802, 1755.5268377421387, 1649.755256698398, 1584.7115243949913, 1534.0083020675481, 1498.5286856877353, 1534.1354329769879, 1585.1792208637146, 1599.7574468835353, 1657.228582303469, 1717.824035961788, 1756.9026381870815, 1772.084270274306, 1745.904309739866, 1757.1148316799363, 1775.3885092827643, 1799.021504186119, 1877.0138222406526, 1919.1126954347696, 1992.459872739664, 2157.175488049387, 1835.3280013962265, 1777.884485497401, 1720.8825487387426, 1675.8487463926474], [1200.670610567292, 1152.2181981572317, 1114.3317352770305, 1088.688875312539, 1083.8229324448378, 1120.2185209925426, 1267.332368877903, 1427.982057129757, 1465.9113908675927, 1482.3333579534874, 1510.6893378746747, 1560.7683406810838, 1592.0651343626682, 1470.074680512045, 1495.690329171931, 1488.7800471072214, 1477.1293911311334, 1468.5276330338747, 1651.2923865040646, 1617.8636484645651, 1517.7304629967982, 1403.1152853186063, 1291.5648210357613, 1240.5420352434132, 1396.7322357623084, 1350.026300504469, 1347.807784970272, 1321.836605575296, 1315.5129482033665, 1343.7316776816544, 1481.4614968280266, 1590.3728447920112, 1609.467615287872, 1595.0336773055346, 1615.789685116622, 1616.6372171648354, 1649.4791652921153, 1648.6339778790525, 1681.2098147008537, 1698.8377362837975, 1677.3017108954807, 1695.1999425523725, 1770.9552856080384, 1722.62548150874, 1616.5437849762218, 1554.6221166298578, 1510.527205912086, 1496.1318670846374, 1176.6591201222695, 1137.4406515681235, 1133.9839910952905, 1108.0651974093182, 1096.218540976784, 1115.40424380819, 1225.9169138783607, 1311.8765865793546, 1323.2323789390487, 1308.796383272744, 1329.6695252086643, 1334.8100648841473, 1367.265169760498, 1366.9845261869573, 1386.6339057717498, 1397.3353991479867, 1378.8983200904172, 1388.121261867844, 1458.8179612842957, 1434.2383209665443, 1373.9941666032162, 1322.6003974857654, 1276.6042969528175, 1264.662071294264, 1317.5826509004853, 1274.962674857132, 1272.471147658166, 1244.2384599907518, 1232.018594228833, 1251.2438034365887, 1375.5028863424175, 1473.4599492411432, 1490.2291595534587, 1476.7848994877627, 1499.7897128792624, 1509.7416456476547, 1545.5199364176535, 1545.1538652960398, 1571.8482492344153, 1595.5868923337794, 1572.4706635351306, 1584.966981925221, 1654.26262283485, 1619.3666169799474, 1524.3943732160483, 1475.176756369382, 1435.3514668978567, 1420.8948939435265, 1312.898402597838, 1271.8558025333339, 1270.7540110862897, 1244.9259016066467, 1233.5095731416998, 1253.5467966630881, 1375.099368205995, 1469.6903959458655, 1480.4744460870913, 1461.136082440536, 1479.5410211852934, 1474.9955361389004, 1490.1810969046103, 1479.6749119674225, 1504.4949807796663, 1519.8352788042184, 1500.1367446382953, 1513.8981022695639, 1592.9649409494266, 1573.804694773458, 1521.6790254411846, 1486.4016869379554, 1464.5129109064624, 1453.1987694694885, 1421.8269415724233, 1364.875648647774, 1353.2057698212352, 1317.2123900283984, 1299.1786149373022, 1319.4637334280387, 1447.489799334823, 1547.2781473601945, 1558.5950263460313, 1535.5704878172858, 1555.7157981332682, 1536.2784787377084, 1529.0376727199748, 1492.2845285003893, 1507.0314265064105, 1509.8471951198007, 1493.6111274142486, 1513.960662536971, 1626.5183422444522, 1638.579449677248, 1594.4884973691208, 1534.602659667775, 1492.5812336947797, 1482.081881227012, 1375.824070872699, 1333.1278304992156, 1333.544599530735, 1305.950099623074, 1295.1482335671926, 1320.1254641244414, 1456.8543093658966, 1561.884347454754, 1574.0044424407613, 1559.077673063547, 1584.2681756401978, 1596.9996364888575, 1636.5141002748258, 1630.7615549746429, 1644.1443898618954, 1666.9989818332422, 1647.463657583002, 1659.9253243779772, 1730.4580628316055, 1692.589344694013, 1602.8648082613922, 1549.0758053372833, 1508.9400614199212, 1494.7455649394467]]"
TES_LCOE_Charge,0
solar_max,1.3449298012680802e7
flowSalt_charge_peak,0.0
TES_fom_yr,6946.407233364936
FOM_Li,24876.02984112798
FOM_Solar,23344.805050894254
TES_dispatch,0.0
OPEX_TES,0.0
TES_LCOE_FOM_costs,0
runtime,1159.740728855133
soc_t,"[8194.349065764058, 5328.483505193986, 8554.375647706742, 4858.133685627231, 15114.934750001756, 6582.270420220362, 6283.567894221406, 9030.209336294798, 8937.61349878686, 4268.537459534756, 7989.452250487328, 7583.301479477892, 5482.220053385069, 7542.791620797288, 425.0291989108374, 8729.41219064073, 13917.744166168757, 16545.35269612296, 6842.318684858651, 3671.8750244211665, 9157.997020150524, 14907.580006522285, 3441.8041740339927, 8194.349065764058, 3946.158435186126, 7280.397754479949, 4858.133685627231, 14117.596555499582, 4581.20212022503, 5313.658426693489, 7617.758960722196, 7696.508130988202, 2461.835122830648, 6561.964296176459, 7583.301479477892, 5482.220053385069, 7542.791620797288, 166.8299989152446, 8729.41219064073, 13917.744166168757, 16545.35269612296, 4784.567395460107, 1771.9167262692017, 7800.254272465775, 13871.032632686158, 3288.8152483029785, 7499.337316218902, 3946.158435186126, 6042.69847667308, 3240.5332400413563, 13290.230037990052, 4581.20212022503, 4436.16301754202, 6239.6377547122565, 6471.531764556709, 2461.835122830648, 4697.416415834425, 5779.812029054056, 5482.220053385069, 7542.791620797288, 0.0, 6953.496624753305, 12627.939335992636, 15688.992013658262, 4784.567395460107, 1771.9167262692017, 6902.669181984867, 12847.306872408015, 3255.791665499348, 6950.907537587158, 3946.158435186126, 4826.663659427159, 3240.5332400413563, 12398.820910088676, 4581.20212022503, 3574.9331809668547, 4879.508061320868, 5263.230362999909, 2461.835122830648, 3479.9721660039822, 3991.0590868355503, 5482.220053385069, 5655.777155714587, 0.0, 5251.776476385357, 11349.503140288081, 15250.815196792493, 2861.6504901498542, 1771.9167262692017, 6110.116111597758, 11864.548795213203, 2896.541736226588, 5925.30577432565, 2177.554554734372, 3628.1059108821228, 1610.082387372079, 11515.678125210101, 2709.3539824508707, 2745.3328651191855, 3534.0365641180997, 4059.1497019286458, 770.3612382512007, 1643.339748920259, 2232.104858724788, 5482.220053385069, 5050.478234410186, 0.0, 5233.326292552536, 11349.503140288081, 14075.355567945617, 2861.6504901498542, 1771.9167262692017, 4815.378083524717, 10972.665438995666, 2800.3812463945465, 4389.320642063366, 456.76096628012544, 3628.1059108821228, 0.0, 10694.53531420498, 2709.3539824508707, 1929.3651237550325, 2277.333667762519, 3428.784160831738, 770.3612382512007, 897.1477415352513, 2232.104858724788, 5482.220053385069, 3225.527011376431, 0.0, 3510.3348111992177, 10053.244108895045, 13016.856146526783, 2861.6504901498542, 1771.9167262692017, 3443.0283059740786, 9908.38713344731, 2800.3812463945465, 2756.914048277897, 456.76096628012544, 2341.520301429973, 0.0, 9659.311392304813, 2709.3539824508707, 1043.234635743553, 818.1682669991043, 2038.967772157396, 770.3612382512007, 897.1477415352513, 2232.104858724788, 3710.3437370243278, 3225.527011376431, 0.0, 1776.9848933109645, 8665.016007308177, 12711.121687192963, 2861.6504901498542, 1771.9167262692017, 1897.050936479029, 8697.85107704478, 2800.3812463945465, 1200.1265549069205, 456.76096628012544, 967.4241491637189, 0.0, 8645.500204634056, 866.8476633512153, 0.0, 818.1682669991043, 547.5400482227013, 0.0, 897.1477415352513, 537.6318773081141, 3710.3437370243278, 1551.3032014378534, 0.0, 173.389158855942, 7166.392002830467, 12431.891342372275, 1044.5851565546193, 0.0, 241.5135404379694, 7128.7781220988445, 2800.3812463945465, 1118.9511122377546, 0.0, 159.17399852366657, 0.0, 7923.626278310603, 0.0, 143.87314644098888, 0.0, 0.0, 0.0, 0.0, 0.0, 2361.3149708222318, 902.3144600955001, 0.0, 0.0, 7166.392002830467, 12670.063929997175, 133.998182537013, 0.0, 0.0, 6785.885749538167, 2800.3812463945465, 2143.6053317613623, 849.5808620247135, 1311.0412414773327, 922.6425438101932, 7768.273693180412, 676.4200815214617, 1855.948737700955, 994.6919882506453, 1141.4181824646923, 1173.4069224162495, 231.01011730269843, 884.0336453342647, 2371.283063409237, 1699.4019504000996, 0.0, 1392.7829973402247, 7166.392002830467, 12670.063929997175, 816.9591578636525, 0.0, 0.0, 6785.885749538167, 2818.1048043415403, 4888.462949044225, 2625.7719939890035, 3715.0411207622656, 3136.247325564179, 7781.009029596671, 2460.960947566182, 4606.832126690238, 994.6919882506453, 1141.4181824646923, 1297.690656529074, 1373.0946975863972, 3176.437113491935, 2710.09377596448, 3720.350191304496, 2293.8017828627017, 3956.1261951154947, 7166.392002830467, 14336.688474233204, 2371.9492737493247, 487.8873543612345, 2543.4143459806714, 7929.191308723017, 3060.526695716843, 7639.346338033505, 5253.737138965113, 4239.839025440942, 5887.13071455346, 8091.1825578342805, 5211.844336555462, 7357.715515679518, 3745.5753772399257, 3892.301571453973, 4048.574045518354, 4123.9780865756775, 5927.320502481216, 2710.09377596448, 6366.558217201036, 5044.685171851982, 4302.763760069791, 6628.412889667609, 15364.14820113978, 5122.832662738605, 2042.712755108646, 2543.4143459806714, 9353.236123812827, 4029.575210253463, 10390.229727022786, 8004.620527954394, 6530.942979850745, 6946.86813207733, 9611.983655842481, 7962.7277255447425, 10108.5989046688, 6496.458766229207, 6643.184960443254, 6799.457434507634, 6874.861475564958, 6741.943565243162, 4490.598661096991, 9117.441606190316, 6770.07724028746, 7053.647149059071, 6628.412889667609, 16947.708525242335, 7873.716051727885, 4793.596144097926, 5294.297734969951, 9817.529917747628, 4031.1263606354373, 13141.113116012066, 10755.503916943673, 8376.086437227952, 9697.751521066612, 12362.86704483176, 10713.611114534024, 12859.482293658077, 9247.342155218486, 9394.068349432533, 9550.340823496916, 9625.744864554237, 9492.826954232441, 5921.013140781647, 11868.324995179597, 6259.038334618391, 9800.64701307576, 6628.412889667609, 16947.708525242335, 10624.599440717166, 7544.479533087207, 8045.181123959232, 12348.054207872032, 5279.255180003613, 15420.394691124655, 13506.387305932953, 11126.969826217233, 12448.634910055891, 14769.799502544194, 13464.494503523303, 14047.211759937343, 11998.225544207768, 12144.951738421814, 11414.901268167003, 12376.628253543518, 12243.710343221723, 7253.782919285335, 13979.51233994784, 6259.038334618391, 12551.53040206504, 6328.048675561029, 16958.937430516497, 13375.482829706447, 10295.362922076487, 10796.064512948513, 13630.85802892384, 6305.933863568038, 16591.268351036982, 16257.270694922234, 13877.853215206513, 15199.518299045172, 17027.520624064615, 16077.086118870995, 14500.553520848527, 13986.058960617216, 14679.385429125814, 14165.784657156284, 15011.78101748245, 14994.593732211004, 7147.054717495272, 16096.897229695169, 7566.954254044018, 15302.413791054321, 6328.048675561029, 16981.249679179375, 15719.06187426342, 12890.704078787978, 13546.947901937794, 16381.74141791312, 8281.136667156967, 17276.588319510698, 17177.037748795, 16262.030930153314, 16770.023660766958, 17150.50183079013, 17276.588319510698, 15542.158251552859, 16334.70218553052, 15995.123849334946, 16425.014336963653, 16640.32554084566, 16689.30850376562, 7478.586306823714, 17241.635289801816, 8314.614303730923, 16905.76772035076, 7363.402852233458, 17276.588319510698, 16980.800989582844, 14537.696704987677, 16297.831290927073, 17005.4497474701, 10109.715378261693, 17276.588319510698, 17276.588319510698, 17276.588319510698, 17276.588319510698, 17150.50183079013, 17276.588319510698, 15661.013177645184, 17276.588319510698, 17276.588319510698, 17276.588319510698, 16845.550406505296, 17276.588319510698, 7478.586306823714, 17276.588319510698, 8314.614303730923, 17276.588319510698, 7363.402852233458, 16243.950573837852, 17276.588319510698, 14675.328403192745, 17276.588319510698, 17276.588319510698, 10122.1010304964, 17275.034503266947, 17276.588319510698, 17276.588319510698, 16272.382811991953, 15689.637643467096, 16029.919322312782, 14344.595018611704, 16374.587420318265, 16882.388211285164, 17276.588319510698, 16845.550406505296, 17276.588319510698, 7478.586306823714, 16378.049190777616, 7984.498386647398, 17276.588319510698, 6297.773880219655, 15028.262078747586, 17276.588319510698, 14675.328403192745, 16863.765107708627, 17276.588319510698, 8447.098086165377, 17276.588319510698, 15080.938214765121, 15692.09864062805, 14196.432929063956, 14155.212739225713, 13701.22357150451, 12633.978910554619, 14582.560821930618, 15275.044931110584, 15337.396558232262, 14681.10227966545, 17276.588319510698, 7478.586306823714, 16378.049190777616, 7984.498386647398, 15083.668421436816, 4694.2904260073, 13486.634326254234, 15051.145438391253, 12628.301545366516, 15208.586795509716, 15996.519192232463, 6744.083719360569, 17276.588319510698, 15080.938214765121, 14166.918508251048, 14196.432929063956, 12407.963846177829, 11444.459220284776, 10678.057739514428, 12904.943699630938, 13753.593493570941, 13219.661453363791, 12120.478311800742, 15225.521438838512, 7478.586306823714, 13995.339192346804, 6240.397303647606, 12766.462838851852, 4694.2904260073, 11870.177770517617, 12662.441572352533, 10468.448245720805, 13535.213027480242, 15996.519192232463, 5146.472705679729, 16948.878634420773, 15080.938214765121, 12722.482765371406, 12046.17555901234, 10881.481819084585, 9214.390751152572, 8703.740163830322, 11314.074898634552, 12303.27603692175, 11127.52231660143, 9583.941334626234, 13224.885232186065, 5311.386777825472, 11640.900480262355, 4634.835171874724, 10543.620520203815, 3209.2461207381893, 10444.507123152589, 10354.420140982518, 10468.448245720805, 11928.37405890649, 15630.567553751103, 4145.167027793906, 16041.477845462043, 13053.43735530773, 11321.201397195162, 12046.17555901234, 9547.098957297507, 9214.390751152572, 7102.367348869439, 9763.211404439095, 10933.602132861579, 10821.815259105551, 7179.853046328786, 11268.672459182482, 5311.386777825472, 9347.18454585203, 3075.3475941679208, 10543.620520203815, 1763.0637903861323, 9269.628130580328, 8188.191123229333, 10468.448245720805, 10380.137706090685, 15174.066524972875, 2785.6251109141567, 15039.824857587666, 13053.43735530773, 9970.952227390871, 12046.17555901234, 8361.411931687951, 7287.858721153899, 6235.956344019335, 9377.017728291576, 9626.537788717182, 8908.309883485803, 4895.755665873082, 9369.191308878238, 5311.386777825472, 7147.891086096876, 1502.6646263038256, 9751.530453046416, 1763.0637903861323, 8085.927332176046, 6114.712513788117, 8405.11472851119, 8889.301467230764, 15084.239902851145, 1953.6942601730216, 14095.991095398182, 12039.939349935958, 8607.6780208373, 10148.24984484332, 7917.164807550432, 7287.858721153899, 5650.3980902685435, 7980.241137125235, 8621.651333837854, 6950.184254090896, 2830.5162291155307, 7598.699963838606, 5311.386777825472, 7147.891086096876, 1502.6646263038256, 9751.530453046416, 1763.0637903861323, 7083.35859595655, 4319.986842611403, 8405.11472851119, 7514.895945524421, 15084.239902851145, 483.4498014758548, 13479.378105653657, 10133.762570456094, 8549.929621540485, 9026.264075357874, 7549.360371674269, 5381.829248229199, 5266.4637457308045, 6557.0503078514885, 8621.651333837854, 5078.86267969861, 2830.5162291155307, 5889.343895312716, 5311.386777825472, 7147.891086096876, 1502.6646263038256, 8027.78359913806, 1763.0637903861323, 6143.469839882082, 2576.260446910614, 6460.360128875353, 6220.129548777535, 15084.239902851145, 0.0, 12886.38844485969, 9117.258743408887, 7202.471356141824, 7285.5358621571995, 6949.7071614265815, 5381.829248229199, 5107.974032763515, 6557.0503078514885, 7263.645579681177, 5078.86267969861, 2830.5162291155307, 4195.1133930721635, 3782.3145127324174, 7147.891086096876, 1502.6646263038256, 8027.78359913806, 1763.0637903861323, 5136.446963541234, 1981.3138977530302, 4604.208976032917, 6003.588859881068, 14911.768488266209, 0.0, 12350.903927871199, 8522.13155746993, 5871.7726023084415, 5584.9992605289945, 6257.697276389499, 5381.829248229199, 4597.279228286823, 5182.107901740751, 5924.006554344709, 3317.6063753843687, 2830.5162291155307, 2495.820714424723, 3782.3145127324174, 5299.935125002513, 1502.6646263038256, 6398.312454765336, 1763.0637903861323, 4163.7065257378945, 1981.3138977530302, 2813.617053745069, 4801.0964095030595, 13216.888767602575, 0.0, 11719.253385047808, 7781.44087468691, 4555.782928603712, 3908.625260934588, 6018.302843915439, 3565.5058653058054, 3588.581079338381, 5182.107901740751, 4589.265758810182, 3317.6063753843687, 1748.9293388698147, 2134.4464970199256, 3782.3145127324174, 3495.4445591961316, 1502.6646263038256, 4808.162529683698, 1763.0637903861323, 3152.2413101224774, 1981.3138977530302, 1953.5236797115404, 3598.2297350372023, 11562.386507480902, 0.0, 10743.662072094881, 7080.033659515355, 4555.782928603712, 2256.7379777735678, 5602.69236031912, 1771.094353867271, 2341.1390673033475, 3798.6599418076357, 3185.73748138873, 3317.6063753843687, 1748.9293388698147, 2134.4464970199256, 3782.3145127324174, 3495.4445591961316, 1502.6646263038256, 3195.189134233271, 1545.3281466462984, 2138.2140173850967, 271.78191858582744, 1953.5236797115404, 2979.1454079772802, 10753.85873681079, 0.0, 9673.13702376788, 5286.622026990865, 3128.2513145352737, 2256.7379777735678, 5061.007268737056, 1771.094353867271, 1023.5965717598868, 2327.699245509869, 1649.0963158866798, 1643.1672132805131, 0.0, 415.3837702848933, 2024.7545292768289, 1664.4589085553212, 1502.6646263038256, 1548.104428232945, 1545.3281466462984, 1110.665623151822, 271.78191858582744, 1953.5236797115404, 1529.1061091063386, 9036.759516107493, 0.0, 8788.50902100823, 3620.005137556275, 3128.2513145352737, 605.9676661415194, 4575.350473576539, 0.0, 57.88130996671788, 752.0831797534964, 0.0, 0.0, 0.0, 415.3837702848933, 2024.7545292768289, 1664.4589085553212, 31.40764488212566, 57.662201573248105, 0.0, 241.0004206087555, 271.78191858582744, 404.1447047552498, 0.0, 7449.036617398515, 0.0, 8683.733764136048, 2540.4744554490608, 3128.2513145352737, 0.0, 4575.350473576539, 0.0, 0.0, 0.0, 0.0, 0.0, 0.0, 0.0, 1185.3714861077801, 1664.4589085553212, 31.40764488212566, 0.0, 0.0, 0.0, 271.78191858582744, 0.0, 0.0, 6586.0049054649635, 0.0, 8937.07253341862, 2756.9651294397318, 4103.116966665684, 900.5368293960472, 6141.951913101753, 803.1328188817059, 628.4689503872262, 1017.8054722336656, 999.9966164543978, 1105.3697806917617, 665.7834092172949, 1083.1083523239838, 1210.3584048079706, 2387.39100942333, 1692.9133279512237, 1553.8715524050256, 0.0, 1233.9315395281612, 1139.2601232458585, 1059.8115459800367, 1185.929838826626, 7184.298512266855, 1074.896527637782, 9684.211716974254, 4919.542283073112, 6460.7393053860005, 3054.1928976984905, 8269.620677618943, 2845.182195958074, 3379.3523393765067, 3499.464545150133, 3472.886433365524, 3537.844989491559, 2606.1737636469434, 3175.7273030869983, 2120.578340642857, 4367.439561683294, 3466.0136102458605, 4304.754941394306, 281.1861242064405, 3494.986959449321, 3267.365899321993, 3354.19511254448, 3859.1514444423815, 8660.510578431715, 2639.21939523015, 11205.121475986116, 7183.793700326014, 9211.62269437528, 5805.07628668777, 9119.55701191368, 5596.065584947355, 6130.2357283657875, 3859.223503968238, 6223.769822354805, 6288.72837848084, 5357.057152636224, 3695.982469159536, 3304.959428694657, 7118.322950672575, 6216.89699923514, 7055.638330383586, 2149.2843137957097, 5274.560326186573, 6018.249288311273, 6105.078501533761, 5120.271572932098, 11411.393967420996, 4211.124991188497, 12938.38298556672, 9934.677089315293, 11962.50608336456, 8555.959675677052, 11405.826346362956, 8346.948973936635, 8881.119117355065, 6610.1068929575185, 8974.653211344086, 9039.61176747012, 8107.940541625504, 6446.865858148816, 6055.842817683938, 9869.206339661854, 8967.78038822442, 8846.636716291594, 4900.16770278499, 6516.618409546327, 8769.132677300553, 8019.816432841779, 7871.154961921378, 14162.277356410275, 6030.308478977064, 15530.650156005413, 11742.554208521968, 12719.885064152346, 11306.843064666331, 14156.709735352235, 11097.832362925916, 11632.002506344345, 9360.990281946799, 10226.40791771904, 11790.4951564594, 10858.823930614786, 9197.749247138097, 8806.726206673218, 12620.089728651135, 11718.663777213702, 11597.520105280875, 7651.05109177427, 8922.130899320595, 11520.016066289834, 10770.699821831058, 10622.03835091066, 15836.631608122081, 6157.619941590592, 15879.325940482708, 13114.569920851218, 13592.134413632171, 14057.726453655612, 15993.775261898347, 12342.748259369548, 14171.30438733597, 12111.87367093608, 12977.29130670832, 11846.152689439099, 13609.707319604066, 11948.632636127377, 11557.609595662498, 14056.352077964035, 14469.547166202981, 14348.403494270156, 10074.864142168919, 10722.815181401173, 14270.899455279114, 13521.58321082034, 13372.921739899939, 16659.03665271273, 6923.33748740355, 15359.132867423756, 14879.758350113507, 14282.047594096004, 14862.979102253132, 16717.25632051418, 15093.631648358827, 14147.705551484389, 14862.75705992536, 15728.1746956976, 14597.03607842838, 15043.64811148652, 14699.516025116658, 13311.388337845334, 15812.408898116506, 16755.06555652873, 17099.286883259436, 11734.284943284556, 11629.197500282717, 16516.293212803543, 16272.46659980962, 16123.80512888922, 17041.159886023983, 7366.989536963874, 15032.277266118204, 16760.35940128233, 16502.4500140075, 16745.40595831053, 16152.886420152647, 16859.912391313763, 16476.31434422865, 17276.588319510698, 17250.39952486891, 16703.09227533383, 16673.21075429096, 16616.50477534128, 14792.594994534744, 17190.585478585897, 17276.588319510698, 17099.286883259436, 11971.316828570914, 12206.21767362237, 16964.58589719512, 17276.588319510698, 17276.588319510698, 17276.588319510698, 7576.109142764952, 14055.689451423894, 17276.588319510698, 17157.2187895321, 17276.588319510698, 15057.926471139093, 17276.588319510698, 17276.588319510698, 17276.588319510698, 17276.588319510698, 17276.588319510698, 16718.089073032752, 17276.588319510698, 14792.594994534744, 17276.588319510698, 16947.431572003512, 17276.588319510698, 12223.776570854025, 12614.935946690317, 17276.588319510698, 17276.588319510698, 17276.588319510698, 17276.588319510698, 7288.605425358458, 12671.372230325866, 17276.588319510698, 16014.753096178561, 16273.669441146685, 13752.911486729989, 16166.95216962001, 16624.583433579817, 16387.46846064099, 16300.152429150907, 16232.310479542237, 15440.593257676726, 17276.588319510698, 13152.946769054633, 15865.242335451896, 15914.6204947467, 15768.00980908011, 11181.483088271316, 12531.807349424778, 17276.588319510698, 17276.588319510698, 15909.97837431686, 17276.588319510698, 6480.424011447139, 11259.54630685307, 17276.588319510698, 14229.632202753728, 16273.669441146685, 11981.365999570347, 13962.73977300449, 15443.998585333598, 14594.063646399727, 14529.013530762179, 15792.6240284973, 13063.639710685198, 17276.588319510698, 10914.681816932345, 13577.79030799374, 14534.356474187241, 13629.33411995462, 9415.630714814435, 12065.653092260645, 16018.329729885641, 17276.588319510698, 14181.348256482028, 15096.254045654832, 5676.004023993378, 9901.79959141019, 17276.588319510698, 12572.500998025167, 14068.379849443547, 10687.837500638178, 11639.003832785113, 14860.313922592048, 12836.466781564339, 12851.068273885587, 15792.6240284973, 10650.457244068735, 15014.737923644023, 8493.607561253992, 11278.312995994846, 12837.18954316856, 11362.330878744915, 7780.818121867551, 11479.84100669158, 13429.664259307636, 15017.020223492002, 12507.905101426626, 12728.370360491292, 5124.119622835775, 8494.692401575756, 17276.588319510698, 11001.098743985936, 11873.98881772408, 9445.172238630268, 9339.265799704364, 14375.31876607213, 11133.884562238913, 11246.847342457007, 13783.068136878845, 8264.066301955992, 15014.737923644023, 6171.377902052835, 9036.119947913992, 11235.889101142195, 9152.622977313968, 7780.818121867551, 10640.409300368288, 10869.811526176634, 12809.811981021847, 10915.650591165784, 10430.795821867912, 4896.569751259121, 7496.168576640884, 17276.588319510698, 9472.576492644059, 9774.93053870136, 8323.706990031644, 7128.349521161617, 13190.314917929645, 9453.96990312422, 9723.076545389587, 11829.77676973351, 5970.820366047763, 15014.737923644023, 3980.759152106267, 9036.119947913992, 9894.29714843977, 7032.698413225594, 6255.470401624016, 9514.283310568104, 8440.758895740839, 10662.788340670018, 9380.89967119135, 8232.485107041739, 4378.127965308794, 6837.466198757501, 17276.588319510698, 8006.442593614513, 9774.93053870136, 7267.744950851756, 7128.349521161617, 11997.933267711336, 7832.892858046575, 8267.781054799707, 11829.77676973351, 3745.834585243204, 15014.737923644023, 3980.759152106267, 9036.119947913992, 9329.359894182373, 5827.792946887586, 5764.285826499384, 8395.490130595303, 6165.116968937044, 8553.069404341702, 7941.836776108043, 7216.989397948957, 2803.2523157460187, 6837.466198757501, 15274.443991942444, 7706.949499054812, 7678.57916679287, 6454.606634829507, 5274.547315987953, 10669.01472199265, 6302.659037046146, 6854.1089791110035, 9826.630840741547, 3745.834585243204, 15014.737923644023, 1879.6098978410298, 7195.324856973033, 8272.034745115907, 5827.792946887586, 5764.285826499384, 7275.657440689102, 3939.441502012208, 6650.511505037039, 6578.282531949266, 7086.7008491844745, 2170.684522366813, 6363.857168278298, 13351.91663560839, 6286.919133419463, 7678.57916679287, 5708.237241587045, 5274.547315987953, 9416.119365748236, 6001.017536947768, 5610.431438786787, 7909.006125401121, 1729.119060236196, 15014.737923644023, 1879.6098978410298, 7195.324856973033, 7236.308091325337, 5827.792946887586, 4446.674195602448, 6172.330524682274, 1854.3016396154133, 6650.511505037039, 5292.69501556506, 6597.472154209086, 2020.7469808013564, 5385.392692292986, 11464.135813410425, 4899.761164540429, 5810.823398988609, 4785.857414385801, 5274.547315987953, 8410.634716819934, 4658.124983292411, 4400.5017831593605, 6029.030972591194, 0.0, 15014.737923644023, 1879.6098978410298, 5712.887609134905, 6528.852005125022, 3994.01514839619, 4446.674195602448, 4897.567209252179, 1854.3016396154133, 4875.5957758092245, 4056.616007855279, 4663.131337468419, 2020.7469808013564, 4418.761471318977, 11314.371101488136, 3529.464881902172, 4321.286167932892, 3958.512592649029, 3573.854277634027, 7570.936248754159, 3369.867739508866, 3261.6815908436465, 6029.030972591194, 0.0, 13061.455489045424, 1879.6098978410298, 3987.508929350329, 6528.852005125022, 3994.01514839619, 4446.674195602448, 3589.8159434083364, 1854.3016396154133, 4875.5957758092245, 2857.9691209120124, 3978.309761674137, 2020.7469808013564, 3535.825183027696, 9460.571229952153, 2176.033151456002, 4321.286167932892, 3208.0591486432036, 1889.428429054435, 6516.852008101436, 3369.867739508866, 2173.369453655756, 6029.030972591194, 0.0, 13061.455489045424, 1879.6098978410298, 3987.508929350329, 6642.089876275933, 2268.310913383734, 3190.7789650487316, 2204.561375730329, 0.0, 4875.5957758092245, 2857.9691209120124, 2150.892288961625, 866.8327271415837, 2594.5125470026233, 7622.282955359337, 2176.033151456002, 2529.3647661504206, 2537.7323457855327, 221.41086151017748, 5365.187587529162, 2156.718441895908, 1013.8178100691815, 4207.363145065939, 0.0, 13061.455489045424, 1879.6098978410298, 3987.508929350329, 6458.428821105517, 518.4501037805336, 1912.4948910208548, 1083.2094642724192, 0.0, 4875.5957758092245, 1608.1076082772083, 1903.9587910355067, 866.8327271415837, 1564.7380795193128, 5741.289079858866, 710.0118904021338, 690.8721137550573, 1669.8365051753938, 0.0, 3861.094746542451, 781.107881798355, 0.0, 2344.032251447462, 0.0, 11082.078234006538, 0.0, 2248.0460787437287, 6451.791796031506, 518.4501037805336, 548.9515899471146, 76.2250385048023, 0.0, 4875.5957758092245, 1608.1076082772083, 0.0, 866.8327271415837, 600.9273065667998, 3966.3579670745644, 710.0118904021338, 690.8721137550573, 693.6262428203819, 0.0, 2643.309977181695, 781.107881798355, 0.0, 563.9848666762546, 0.0, 9142.449608616858, 0.0, 622.7939404173522, 7196.830537348391, 518.4501037805336, 548.9515899471146, 0.0, 0.0, 4875.5957758092245, 0.0, 0.0, 866.8327271415837, 732.1117928920174, 3039.451164651524, 0.0, 690.8721137550573, 920.4507580030813, 0.0, 2026.9939433656868, 0.0, 0.0, 0.0, 0.0, 9142.449608616858, 0.0, 0.0, 7196.830537348391, 0.0, 0.0, 0.0, 0.0, 3834.5557967147033, 0.0, 0.0, 0.0, 0.0, 3870.357148604181, 963.4610965247857, 1405.189403679919, 2646.2536843781895, 854.2500838308508, 2440.0058554047664, 953.2115835224699, 1047.0558230681452, 950.8829116204362, 611.4243165671354, 9994.474529743818, 781.0360760080163, 932.4805911705974, 7196.830537348391, 1187.914847729588, 1101.4999739803218, 1288.925149778311, 126.39782660892104, 4416.252866564114, 0.0, 931.0736914361041, 131.41759264183455, 1884.630168287724, 5404.274343369692, 3340.5242596064295, 3299.4829387001646, 5269.971845963251, 2977.8432805623966, 2321.6766446419374, 3388.263569638292, 3551.9075723301253, 1082.6624993777623, 2564.821966744397, 11940.776582652517, 2687.4065217027073, 2817.271081255321, 8671.853696928036, 3769.5261113084075, 3597.1502927594947, 3907.128579823106, 1256.5323533173228, 5135.35898610035, 2587.441209303931, 3377.771930978476, 646.4629117912216, 4141.067798578821, 8155.157732358973, 6091.40764859571, 4845.459669724524, 8020.855234952532, 5728.726669551677, 5072.560033631217, 6139.1469586275725, 6302.790961319406, 3833.5458883670426, 5315.705355733678, 14259.968048063847, 5019.933766858933, 4808.858814983172, 11093.992542246184, 6520.409500297688, 6348.033681748775, 5934.538122867918, 2917.9176560351143, 7886.2423750896305, 5338.324598293211, 5807.14720005044, 1729.5171825935565, 6891.951187568101, 9023.938152542856, 8842.291037584991, 7596.343058713805, 10771.738623941812, 7097.228169131271, 7823.443422620498, 8890.030347616854, 9053.674350308687, 6584.429277356323, 8066.588744722958, 14803.9284906214, 7770.817155848214, 7559.742203972453, 11093.992542246184, 9271.29288928697, 9098.917070738054, 8685.421511857197, 5011.220080877684, 9740.103296677697, 7720.675449238366, 6923.377383461692, 3999.6598332339904, 8837.659262380448, 11774.821541532137, 11460.878767381018, 10347.226447703086, 13522.622012931091, 9477.745375349828, 10574.326811609779, 11640.913736606133, 9053.674350308687, 9335.312666345604, 9940.93977285205, 15221.494929124507, 10232.604493907398, 10310.625592961733, 11093.992542246184, 12022.176278276249, 11849.800459727336, 11436.304900846479, 5947.81031363878, 10350.522775723637, 7720.675449238366, 9674.260772450973, 6750.54322222327, 11451.034714332636, 14525.704930521417, 14211.7621563703, 13098.109836692365, 14529.426363952656, 12228.628764339108, 13104.883179152062, 14366.892384146067, 11804.557739297967, 12086.196055334884, 10945.60852733385, 15221.494929124507, 12126.908078574012, 13061.508981951014, 12554.11278836149, 12406.008122317533, 13656.523177518102, 14187.18828983576, 8698.693702628061, 11521.494284948201, 10471.558838227647, 12425.144161440254, 9501.426611212552, 14004.15128639291, 17276.588319510698, 14211.7621563703, 15688.80266887663, 15212.885864900873, 14949.80607093838, 15855.766568141344, 14366.892384146067, 13644.445088405995, 14837.079444324165, 13631.525969475972, 15389.00059582914, 14123.311180717192, 15710.237199896166, 13137.597068181012, 15156.891511306812, 16407.406566507383, 16766.09381619133, 10849.599644231637, 14272.377673937483, 13222.442227216927, 15176.027550429533, 10688.645548793973, 14815.759809540677, 17276.588319510698, 16459.475385556354, 17186.53860697501, 15098.070341964893, 16794.053111014346, 17276.588319510698, 16703.989770495955, 16181.72641040772, 16759.11015486215, 13631.525969475972, 14879.673461917555, 14788.299258820529, 17276.588319510698, 13903.32183054344, 17026.984773241165, 16407.406566507383, 17202.537012249795, 11382.238345783288, 15386.329783062549, 15973.325616206208, 16996.130440748086, 11213.122334344629, 14621.876818790439, 17276.588319510698, 17276.588319510698, 17276.588319510698, 15558.594373640013, 17276.588319510698, 16152.344631245662, 17276.588319510698, 17276.588319510698, 17276.588319510698, 13889.754646733596, 13766.593307620886, 14844.215343049334, 17276.588319510698, 13920.203717603123, 17276.588319510698, 17276.588319510698, 17276.588319510698, 11382.238345783288, 14876.19251503322, 17276.588319510698, 17276.588319510698, 10985.854590873605, 13159.691118448043, 16039.70587588079, 17276.588319510698, 15845.100370298283, 14793.598775982811, 16211.832249789142, 14257.648714205126, 17276.588319510698, 16615.593166580074, 15657.422140986693, 13889.754646733596, 11570.828384016491, 13388.611588985317, 17276.588319510698, 12932.643882768587, 15699.37514158359, 16398.731280210777, 17276.588319510698, 9592.62810246009, 13637.142492548368, 17276.588319510698, 17276.588319510698, 9543.197277740897, 11162.575636273266, 13826.606480431756, 15484.8401621769, 13453.602048154087, 13754.3370105437, 14077.528928650596, 12310.578691860039, 15488.168273137648, 14764.816075367888, 13467.974782021232, 11536.107307026039, 9828.034372134729, 11030.246004497216, 17276.588319510698, 12566.798383048343, 13286.12231008491, 14737.81265071603, 15406.813829445486, 7046.84871518827, 11609.651401826917, 15579.980393622867, 14679.470065756701, 8033.472729355061, 9677.797265893543, 11281.730313871038, 13816.19219257249, 10686.963405719975, 12691.76589604249, 11699.63287758774, 11634.788419805063, 13676.41690964894, 12992.560474938437, 10979.673598958932, 9113.726991311485, 7621.490374322308, 8456.2680620088, 14757.325648312086, 13381.672540725507, 11029.165402316838, 13150.374502498425, 15406.813829445486, 4955.367062744565, 9595.832768740667, 13879.81752268578, 12149.81947997276, 6587.163080299044, 8447.40184829431, 8778.663933433418, 12223.189698357928, 7991.259380065186, 11699.402011410752, 9356.072544654246, 11993.941058404806, 11953.206848328502, 11336.202453335145, 8612.397458252395, 8127.632164111488, 5665.0310952729, 5898.242982965375, 12267.088680334226, 12968.189005740198, 8785.03798123464, 12134.760878015442, 13416.56610302507, 4756.388547546669, 9385.89642003357, 12612.010092816356, 11826.450046019327, 5194.952135577186, 7538.122330609041, 6353.321884952532, 10661.163231517434, 5456.825646679417, 10421.113802699749, 7143.836319243791, 12622.550574505689, 10254.174201224161, 9791.592165098713, 6345.01616283746, 5836.833435834711, 4748.399753578406, 3369.436446276853, 9849.278130081328, 12174.905068809234, 6561.219748233231, 11557.292322496662, 11489.548335974596, 4756.388547546669, 9385.89642003357, 11085.187604872195, 9347.169864707957, 3851.158138784746, 6676.07720639008, 4060.8176515626246, 9158.681103221592, 3038.7661075284996, 9223.19164819066, 7143.836319243791, 13175.985620962529, 8616.316684028767, 8271.138517686506, 6030.936277343653, 3590.4847510782124, 4168.072739684513, 872.574598342112, 7566.612098631246, 11017.741996022096, 4374.86593997061, 10154.054851321978, 11104.854986900673, 4756.388547546669, 8846.213993105463, 9656.70431089788, 6938.580193790472, 3321.9083869814817, 5826.489692096869, 2101.5284523062664, 7850.906170654078, 3038.7661075284996, 8082.128437574954, 5216.039930565097, 13301.64810643463, 8616.316684028767, 6865.165578275154, 4097.0661637119165, 3590.4847510782124, 2231.3916145490375, 872.574598342112, 5346.178363414671, 9618.816778504892, 4374.86593997061, 8818.563588061694, 9382.072756405742, 2489.2908246956717, 6935.762477559852, 8114.62520347343, 4488.3331315574105, 1934.9792807704446, 5215.38752971753, 2101.5284523062664, 6326.442027518538, 3038.7661075284996, 7011.609499960667, 5216.039930565097, 12789.630809673936, 7291.938087687967, 5631.264466710715, 4097.0661637119165, 3590.4847510782124, 1021.9256204046126, 872.574598342112, 5346.178363414671, 8623.553774426766, 2310.2710784181463, 7448.669689313019, 9117.18246094756, 301.1808971864479, 6779.030317063931, 6643.598649494425, 4267.806635586266, 1934.9792807704446, 4610.203842172957, 2101.5284523062664, 4839.035027215463, 1844.369061184185, 6051.282314843366, 3463.5226084472147, 11913.689318716279, 6000.456026907017, 4427.436667514468, 4097.0661637119165, 1772.4271482859092, 436.97652084034934, 872.574598342112, 5346.178363414671, 7070.695412483433, 2310.2710784181463, 6161.8028407162565, 7511.985675449887, 301.1808971864479, 4985.210314726604, 5217.788394665554, 3556.043169262607, 1934.9792807704446, 3743.769048860779, 2101.5284523062664, 4710.5248067208095, 0.0, 5176.275369380363, 3463.5226084472147, 10886.2562627489, 4724.627761318232, 3296.2435337798925, 4097.0661637119165, 1772.4271482859092, 436.97652084034934, 872.574598342112, 3466.2177704020087, 5557.335469605585, 2310.2710784181463, 4836.562510978358, 6974.264008554483, 301.1808971864479, 4985.210314726604, 3797.7504504084186, 2244.6248574172364, 1934.9792807704446, 2892.03024531476, 2101.5284523062664, 4710.5248067208095, 0.0, 4396.114825369365, 3463.5226084472147, 9809.29331046062, 3462.4251273879236, 2219.022757778786, 2311.799434326263, 0.0, 0.0, 872.574598342112, 3466.2177704020087, 4223.240450496046, 2310.2710784181463, 3524.0733095662654, 5458.703792745961, 301.1808971864479, 4985.210314726604, 2389.749622061428, 933.6607290700359, 1934.9792807704446, 2189.8420372946307, 2101.5284523062664, 3235.557887270038, 0.0, 3423.3455233488758, 3403.8551314630586, 8812.693977488698, 2159.9713055914845, 1073.9171638348118, 522.0071741981941, 0.0, 0.0, 872.574598342112, 1836.930199428071, 2713.3892261333685, 1832.3461194697416, 3524.0733095662654, 3943.047364574537, 301.1808971864479, 3260.840470017383, 2389.749622061428, 535.7196903616972, 617.8805403108777, 1442.7478055829417, 2101.5284523062664, 1671.4942503321888, 0.0, 2296.246985965797, 1692.0546380056835, 7796.415508661744, 741.9843707501185, 867.7679769918456, 522.0071741981941, 0.0, 0.0, 0.0, 0.0, 1196.0112271725889, 0.0, 2105.8471000167897, 3114.624422287109, 16.13435033406206, 1544.4583019181018, 738.1025784568228, 0.0, 617.8805403108777, 379.9520873200021, 417.64180964465197, 0.0, 0.0, 1516.365590676247, 0.0, 6864.755638163173, 741.9843707501185, 0.0, 522.0071741981941, 0.0, 0.0, 0.0, 0.0, 0.0, 0.0, 595.8081417531102, 1650.938552696303, 0.0, 0.0, 738.1025784568228, 0.0, 617.8805403108777, 0.0, 0.0, 0.0, 0.0, 1539.3499045824417, 0.0, 6660.874421466222, 0.0, 0.0, 0.0, 0.0, 0.0, 0.0, 0.0, 0.0, 0.0, 0.0, 1269.8489279755838, 0.0, 0.0, 0.0, 0.0, 0.0, 338.1766063990667, 1145.704641976123, 743.6918177097159, 695.2718686787409, 2866.19574859442, 893.0301496758535, 6660.837134966591, 998.2814443806113, 325.28976632710857, 1025.4648746255534, 462.72228320014244, 394.2617890450938, 1006.8425174585452, 736.7242854108547, 0.0, 1437.9749292302906, 1115.5581850292344, 1041.8720038276156, 879.5101765739028, 769.7951177084614, 622.5004291311169, 443.62368885380863, 496.9100288550712, 2357.416939597629, 3450.6863429293912, 3029.9517523989252, 1901.972728593421, 5473.674069674898, 3074.977116122555, 6730.1357882310695, 3460.763540316958, 2831.7794989871054, 3370.150739327168, 857.3944166377341, 2330.237396695385, 2950.6772394979785, 2669.65914021958, 1265.1211265762254, 4181.508150567349, 3635.532579835315, 1041.8720038276156, 2658.1822900964266, 3030.2703799793667, 3089.8763560227867, 1533.005885019404, 2673.867110398626, 4869.002440768877, 5178.241378202356, 3275.4794999293354, 4652.856117582702, 8224.557458664176, 5825.860505111836, 8821.911613656619, 6211.646929306238, 5582.662887976386, 6121.034128316449, 3608.2778056270145, 5081.120785684666, 5680.762357146101, 5420.54252920886, 2482.234652618254, 6932.391539556629, 6386.415968824595, 3675.970767624818, 4374.205420970299, 5139.713780225794, 5840.7597450120675, 3187.9664850262307, 5424.7504993879065, 7619.885829758157, 7526.586169828016, 6026.362888918616, 7403.739506571982, 8275.226352422396, 8576.743894101117, 11528.50058509294, 7950.2321188038195, 8333.546276965666, 8871.91751730573, 6359.161194616296, 7832.004174673946, 8431.64574613538, 8171.425918198141, 2685.222420079978, 9683.27492854591, 9137.299357813878, 6426.854156614098, 7125.0888099595795, 7890.597169215074, 6111.122523398832, 5938.849874015511, 7293.206740117703, 10370.769218747437, 10277.469558817296, 8777.246277907896, 10154.622895561262, 9749.26978998501, 11327.627283090396, 14279.38397408222, 10701.1155077931, 8333.546276965666, 9505.16991468405, 9036.6168670131, 10582.887563663227, 10367.670370454854, 10404.464954328481, 2140.0263101743158, 12434.158317535192, 11888.182746803157, 9177.73754560338, 9023.400763447838, 10564.264415800066, 8862.005912388113, 8689.733263004791, 8377.74361201149, 13121.652607736718, 12668.358678472958, 11528.129666897177, 12905.506284550542, 10161.468078246286, 14078.510672079678, 15577.25510413383, 13451.998896782381, 11084.429665954947, 12256.05330367333, 11787.500256002379, 13333.770952652507, 13118.553759444136, 13155.34834331776, 1486.3546216339632, 14525.704930521417, 14105.754759992622, 11128.908461103365, 11774.284152437118, 13315.147804789345, 11612.889301377392, 11440.61665199407, 9175.218844236246, 15872.535996726, 15419.242067462237, 14279.013055886457, 15594.62413472727, 12411.202489593885, 15647.721163854252, 15687.217919776467, 13451.998896782381, 13835.313054944227, 15006.93669266261, 14459.840945150978, 14666.03805067189, 15626.934693094654, 15699.073858467811, 813.5248568403987, 17276.588319510698, 14105.754759992622, 13463.272873980257, 13929.459829732601, 15642.326109306483, 14344.633306777567, 14132.511734885202, 10250.428605978374, 17276.588319510698, 17276.588319510698, 16479.82336605048, 17092.37918804873, 14289.698758606439, 15966.21439257674, 15615.05723593932, 16089.492141636892, 16258.086562666902, 16869.28078206661, 15379.821404023807, 14486.57607144114, 17276.588319510698, 17174.28666870546, 452.667233335782, 17276.588319510698, 16401.82852801276, 15360.102326907221, 15286.437455574105, 17276.588319510698, 16256.233739490772, 15371.448430715667, 11290.561175159106, 15937.768056170244, 17276.588319510698, 17276.588319510698, 17276.588319510698, 14457.634968780882, 15847.3010431794, 14596.627569567287, 17276.588319510698, 17276.588319510698, 17276.588319510698, 14581.516976510235, 14486.57607144114, 17276.588319510698, 17276.588319510698, 582.4623565509805, 17276.588319510698, 17276.588319510698, 15844.76303492684, 15355.590616136427, 16740.859616957066, 17276.588319510698, 15753.372299175411, 11760.189180004621, 15041.896644859415, 17276.588319510698, 17276.588319510698, 15790.7072511577, 13738.471502025, 14368.639221093112, 13064.775612726578, 16595.42473953362, 16596.472350373624, 15573.864135590353, 13423.573095268974, 14486.57607144114, 16085.856825169532, 15780.477982814107, 244.5653421278063, 16734.033799589834, 17242.640578920484, 14761.421283420874, 14004.280128837023, 16740.859616957066, 16397.517357714696, 15753.372299175411, 10346.940212539546, 14127.277150308164, 15022.511759544988, 15391.855609707485, 13207.775534906772, 12586.601015005272, 12153.751046059588, 11539.394537857133, 16595.42473953362, 14742.624727033186, 13186.262012523039, 13319.860669354674, 12255.678125082068, 16085.856825169532, 13278.070536305066, 21.046628031346042, 14430.248948971665, 15553.513459645048, 12839.267672131231, 11757.297162754594, 16740.859616957066, 14538.20007714733, 13211.947881637916, 8642.343773613286, 13477.479618066554, 13045.716591365777, 13567.472229436165, 10887.5034785086, 11475.65822711468, 10913.732755410147, 9996.65397138809, 15033.229553219293, 12961.805858823127, 13186.262012523039, 10867.350852862182, 10309.82477484388, 16085.856825169532, 11012.310396698746, 0.0, 14430.248948971665, 13961.804367553583, 10640.62131372242, 9557.932946682427, 14537.082758582408, 12701.967978029776, 11683.457124623817, 7037.718117596393, 11847.792816747045, 13045.716591365777, 11836.59050293331, 8611.169794485153, 10206.772387774197, 8948.34210717517, 8527.443267780764, 13540.133427945339, 11299.6813835622, 11131.904377689096, 8424.78759575019, 8241.871908506182, 14123.049820581577, 8727.289810504537, 0.0, 12310.005697255638, 12451.975886861064, 10640.62131372242, 9557.932946682427, 12368.16917479973, 10951.542885244548, 8995.67619195107, 5484.900479312833, 10258.96813784202, 11134.29645176784, 10161.868844861317, 6424.675815776527, 8837.575796370194, 7057.827726224589, 7153.881350744477, 12075.316599755473, 9754.730339223719, 11126.971031399504, 6105.726624559355, 8241.871908506182, 12208.139719787072, 6430.646470334846, 0.0, 10251.2074932419, 10979.32213168895, 8577.70875494613, 7433.191438020251, 12368.16917479973, 10951.542885244548, 8995.67619195107, 4697.056127810215, 9017.723005391817, 9283.571661933123, 8548.896373097712, 4270.432357344842, 7404.338344407482, 7057.827726224589, 5900.169665020584, 10964.507907675361, 8790.655652437466, 9282.109329269797, 3917.0177765686435, 8241.871908506182, 10314.340619461707, 4180.888053499042, 0.0, 8242.45553318385, 9560.373724656798, 7873.222049111745, 7433.191438020251, 12054.749264510929, 10951.542885244548, 8299.21186639949, 4510.2457916571, 7602.170060056867, 7412.825240740534, 7153.224241886654, 4270.432357344842, 6199.630378195251, 5325.521480374183, 5061.313256317263, 9722.467777510652, 7388.3491740224, 9282.109329269797, 1903.3097590556347, 8241.871908506182, 8536.537366078443, 2260.8226564528586, 0.0, 8242.45553318385, 8266.509824896724, 6045.286628353402, 5553.977685163222, 11878.460404012714, 9566.122704279662, 7671.866223905658, 4510.2457916571, 7602.170060056867, 7412.825240740534, 5738.644622404445, 4270.432357344842, 5221.420436258213, 5325.521480374183, 4298.449737165792, 8458.993685674328, 6041.7183519539185, 7489.521218094637, 0.0, 6344.637051330261, 8536.537366078443, 446.12152262803437, 0.0, 6477.394292714268, 7050.783360975443, 4323.234842306959, 3731.090775642992, 11787.081076012399, 8242.901781670203, 6916.189724761033, 4510.2457916571, 6222.879766728258, 5648.515567313836, 4360.128398524134, 4270.432357344842, 4393.574515469915, 3737.076714815619, 3529.688948914848, 7220.616024367265, 4708.212009365027, 7489.521218094637, 0.0, 4476.042203453219, 6841.299713320629, 446.12152262803437, 0.0, 6477.394292714268, 5875.513545444648, 3998.568871416994, 3731.090775642992, 11718.998096689606, 8242.901781670203, 4832.479548403606, 4510.2457916571, 4853.351213279044, 5419.8050275772475, 3452.4989697234973, 4270.432357344842, 3502.0202169503023, 2169.469541189744, 2685.620003188404, 5989.099006905138, 3387.998620540422, 7489.521218094637, 0.0, 4476.042203453219, 5177.8527855512075, 0.0, 0.0, 4842.187228205038, 4737.353232028765, 3663.230639450801, 1962.204036817639, 9914.065951977385, 6960.001429398759, 4224.992933821287, 4427.63386079785, 4853.351213279044, 3691.0379604832256, 2113.27366276313, 2459.7856387693005, 2638.579616416523, 2169.469541189744, 1888.2014393173943, 4764.971411628309, 3387.998620540422, 5733.66235125298, 0.0, 4476.042203453219, 3663.505307207925, 0.0, 0.0, 3229.0981013989217, 3629.992398352598, 3225.984062302863, 1962.204036817639, 9914.065951977385, 6960.001429398759, 3848.985458918961, 4427.63386079785, 4853.351213279044, 1975.2010472358645, 2113.27366276313, 1844.1381612349824, 1743.9576117321274, 2169.469541189744, 1163.2665947282242, 3506.823627440181, 3387.998620540422, 3977.2928145238084, 0.0, 2647.2215935801887, 3663.505307207925, 0.0, 0.0, 1554.5209002153074, 2558.218764288066, 1690.7858020515957, 1962.204036817639, 9914.065951977385, 5612.7911414943665, 1939.4632331989171, 3108.1109169419674, 3361.564619953415, 1975.2010472358645, 671.8934327507858, 0.0, 846.2087040163785, 2169.469541189744, 508.1188950493614, 2148.6741704412198, 1862.1468783891075, 3803.0709873758265, 0.0, 778.1948651446556, 1981.2189065656983, 0.0, 0.0, 1554.5209002153074, 1343.7003104668104, 137.9279306228763, 1962.204036817639, 8132.382125828574, 4115.4030530004675, 8.416689560234019, 3108.1109169419674, 2329.820524438207, 330.13569577367076, 671.8934327507858, 0.0, 0.0, 648.6373547796788, 0.0, 673.9811565995136, 709.3999888954991, 2094.724555092428, 0.0, 778.1948651446556, 431.39132342851616, 0.0, 0.0, 18.67311649131769, 0.0, 137.9279306228763, 360.4079282690817, 8132.382125828574, 2529.629445997907, 0.0, 3108.1109169419674, 2234.2563520387985, 0.0, 0.0, 0.0, 284.42069890671877, 0.0, 399.9082489775426, 0.0, 0.0, 1206.5276707060736, 0.0, 0.0, 0.0, 0.0, 0.0, 0.0, 0.0, 0.0, 0.0, 8132.382125828574, 1470.2976242857578, 0.0, 3108.1109169419674, 2827.401364407854, 1242.2600073386232, 1028.1513110337485, 697.2458650095696, 1238.7932297233972, 0.0, 2261.909827821832, 1082.1786341280829, 0.0, 1411.4703413285504, 5.130608721366948, 678.5539028515437, 1057.2417960015243, 0.0, 1215.1165162769585, 1612.1612300030906, 982.9175644465292, 1230.572055121916, 823.4595765989277, 8381.420713069892, 719.7198355446205, 708.287007740526, 4060.251222110417, 3272.0885655273587, 3826.323112027859, 3500.663676935596, 2097.4598342800723, 3989.6766187126777, 1392.2392619200737, 5012.793216811113, 1082.1786341280829, 2494.178286303085, 2474.4844530727305, 439.2786150484108, 2604.477279151472, 3198.5317824443855, 1083.2089813599255, 2664.8820780493475, 4363.0446189923705, 3522.1713745642955, 3677.394634889458, 3220.749088822555, 8549.64620663551, 2372.576595947901, 2531.8065054869576, 6576.022933992108, 5918.504098021091, 6577.206501017139, 4053.383256600014, 4848.343223269353, 6740.560007701958, 2491.3185712592117, 7763.676605800393, 2213.437680842482, 5245.061675292366, 5225.367842062011, 2492.0840746952313, 3767.8892625019666, 5949.415171433665, 3834.092370349206, 2664.8820780493475, 7113.928007981651, 6273.054763553576, 6428.278023878738, 5952.425962393473, 8346.143568094627, 3306.2649919619566, 4315.874034048505, 9262.19295614114, 8669.387487010372, 7486.834931622606, 6804.266645589294, 7599.226612258633, 9491.443396691238, 5242.201960248492, 10514.559994789674, 4964.3210698317625, 7995.945064281646, 7976.251231051291, 3750.1045865298934, 6518.772651491247, 8700.298560422945, 6584.975759338487, 4312.376554881601, 9864.81139697093, 9023.938152542856, 9179.161412868018, 8703.309351382753, 9998.207621624324, 4506.5112172027, 7066.757423037785, 12013.07634513042, 11420.270875999651, 10187.646858606216, 9555.150034578575, 10350.110001247913, 12242.32678568052, 7993.085349237773, 13265.443383778953, 7715.204458821043, 10746.828453270926, 10727.134620040571, 6500.987975519173, 9269.656040480528, 9621.439376734494, 9335.859148327767, 7063.259943870881, 12615.694785960211, 11774.821541532137, 11930.044801857299, 9994.817940709465, 11272.708894760724, 5724.3042603346685, 9476.227942120155, 14364.318338058174, 11420.270875999651, 12938.530247595498, 12306.033423567855, 13100.993390237192, 14528.345573104432, 10743.968738227051, 14202.931184569734, 10466.087847810324, 13497.711842260207, 13478.018009029853, 9251.871364508454, 12020.539429469807, 12372.322765723773, 12086.742537317046, 8964.320109616796, 12615.694785960211, 14525.704930521417, 14194.780890389633, 12493.269765677345, 13088.087144214638, 8475.18764932395, 12227.111331109436, 16305.299821891185, 11420.270875999651, 15689.413636584777, 15056.916812557136, 15382.913830634341, 16006.442798661707, 12963.256662670768, 16492.44281329717, 13216.971236799604, 14762.53838066181, 16228.901398019132, 12002.754753497733, 14771.422818459088, 15123.206154713054, 14837.625926306328, 9239.680660118056, 15366.57817494949, 17276.588319510698, 16945.664279378914, 14748.941931845082, 13018.33735850632, 10696.465938637039, 14977.994720098715, 16305.299821891185, 11420.270875999651, 16704.391688650485, 17243.288296147224, 17276.588319510698, 16975.525166693216, 14795.242210804601, 17276.588319510698, 15967.854625788885, 17276.588319510698, 17276.588319510698, 13742.875174350489, 16748.793478107495, 16867.678346507546, 16712.541347461225, 8989.355667625983, 16668.630452439756, 17276.588319510698, 16945.664279378914, 16595.594645896068, 13018.33735850632, 12323.129784521429, 16853.922401334727, 17276.588319510698, 11420.270875999651, 17276.588319510698, 17276.588319510698, 17276.588319510698, 17077.46863326663, 14808.621535632074, 16144.489487437315, 17276.588319510698, 17276.588319510698, 17276.588319510698, 14050.381330964443, 17276.588319510698, 17276.588319510698, 17276.588319510698, 7911.793594686247, 17276.588319510698, 17276.588319510698, 17276.588319510698, 17276.588319510698, 12473.62569448186, 12004.189106133726, 17276.588319510698, 17226.620391689885, 10991.44653518812, 16130.831159376321, 16250.253757585508, 16273.870837548884, 15802.234672388324, 14215.111127656384, 14512.085297333528, 17170.66385469102, 16642.91896238665, 17276.588319510698, 12863.251906685544, 16259.72115255065, 16223.405730649456, 16331.173893472513, 6285.206165182383, 15989.880482530181, 15839.771892420582, 16077.346731712481, 17276.588319510698, 11116.466931911087, 12004.189106133726, 15781.060972984922, 16060.502893161029, 10991.44653518812, 16130.831159376321, 14435.752725122593, 14191.772679770429, 14225.597122065192, 12342.04619689505, 12664.420792909656, 15635.466892041983, 14872.9368303061, 15101.146794956072, 10574.57111137756, 14168.2684736424, 14270.92936402424, 14407.286769201053, 4984.469918252816, 13996.871655028435, 14089.543284359042, 13968.64894028054, 15315.520506723908, 10690.7387308332, 11141.434588655298, 13202.648861171332, 14543.75677310122, 10586.809680302957, 16130.831159376321, 12783.371937584348, 12049.724125907738, 12690.113166968527, 10181.084894810792, 10754.12620579584, 14169.014171614695, 14872.9368303061, 12828.079434452698, 8596.576060366415, 12074.29788740956, 14270.92936402424, 12537.921919983602, 4343.548664940947, 11980.078692094568, 12455.867608052533, 11966.649654755318, 13343.837373466959, 10690.7387308332, 9517.326826923381, 10820.654706224546, 12981.182736006103, 9105.530825821152, 14157.959400900412, 11204.718726781159, 11877.936704704542, 11460.8904177265, 10181.084894810792, 9143.074512834848, 12769.175698438667, 13666.93599863539, 10588.563226747443, 6620.420086454887, 12074.29788740956, 14004.95338636046, 10682.101245490465, 3821.037511740544, 10026.878157407607, 10905.276633804267, 11777.97780971593, 11361.85788380741, 8681.14498972088, 7968.076050669206, 8485.14298034302, 11639.468724236924, 8528.834416742257, 12214.512809787502, 9656.111929886414, 11877.936704704542, 10002.892351577755, 8148.728569096099, 7863.752534729552, 11392.24048241147, 12189.614603133934, 8402.748770387694, 4703.879922446191, 12074.29788740956, 14004.95338636046, 8848.161452756787, 3316.540374551069, 8122.652929132963, 9384.22192289278, 9867.317009395545, 9624.173170835207, 8681.14498972088, 6478.950128315733, 6220.687735073154, 10153.621580273932, 7836.500037286252, 11725.348568624831, 8162.139876727164, 11877.936704704542, 8555.554254361316, 6165.835066724732, 6809.606944674506, 10064.212096565558, 10776.683025937487, 7751.986516233897, 2801.1772298115125, 12074.29788740956, 12205.552797313558, 7055.789705843836, 2629.9438895661388, 7869.524176344509, 9023.375609770055, 8014.230348551778, 9624.173170835207, 6743.7853745446555, 5041.520677255267, 4031.176671035198, 8638.828691924324, 6392.2729326898725, 9880.785577761204, 8162.139876727164, 9927.03585037614, 7124.555645159565, 6165.835066724732, 5677.690706907029, 8653.301480383907, 9496.841634946313, 7751.986516233897, 2801.1772298115125, 12074.29788740956, 10395.302668228853, 5213.606343653393, 2356.163091125514, 7869.524176344509, 7756.320881121527, 6191.14071773684, 7756.098942621934, 4995.372029576729, 3786.9960269074973, 2074.9062711043634, 7319.15389145259, 4956.541995645496, 8110.134515349762, 6926.974434595352, 8022.855543388028, 5814.213337483139, 4427.884965417656, 4689.643068295869, 7215.576790760754, 8269.72499063408, 5927.251796292996, 2801.1772298115125, 10340.310120093207, 8625.24089406137, 3410.6774502238313, 2356.163091125514, 7869.524176344509, 6468.32260692211, 5645.480626442613, 5950.572739189758, 4995.372029576729, 2589.055413311794, 1737.2891090715532, 6257.953425724401, 4913.867481270289, 8110.134515349762, 5734.094338904802, 6167.297551145275, 4395.003508815965, 4427.884965417656, 3954.2551829589393, 7215.576790760754, 7055.129748771159, 4159.405810424193, 1097.731681388662, 8635.690535524685, 6889.448357394706, 1785.2422936840449, 2356.163091125514, 6233.7472648734465, 5210.667977167304, 4598.277752495515, 4191.74175647768, 3303.296199764528, 1426.5710313252098, 1737.2891090715532, 5581.675483546014, 4913.867481270289, 6398.315903178008, 4585.848079141263, 6167.297551145275, 3395.508469258913, 2813.7240941086066, 3334.4778291344037, 5825.01148311972, 5855.171070454658, 4159.405810424193, 0.0, 8635.690535524685, 6889.448357394706, 106.42842461430969, 2356.163091125514, 4657.731653151963, 3968.873408166129, 3047.323987951776, 2462.5701342117313, 1638.5187691519423, 1343.6329777607589, 0.0, 5070.365112186238, 4384.0557199190225, 4722.971484382096, 3477.904703350744, 4347.329630080714, 2752.27985934041, 2813.7240941086066, 2556.6281371643972, 4449.582158489156, 4656.258447610237, 2447.799642250308, 0.0, 6978.133387401097, 5217.252087300805, 0.0, 2356.163091125514, 4657.731653151963, 3968.873408166129, 3047.200229695841, 757.0870468877922, 0.0, 1343.6329777607589, 0.0, 4276.325254135503, 4384.0557199190225, 4722.971484382096, 2418.644759397477, 4347.329630080714, 2241.111300668313, 1228.7931901133502, 1681.0858549570298, 3052.8206746711558, 3388.094003443076, 2447.799642250308, 0.0, 6978.133387401097, 3529.2843585813, 0.0, 2356.163091125514, 3048.3688027737826, 2723.98514988171, 1616.382305091337, 757.0870468877922, 0.0, 138.94206064878395, 0.0, 3420.656614171171, 3670.0868652654776, 3002.9823969908034, 1317.5708404153072, 2514.2308821596944, 1731.9355166252196, 1228.7931901133502, 798.3925650729844, 1575.6366752998767, 1997.831039613776, 678.642268190385, 0.0, 6619.263662398349, 1855.3631276747437, 0.0, 2356.163091125514, 1444.6424189995219, 1406.4269372827544, 114.11655160816376, 757.0870468877922, 0.0, 0.0, 0.0, 2163.8392517958046, 2782.2658162947155, 1433.6886332022843, 0.0, 739.732199411036, 1197.3089119471394, 1228.7931901133502, 0.0, 0.0, 510.7419729236929, 678.642268190385, 0.0, 5073.1251036243575, 343.41269472360665, 0.0, 2356.163091125514, 0.0, 0.0, 110.46876507822869, 757.0870468877922, 0.0, 0.0, 0.0, 620.7543270780517, 2782.2658162947155, 1202.827276889577, 0.0, 0.0, 1955.1934168811279, 1228.7931901133502, 191.6625643951836, 0.0, 0.0, 0.0, 0.0, 4602.275283813946, 0.0, 0.0, 2356.163091125514, 54.264416984931486, 0.0, 0.0, 17.188263029764595, 0.0, 0.0, 0.0, 0.0, 3383.018555927022, 2455.8778519322395, 1166.4692098028947, 397.6221245764503, 3271.732405143163, 1177.4073571611568, 1881.434522186766, 1059.3292922665335, 1123.761406691336, 823.8451472374637, 560.5586232045093, 4699.147805188821, 935.758842530891, 1077.5448028214507, 2356.163091125514, 1725.0335076013919, 609.5794217786979, 1317.2359207966485, 485.5093046384191, 1135.807128201859, 0.0, 0.0, 707.7984251566666, 4049.276242829568, 3668.602524225791, 3808.9743465410647, 2177.628247810804, 6022.615794132443, 1181.2931479409506, 4632.317911176046, 3604.3666077800663, 2010.3382087963312, 3175.259347540826, 1383.016004980588, 4819.36739985027, 3200.9405420948174, 3010.6798574814334, 2743.7364493189248, 1725.0335076013919, 974.2044611786614, 3844.277771816645, 804.6073359576872, 3528.158402518881, 2750.8833889892803, 769.984965046, 3074.035567869393, 4436.5109739604095, 6419.485913215071, 3808.9743465410647, 4928.5116368000845, 8773.499183121723, 3707.127456020193, 7241.782886574413, 5427.915626123478, 4761.221597785611, 5926.142736530106, 4093.8400054379736, 6300.172206580989, 5951.823931084098, 5761.563246470714, 4418.406370031448, 4475.916896590672, 3725.087850167942, 6595.161160805925, 3408.276219564548, 5620.4579862689025, 5501.766777978561, 3520.8683540352804, 5824.9189568586735, 6885.647150805104, 9170.369302204352, 6559.857735530345, 7679.395025789365, 11524.382572111004, 6458.010845009474, 9992.666275563693, 8178.799015112759, 5031.869761369072, 8677.026125519387, 6844.723394427254, 8014.232507832186, 6878.461192821776, 8512.446635459995, 7097.293254087143, 7226.800285579952, 6475.971239157222, 9346.044549795206, 6159.159608553829, 8371.341375258184, 8252.650166967842, 6271.751743024561, 8575.802345847953, 8346.123377749753, 11921.252691193633, 9183.405971695163, 10430.278414778644, 13248.70920428464, 9208.894233998753, 12452.223276928531, 8178.799015112759, 7656.897692337629, 11427.909514508667, 9573.271278292457, 10139.95219980377, 9629.344581811058, 11263.330024449275, 9848.176643076424, 9977.683674569233, 9226.854628146502, 12096.927938784485, 8910.042997543109, 11122.224764247463, 10395.038229112111, 9022.635132013842, 11326.685734837234, 10426.981514771724, 14672.136080182912, 11934.289360684443, 12135.38303676458, 13993.566292845922, 11408.24199924554, 14077.066737445668, 10929.682404102039, 10407.78108132691, 14178.792903497948, 12324.154667281739, 12890.83558879305, 12380.227970800337, 12761.375080310943, 12599.060032065705, 11642.449290932158, 11977.738017135784, 14096.731092388418, 11660.926386532388, 12744.31098064588, 13145.921618101393, 11773.518521003121, 13919.840275000459, 12131.142106497051, 14973.309363965547, 14685.172749673724, 14886.266425753862, 14788.439558969023, 13899.003370198981, 15447.991316149732, 13680.56579309132, 13158.664470316191, 16929.676292487227, 15075.038056271018, 14044.957570042312, 15131.111359789618, 14584.584883126196, 12699.80733828769, 14393.33267992144, 14728.621406125063, 16847.6144813777, 14411.80977552167, 15495.19436963516, 13145.921618101393, 14524.401909992403, 16670.72366398974, 11929.737996641314, 16950.856329543793, 17276.588319510698, 16752.893438238567, 15052.850948966025, 14554.318168981457, 17133.321943266532, 16233.767124531289, 15909.54785930547, 17276.588319510698, 16627.912665783115, 15082.31744818618, 16865.409834433158, 16057.616291333401, 13925.016783152703, 16612.83414054288, 16272.598744265182, 16847.6144813777, 16328.53332894735, 17276.588319510698, 15896.805007090672, 16673.138876623907, 16670.72366398974, 10638.652270834686, 17276.588319510698, 17276.588319510698, 17276.588319510698, 15307.203580533285, 14554.318168981457, 17276.588319510698, 17276.588319510698, 17276.588319510698, 16992.050079980927, 17276.588319510698, 15156.397844178335, 17276.588319510698, 16672.1097708456, 13576.187005121463, 17276.588319510698, 17276.588319510698, 17276.588319510698, 17276.588319510698, 17276.588319510698, 17276.588319510698, 17276.588319510698, 17276.588319510698, 10486.55437110712, 16271.62857902315, 16422.736965302993, 16156.054584510577, 15097.52062194476, 14554.318168981457, 15612.995221729156, 16477.598472724894, 16819.37559109897, 15924.114761114331, 17276.588319510698, 15156.397844178335, 16055.163178125287, 15771.874628807727, 11990.816045618794, 16092.185756213961, 16174.735200829273, 16127.527877754048, 17276.588319510698, 16123.840499891343, 16933.63553939458, 16067.097907628176, 16452.102328136873, 10486.55437110712, 14230.43385639801, 14697.216509012911, 15126.318032746487, 14787.314031628674, 12529.758424236285, 13847.889140698804, 14732.261189203165, 15229.74980104205, 13769.271076988192, 15365.86119480148, 13307.922534222333, 14166.058505860246, 13907.590738863626, 10599.973245805812, 14210.320280940781, 14594.775129055426, 14916.195254190885, 15438.627012244582, 14281.142857242277, 15480.337250611286, 13839.545408668286, 15601.21376069266, 10486.55437110712, 11909.88373730303, 13037.356288260009, 12675.59727654331, 13824.469125797008, 10223.40579808487, 12357.078738559141, 13053.279280656136, 13711.845458485363, 11582.252283065398, 12969.490065336986, 11291.78709324843, 11972.463550949908, 11714.710565696296, 9072.574260413543, 11933.625861566548, 13105.640753905342, 12699.240882301347, 14614.49988319839, 12189.225825855347, 14017.987723878181, 11458.49117839954, 15377.387552657889, 10486.55437110712, 9593.552225083235, 13037.356288260009, 10222.55928477987, 12539.747804879247, 7960.435408511671, 10970.900102775084, 13053.279280656136, 12270.88118549816, 9432.888807848292, 10624.290853431014, 10843.931937422007, 10711.589290117032, 9627.105003792798, 7737.78586665729, 9730.313654152733, 11683.762743305733, 10502.078797416869, 12619.538690414263, 12189.225825855347, 12620.092773173363, 9151.351480269235, 13762.016331954968, 10486.55437110712, 7309.881255154206, 11495.353366613173, 7873.793393748269, 11154.107664659017, 5807.900400769283, 9628.531787745433, 12039.70915707154, 11508.2034425216, 7327.985079236632, 8391.020589102143, 8787.55393869429, 8593.167161998257, 7622.285059713418, 6392.691821408061, 7613.317583514239, 10291.60864847066, 8289.674098371714, 12619.538690414263, 10225.940076289164, 11277.789063797409, 6939.735443768205, 12190.87819122362, 9610.123553835432, 5084.656920323286, 10003.785907359033, 5629.306678124796, 9745.496311964345, 3723.0257318934314, 8344.44792250293, 10529.798747937115, 11508.2034425216, 5306.81960639348, 6229.716484865727, 6779.985865097913, 6553.798602461192, 5658.4609310841115, 5027.557319236328, 7613.317583514239, 8946.452195201837, 6099.980846703485, 10762.293961628895, 10225.940076289164, 9978.812159248368, 4831.633775583595, 12023.362985124773, 8652.814830059533, 2867.729988373788, 8699.755820338045, 5629.306678124796, 8100.022691722642, 1763.8828938142453, 7102.365426554753, 9285.27603998738, 10150.380140968653, 5306.81960639348, 4383.68788367769, 6779.985865097913, 6553.798602461192, 3901.9117306563953, 4195.121812758864, 5673.834299114535, 7618.2529330872185, 5350.942354563972, 10762.293961628895, 8401.0788711532, 8612.292071942857, 3550.8104841742515, 10816.339617045463, 7946.1271725744655, 2186.1403716082427, 8640.214123943106, 3669.7309980576665, 6519.7803952977665, 1763.8828938142453, 5957.852261015406, 8023.916974487575, 8847.970166911175, 3420.68762362011, 2609.89120777331, 4792.722874273742, 4506.7753075525125, 2191.9254065963746, 3688.822299948522, 3843.2169691531976, 6264.767363213939, 4449.95274910539, 8870.281079384742, 6624.253019644221, 7305.44729432584, 3550.8104841742515, 10571.267558776626, 7014.64632433521, 192.53527573455048, 7347.532696709757, 1810.370957104859, 5090.257895874016, 1763.8828938142453, 4963.582304117138, 6795.084485573163, 7558.707482829824, 1591.11419130666, 2609.89120777331, 2883.3268802860584, 4506.7753075525125, 524.2551488115118, 3648.825147719534, 3843.2169691531976, 4941.149091364329, 3704.2889146655066, 7022.322714163886, 6624.253019644221, 6035.343220303668, 3550.8104841742515, 9167.536401375854, 5657.1956964964675, 0.0, 6068.455912963591, 0.0, 3850.7842775956997, 1763.8828938142453, 4002.41090493273, 5587.81449836705, 6285.251729349143, 1591.11419130666, 2609.89120777331, 2747.8370299659755, 4506.7753075525125, 0.0, 3648.825147719534, 2191.903948048966, 3632.17713592418, 3340.2325851571886, 5188.724308863896, 4917.621784558225, 4769.256360697442, 3550.8104841742515, 7792.852085983144, 4294.5064908112545, 0.0, 4801.464784956991, 0.0, 2750.14309628921, 1763.8828938142453, 3186.7542626932727, 4393.73070052719, 5012.939621253076, 1591.11419130666, 2609.89120777331, 2497.3249737146875, 2622.8745518757823, 0.0, 3648.825147719534, 2191.903948048966, 2336.152803361486, 1656.0584901919462, 3379.4158900603898, 3449.104570981178, 4769.256360697442, 1973.4118676608462, 6429.538155912414, 2904.6486657099963, 0.0, 3508.9964162941415, 0.0, 1761.2540811660606, 1763.8828938142453, 2249.3133748836326, 3179.3443683871305, 3667.092353474471, 1591.11419130666, 2609.89120777331, 728.9517448525679, 2622.8745518757823, 0.0, 3648.825147719534, 2191.903948048966, 2319.429068972788, 1656.0584901919462, 3379.4158900603898, 1730.2039971456081, 3448.3867784072654, 1973.4118676608462, 5039.932404202476, 1420.1902708648663, 0.0, 2129.5354925135593, 0.0, 838.2385877088736, 0.0, 1131.469315485547, 1890.9891381754467, 2187.880020203273, 1591.11419130666, 2609.89120777331, 728.9517448525679, 2622.8745518757823, 0.0, 3648.825147719534, 1686.9182579313524, 2319.429068972788, 0.0, 3379.4158900603898, 0.0, 1980.520789042298, 304.8021614885152, 3506.4015522383743, 65.31534427509825, 0.0, 648.0778247076236, 0.0, 136.04092516992515, 0.0, 0.0, 514.0468736193229, 599.5156154808457, 541.2544345039734, 2259.19046074033, 728.9517448525679, 2622.8745518757823, 0.0, 3648.825147719534, 97.0768131586445, 831.806577458876, 0.0, 1611.2262735760746, 0.0, 428.46584079781564, 304.8021614885152, 1862.312765443896, 0.0, 0.0, 0.0, 0.0, 0.0, 0.0, 236.334867264646, 0.0, 0.0, 0.0, 2259.19046074033, 0.0, 2622.8745518757823, 0.0, 3648.825147719534, 0.0, 0.0, 0.0, 960.2150993731416, 0.0, 0.0, 0.0, 1256.623500949417, 727.7194422630403, 714.665891287354, 0.0, 611.0034083589151, 1532.7737477885582, 580.0044897665143, 1980.558420715953, 1190.3134093227375, 1122.852195038848, 0.0, 2455.269471504677, 0.0, 2940.2596184062536, 475.96621278877626, 3796.384226458994, 1506.905253358259, 0.0, 0.0, 1721.7820385227972, 0.0, 0.0, 0.0, 2152.6259837978437, 1589.9092996850814, 2952.938416744988, 0.0, 2352.04794189851, 3222.398786479915, 2639.9959853014534, 4731.441809705233, 3844.9889263444215, 3748.0621156164702, 2238.323493280214, 4074.59670221556, 2249.8741837656703, 4791.510349235367, 2508.328435797848, 4534.526254156318, 3707.473359519451, 2437.06195223092, 2404.0930473534545, 3831.2584531292005, 995.9469172834389, 2730.431298287709, 2665.800847650805, 3897.876194004877, 3327.1458245710282, 5703.821805734268, 2704.046648802807, 5102.93133088779, 5973.282175469196, 5224.695056879647, 7482.325198694513, 5206.426074914757, 6498.94550460575, 4989.206882269494, 5107.99804659056, 3668.124641042851, 7518.839012807183, 5259.2118247871285, 4627.07441127358, 6458.3567485087315, 3055.4281268942323, 4657.678570268062, 6582.141842118481, 1593.4644525868227, 5481.314687276989, 5416.684236640085, 6648.759582994157, 6078.029213560309, 8454.705194723549, 5454.930037792087, 7853.814719877071, 8724.165564458475, 7975.578445868928, 10233.208587683794, 5206.426074914757, 9249.82889359503, 7740.090271258774, 7801.681854506831, 6419.0080300321315, 10269.722401796464, 8010.095213776409, 4776.960925243789, 9209.240137498013, 5806.311515883513, 6971.650139306701, 9333.025231107762, 3554.8179904511826, 7735.2118782781945, 6412.320074661092, 9399.642971983438, 8809.661894736979, 11205.58858371283, 8205.813426781368, 10604.698108866352, 11475.048953447757, 10726.461834858208, 12984.091976673075, 7957.309463904037, 12000.71228258431, 10490.973660248055, 9328.286871674496, 9169.891419021413, 13020.605790785745, 10760.97860276569, 5245.9490468991535, 11960.123526487292, 8557.194904872793, 9722.533528295982, 12083.908620097041, 5020.946323853057, 10486.095267267474, 9163.203463650372, 12150.526360972719, 10710.259135955765, 13832.994947645764, 10956.696815770649, 13355.581497855632, 14225.932342437036, 13311.185920947046, 15734.975365662354, 10708.192852893317, 14559.480051451264, 12276.07574659774, 11728.197612046171, 11920.774808010692, 15125.35663808233, 13226.452387445539, 5477.015455042353, 14711.006915476573, 11308.078293862074, 12473.416917285262, 14561.541605093602, 7458.605940807908, 13236.978656256755, 11914.086852639653, 14901.409749961998, 11232.719944855722, 16583.878336635044, 13707.580204759928, 13355.581497855632, 15474.627714974325, 15492.672162405965, 16970.295091999673, 13459.076241882598, 14559.480051451264, 15026.959135587022, 13671.731713034762, 14671.658196999973, 16242.329331180288, 15301.227727948979, 5964.687299758591, 15287.205146514034, 14058.961682851354, 15224.300306274543, 15992.684371462214, 9935.380508430262, 15987.862045246036, 14664.970241628933, 15719.21185253338, 11089.387829189163, 17276.588319510698, 16205.111741949093, 13531.900276371562, 17276.588319510698, 17025.22964707185, 16970.295091999673, 16072.690717137757, 17276.588319510698, 16883.24274203407, 14235.142625512359, 16652.840852400575, 17276.588319510698, 15775.32137808729, 5964.687299758591, 17276.588319510698, 16371.637649941544, 16926.413746094335, 17075.36979124093, 11264.74388544464, 15987.862045246036, 16746.9439709691, 15575.252235349906, 11089.387829189163, 17276.588319510698, 17276.588319510698, 13531.900276371562, 17276.588319510698, 17276.588319510698, 17276.588319510698, 17276.588319510698, 17276.588319510698, 17276.588319510698, 14235.142625512359, 17276.588319510698, 17276.588319510698, 15246.309385238947, 5723.513659830971, 17276.588319510698, 17276.588319510698, 17276.588319510698, 17276.588319510698, 11352.628118232558, 17276.588319510698, 17276.588319510698, 14247.124259452128, 11089.387829189163, 17276.588319510698, 16462.52561313681, 13531.900276371562, 16832.911701129655, 15968.856310981548, 15924.613153740245, 16741.31951224784, 16745.92261027512, 17276.588319510698, 14235.142625512359, 16332.283756118595, 17276.588319510698, 13720.741037884667, 4608.826199470022, 17276.588319510698, 17276.588319510698, 17276.588319510698, 17276.588319510698, 11352.628118232558, 16841.918882696435, 17276.588319510698, 12966.947537422782, 11089.387829189163, 14878.457532248158, 15807.917570828666, 11201.637700946887, 16600.462093455997, 13705.882003791263, 14037.063614194903, 15125.43517773642, 15018.711369885697, 15021.739745043335, 14235.142625512359, 14249.476229882743, 14979.895519851889, 11624.129057925571, 3573.1233826675034, 15022.149821120805, 17276.588319510698, 17276.588319510698, 15114.691731341729, 11352.628118232558, 15212.258164060508, 15500.792442790063, 11185.274543008029, 11089.387829189163, 12415.924638421402, 14214.385841704301, 8934.131403487472, 16077.221787238726, 11534.114041903456, 12311.877654774047, 13530.329542474039, 13349.911051778157, 12712.803184012611, 12019.740731462898, 13621.032436405643, 12534.250673810073, 9661.829840717755, 2282.36184077766, 12741.913839669514, 15696.110163416595, 17276.588319510698, 12934.099519619369, 11352.628118232558, 13580.207652475905, 15500.792442790063, 9498.048429048667, 9599.14849586299, 9998.111763510844, 12703.489442958398, 6679.923142920804, 15708.054914477, 10750.454104869928, 10772.16583119901, 11986.95161641149, 11720.024747191257, 10449.703661538166, 10087.351384793341, 13621.032436405643, 10116.227346633606, 9661.829840717755, 831.3015876693441, 10539.030706204107, 15561.79110673803, 17276.588319510698, 10795.175850435884, 9174.54821537442, 12020.942439729257, 15500.792442790063, 7867.442318167318, 9599.14849586299, 7634.274317942221, 11231.547850202745, 6679.923142920804, 16009.751371518969, 10750.454104869928, 9193.590909919156, 10481.058685912294, 11720.024747191257, 8250.854586233381, 7989.452250487328, 11542.53437511468, 7755.174228903634, 9661.829840717755, 788.5784497918313, 8729.41219064073, 15261.022452100899, 17276.588319510698, 10795.175850435884, 6999.468435938787, 12020.942439729257, 15500.792442790063, 6279.084358777927, 8194.349065764058, 5328.483505193986, 9816.648358327113, 6679.923142920804, 16588.604094926002, 8656.549869862009, 7468.683059209626, 9030.209336294798, 10233.84350125114, 6155.085280587159, 7989.452250487328, 9514.029540123818, 5482.220053385069, 9661.829840717755, 481.3215908936008, 8729.41219064073, 15213.753574925244, 17276.588319510698, 8761.312610044348, 5629.365953779867, 10580.658557092565, 15500.792442790063, 4705.667974631142]"
CAPEX_TES_storage,0.0
FOM_Coal,15624.0
powerTurbine_t,"[0.0, 0.0, 0.0, 0.0, 0.0, 0.0, 0.0, 0.0, 0.0, 0.0, 0.0, 0.0, 0.0, 0.0, 0.0, 0.0, 0.0, 0.0, 0.0, 0.0, 0.0, 0.0, 0.0, 0.0, 0.0, 0.0, 0.0, 0.0, 0.0, 0.0, 0.0, 0.0, 0.0, 0.0, 0.0, 0.0, 0.0, 0.0, 0.0, 0.0, 0.0, 0.0, 0.0, 0.0, 0.0, 0.0, 0.0, 0.0, 0.0, 0.0, 0.0, 0.0, 0.0, 0.0, 0.0, 0.0, 0.0, 0.0, 0.0, 0.0, 0.0, 0.0, 0.0, 0.0, 0.0, 0.0, 0.0, 0.0, 0.0, 0.0, 0.0, 0.0, 0.0, 0.0, 0.0, 0.0, 0.0, 0.0, 0.0, 0.0, 0.0, 0.0, 0.0, 0.0, 0.0, 0.0, 0.0, 0.0, 0.0, 0.0, 0.0, 0.0, 0.0, 0.0, 0.0, 0.0, 0.0, 0.0, 0.0, 0.0, 0.0, 0.0, 0.0, 0.0, 0.0, 0.0, 0.0, 0.0, 0.0, 0.0, 0.0, 0.0, 0.0, 0.0, 0.0, 0.0, 0.0, 0.0, 0.0, 0.0, 0.0, 0.0, 0.0, 0.0, 0.0, 0.0, 0.0, 0.0, 0.0, 0.0, 0.0, 0.0, 0.0, 0.0, 0.0, 0.0, 0.0, 0.0, 0.0, 0.0, 0.0, 0.0, 0.0, 0.0, 0.0, 0.0, 0.0, 0.0, 0.0, 0.0, 0.0, 0.0, 0.0, 0.0, 0.0, 0.0, 0.0, 0.0, 0.0, 0.0, 0.0, 0.0, 0.0, 0.0, 0.0, 0.0, 0.0, 0.0, 0.0, 0.0, 0.0, 0.0, 0.0, 0.0, 0.0, 0.0, 0.0, 0.0, 0.0, 0.0, 0.0, 0.0, 0.0, 0.0, 0.0, 0.0, 0.0, 0.0, 0.0, 0.0, 0.0, 0.0, 0.0, 0.0, 0.0, 0.0, 0.0, 0.0, 0.0, 0.0, 0.0, 0.0, 0.0, 0.0, 0.0, 0.0, 0.0, 0.0, 0.0, 0.0, 0.0, 0.0, 0.0, 0.0, 0.0, 0.0, 0.0, 0.0, 0.0, 0.0, 0.0, 0.0, 0.0, 0.0, 0.0, 0.0, 0.0, 0.0, 0.0, 0.0, 0.0, 0.0, 0.0, 0.0, 0.0, 0.0, 0.0, 0.0, 0.0, 0.0, 0.0, 0.0, 0.0, 0.0, 0.0, 0.0, 0.0, 0.0, 0.0, 0.0, 0.0, 0.0, 0.0, 0.0, 0.0, 0.0, 0.0, 0.0, 0.0, 0.0, 0.0, 0.0, 0.0, 0.0, 0.0, 0.0, 0.0, 0.0, 0.0, 0.0, 0.0, 0.0, 0.0, 0.0, 0.0, 0.0, 0.0, 0.0, 0.0, 0.0, 0.0, 0.0, 0.0, 0.0, 0.0, 0.0, 0.0, 0.0, 0.0, 0.0, 0.0, 0.0, 0.0, 0.0, 0.0, 0.0, 0.0, 0.0, 0.0, 0.0, 0.0, 0.0, 0.0, 0.0, 0.0, 0.0, 0.0, 0.0, 0.0, 0.0, 0.0, 0.0, 0.0, 0.0, 0.0, 0.0, 0.0, 0.0, 0.0, 0.0, 0.0, 0.0, 0.0, 0.0, 0.0, 0.0, 0.0, 0.0, 0.0, 0.0, 0.0, 0.0, 0.0, 0.0, 0.0, 0.0, 0.0, 0.0, 0.0, 0.0, 0.0, 0.0, 0.0, 0.0, 0.0, 0.0, 0.0, 0.0, 0.0, 0.0, 0.0, 0.0, 0.0, 0.0, 0.0, 0.0, 0.0, 0.0, 0.0, 0.0, 0.0, 0.0, 0.0, 0.0, 0.0, 0.0, 0.0, 0.0, 0.0, 0.0, 0.0, 0.0, 0.0, 0.0, 0.0, 0.0, 0.0, 0.0, 0.0, 0.0, 0.0, 0.0, 0.0, 0.0, 0.0, 0.0, 0.0, 0.0, 0.0, 0.0, 0.0, 0.0, 0.0, 0.0, 0.0, 0.0, 0.0, 0.0, 0.0, 0.0, 0.0, 0.0, 0.0, 0.0, 0.0, 0.0, 0.0, 0.0, 0.0, 0.0, 0.0, 0.0, 0.0, 0.0, 0.0, 0.0, 0.0, 0.0, 0.0, 0.0, 0.0, 0.0, 0.0, 0.0, 0.0, 0.0, 0.0, 0.0, 0.0, 0.0, 0.0, 0.0, 0.0, 0.0, 0.0, 0.0, 0.0, 0.0, 0.0, 0.0, 0.0, 0.0, 0.0, 0.0, 0.0, 0.0, 0.0, 0.0, 0.0, 0.0, 0.0, 0.0, 0.0, 0.0, 0.0, 0.0, 0.0, 0.0, 0.0, 0.0, 0.0, 0.0, 0.0, 0.0, 0.0, 0.0, 0.0, 0.0, 0.0, 0.0, 0.0, 0.0, 0.0, 0.0, 0.0, 0.0, 0.0, 0.0, 0.0, 0.0, 0.0, 0.0, 0.0, 0.0, 0.0, 0.0, 0.0, 0.0, 0.0, 0.0, 0.0, 0.0, 0.0, 0.0, 0.0, 0.0, 0.0, 0.0, 0.0, 0.0, 0.0, 0.0, 0.0, 0.0, 0.0, 0.0, 0.0, 0.0, 0.0, 0.0, 0.0, 0.0, 0.0, 0.0, 0.0, 0.0, 0.0, 0.0, 0.0, 0.0, 0.0, 0.0, 0.0, 0.0, 0.0, 0.0, 0.0, 0.0, 0.0, 0.0, 0.0, 0.0, 0.0, 0.0, 0.0, 0.0, 0.0, 0.0, 0.0, 0.0, 0.0, 0.0, 0.0, 0.0, 0.0, 0.0, 0.0, 0.0, 0.0, 0.0, 0.0, 0.0, 0.0, 0.0, 0.0, 0.0, 0.0, 0.0, 0.0, 0.0, 0.0, 0.0, 0.0, 0.0, 0.0, 0.0, 0.0, 0.0, 0.0, 0.0, 0.0, 0.0, 0.0, 0.0, 0.0, 0.0, 0.0, 0.0, 0.0, 0.0, 0.0, 0.0, 0.0, 0.0, 0.0, 0.0, 0.0, 0.0, 0.0, 0.0, 0.0, 0.0, 0.0, 0.0, 0.0, 0.0, 0.0, 0.0, 0.0, 0.0, 0.0, 0.0, 0.0, 0.0, 0.0, 0.0, 0.0, 0.0, 0.0, 0.0, 0.0, 0.0, 0.0, 0.0, 0.0, 0.0, 0.0, 0.0, 0.0, 0.0, 0.0, 0.0, 0.0, 0.0, 0.0, 0.0, 0.0, 0.0, 0.0, 0.0, 0.0, 0.0, 0.0, 0.0, 0.0, 0.0, 0.0, 0.0, 0.0, 0.0, 0.0, 0.0, 0.0, 0.0, 0.0, 0.0, 0.0, 0.0, 0.0, 0.0, 0.0, 0.0, 0.0, 0.0, 0.0, 0.0, 0.0, 0.0, 0.0, 0.0, 0.0, 0.0, 0.0, 0.0, 0.0, 0.0, 0.0, 0.0, 0.0, 0.0, 0.0, 0.0, 0.0, 0.0, 0.0, 0.0, 0.0, 0.0, 0.0, 0.0, 0.0, 0.0, 0.0, 0.0, 0.0, 0.0, 0.0, 0.0, 0.0, 0.0, 0.0, 0.0, 0.0, 0.0, 0.0, 0.0, 0.0, 0.0, 0.0, 0.0, 0.0, 0.0, 0.0, 0.0, 0.0, 0.0, 0.0, 0.0, 0.0, 0.0, 0.0, 0.0, 0.0, 0.0, 0.0, 0.0, 0.0, 0.0, 0.0, 0.0, 0.0, 0.0, 0.0, 0.0, 0.0, 0.0, 0.0, 0.0, 0.0, 0.0, 0.0, 0.0, 0.0, 0.0, 0.0, 0.0, 0.0, 0.0, 0.0, 0.0, 0.0, 0.0, 0.0, 0.0, 0.0, 0.0, 0.0, 0.0, 0.0, 0.0, 0.0, 0.0, 0.0, 0.0, 0.0, 0.0, 0.0, 0.0, 0.0, 0.0, 0.0, 0.0, 0.0, 0.0, 0.0, 0.0, 0.0, 0.0, 0.0, 0.0, 0.0, 0.0, 0.0, 0.0, 0.0, 0.0, 0.0, 0.0, 0.0, 0.0, 0.0, 0.0, 0.0, 0.0, 0.0, 0.0, 0.0, 0.0, 0.0, 0.0, 0.0, 0.0, 0.0, 0.0, 0.0, 0.0, 0.0, 0.0, 0.0, 0.0, 0.0, 0.0, 0.0, 0.0, 0.0, 0.0, 0.0, 0.0, 0.0, 0.0, 0.0, 0.0, 0.0, 0.0, 0.0, 0.0, 0.0, 0.0, 0.0, 0.0, 0.0, 0.0, 0.0, 0.0, 0.0, 0.0, 0.0, 0.0, 0.0, 0.0, 0.0, 0.0, 0.0, 0.0, 0.0, 0.0, 0.0, 0.0, 0.0, 0.0, 0.0, 0.0, 0.0, 0.0, 0.0, 0.0, 0.0, 0.0, 0.0, 0.0, 0.0, 0.0, 0.0, 0.0, 0.0, 0.0, 0.0, 0.0, 0.0, 0.0, 0.0, 0.0, 0.0, 0.0, 0.0, 0.0, 0.0, 0.0, 0.0, 0.0, 0.0, 0.0, 0.0, 0.0, 0.0, 0.0, 0.0, 0.0, 0.0, 0.0, 0.0, 0.0, 0.0, 0.0, 0.0, 0.0, 0.0, 0.0, 0.0, 0.0, 0.0, 0.0, 0.0, 0.0, 0.0, 0.0, 0.0, 0.0, 0.0, 0.0, 0.0, 0.0, 0.0, 0.0, 0.0, 0.0, 0.0, 0.0, 0.0, 0.0, 0.0, 0.0, 0.0, 0.0, 0.0, 0.0, 0.0, 0.0, 0.0, 0.0, 0.0, 0.0, 0.0, 0.0, 0.0, 0.0, 0.0, 0.0, 0.0, 0.0, 0.0, 0.0, 0.0, 0.0, 0.0, 0.0, 0.0, 0.0, 0.0, 0.0, 0.0, 0.0, 0.0, 0.0, 0.0, 0.0, 0.0, 0.0, 0.0, 0.0, 0.0, 0.0, 0.0, 0.0, 0.0, 0.0, 0.0, 0.0, 0.0, 0.0, 0.0, 0.0, 0.0, 0.0, 0.0, 0.0, 0.0, 0.0, 0.0, 0.0, 0.0, 0.0, 0.0, 0.0, 0.0, 0.0, 0.0, 0.0, 0.0, 0.0, 0.0, 0.0, 0.0, 0.0, 0.0, 0.0, 0.0, 0.0, 0.0, 0.0, 0.0, 0.0, 0.0, 0.0, 0.0, 0.0, 0.0, 0.0, 0.0, 0.0, 0.0, 0.0, 0.0, 0.0, 0.0, 0.0, 0.0, 0.0, 0.0, 0.0, 0.0, 0.0, 0.0, 0.0, 0.0, 0.0, 0.0, 0.0, 0.0, 0.0, 0.0, 0.0, 0.0, 0.0, 0.0, 0.0, 0.0, 0.0, 0.0, 0.0, 0.0, 0.0, 0.0, 0.0, 0.0, 0.0, 0.0, 0.0, 0.0, 0.0, 0.0, 0.0, 0.0, 0.0, 0.0, 0.0, 0.0, 0.0, 0.0, 0.0, 0.0, 0.0, 0.0, 0.0, 0.0, 0.0, 0.0, 0.0, 0.0, 0.0, 0.0, 0.0, 0.0, 0.0, 0.0, 0.0, 0.0, 0.0, 0.0, 0.0, 0.0, 0.0, 0.0, 0.0, 0.0, 0.0, 0.0, 0.0, 0.0, 0.0, 0.0, 0.0, 0.0, 0.0, 0.0, 0.0, 0.0, 0.0, 0.0, 0.0, 0.0, 0.0, 0.0, 0.0, 0.0, 0.0, 0.0, 0.0, 0.0, 0.0, 0.0, 0.0, 0.0, 0.0, 0.0, 0.0, 0.0, 0.0, 0.0, 0.0, 0.0, 0.0, 0.0, 0.0, 0.0, 0.0, 0.0, 0.0, 0.0, 0.0, 0.0, 0.0, 0.0, 0.0, 0.0, 0.0, 0.0, 0.0, 0.0, 0.0, 0.0, 0.0, 0.0, 0.0, 0.0, 0.0, 0.0, 0.0, 0.0, 0.0, 0.0, 0.0, 0.0, 0.0, 0.0, 0.0, 0.0, 0.0, 0.0, 0.0, 0.0, 0.0, 0.0, 0.0, 0.0, 0.0, 0.0, 0.0, 0.0, 0.0, 0.0, 0.0, 0.0, 0.0, 0.0, 0.0, 0.0, 0.0, 0.0, 0.0, 0.0, 0.0, 0.0, 0.0, 0.0, 0.0, 0.0, 0.0, 0.0, 0.0, 0.0, 0.0, 0.0, 0.0, 0.0, 0.0, 0.0, 0.0, 0.0, 0.0, 0.0, 0.0, 0.0, 0.0, 0.0, 0.0, 0.0, 0.0, 0.0, 0.0, 0.0, 0.0, 0.0, 0.0, 0.0, 0.0, 0.0, 0.0, 0.0, 0.0, 0.0, 0.0, 0.0, 0.0, 0.0, 0.0, 0.0, 0.0, 0.0, 0.0, 0.0, 0.0, 0.0, 0.0, 0.0, 0.0, 0.0, 0.0, 0.0, 0.0, 0.0, 0.0, 0.0, 0.0, 0.0, 0.0, 0.0, 0.0, 0.0, 0.0, 0.0, 0.0, 0.0, 0.0, 0.0, 0.0, 0.0, 0.0, 0.0, 0.0, 0.0, 0.0, 0.0, 0.0, 0.0, 0.0, 0.0, 0.0, 0.0, 0.0, 0.0, 0.0, 0.0, 0.0, 0.0, 0.0, 0.0, 0.0, 0.0, 0.0, 0.0, 0.0, 0.0, 0.0, 0.0, 0.0, 0.0, 0.0, 0.0, 0.0, 0.0, 0.0, 0.0, 0.0, 0.0, 0.0, 0.0, 0.0, 0.0, 0.0, 0.0, 0.0, 0.0, 0.0, 0.0, 0.0, 0.0, 0.0, 0.0, 0.0, 0.0, 0.0, 0.0, 0.0, 0.0, 0.0, 0.0, 0.0, 0.0, 0.0, 0.0, 0.0, 0.0, 0.0, 0.0, 0.0, 0.0, 0.0, 0.0, 0.0, 0.0, 0.0, 0.0, 0.0, 0.0, 0.0, 0.0, 0.0, 0.0, 0.0, 0.0, 0.0, 0.0, 0.0, 0.0, 0.0, 0.0, 0.0, 0.0, 0.0, 0.0, 0.0, 0.0, 0.0, 0.0, 0.0, 0.0, 0.0, 0.0, 0.0, 0.0, 0.0, 0.0, 0.0, 0.0, 0.0, 0.0, 0.0, 0.0, 0.0, 0.0, 0.0, 0.0, 0.0, 0.0, 0.0, 0.0, 0.0, 0.0, 0.0, 0.0, 0.0, 0.0, 0.0, 0.0, 0.0, 0.0, 0.0, 0.0, 0.0, 0.0, 0.0, 0.0, 0.0, 0.0, 0.0, 0.0, 0.0, 0.0, 0.0, 0.0, 0.0, 0.0, 0.0, 0.0, 0.0, 0.0, 0.0, 0.0, 0.0, 0.0, 0.0, 0.0, 0.0, 0.0, 0.0, 0.0, 0.0, 0.0, 0.0, 0.0, 0.0, 0.0, 0.0, 0.0, 0.0, 0.0, 0.0, 0.0, 0.0, 0.0, 0.0, 0.0, 0.0, 0.0, 0.0, 0.0, 0.0, 0.0, 0.0, 0.0, 0.0, 0.0, 0.0, 0.0, 0.0, 0.0, 0.0, 0.0, 0.0, 0.0, 0.0, 0.0, 0.0, 0.0, 0.0, 0.0, 0.0, 0.0, 0.0, 0.0, 0.0, 0.0, 0.0, 0.0, 0.0, 0.0, 0.0, 0.0, 0.0, 0.0, 0.0, 0.0, 0.0, 0.0, 0.0, 0.0, 0.0, 0.0, 0.0, 0.0, 0.0, 0.0, 0.0, 0.0, 0.0, 0.0, 0.0, 0.0, 0.0, 0.0, 0.0, 0.0, 0.0, 0.0, 0.0, 0.0, 0.0, 0.0, 0.0, 0.0, 0.0, 0.0, 0.0, 0.0, 0.0, 0.0, 0.0, 0.0, 0.0, 0.0, 0.0, 0.0, 0.0, 0.0, 0.0, 0.0, 0.0, 0.0, 0.0, 0.0, 0.0, 0.0, 0.0, 0.0, 0.0, 0.0, 0.0, 0.0, 0.0, 0.0, 0.0, 0.0, 0.0, 0.0, 0.0, 0.0, 0.0, 0.0, 0.0, 0.0, 0.0, 0.0, 0.0, 0.0, 0.0, 0.0, 0.0, 0.0, 0.0, 0.0, 0.0, 0.0, 0.0, 0.0, 0.0, 0.0, 0.0, 0.0, 0.0, 0.0, 0.0, 0.0, 0.0, 0.0, 0.0, 0.0, 0.0, 0.0, 0.0, 0.0, 0.0, 0.0, 0.0, 0.0, 0.0, 0.0, 0.0, 0.0, 0.0, 0.0, 0.0, 0.0, 0.0, 0.0, 0.0, 0.0, 0.0, 0.0, 0.0, 0.0, 0.0, 0.0, 0.0, 0.0, 0.0, 0.0, 0.0, 0.0, 0.0, 0.0, 0.0, 0.0, 0.0, 0.0, 0.0, 0.0, 0.0, 0.0, 0.0, 0.0, 0.0, 0.0, 0.0, 0.0, 0.0, 0.0, 0.0, 0.0, 0.0, 0.0, 0.0, 0.0, 0.0, 0.0, 0.0, 0.0, 0.0, 0.0, 0.0, 0.0, 0.0, 0.0, 0.0, 0.0, 0.0, 0.0, 0.0, 0.0, 0.0, 0.0, 0.0, 0.0, 0.0, 0.0, 0.0, 0.0, 0.0, 0.0, 0.0, 0.0, 0.0, 0.0, 0.0, 0.0, 0.0, 0.0, 0.0, 0.0, 0.0, 0.0, 0.0, 0.0, 0.0, 0.0, 0.0, 0.0, 0.0, 0.0, 0.0, 0.0, 0.0, 0.0, 0.0, 0.0, 0.0, 0.0, 0.0, 0.0, 0.0, 0.0, 0.0, 0.0, 0.0, 0.0, 0.0, 0.0, 0.0, 0.0, 0.0, 0.0, 0.0, 0.0, 0.0, 0.0, 0.0, 0.0, 0.0, 0.0, 0.0, 0.0, 0.0, 0.0, 0.0, 0.0, 0.0, 0.0, 0.0, 0.0, 0.0, 0.0, 0.0, 0.0, 0.0, 0.0, 0.0, 0.0, 0.0, 0.0, 0.0, 0.0, 0.0, 0.0, 0.0, 0.0, 0.0, 0.0, 0.0, 0.0, 0.0, 0.0, 0.0, 0.0, 0.0, 0.0, 0.0, 0.0, 0.0, 0.0, 0.0, 0.0, 0.0, 0.0, 0.0, 0.0, 0.0, 0.0, 0.0, 0.0, 0.0, 0.0, 0.0, 0.0, 0.0, 0.0, 0.0, 0.0, 0.0, 0.0, 0.0, 0.0, 0.0, 0.0, 0.0, 0.0, 0.0, 0.0, 0.0, 0.0, 0.0, 0.0, 0.0, 0.0, 0.0, 0.0, 0.0, 0.0, 0.0, 0.0, 0.0, 0.0, 0.0, 0.0, 0.0, 0.0, 0.0, 0.0, 0.0, 0.0, 0.0, 0.0, 0.0, 0.0, 0.0, 0.0, 0.0, 0.0, 0.0, 0.0, 0.0, 0.0, 0.0, 0.0, 0.0, 0.0, 0.0, 0.0, 0.0, 0.0, 0.0, 0.0, 0.0, 0.0, 0.0, 0.0, 0.0, 0.0, 0.0, 0.0, 0.0, 0.0, 0.0, 0.0, 0.0, 0.0, 0.0, 0.0, 0.0, 0.0, 0.0, 0.0, 0.0, 0.0, 0.0, 0.0, 0.0, 0.0, 0.0, 0.0, 0.0, 0.0, 0.0, 0.0, 0.0, 0.0, 0.0, 0.0, 0.0, 0.0, 0.0, 0.0, 0.0, 0.0, 0.0, 0.0, 0.0, 0.0, 0.0, 0.0, 0.0, 0.0, 0.0, 0.0, 0.0, 0.0, 0.0, 0.0, 0.0, 0.0, 0.0, 0.0, 0.0, 0.0, 0.0, 0.0, 0.0, 0.0, 0.0, 0.0, 0.0, 0.0, 0.0, 0.0, 0.0, 0.0, 0.0, 0.0, 0.0, 0.0, 0.0, 0.0, 0.0, 0.0, 0.0, 0.0, 0.0, 0.0, 0.0, 0.0, 0.0, 0.0, 0.0, 0.0, 0.0, 0.0, 0.0, 0.0, 0.0, 0.0, 0.0, 0.0, 0.0, 0.0, 0.0, 0.0, 0.0, 0.0, 0.0, 0.0, 0.0, 0.0, 0.0, 0.0, 0.0, 0.0, 0.0, 0.0, 0.0, 0.0, 0.0, 0.0, 0.0, 0.0, 0.0, 0.0, 0.0, 0.0, 0.0, 0.0, 0.0, 0.0, 0.0, 0.0, 0.0, 0.0, 0.0, 0.0, 0.0, 0.0, 0.0, 0.0, 0.0, 0.0, 0.0, 0.0, 0.0, 0.0, 0.0, 0.0, 0.0, 0.0, 0.0, 0.0, 0.0, 0.0, 0.0, 0.0, 0.0, 0.0, 0.0, 0.0, 0.0, 0.0, 0.0, 0.0, 0.0, 0.0, 0.0, 0.0, 0.0, 0.0, 0.0, 0.0, 0.0, 0.0, 0.0, 0.0, 0.0, 0.0, 0.0, 0.0, 0.0, 0.0, 0.0, 0.0, 0.0, 0.0, 0.0, 0.0, 0.0, 0.0, 0.0, 0.0, 0.0, 0.0, 0.0, 0.0, 0.0, 0.0, 0.0, 0.0, 0.0, 0.0, 0.0, 0.0, 0.0, 0.0, 0.0, 0.0, 0.0, 0.0, 0.0, 0.0, 0.0, 0.0, 0.0, 0.0, 0.0, 0.0, 0.0, 0.0, 0.0, 0.0, 0.0, 0.0, 0.0, 0.0, 0.0, 0.0, 0.0, 0.0, 0.0, 0.0, 0.0, 0.0, 0.0, 0.0, 0.0, 0.0, 0.0, 0.0, 0.0, 0.0, 0.0, 0.0, 0.0, 0.0, 0.0, 0.0, 0.0, 0.0, 0.0, 0.0, 0.0, 0.0, 0.0, 0.0, 0.0, 0.0, 0.0, 0.0, 0.0, 0.0, 0.0, 0.0, 0.0, 0.0, 0.0, 0.0, 0.0, 0.0, 0.0, 0.0, 0.0, 0.0, 0.0, 0.0, 0.0, 0.0, 0.0, 0.0, 0.0, 0.0, 0.0, 0.0, 0.0, 0.0, 0.0, 0.0, 0.0, 0.0, 0.0, 0.0, 0.0, 0.0, 0.0, 0.0, 0.0, 0.0, 0.0, 0.0, 0.0, 0.0, 0.0, 0.0, 0.0, 0.0, 0.0, 0.0, 0.0, 0.0, 0.0, 0.0, 0.0, 0.0, 0.0, 0.0, 0.0, 0.0, 0.0, 0.0, 0.0, 0.0, 0.0, 0.0, 0.0, 0.0, 0.0, 0.0, 0.0, 0.0, 0.0, 0.0, 0.0, 0.0, 0.0, 0.0, 0.0, 0.0, 0.0, 0.0, 0.0, 0.0, 0.0, 0.0, 0.0, 0.0, 0.0, 0.0, 0.0, 0.0, 0.0, 0.0, 0.0, 0.0, 0.0, 0.0, 0.0, 0.0, 0.0, 0.0, 0.0, 0.0, 0.0, 0.0, 0.0, 0.0, 0.0, 0.0, 0.0, 0.0, 0.0, 0.0, 0.0, 0.0, 0.0, 0.0, 0.0, 0.0, 0.0, 0.0, 0.0, 0.0, 0.0, 0.0, 0.0, 0.0, 0.0, 0.0, 0.0, 0.0, 0.0, 0.0, 0.0, 0.0, 0.0, 0.0, 0.0, 0.0, 0.0, 0.0, 0.0, 0.0, 0.0, 0.0, 0.0, 0.0, 0.0, 0.0, 0.0, 0.0, 0.0, 0.0, 0.0, 0.0, 0.0, 0.0, 0.0, 0.0, 0.0, 0.0, 0.0, 0.0, 0.0, 0.0, 0.0, 0.0, 0.0, 0.0, 0.0, 0.0, 0.0, 0.0, 0.0, 0.0, 0.0, 0.0, 0.0, 0.0, 0.0, 0.0, 0.0, 0.0, 0.0, 0.0, 0.0, 0.0, 0.0, 0.0, 0.0, 0.0, 0.0, 0.0, 0.0, 0.0, 0.0, 0.0, 0.0, 0.0, 0.0, 0.0, 0.0, 0.0, 0.0, 0.0, 0.0, 0.0, 0.0, 0.0, 0.0, 0.0, 0.0, 0.0, 0.0, 0.0, 0.0, 0.0, 0.0, 0.0, 0.0, 0.0, 0.0, 0.0, 0.0, 0.0, 0.0, 0.0, 0.0, 0.0, 0.0, 0.0, 0.0, 0.0, 0.0, 0.0, 0.0, 0.0, 0.0, 0.0, 0.0, 0.0, 0.0, 0.0, 0.0, 0.0, 0.0, 0.0, 0.0, 0.0, 0.0, 0.0, 0.0, 0.0, 0.0, 0.0, 0.0, 0.0, 0.0, 0.0, 0.0, 0.0, 0.0, 0.0, 0.0, 0.0, 0.0, 0.0, 0.0, 0.0, 0.0, 0.0, 0.0, 0.0, 0.0, 0.0, 0.0, 0.0, 0.0, 0.0, 0.0, 0.0, 0.0, 0.0, 0.0, 0.0, 0.0, 0.0, 0.0, 0.0, 0.0, 0.0, 0.0, 0.0, 0.0, 0.0, 0.0, 0.0, 0.0, 0.0, 0.0, 0.0, 0.0, 0.0, 0.0, 0.0, 0.0, 0.0, 0.0, 0.0, 0.0, 0.0, 0.0, 0.0, 0.0, 0.0, 0.0, 0.0, 0.0, 0.0, 0.0, 0.0, 0.0, 0.0, 0.0, 0.0, 0.0, 0.0, 0.0, 0.0, 0.0, 0.0, 0.0, 0.0, 0.0, 0.0, 0.0, 0.0, 0.0, 0.0, 0.0, 0.0, 0.0, 0.0, 0.0, 0.0, 0.0, 0.0, 0.0, 0.0, 0.0, 0.0, 0.0, 0.0, 0.0, 0.0, 0.0, 0.0, 0.0, 0.0, 0.0, 0.0, 0.0, 0.0, 0.0, 0.0, 0.0, 0.0, 0.0, 0.0, 0.0, 0.0, 0.0, 0.0, 0.0, 0.0, 0.0, 0.0, 0.0, 0.0, 0.0, 0.0, 0.0, 0.0, 0.0, 0.0, 0.0, 0.0, 0.0, 0.0, 0.0, 0.0, 0.0, 0.0, 0.0, 0.0, 0.0, 0.0, 0.0, 0.0, 0.0, 0.0, 0.0, 0.0, 0.0, 0.0, 0.0, 0.0, 0.0, 0.0, 0.0, 0.0, 0.0, 0.0, 0.0, 0.0, 0.0, 0.0, 0.0, 0.0, 0.0, 0.0, 0.0, 0.0, 0.0, 0.0, 0.0, 0.0, 0.0, 0.0, 0.0, 0.0, 0.0, 0.0, 0.0, 0.0, 0.0, 0.0, 0.0, 0.0, 0.0, 0.0, 0.0, 0.0, 0.0, 0.0, 0.0, 0.0, 0.0, 0.0, 0.0, 0.0, 0.0, 0.0, 0.0, 0.0, 0.0, 0.0, 0.0, 0.0, 0.0, 0.0, 0.0, 0.0, 0.0, 0.0, 0.0, 0.0, 0.0, 0.0, 0.0, 0.0, 0.0, 0.0, 0.0, 0.0, 0.0, 0.0, 0.0, 0.0, 0.0, 0.0, 0.0, 0.0, 0.0, 0.0, 0.0, 0.0, 0.0, 0.0, 0.0, 0.0, 0.0, 0.0, 0.0, 0.0, 0.0, 0.0, 0.0, 0.0, 0.0, 0.0, 0.0, 0.0, 0.0, 0.0, 0.0, 0.0, 0.0, 0.0, 0.0, 0.0, 0.0, 0.0, 0.0, 0.0, 0.0, 0.0, 0.0, 0.0, 0.0, 0.0, 0.0, 0.0, 0.0, 0.0, 0.0, 0.0, 0.0, 0.0, 0.0, 0.0, 0.0, 0.0, 0.0, 0.0, 0.0, 0.0, 0.0, 0.0, 0.0, 0.0, 0.0, 0.0, 0.0, 0.0, 0.0, 0.0, 0.0, 0.0, 0.0, 0.0, 0.0, 0.0, 0.0, 0.0, 0.0, 0.0, 0.0, 0.0, 0.0, 0.0, 0.0, 0.0, 0.0, 0.0, 0.0, 0.0, 0.0, 0.0, 0.0, 0.0, 0.0, 0.0, 0.0, 0.0, 0.0, 0.0, 0.0, 0.0, 0.0, 0.0, 0.0, 0.0, 0.0, 0.0, 0.0, 0.0, 0.0, 0.0, 0.0, 0.0, 0.0, 0.0, 0.0, 0.0, 0.0, 0.0, 0.0, 0.0, 0.0, 0.0, 0.0, 0.0, 0.0, 0.0, 0.0, 0.0, 0.0, 0.0, 0.0, 0.0, 0.0, 0.0, 0.0, 0.0, 0.0, 0.0, 0.0, 0.0, 0.0, 0.0, 0.0, 0.0, 0.0, 0.0, 0.0, 0.0, 0.0, 0.0, 0.0, 0.0, 0.0, 0.0, 0.0, 0.0, 0.0, 0.0, 0.0, 0.0, 0.0, 0.0, 0.0, 0.0, 0.0, 0.0, 0.0, 0.0, 0.0, 0.0, 0.0, 0.0, 0.0, 0.0, 0.0, 0.0, 0.0, 0.0, 0.0, 0.0, 0.0, 0.0, 0.0, 0.0, 0.0, 0.0, 0.0, 0.0, 0.0, 0.0, 0.0, 0.0, 0.0, 0.0, 0.0, 0.0, 0.0, 0.0, 0.0, 0.0, 0.0, 0.0, 0.0, 0.0, 0.0, 0.0, 0.0, 0.0, 0.0, 0.0, 0.0, 0.0, 0.0, 0.0, 0.0, 0.0, 0.0, 0.0, 0.0, 0.0, 0.0, 0.0, 0.0, 0.0, 0.0, 0.0, 0.0, 0.0, 0.0, 0.0, 0.0, 0.0, 0.0, 0.0, 0.0, 0.0, 0.0, 0.0, 0.0, 0.0, 0.0, 0.0, 0.0, 0.0, 0.0, 0.0, 0.0, 0.0, 0.0, 0.0, 0.0, 0.0, 0.0, 0.0, 0.0, 0.0, 0.0, 0.0, 0.0, 0.0, 0.0, 0.0, 0.0, 0.0, 0.0, 0.0, 0.0, 0.0, 0.0, 0.0, 0.0, 0.0, 0.0, 0.0, 0.0, 0.0, 0.0, 0.0, 0.0, 0.0, 0.0, 0.0, 0.0, 0.0, 0.0, 0.0, 0.0, 0.0, 0.0, 0.0, 0.0, 0.0, 0.0, 0.0, 0.0, 0.0, 0.0, 0.0, 0.0, 0.0, 0.0, 0.0, 0.0, 0.0, 0.0, 0.0, 0.0, 0.0, 0.0, 0.0, 0.0, 0.0, 0.0, 0.0, 0.0, 0.0, 0.0, 0.0, 0.0, 0.0, 0.0, 0.0, 0.0, 0.0, 0.0, 0.0, 0.0, 0.0, 0.0, 0.0, 0.0, 0.0, 0.0, 0.0, 0.0, 0.0, 0.0, 0.0, 0.0, 0.0, 0.0, 0.0, 0.0, 0.0, 0.0, 0.0, 0.0, 0.0, 0.0, 0.0, 0.0, 0.0, 0.0, 0.0, 0.0, 0.0, 0.0, 0.0, 0.0, 0.0, 0.0, 0.0, 0.0, 0.0, 0.0, 0.0, 0.0, 0.0, 0.0, 0.0, 0.0, 0.0, 0.0, 0.0, 0.0, 0.0, 0.0, 0.0, 0.0, 0.0, 0.0, 0.0, 0.0, 0.0, 0.0, 0.0, 0.0, 0.0, 0.0, 0.0, 0.0, 0.0, 0.0, 0.0, 0.0, 0.0, 0.0, 0.0, 0.0, 0.0, 0.0, 0.0, 0.0, 0.0, 0.0, 0.0, 0.0, 0.0, 0.0, 0.0, 0.0, 0.0, 0.0, 0.0, 0.0, 0.0, 0.0, 0.0, 0.0, 0.0, 0.0, 0.0, 0.0, 0.0, 0.0, 0.0, 0.0, 0.0, 0.0, 0.0, 0.0, 0.0, 0.0, 0.0, 0.0, 0.0, 0.0, 0.0, 0.0, 0.0, 0.0, 0.0, 0.0, 0.0, 0.0, 0.0, 0.0, 0.0, 0.0, 0.0, 0.0, 0.0, 0.0, 0.0, 0.0, 0.0, 0.0, 0.0, 0.0, 0.0, 0.0, 0.0, 0.0, 0.0, 0.0, 0.0, 0.0, 0.0, 0.0, 0.0, 0.0, 0.0, 0.0, 0.0, 0.0, 0.0, 0.0, 0.0, 0.0, 0.0, 0.0, 0.0, 0.0, 0.0, 0.0, 0.0, 0.0, 0.0, 0.0, 0.0, 0.0, 0.0, 0.0, 0.0, 0.0, 0.0, 0.0, 0.0, 0.0, 0.0, 0.0, 0.0, 0.0, 0.0, 0.0, 0.0, 0.0, 0.0, 0.0, 0.0, 0.0, 0.0, 0.0, 0.0, 0.0, 0.0, 0.0, 0.0, 0.0, 0.0, 0.0, 0.0, 0.0, 0.0, 0.0, 0.0, 0.0, 0.0, 0.0, 0.0, 0.0, 0.0, 0.0, 0.0, 0.0, 0.0, 0.0, 0.0, 0.0, 0.0, 0.0, 0.0, 0.0, 0.0, 0.0, 0.0, 0.0, 0.0, 0.0, 0.0, 0.0, 0.0, 0.0, 0.0, 0.0, 0.0, 0.0, 0.0, 0.0, 0.0, 0.0, 0.0, 0.0, 0.0, 0.0, 0.0, 0.0, 0.0, 0.0, 0.0, 0.0, 0.0, 0.0, 0.0, 0.0, 0.0, 0.0, 0.0, 0.0, 0.0, 0.0, 0.0, 0.0, 0.0, 0.0, 0.0, 0.0, 0.0, 0.0, 0.0, 0.0, 0.0, 0.0, 0.0, 0.0, 0.0, 0.0, 0.0, 0.0, 0.0, 0.0, 0.0, 0.0, 0.0, 0.0, 0.0, 0.0, 0.0, 0.0, 0.0, 0.0, 0.0, 0.0, 0.0, 0.0, 0.0, 0.0, 0.0, 0.0, 0.0, 0.0, 0.0, 0.0, 0.0, 0.0, 0.0, 0.0, 0.0, 0.0, 0.0, 0.0, 0.0, 0.0, 0.0, 0.0, 0.0, 0.0, 0.0, 0.0, 0.0, 0.0, 0.0, 0.0, 0.0, 0.0, 0.0, 0.0, 0.0, 0.0, 0.0, 0.0, 0.0, 0.0, 0.0, 0.0, 0.0, 0.0, 0.0, 0.0, 0.0, 0.0, 0.0, 0.0, 0.0, 0.0, 0.0, 0.0, 0.0, 0.0, 0.0, 0.0, 0.0, 0.0, 0.0, 0.0, 0.0, 0.0, 0.0, 0.0, 0.0, 0.0, 0.0, 0.0, 0.0, 0.0, 0.0, 0.0, 0.0, 0.0, 0.0, 0.0, 0.0, 0.0, 0.0, 0.0, 0.0, 0.0, 0.0, 0.0, 0.0, 0.0, 0.0, 0.0, 0.0, 0.0, 0.0, 0.0, 0.0, 0.0, 0.0, 0.0, 0.0, 0.0, 0.0, 0.0, 0.0, 0.0, 0.0, 0.0, 0.0, 0.0, 0.0, 0.0, 0.0, 0.0, 0.0, 0.0, 0.0, 0.0, 0.0, 0.0, 0.0, 0.0, 0.0, 0.0, 0.0, 0.0, 0.0, 0.0, 0.0, 0.0, 0.0, 0.0, 0.0, 0.0, 0.0, 0.0, 0.0, 0.0, 0.0, 0.0, 0.0, 0.0, 0.0, 0.0, 0.0, 0.0, 0.0, 0.0, 0.0, 0.0, 0.0, 0.0, 0.0, 0.0, 0.0, 0.0, 0.0, 0.0, 0.0, 0.0, 0.0, 0.0, 0.0, 0.0, 0.0, 0.0, 0.0, 0.0, 0.0, 0.0, 0.0, 0.0, 0.0, 0.0, 0.0, 0.0, 0.0, 0.0, 0.0, 0.0, 0.0, 0.0, 0.0, 0.0, 0.0, 0.0, 0.0, 0.0, 0.0, 0.0, 0.0, 0.0, 0.0, 0.0, 0.0, 0.0, 0.0, 0.0, 0.0, 0.0, 0.0, 0.0, 0.0, 0.0, 0.0, 0.0, 0.0, 0.0, 0.0, 0.0, 0.0, 0.0, 0.0, 0.0, 0.0, 0.0, 0.0, 0.0, 0.0, 0.0, 0.0, 0.0, 0.0, 0.0, 0.0, 0.0, 0.0, 0.0, 0.0, 0.0, 0.0, 0.0, 0.0, 0.0, 0.0, 0.0, 0.0, 0.0, 0.0, 0.0, 0.0, 0.0, 0.0, 0.0, 0.0, 0.0, 0.0, 0.0, 0.0, 0.0, 0.0, 0.0, 0.0, 0.0, 0.0, 0.0, 0.0, 0.0, 0.0, 0.0, 0.0, 0.0, 0.0, 0.0, 0.0, 0.0, 0.0, 0.0, 0.0, 0.0, 0.0, 0.0, 0.0, 0.0, 0.0, 0.0, 0.0, 0.0, 0.0, 0.0, 0.0, 0.0, 0.0, 0.0, 0.0, 0.0, 0.0, 0.0, 0.0, 0.0, 0.0, 0.0, 0.0, 0.0, 0.0, 0.0, 0.0, 0.0, 0.0, 0.0, 0.0, 0.0, 0.0, 0.0, 0.0, 0.0, 0.0, 0.0, 0.0, 0.0, 0.0, 0.0, 0.0, 0.0, 0.0, 0.0, 0.0, 0.0, 0.0, 0.0, 0.0, 0.0, 0.0, 0.0, 0.0, 0.0, 0.0, 0.0, 0.0, 0.0, 0.0, 0.0, 0.0, 0.0, 0.0, 0.0, 0.0, 0.0, 0.0, 0.0, 0.0, 0.0, 0.0, 0.0, 0.0, 0.0, 0.0, 0.0, 0.0, 0.0, 0.0, 0.0, 0.0, 0.0, 0.0, 0.0, 0.0, 0.0, 0.0, 0.0, 0.0, 0.0, 0.0, 0.0, 0.0, 0.0, 0.0, 0.0, 0.0, 0.0, 0.0, 0.0, 0.0, 0.0, 0.0, 0.0, 0.0, 0.0, 0.0, 0.0, 0.0, 0.0, 0.0, 0.0, 0.0, 0.0, 0.0, 0.0, 0.0, 0.0, 0.0, 0.0, 0.0, 0.0, 0.0, 0.0, 0.0, 0.0, 0.0, 0.0, 0.0, 0.0, 0.0, 0.0, 0.0, 0.0, 0.0, 0.0, 0.0, 0.0, 0.0, 0.0, 0.0, 0.0, 0.0, 0.0, 0.0, 0.0, 0.0, 0.0, 0.0, 0.0, 0.0, 0.0, 0.0, 0.0, 0.0, 0.0, 0.0, 0.0, 0.0, 0.0, 0.0, 0.0, 0.0, 0.0, 0.0, 0.0, 0.0, 0.0, 0.0, 0.0, 0.0, 0.0, 0.0, 0.0, 0.0, 0.0, 0.0, 0.0, 0.0, 0.0, 0.0, 0.0, 0.0, 0.0, 0.0, 0.0, 0.0, 0.0, 0.0, 0.0, 0.0, 0.0, 0.0, 0.0, 0.0, 0.0, 0.0, 0.0, 0.0, 0.0, 0.0, 0.0, 0.0, 0.0, 0.0, 0.0, 0.0, 0.0, 0.0, 0.0, 0.0, 0.0, 0.0, 0.0, 0.0, 0.0, 0.0, 0.0, 0.0, 0.0, 0.0, 0.0, 0.0, 0.0, 0.0, 0.0, 0.0, 0.0, 0.0, 0.0, 0.0, 0.0, 0.0, 0.0, 0.0, 0.0, 0.0, 0.0, 0.0, 0.0, 0.0, 0.0, 0.0, 0.0, 0.0, 0.0, 0.0, 0.0, 0.0, 0.0, 0.0, 0.0, 0.0, 0.0, 0.0, 0.0, 0.0, 0.0, 0.0, 0.0, 0.0, 0.0, 0.0, 0.0, 0.0, 0.0, 0.0, 0.0, 0.0, 0.0, 0.0, 0.0, 0.0, 0.0, 0.0, 0.0, 0.0, 0.0, 0.0, 0.0, 0.0, 0.0, 0.0, 0.0, 0.0, 0.0, 0.0, 0.0, 0.0, 0.0, 0.0, 0.0, 0.0, 0.0, 0.0, 0.0, 0.0, 0.0, 0.0, 0.0, 0.0, 0.0, 0.0, 0.0, 0.0, 0.0, 0.0, 0.0, 0.0, 0.0, 0.0, 0.0, 0.0, 0.0, 0.0, 0.0, 0.0, 0.0, 0.0, 0.0, 0.0, 0.0, 0.0, 0.0, 0.0, 0.0, 0.0, 0.0, 0.0, 0.0, 0.0, 0.0, 0.0, 0.0, 0.0, 0.0, 0.0, 0.0, 0.0, 0.0, 0.0, 0.0, 0.0, 0.0, 0.0, 0.0, 0.0, 0.0, 0.0, 0.0, 0.0, 0.0, 0.0, 0.0, 0.0, 0.0, 0.0, 0.0, 0.0, 0.0, 0.0, 0.0, 0.0, 0.0, 0.0, 0.0, 0.0, 0.0, 0.0, 0.0, 0.0, 0.0, 0.0, 0.0, 0.0, 0.0, 0.0, 0.0, 0.0, 0.0, 0.0, 0.0, 0.0, 0.0, 0.0, 0.0, 0.0, 0.0, 0.0, 0.0, 0.0, 0.0, 0.0, 0.0, 0.0, 0.0, 0.0, 0.0, 0.0, 0.0, 0.0, 0.0, 0.0, 0.0, 0.0, 0.0, 0.0, 0.0, 0.0, 0.0, 0.0, 0.0, 0.0, 0.0, 0.0, 0.0, 0.0, 0.0, 0.0, 0.0, 0.0, 0.0, 0.0, 0.0, 0.0, 0.0, 0.0, 0.0, 0.0, 0.0, 0.0, 0.0, 0.0, 0.0, 0.0, 0.0, 0.0, 0.0, 0.0, 0.0, 0.0, 0.0]"
cost_energy_t,"Any[[0.0, 1.0e-5, 0.00017999999999999998, 0.00041, 0.0006, 0.00073, 0.0008, 0.00076, 0.00067, 0.0005600000000000001, 0.00037, 0.00017, 2.0e-5, 0.0, 0.0, 0.0, 0.0, 0.0, 0.0, 0.0, 0.0, 0.0, 0.0, 0.0, 0.0, 0.0, 5.9999999999999995e-5, 0.00019, 0.00037, 0.00046, 0.00047999999999999996, 0.00047999999999999996, 0.00041999999999999996, 0.00033, 0.00022, 0.0001, 1.0e-5, 0.0, 0.0, 0.0, 0.0, 0.0, 0.0, 0.0, 0.0, 0.0, 0.0, 0.0, 0.0, 0.0, 8.0e-5, 0.00023999999999999998, 0.0004, 0.0005200000000000001, 0.00058, 0.00057, 0.00053, 0.00041, 0.00025, 0.00011999999999999999, 1.0e-5, 0.0, 0.0, 0.0, 0.0, 0.0, 0.0, 0.0, 0.0, 0.0, 0.0, 0.0, 0.0, 0.0, 4.0e-5, 0.00011, 0.0002, 0.00027, 0.00031, 0.00029, 0.00023999999999999998, 0.00019, 0.00013000000000000002, 7.000000000000001e-5, 1.0e-5, 0.0, 0.0, 0.0, 0.0, 0.0, 0.0, 0.0, 0.0, 0.0, 0.0, 0.0, 0.0, 0.0, 8.999999999999999e-5, 0.00026000000000000003, 0.00044, 0.0006, 0.00067, 0.00068, 0.00061, 0.00043, 0.00023, 8.999999999999999e-5, 1.0e-5, 0.0, 0.0, 0.0, 0.0, 0.0, 0.0, 0.0, 0.0, 0.0, 0.0, 0.0, 0.0, 1.0e-5, 0.0002, 0.00047999999999999996, 0.00068, 0.00082, 0.0008900000000000001, 0.0008900000000000001, 0.00086, 0.00073, 0.00055, 0.00031, 4.0e-5, 0.0, 0.0, 0.0, 0.0, 0.0, 0.0, 0.0, 0.0, 0.0, 0.0, 0.0, 0.0, 1.0e-5, 0.00022, 0.00049, 0.00069, 0.00082, 0.0008900000000000001, 0.0008900000000000001, 0.00083, 0.0007099999999999999, 0.00049, 0.00028000000000000003, 2.9999999999999997e-5, 0.0, 0.0, 0.0, 0.0, 0.0, 0.0, 0.0, 0.0, 0.0, 0.0, 0.0], [0.0, 4.0e-5, 0.0002, 0.00044, 0.00064, 0.00076, 0.00083, 0.0008399999999999999, 0.00079, 0.00067, 0.00051, 0.0003, 0.0001, 0.0, 0.0, 0.0, 0.0, 0.0, 0.0, 0.0, 0.0, 0.0, 0.0, 0.0, 0.0, 5.0e-5, 0.00023, 0.00044, 0.00063, 0.00076, 0.00082, 0.00083, 0.00078, 0.00066, 0.00051, 0.00031, 0.0001, 0.0, 0.0, 0.0, 0.0, 0.0, 0.0, 0.0, 0.0, 0.0, 0.0, 0.0, 0.0, 5.0e-5, 0.00023, 0.00045, 0.00063, 0.00073, 0.00074, 0.00065, 0.0005600000000000001, 0.0005, 0.00044, 0.00029, 0.0001, 0.0, 0.0, 0.0, 0.0, 0.0, 0.0, 0.0, 0.0, 0.0, 0.0, 0.0, 0.0, 4.0e-5, 0.00020999999999999998, 0.00041999999999999996, 0.00057, 0.00066, 0.0007099999999999999, 0.00073, 0.00067, 0.00053, 0.00041, 0.00023999999999999998, 7.000000000000001e-5, 0.0, 0.0, 0.0, 0.0, 0.0, 0.0, 0.0, 0.0, 0.0, 0.0, 0.0, 0.0, 2.9999999999999997e-5, 0.00011999999999999999, 0.00017999999999999998, 0.00026000000000000003, 0.00035999999999999997, 0.00041, 0.00046, 0.0005200000000000001, 0.00043, 0.00033, 0.00016, 4.0e-5, 0.0, 0.0, 0.0, 0.0, 0.0, 0.0, 0.0, 0.0, 0.0, 0.0, 0.0, 0.0, 1.0e-5, 8.999999999999999e-5, 0.00017999999999999998, 0.00029, 0.0004, 0.00041, 0.0004, 0.00035, 0.00027, 0.00020999999999999998, 0.00016, 5.0e-5, 0.0, 0.0, 0.0, 0.0, 0.0, 0.0, 0.0, 0.0, 0.0, 0.0, 0.0, 0.0, 2.0e-5, 0.00014000000000000001, 0.00028000000000000003, 0.00041, 0.00054, 0.00061, 0.00064, 0.0005899999999999999, 0.00047, 0.00038, 0.00022, 5.9999999999999995e-5, 0.0, 0.0, 0.0, 0.0, 0.0, 0.0, 0.0, 0.0, 0.0, 0.0, 0.0], [0.0, 0.0, 0.00015, 0.00041, 0.00062, 0.00075, 0.00083, 0.0008399999999999999, 0.00078, 0.00064, 0.00045, 0.0002, 1.0e-5, 0.0, 0.0, 0.0, 0.0, 0.0, 0.0, 0.0, 0.0, 0.0, 0.0, 0.0, 0.0, 0.0, 0.00017, 0.00043, 0.00064, 0.0007700000000000001, 0.00083, 0.00083, 0.0007700000000000001, 0.00064, 0.00044, 0.00019, 1.0e-5, 0.0, 0.0, 0.0, 0.0, 0.0, 0.0, 0.0, 0.0, 0.0, 0.0, 0.0, 0.0, 0.0, 0.00019, 0.00047, 0.00068, 0.0008100000000000001, 0.00086, 0.00087, 0.0008100000000000001, 0.00068, 0.00049, 0.00023, 2.0e-5, 0.0, 0.0, 0.0, 0.0, 0.0, 0.0, 0.0, 0.0, 0.0, 0.0, 0.0, 0.0, 0.0, 0.00023, 0.00051, 0.0007099999999999999, 0.00083, 0.0008900000000000001, 0.0008900000000000001, 0.0008399999999999999, 0.0007199999999999999, 0.00053, 0.00026000000000000003, 2.0e-5, 0.0, 0.0, 0.0, 0.0, 0.0, 0.0, 0.0, 0.0, 0.0, 0.0, 0.0, 0.0, 0.0, 0.00023, 0.00051, 0.0007, 0.00082, 0.00088, 0.00088, 0.00082, 0.00067, 0.00047, 0.00022, 2.0e-5, 0.0, 0.0, 0.0, 0.0, 0.0, 0.0, 0.0, 0.0, 0.0, 0.0, 0.0, 0.0, 0.0, 0.00019, 0.00047, 0.00067, 0.00079, 0.00086, 0.00086, 0.0008, 0.00066, 0.00046, 0.00020999999999999998, 2.0e-5, 0.0, 0.0, 0.0, 0.0, 0.0, 0.0, 0.0, 0.0, 0.0, 0.0, 0.0, 0.0, 0.0, 0.00016, 0.00041999999999999996, 0.00064, 0.0007700000000000001, 0.00085, 0.00086, 0.0008, 0.00068, 0.00049, 0.00023999999999999998, 2.0e-5, 0.0, 0.0, 0.0, 0.0, 0.0, 0.0, 0.0, 0.0, 0.0, 0.0, 0.0], [0.0, 5.9999999999999995e-5, 0.00019, 0.00032, 0.00047, 0.00055, 0.0005600000000000001, 0.00055, 0.00051, 0.00041, 0.00031, 0.00017999999999999998, 7.000000000000001e-5, 0.0, 0.0, 0.0, 0.0, 0.0, 0.0, 0.0, 0.0, 0.0, 0.0, 0.0, 0.0, 4.0e-5, 0.00014000000000000001, 0.00027, 0.0004, 0.0005, 0.0005600000000000001, 0.00058, 0.00055, 0.00047999999999999996, 0.00037, 0.00023999999999999998, 0.0001, 1.0e-5, 0.0, 0.0, 0.0, 0.0, 0.0, 0.0, 0.0, 0.0, 0.0, 0.0, 0.0, 5.9999999999999995e-5, 0.00019, 0.00035, 0.00051, 0.00062, 0.00067, 0.00069, 0.00065, 0.00057, 0.00044, 0.00026000000000000003, 0.00011, 1.0e-5, 0.0, 0.0, 0.0, 0.0, 0.0, 0.0, 0.0, 0.0, 0.0, 0.0, 0.0, 5.9999999999999995e-5, 0.0002, 0.00039, 0.00055, 0.00067, 0.00073, 0.00074, 0.00068, 0.0005600000000000001, 0.00039, 0.00023999999999999998, 0.0001, 0.0, 0.0, 0.0, 0.0, 0.0, 0.0, 0.0, 0.0, 0.0, 0.0, 0.0, 0.0, 5.0e-5, 0.0002, 0.00035999999999999997, 0.0005, 0.0005899999999999999, 0.00064, 0.00066, 0.00057, 0.00046, 0.00033, 0.00017999999999999998, 5.0e-5, 0.0, 0.0, 0.0, 0.0, 0.0, 0.0, 0.0, 0.0, 0.0, 0.0, 0.0, 0.0, 2.9999999999999997e-5, 0.00011999999999999999, 0.00026000000000000003, 0.00041, 0.00049, 0.00054, 0.00054, 0.0005, 0.00039, 0.00029, 0.00017, 7.000000000000001e-5, 0.0, 0.0, 0.0, 0.0, 0.0, 0.0, 0.0, 0.0, 0.0, 0.0, 0.0, 0.0, 2.0e-5, 0.0001, 0.0002, 0.0003, 0.00037, 0.00035, 0.00031, 0.00029, 0.00023999999999999998, 0.00019, 0.00011999999999999999, 5.0e-5, 0.0, 0.0, 0.0, 0.0, 0.0, 0.0, 0.0, 0.0, 0.0, 0.0, 0.0], [0.0, 0.0, 4.0e-5, 0.00011, 0.00017999999999999998, 0.00023999999999999998, 0.00029, 0.00032, 0.00035, 0.00032, 0.00023, 0.0001, 1.0e-5, 0.0, 0.0, 0.0, 0.0, 0.0, 0.0, 0.0, 0.0, 0.0, 0.0, 0.0, 0.0, 0.0, 8.0e-5, 0.00020999999999999998, 0.00037, 0.00051, 0.00058, 0.00061, 0.00057, 0.00047, 0.00031, 0.00014000000000000001, 1.0e-5, 0.0, 0.0, 0.0, 0.0, 0.0, 0.0, 0.0, 0.0, 0.0, 0.0, 0.0, 0.0, 0.0, 5.0e-5, 0.00016, 0.00027, 0.00038, 0.00041, 0.0004, 0.00035, 0.00025, 0.00016, 5.9999999999999995e-5, 1.0e-5, 0.0, 0.0, 0.0, 0.0, 0.0, 0.0, 0.0, 0.0, 0.0, 0.0, 0.0, 0.0, 0.0, 4.0e-5, 8.999999999999999e-5, 0.00016, 0.00023, 0.00031, 0.00035, 0.0003, 0.00023, 0.00014000000000000001, 5.9999999999999995e-5, 1.0e-5, 0.0, 0.0, 0.0, 0.0, 0.0, 0.0, 0.0, 0.0, 0.0, 0.0, 0.0, 0.0, 0.0, 2.9999999999999997e-5, 0.0001, 0.00019, 0.00026000000000000003, 0.00033, 0.0004, 0.00039, 0.00039, 0.00026000000000000003, 0.0001, 1.0e-5, 0.0, 0.0, 0.0, 0.0, 0.0, 0.0, 0.0, 0.0, 0.0, 0.0, 0.0, 0.0, 1.0e-5, 0.00019, 0.00046, 0.00067, 0.0008100000000000001, 0.00088, 0.0008900000000000001, 0.00085, 0.00075, 0.00058, 0.00034, 5.9999999999999995e-5, 0.0, 0.0, 0.0, 0.0, 0.0, 0.0, 0.0, 0.0, 0.0, 0.0, 0.0, 0.0, 1.0e-5, 0.00023, 0.00049, 0.00068, 0.00079, 0.00085, 0.00086, 0.00078, 0.00066, 0.00047999999999999996, 0.00023999999999999998, 2.9999999999999997e-5, 0.0, 0.0, 0.0, 0.0, 0.0, 0.0, 0.0, 0.0, 0.0, 0.0, 0.0], [0.0, 2.0e-5, 0.00014000000000000001, 0.00031, 0.0005, 0.0006, 0.00065, 0.00066, 0.00061, 0.00049, 0.00033, 0.00017, 5.9999999999999995e-5, 0.0, 0.0, 0.0, 0.0, 0.0, 0.0, 0.0, 0.0, 0.0, 0.0, 0.0, 0.0, 2.0e-5, 8.0e-5, 0.00017, 0.00023, 0.00027, 0.00032, 0.00032, 0.00029, 0.00023999999999999998, 0.00019, 0.0001, 2.0e-5, 0.0, 0.0, 0.0, 0.0, 0.0, 0.0, 0.0, 0.0, 0.0, 0.0, 0.0, 0.0, 4.0e-5, 0.00014000000000000001, 0.00026000000000000003, 0.00038, 0.00047999999999999996, 0.0005200000000000001, 0.00054, 0.00051, 0.0004, 0.00028000000000000003, 0.00016, 5.9999999999999995e-5, 0.0, 0.0, 0.0, 0.0, 0.0, 0.0, 0.0, 0.0, 0.0, 0.0, 0.0, 0.0, 2.9999999999999997e-5, 8.999999999999999e-5, 0.00017999999999999998, 0.00029, 0.00039, 0.00045, 0.00049, 0.00047, 0.00041, 0.00029, 0.00016, 5.0e-5, 0.0, 0.0, 0.0, 0.0, 0.0, 0.0, 0.0, 0.0, 0.0, 0.0, 0.0, 0.0, 2.9999999999999997e-5, 8.999999999999999e-5, 0.00014000000000000001, 0.00022, 0.00029, 0.00032, 0.00032, 0.00028000000000000003, 0.00023, 0.00017999999999999998, 0.00011999999999999999, 5.0e-5, 0.0, 0.0, 0.0, 0.0, 0.0, 0.0, 0.0, 0.0, 0.0, 0.0, 0.0, 0.0, 2.9999999999999997e-5, 0.00011, 0.00022, 0.0003, 0.00037, 0.00043, 0.00049, 0.0005, 0.00045, 0.00031, 0.00016, 5.0e-5, 0.0, 0.0, 0.0, 0.0, 0.0, 0.0, 0.0, 0.0, 0.0, 0.0, 0.0, 0.0, 4.0e-5, 0.00016, 0.00028000000000000003, 0.00037, 0.00044, 0.00041999999999999996, 0.00038, 0.00029, 0.00023999999999999998, 0.00016, 8.999999999999999e-5, 2.9999999999999997e-5, 0.0, 0.0, 0.0, 0.0, 0.0, 0.0, 0.0, 0.0, 0.0, 0.0, 0.0], [0.0, 1.0e-5, 0.00016, 0.00039, 0.0006, 0.00074, 0.0008100000000000001, 0.00083, 0.00079, 0.00067, 0.0005, 0.00027, 5.0e-5, 0.0, 0.0, 0.0, 0.0, 0.0, 0.0, 0.0, 0.0, 0.0, 0.0, 0.0, 0.0, 2.0e-5, 0.00022, 0.00047, 0.00066, 0.00078, 0.00083, 0.00082, 0.0007700000000000001, 0.00066, 0.00051, 0.00028000000000000003, 5.0e-5, 0.0, 0.0, 0.0, 0.0, 0.0, 0.0, 0.0, 0.0, 0.0, 0.0, 0.0, 0.0, 1.0e-5, 0.00019, 0.00041999999999999996, 0.00061, 0.00073, 0.00074, 0.0007099999999999999, 0.00064, 0.00047, 0.00029, 0.00013000000000000002, 2.0e-5, 0.0, 0.0, 0.0, 0.0, 0.0, 0.0, 0.0, 0.0, 0.0, 0.0, 0.0, 0.0, 0.0, 5.0e-5, 0.00011, 0.00016, 0.0002, 0.00022, 0.00025, 0.00023999999999999998, 0.0002, 0.00015, 8.0e-5, 1.0e-5, 0.0, 0.0, 0.0, 0.0, 0.0, 0.0, 0.0, 0.0, 0.0, 0.0, 0.0, 0.0, 0.0, 5.9999999999999995e-5, 0.00015, 0.00025, 0.00033, 0.00037, 0.00035, 0.00031, 0.00023999999999999998, 0.00015, 7.000000000000001e-5, 1.0e-5, 0.0, 0.0, 0.0, 0.0, 0.0, 0.0, 0.0, 0.0, 0.0, 0.0, 0.0, 0.0, 0.0, 5.9999999999999995e-5, 0.00014000000000000001, 0.00023, 0.00032, 0.00035999999999999997, 0.00035999999999999997, 0.00034, 0.00027, 0.00017999999999999998, 8.999999999999999e-5, 1.0e-5, 0.0, 0.0, 0.0, 0.0, 0.0, 0.0, 0.0, 0.0, 0.0, 0.0, 0.0, 0.0, 0.0, 8.0e-5, 0.00019, 0.0003, 0.00038, 0.00041, 0.00039, 0.00035, 0.00028000000000000003, 0.00017, 7.000000000000001e-5, 1.0e-5, 0.0, 0.0, 0.0, 0.0, 0.0, 0.0, 0.0, 0.0, 0.0, 0.0, 0.0], [0.0, 0.0, 0.00017, 0.00044, 0.00066, 0.0008, 0.00086, 0.00087, 0.00082, 0.0007099999999999999, 0.00054, 0.00028000000000000003, 2.9999999999999997e-5, 0.0, 0.0, 0.0, 0.0, 0.0, 0.0, 0.0, 0.0, 0.0, 0.0, 0.0, 0.0, 0.0, 0.00022, 0.00047999999999999996, 0.0007099999999999999, 0.00086, 0.00091, 0.00092, 0.00086, 0.00075, 0.00057, 0.0003, 2.9999999999999997e-5, 0.0, 0.0, 0.0, 0.0, 0.0, 0.0, 0.0, 0.0, 0.0, 0.0, 0.0, 0.0, 0.0, 0.00027, 0.00055, 0.00075, 0.00087, 0.00094, 0.00095, 0.0008900000000000001, 0.00076, 0.00057, 0.0003, 2.9999999999999997e-5, 0.0, 0.0, 0.0, 0.0, 0.0, 0.0, 0.0, 0.0, 0.0, 0.0, 0.0, 0.0, 0.0, 0.0003, 0.00058, 0.00078, 0.00091, 0.0009699999999999999, 0.0009699999999999999, 0.00091, 0.00079, 0.0006, 0.00033, 4.0e-5, 0.0, 0.0, 0.0, 0.0, 0.0, 0.0, 0.0, 0.0, 0.0, 0.0, 0.0, 0.0, 0.0, 0.00028000000000000003, 0.00055, 0.00074, 0.00088, 0.00093, 0.00093, 0.00087, 0.0007199999999999999, 0.0005200000000000001, 0.00025, 2.9999999999999997e-5, 0.0, 0.0, 0.0, 0.0, 0.0, 0.0, 0.0, 0.0, 0.0, 0.0, 0.0, 0.0, 0.0, 0.0002, 0.00047999999999999996, 0.00069, 0.00082, 0.00086, 0.00087, 0.0008100000000000001, 0.0007, 0.00051, 0.00025, 2.9999999999999997e-5, 0.0, 0.0, 0.0, 0.0, 0.0, 0.0, 0.0, 0.0, 0.0, 0.0, 0.0, 0.0, 0.0, 0.00023999999999999998, 0.00053, 0.00074, 0.00087, 0.00092, 0.00092, 0.00087, 0.00075, 0.0005600000000000001, 0.0003, 4.0e-5, 0.0, 0.0, 0.0, 0.0, 0.0, 0.0, 0.0, 0.0, 0.0, 0.0, 0.0], [0.0, 2.0e-5, 0.00029, 0.0005600000000000001, 0.00075, 0.00087, 0.00092, 0.00092, 0.00087, 0.00075, 0.00057, 0.00032, 5.9999999999999995e-5, 0.0, 0.0, 0.0, 0.0, 0.0, 0.0, 0.0, 0.0, 0.0, 0.0, 0.0, 0.0, 2.0e-5, 0.00028000000000000003, 0.00054, 0.00073, 0.00085, 0.0009, 0.00091, 0.00085, 0.0007199999999999999, 0.00054, 0.00029, 5.0e-5, 0.0, 0.0, 0.0, 0.0, 0.0, 0.0, 0.0, 0.0, 0.0, 0.0, 0.0, 0.0, 1.0e-5, 0.00023999999999999998, 0.0005, 0.0007, 0.00083, 0.00088, 0.0008900000000000001, 0.0008399999999999999, 0.0007099999999999999, 0.0005200000000000001, 0.00028000000000000003, 5.0e-5, 0.0, 0.0, 0.0, 0.0, 0.0, 0.0, 0.0, 0.0, 0.0, 0.0, 0.0, 0.0, 1.0e-5, 0.00023999999999999998, 0.00047999999999999996, 0.00067, 0.0008100000000000001, 0.00087, 0.00088, 0.00083, 0.0007099999999999999, 0.00054, 0.00029, 5.0e-5, 0.0, 0.0, 0.0, 0.0, 0.0, 0.0, 0.0, 0.0, 0.0, 0.0, 0.0, 0.0, 2.0e-5, 0.00027, 0.00053, 0.0007099999999999999, 0.00083, 0.0008900000000000001, 0.0009, 0.0008399999999999999, 0.00073, 0.00055, 0.00031, 5.9999999999999995e-5, 0.0, 0.0, 0.0, 0.0, 0.0, 0.0, 0.0, 0.0, 0.0, 0.0, 0.0, 0.0, 2.0e-5, 0.00027, 0.00053, 0.0007099999999999999, 0.00083, 0.0008900000000000001, 0.0008399999999999999, 0.00082, 0.0007199999999999999, 0.00055, 0.00027, 5.9999999999999995e-5, 0.0, 0.0, 0.0, 0.0, 0.0, 0.0, 0.0, 0.0, 0.0, 0.0, 0.0, 0.0, 2.0e-5, 0.00029, 0.00055, 0.00074, 0.00087, 0.00093, 0.00094, 0.00088, 0.00076, 0.0005899999999999999, 0.00034, 7.000000000000001e-5, 0.0, 0.0, 0.0, 0.0, 0.0, 0.0, 0.0, 0.0, 0.0, 0.0, 0.0], [0.0, 4.0e-5, 0.00017999999999999998, 0.00033, 0.00054, 0.00066, 0.0007199999999999999, 0.00073, 0.00066, 0.0005200000000000001, 0.00037, 0.00022, 5.9999999999999995e-5, 0.0, 0.0, 0.0, 0.0, 0.0, 0.0, 0.0, 0.0, 0.0, 0.0, 0.0, 0.0, 1.0e-5, 7.000000000000001e-5, 0.00015, 0.00023999999999999998, 0.0003, 0.00034, 0.00035999999999999997, 0.00035, 0.00031, 0.00023999999999999998, 0.00015, 5.9999999999999995e-5, 0.0, 0.0, 0.0, 0.0, 0.0, 0.0, 0.0, 0.0, 0.0, 0.0, 0.0, 0.0, 4.0e-5, 0.00017999999999999998, 0.00035, 0.00054, 0.00066, 0.00073, 0.00073, 0.00068, 0.00058, 0.00043, 0.00025, 8.0e-5, 0.0, 0.0, 0.0, 0.0, 0.0, 0.0, 0.0, 0.0, 0.0, 0.0, 0.0, 0.0, 4.0e-5, 0.0002, 0.00037, 0.00057, 0.00069, 0.0007700000000000001, 0.00079, 0.0007199999999999999, 0.00061, 0.00046, 0.00027, 8.999999999999999e-5, 0.0, 0.0, 0.0, 0.0, 0.0, 0.0, 0.0, 0.0, 0.0, 0.0, 0.0, 0.0, 5.0e-5, 0.00022, 0.00041999999999999996, 0.00058, 0.00067, 0.00069, 0.00074, 0.0007099999999999999, 0.00062, 0.00047999999999999996, 0.00028000000000000003, 8.999999999999999e-5, 0.0, 0.0, 0.0, 0.0, 0.0, 0.0, 0.0, 0.0, 0.0, 0.0, 0.0, 0.0, 5.0e-5, 0.00020999999999999998, 0.00041999999999999996, 0.0006, 0.0007199999999999999, 0.00078, 0.00079, 0.00074, 0.00063, 0.00047, 0.00028000000000000003, 8.999999999999999e-5, 0.0, 0.0, 0.0, 0.0, 0.0, 0.0, 0.0, 0.0, 0.0, 0.0, 0.0, 0.0, 5.0e-5, 0.00022, 0.00043, 0.0005899999999999999, 0.0007199999999999999, 0.00076, 0.00076, 0.00069, 0.00054, 0.00039, 0.00023, 7.000000000000001e-5, 0.0, 0.0, 0.0, 0.0, 0.0, 0.0, 0.0, 0.0, 0.0, 0.0, 0.0], [0.0, 4.0e-5, 0.00013000000000000002, 0.00023, 0.00037, 0.00045, 0.00047999999999999996, 0.00053, 0.00053, 0.00047, 0.00037, 0.00023, 8.0e-5, 0.0, 0.0, 0.0, 0.0, 0.0, 0.0, 0.0, 0.0, 0.0, 0.0, 0.0, 0.0, 2.9999999999999997e-5, 0.0001, 0.00016, 0.00023, 0.00029, 0.00032, 0.00034, 0.00035, 0.00031, 0.00025, 0.00017999999999999998, 8.0e-5, 0.0, 0.0, 0.0, 0.0, 0.0, 0.0, 0.0, 0.0, 0.0, 0.0, 0.0, 0.0, 7.000000000000001e-5, 0.00020999999999999998, 0.00035999999999999997, 0.00047, 0.00054, 0.00057, 0.00057, 0.00053, 0.00044, 0.00034, 0.00020999999999999998, 8.0e-5, 0.0, 0.0, 0.0, 0.0, 0.0, 0.0, 0.0, 0.0, 0.0, 0.0, 0.0, 0.0, 5.9999999999999995e-5, 0.0002, 0.00035999999999999997, 0.00047999999999999996, 0.0005600000000000001, 0.0006, 0.00058, 0.00054, 0.00047, 0.00034, 0.0002, 7.000000000000001e-5, 0.0, 0.0, 0.0, 0.0, 0.0, 0.0, 0.0, 0.0, 0.0, 0.0, 0.0, 0.0, 2.0e-5, 8.999999999999999e-5, 0.00017, 0.00027, 0.00035999999999999997, 0.00043, 0.00045, 0.00045, 0.0004, 0.0003, 0.00017999999999999998, 7.000000000000001e-5, 0.0, 0.0, 0.0, 0.0, 0.0, 0.0, 0.0, 0.0, 0.0, 0.0, 0.0, 0.0, 2.9999999999999997e-5, 8.999999999999999e-5, 0.00016, 0.00023999999999999998, 0.00028000000000000003, 0.0003, 0.0003, 0.0003, 0.00025, 0.00017999999999999998, 0.0001, 2.9999999999999997e-5, 0.0, 0.0, 0.0, 0.0, 0.0, 0.0, 0.0, 0.0, 0.0, 0.0, 0.0, 0.0, 7.000000000000001e-5, 0.0002, 0.00035, 0.00049, 0.00057, 0.0005899999999999999, 0.00057, 0.00051, 0.00041, 0.00029, 0.00019, 7.000000000000001e-5, 0.0, 0.0, 0.0, 0.0, 0.0, 0.0, 0.0, 0.0, 0.0, 0.0, 0.0], [0.0, 4.0e-5, 0.00013000000000000002, 0.00023999999999999998, 0.00029, 0.00034, 0.00035, 0.00039, 0.00043, 0.00038, 0.00028000000000000003, 0.00016, 5.9999999999999995e-5, 0.0, 0.0, 0.0, 0.0, 0.0, 0.0, 0.0, 0.0, 0.0, 0.0, 0.0, 0.0, 2.0e-5, 8.0e-5, 0.00016, 0.00022, 0.00027, 0.00033, 0.00037, 0.00035, 0.00028000000000000003, 0.00017999999999999998, 0.0001, 4.0e-5, 0.0, 0.0, 0.0, 0.0, 0.0, 0.0, 0.0, 0.0, 0.0, 0.0, 0.0, 0.0, 2.0e-5, 8.999999999999999e-5, 0.00017999999999999998, 0.00027, 0.00034, 0.00041999999999999996, 0.00043, 0.00041999999999999996, 0.00032, 0.00022, 0.0001, 2.9999999999999997e-5, 0.0, 0.0, 0.0, 0.0, 0.0, 0.0, 0.0, 0.0, 0.0, 0.0, 0.0, 0.0, 1.0e-5, 5.9999999999999995e-5, 0.00011999999999999999, 0.00019, 0.00023999999999999998, 0.00027, 0.00026000000000000003, 0.00023999999999999998, 0.0002, 0.00015, 8.999999999999999e-5, 2.9999999999999997e-5, 0.0, 0.0, 0.0, 0.0, 0.0, 0.0, 0.0, 0.0, 0.0, 0.0, 0.0, 0.0, 4.0e-5, 0.00014000000000000001, 0.00028000000000000003, 0.00041, 0.00053, 0.00061, 0.00063, 0.0005899999999999999, 0.00049, 0.00035999999999999997, 0.00019, 7.000000000000001e-5, 0.0, 0.0, 0.0, 0.0, 0.0, 0.0, 0.0, 0.0, 0.0, 0.0, 0.0, 0.0, 5.0e-5, 0.00020999999999999998, 0.0004, 0.0005600000000000001, 0.00069, 0.00073, 0.00069, 0.0005899999999999999, 0.00047999999999999996, 0.00037, 0.00020999999999999998, 7.000000000000001e-5, 0.0, 0.0, 0.0, 0.0, 0.0, 0.0, 0.0, 0.0, 0.0, 0.0, 0.0, 0.0, 4.0e-5, 0.00016, 0.00032, 0.00047999999999999996, 0.00057, 0.0006, 0.00061, 0.0006, 0.00051, 0.00041, 0.00025, 8.0e-5, 0.0, 0.0, 0.0, 0.0, 0.0, 0.0, 0.0, 0.0, 0.0, 0.0, 0.0], [0.0, 2.0e-5, 8.999999999999999e-5, 0.00020999999999999998, 0.00032, 0.0004, 0.00045, 0.00045, 0.00038, 0.00028000000000000003, 0.00017999999999999998, 8.999999999999999e-5, 2.9999999999999997e-5, 0.0, 0.0, 0.0, 0.0, 0.0, 0.0, 0.0, 0.0, 0.0, 0.0, 0.0, 0.0, 4.0e-5, 0.00011, 0.0002, 0.00032, 0.00043, 0.00047999999999999996, 0.00051, 0.00053, 0.00051, 0.00039, 0.00025, 0.00011, 1.0e-5, 0.0, 0.0, 0.0, 0.0, 0.0, 0.0, 0.0, 0.0, 0.0, 0.0, 0.0, 5.9999999999999995e-5, 0.00020999999999999998, 0.00038, 0.00053, 0.00064, 0.0007, 0.0007, 0.00066, 0.0005600000000000001, 0.00043, 0.00026000000000000003, 0.0001, 1.0e-5, 0.0, 0.0, 0.0, 0.0, 0.0, 0.0, 0.0, 0.0, 0.0, 0.0, 0.0, 5.9999999999999995e-5, 0.00022, 0.0004, 0.00055, 0.00066, 0.0007, 0.0007099999999999999, 0.00067, 0.0005600000000000001, 0.00041999999999999996, 0.00025, 0.0001, 1.0e-5, 0.0, 0.0, 0.0, 0.0, 0.0, 0.0, 0.0, 0.0, 0.0, 0.0, 0.0, 7.000000000000001e-5, 0.00020999999999999998, 0.00039, 0.00054, 0.00064, 0.00069, 0.0007, 0.00066, 0.00055, 0.00043, 0.00026000000000000003, 0.0001, 1.0e-5, 0.0, 0.0, 0.0, 0.0, 0.0, 0.0, 0.0, 0.0, 0.0, 0.0, 0.0, 5.9999999999999995e-5, 0.00020999999999999998, 0.00039, 0.00055, 0.00066, 0.0007099999999999999, 0.0007199999999999999, 0.00068, 0.00058, 0.00044, 0.00026000000000000003, 0.0001, 1.0e-5, 0.0, 0.0, 0.0, 0.0, 0.0, 0.0, 0.0, 0.0, 0.0, 0.0, 0.0, 5.9999999999999995e-5, 0.00020999999999999998, 0.0004, 0.00055, 0.00066, 0.0007099999999999999, 0.00068, 0.00065, 0.00058, 0.00044, 0.00026000000000000003, 0.0001, 1.0e-5, 0.0, 0.0, 0.0, 0.0, 0.0, 0.0, 0.0, 0.0, 0.0, 0.0], [0.0, 5.0e-5, 0.0002, 0.00037, 0.00051, 0.0005899999999999999, 0.00062, 0.00063, 0.00061, 0.00054, 0.0004, 0.00025, 0.0001, 1.0e-5, 0.0, 0.0, 0.0, 0.0, 0.0, 0.0, 0.0, 0.0, 0.0, 0.0, 0.0, 5.9999999999999995e-5, 0.00019, 0.00035, 0.00047, 0.0005200000000000001, 0.0005, 0.00047999999999999996, 0.00047999999999999996, 0.00047, 0.00037, 0.00023, 0.0001, 1.0e-5, 0.0, 0.0, 0.0, 0.0, 0.0, 0.0, 0.0, 0.0, 0.0, 0.0, 0.0, 5.0e-5, 0.00019, 0.00035999999999999997, 0.00049, 0.0005600000000000001, 0.0005600000000000001, 0.00053, 0.00045, 0.00035999999999999997, 0.00029, 0.00017, 5.9999999999999995e-5, 0.0, 0.0, 0.0, 0.0, 0.0, 0.0, 0.0, 0.0, 0.0, 0.0, 0.0, 0.0, 5.9999999999999995e-5, 0.00017, 0.00027, 0.00041999999999999996, 0.00053, 0.00054, 0.00055, 0.00049, 0.0004, 0.00027, 0.00014000000000000001, 5.0e-5, 0.0, 0.0, 0.0, 0.0, 0.0, 0.0, 0.0, 0.0, 0.0, 0.0, 0.0, 0.0, 1.0e-5, 5.0e-5, 0.0001, 0.00015, 0.00020999999999999998, 0.00025, 0.00027, 0.00027, 0.00023999999999999998, 0.00017999999999999998, 0.00011999999999999999, 5.0e-5, 0.0, 0.0, 0.0, 0.0, 0.0, 0.0, 0.0, 0.0, 0.0, 0.0, 0.0, 0.0, 2.9999999999999997e-5, 0.0001, 0.00017999999999999998, 0.00025, 0.00033, 0.00038, 0.00039, 0.0004, 0.0004, 0.00033, 0.00022, 0.0001, 1.0e-5, 0.0, 0.0, 0.0, 0.0, 0.0, 0.0, 0.0, 0.0, 0.0, 0.0, 0.0, 2.0e-5, 8.0e-5, 0.00016, 0.00022, 0.00028000000000000003, 0.00035, 0.00039, 0.00035999999999999997, 0.0003, 0.00023, 0.00013000000000000002, 5.0e-5, 0.0, 0.0, 0.0, 0.0, 0.0, 0.0, 0.0, 0.0, 0.0, 0.0, 0.0], [0.0, 0.0, 7.000000000000001e-5, 0.00025, 0.0005, 0.0007199999999999999, 0.0008399999999999999, 0.00085, 0.00078, 0.00061, 0.00041, 0.00020999999999999998, 2.0e-5, 0.0, 0.0, 0.0, 0.0, 0.0, 0.0, 0.0, 0.0, 0.0, 0.0, 0.0, 0.0, 0.0, 0.00015, 0.00043, 0.00065, 0.00079, 0.00083, 0.00083, 0.0007700000000000001, 0.00069, 0.0005, 0.00025, 2.0e-5, 0.0, 0.0, 0.0, 0.0, 0.0, 0.0, 0.0, 0.0, 0.0, 0.0, 0.0, 0.0, 0.0, 0.00013000000000000002, 0.00035999999999999997, 0.0005600000000000001, 0.0007, 0.00079, 0.00079, 0.00073, 0.0005899999999999999, 0.0004, 0.00017999999999999998, 1.0e-5, 0.0, 0.0, 0.0, 0.0, 0.0, 0.0, 0.0, 0.0, 0.0, 0.0, 0.0, 0.0, 0.0, 0.00014000000000000001, 0.0004, 0.00062, 0.00076, 0.00082, 0.00082, 0.00076, 0.00063, 0.00044, 0.0002, 1.0e-5, 0.0, 0.0, 0.0, 0.0, 0.0, 0.0, 0.0, 0.0, 0.0, 0.0, 0.0, 0.0, 0.0, 0.00011, 0.00035999999999999997, 0.0005899999999999999, 0.00073, 0.00082, 0.00085, 0.0008, 0.00067, 0.00044, 0.00014000000000000001, 1.0e-5, 0.0, 0.0, 0.0, 0.0, 0.0, 0.0, 0.0, 0.0, 0.0, 0.0, 0.0, 0.0, 0.0, 0.00014000000000000001, 0.00041, 0.00065, 0.0008, 0.00085, 0.00086, 0.0008100000000000001, 0.0007099999999999999, 0.0005200000000000001, 0.00026000000000000003, 2.0e-5, 0.0, 0.0, 0.0, 0.0, 0.0, 0.0, 0.0, 0.0, 0.0, 0.0, 0.0, 0.0, 0.0, 0.00017, 0.00045, 0.00066, 0.0008, 0.00086, 0.00087, 0.00082, 0.0007, 0.00051, 0.00026000000000000003, 2.0e-5, 0.0, 0.0, 0.0, 0.0, 0.0, 0.0, 0.0, 0.0, 0.0, 0.0, 0.0], [0.0, 2.0e-5, 0.00011999999999999999, 0.00028000000000000003, 0.00047999999999999996, 0.00065, 0.0007199999999999999, 0.00069, 0.0006, 0.00051, 0.00041, 0.00026000000000000003, 7.000000000000001e-5, 0.0, 0.0, 0.0, 0.0, 0.0, 0.0, 0.0, 0.0, 0.0, 0.0, 0.0, 0.0, 2.0e-5, 0.00014000000000000001, 0.00028000000000000003, 0.00044, 0.00047999999999999996, 0.0005, 0.00049, 0.00034, 0.00025, 0.00015, 5.9999999999999995e-5, 1.0e-5, 0.0, 0.0, 0.0, 0.0, 0.0, 0.0, 0.0, 0.0, 0.0, 0.0, 0.0, 0.0, 2.0e-5, 0.00013000000000000002, 0.00029, 0.00046, 0.00058, 0.00062, 0.00055, 0.00047, 0.00032, 0.00017999999999999998, 7.000000000000001e-5, 1.0e-5, 0.0, 0.0, 0.0, 0.0, 0.0, 0.0, 0.0, 0.0, 0.0, 0.0, 0.0, 0.0, 1.0e-5, 0.00011, 0.00025, 0.00032, 0.00032, 0.00027, 0.00020999999999999998, 0.00015, 0.00011, 7.000000000000001e-5, 4.0e-5, 1.0e-5, 0.0, 0.0, 0.0, 0.0, 0.0, 0.0, 0.0, 0.0, 0.0, 0.0, 0.0, 0.0, 4.0e-5, 0.00025, 0.00049, 0.00069, 0.00082, 0.00088, 0.0008900000000000001, 0.00083, 0.00073, 0.00055, 0.00032, 8.999999999999999e-5, 0.0, 0.0, 0.0, 0.0, 0.0, 0.0, 0.0, 0.0, 0.0, 0.0, 0.0, 0.0, 2.9999999999999997e-5, 0.00023, 0.00043, 0.00061, 0.0007, 0.0007700000000000001, 0.0008, 0.0007199999999999999, 0.00062, 0.00044, 0.00025, 5.9999999999999995e-5, 0.0, 0.0, 0.0, 0.0, 0.0, 0.0, 0.0, 0.0, 0.0, 0.0, 0.0, 0.0, 2.9999999999999997e-5, 0.00022, 0.00044, 0.00064, 0.0007700000000000001, 0.00078, 0.0007700000000000001, 0.00073, 0.00062, 0.00046, 0.00023999999999999998, 5.9999999999999995e-5, 0.0, 0.0, 0.0, 0.0, 0.0, 0.0, 0.0, 0.0, 0.0, 0.0, 0.0], [0.0, 0.0, 0.00025, 0.00055, 0.00075, 0.00086, 0.00092, 0.00092, 0.00087, 0.00075, 0.0005600000000000001, 0.00028000000000000003, 2.0e-5, 0.0, 0.0, 0.0, 0.0, 0.0, 0.0, 0.0, 0.0, 0.0, 0.0, 0.0, 0.0, 0.0, 0.00026000000000000003, 0.0005600000000000001, 0.00076, 0.00088, 0.00093, 0.00093, 0.00088, 0.00075, 0.0005600000000000001, 0.00029, 2.0e-5, 0.0, 0.0, 0.0, 0.0, 0.0, 0.0, 0.0, 0.0, 0.0, 0.0, 0.0, 0.0, 0.0, 0.00023999999999999998, 0.00054, 0.00074, 0.00086, 0.00091, 0.00091, 0.00086, 0.00073, 0.00053, 0.00026000000000000003, 2.0e-5, 0.0, 0.0, 0.0, 0.0, 0.0, 0.0, 0.0, 0.0, 0.0, 0.0, 0.0, 0.0, 0.0, 0.00023, 0.00051, 0.0007199999999999999, 0.00085, 0.0009, 0.00091, 0.00085, 0.0007199999999999999, 0.00053, 0.00026000000000000003, 2.0e-5, 0.0, 0.0, 0.0, 0.0, 0.0, 0.0, 0.0, 0.0, 0.0, 0.0, 0.0, 0.0, 0.0, 0.00020999999999999998, 0.00051, 0.0007199999999999999, 0.00085, 0.00091, 0.00091, 0.00086, 0.00074, 0.0005600000000000001, 0.00029, 2.0e-5, 0.0, 0.0, 0.0, 0.0, 0.0, 0.0, 0.0, 0.0, 0.0, 0.0, 0.0, 0.0, 0.0, 0.00023999999999999998, 0.00053, 0.00073, 0.00086, 0.00092, 0.00092, 0.00087, 0.00074, 0.00055, 0.00028000000000000003, 2.0e-5, 0.0, 0.0, 0.0, 0.0, 0.0, 0.0, 0.0, 0.0, 0.0, 0.0, 0.0, 0.0, 0.0, 0.00019, 0.00047, 0.00068, 0.0008, 0.00085, 0.00085, 0.00079, 0.00065, 0.00047, 0.00020999999999999998, 1.0e-5, 0.0, 0.0, 0.0, 0.0, 0.0, 0.0, 0.0, 0.0, 0.0, 0.0, 0.0], [0.0, 5.9999999999999995e-5, 0.00023999999999999998, 0.00044, 0.0006, 0.0007199999999999999, 0.00079, 0.0008, 0.00075, 0.00064, 0.00047999999999999996, 0.00029, 8.999999999999999e-5, 0.0, 0.0, 0.0, 0.0, 0.0, 0.0, 0.0, 0.0, 0.0, 0.0, 0.0, 0.0, 5.9999999999999995e-5, 0.00022, 0.00043, 0.0005899999999999999, 0.0007099999999999999, 0.00076, 0.0007700000000000001, 0.00073, 0.00063, 0.00047999999999999996, 0.00029, 8.999999999999999e-5, 0.0, 0.0, 0.0, 0.0, 0.0, 0.0, 0.0, 0.0, 0.0, 0.0, 0.0, 0.0, 5.9999999999999995e-5, 0.00020999999999999998, 0.00041999999999999996, 0.0006, 0.0007199999999999999, 0.00078, 0.00079, 0.00075, 0.00065, 0.0005, 0.00029, 8.999999999999999e-5, 0.0, 0.0, 0.0, 0.0, 0.0, 0.0, 0.0, 0.0, 0.0, 0.0, 0.0, 0.0, 5.9999999999999995e-5, 0.00023999999999999998, 0.00045, 0.00061, 0.00073, 0.00079, 0.0008, 0.00075, 0.00065, 0.0005, 0.0003, 8.999999999999999e-5, 0.0, 0.0, 0.0, 0.0, 0.0, 0.0, 0.0, 0.0, 0.0, 0.0, 0.0, 0.0, 5.9999999999999995e-5, 0.00023, 0.00045, 0.00062, 0.00073, 0.00079, 0.0008, 0.00075, 0.00065, 0.00049, 0.00029, 8.999999999999999e-5, 0.0, 0.0, 0.0, 0.0, 0.0, 0.0, 0.0, 0.0, 0.0, 0.0, 0.0, 0.0, 5.9999999999999995e-5, 0.00023999999999999998, 0.00044, 0.00062, 0.00073, 0.00079, 0.00079, 0.00075, 0.00064, 0.00049, 0.00029, 8.999999999999999e-5, 0.0, 0.0, 0.0, 0.0, 0.0, 0.0, 0.0, 0.0, 0.0, 0.0, 0.0, 0.0, 5.9999999999999995e-5, 0.00023999999999999998, 0.00045, 0.00062, 0.00073, 0.00079, 0.0008, 0.00075, 0.00065, 0.00049, 0.00029, 8.999999999999999e-5, 0.0, 0.0, 0.0, 0.0, 0.0, 0.0, 0.0, 0.0, 0.0, 0.0, 0.0], [0.0, 2.0e-5, 5.9999999999999995e-5, 0.00011999999999999999, 0.00016, 0.00019, 0.00025, 0.00037, 0.00041, 0.00032, 0.00017999999999999998, 8.999999999999999e-5, 2.9999999999999997e-5, 0.0, 0.0, 0.0, 0.0, 0.0, 0.0, 0.0, 0.0, 0.0, 0.0, 0.0, 0.0, 4.0e-5, 0.00015, 0.00026000000000000003, 0.00035999999999999997, 0.00035, 0.00043, 0.00047, 0.00047999999999999996, 0.00039, 0.00023, 0.0001, 4.0e-5, 0.0, 0.0, 0.0, 0.0, 0.0, 0.0, 0.0, 0.0, 0.0, 0.0, 0.0, 0.0, 5.9999999999999995e-5, 0.00020999999999999998, 0.00039, 0.00055, 0.00067, 0.00073, 0.00075, 0.0007, 0.0005899999999999999, 0.00045, 0.00026000000000000003, 8.999999999999999e-5, 0.0, 0.0, 0.0, 0.0, 0.0, 0.0, 0.0, 0.0, 0.0, 0.0, 0.0, 0.0, 5.0e-5, 0.00017, 0.00031, 0.00045, 0.00058, 0.00067, 0.00066, 0.00057, 0.00049, 0.00034, 0.00016, 4.0e-5, 0.0, 0.0, 0.0, 0.0, 0.0, 0.0, 0.0, 0.0, 0.0, 0.0, 0.0, 0.0, 1.0e-5, 8.999999999999999e-5, 0.00017, 0.0002, 0.00022, 0.00022, 0.00023, 0.00022, 0.00019, 0.00015, 8.0e-5, 2.9999999999999997e-5, 0.0, 0.0, 0.0, 0.0, 0.0, 0.0, 0.0, 0.0, 0.0, 0.0, 0.0, 0.0, 2.0e-5, 8.0e-5, 0.00017, 0.00020999999999999998, 0.00023999999999999998, 0.00026000000000000003, 0.00029, 0.0003, 0.00028000000000000003, 0.00020999999999999998, 0.0001, 2.9999999999999997e-5, 0.0, 0.0, 0.0, 0.0, 0.0, 0.0, 0.0, 0.0, 0.0, 0.0, 0.0, 0.0, 2.9999999999999997e-5, 0.00014000000000000001, 0.00025, 0.00035999999999999997, 0.00045, 0.0005, 0.00054, 0.0005200000000000001, 0.00046, 0.00034, 0.00017999999999999998, 8.0e-5, 0.0, 0.0, 0.0, 0.0, 0.0, 0.0, 0.0, 0.0, 0.0, 0.0, 0.0], [0.0, 5.0e-5, 0.00017, 0.0003, 0.00046, 0.00058, 0.00064, 0.00065, 0.00061, 0.00051, 0.00041, 0.00026000000000000003, 0.0001, 1.0e-5, 0.0, 0.0, 0.0, 0.0, 0.0, 0.0, 0.0, 0.0, 0.0, 0.0, 0.0, 7.000000000000001e-5, 0.00022, 0.00039, 0.00055, 0.00066, 0.00069, 0.00067, 0.00055, 0.00045, 0.00035, 0.00022, 8.999999999999999e-5, 0.0, 0.0, 0.0, 0.0, 0.0, 0.0, 0.0, 0.0, 0.0, 0.0, 0.0, 0.0, 4.0e-5, 0.00016, 0.00031, 0.00045, 0.00054, 0.00058, 0.0006, 0.00057, 0.00047, 0.00035, 0.00020999999999999998, 8.999999999999999e-5, 1.0e-5, 0.0, 0.0, 0.0, 0.0, 0.0, 0.0, 0.0, 0.0, 0.0, 0.0, 0.0, 5.9999999999999995e-5, 0.0002, 0.00035999999999999997, 0.00051, 0.00062, 0.00066, 0.00066, 0.00062, 0.00054, 0.00041, 0.00025, 0.0001, 1.0e-5, 0.0, 0.0, 0.0, 0.0, 0.0, 0.0, 0.0, 0.0, 0.0, 0.0, 0.0, 5.0e-5, 0.00016, 0.00029, 0.00041999999999999996, 0.00051, 0.00055, 0.00047999999999999996, 0.00046, 0.00041, 0.00032, 0.00020999999999999998, 8.999999999999999e-5, 0.0, 0.0, 0.0, 0.0, 0.0, 0.0, 0.0, 0.0, 0.0, 0.0, 0.0, 0.0, 5.0e-5, 0.00015, 0.00025, 0.00033, 0.00038, 0.00039, 0.00038, 0.00035999999999999997, 0.00032, 0.00023, 0.00013000000000000002, 5.9999999999999995e-5, 0.0, 0.0, 0.0, 0.0, 0.0, 0.0, 0.0, 0.0, 0.0, 0.0, 0.0, 0.0, 2.9999999999999997e-5, 0.00013000000000000002, 0.00022, 0.00033, 0.00039, 0.00044, 0.00045, 0.00039, 0.0003, 0.00022, 0.00013000000000000002, 5.9999999999999995e-5, 0.0, 0.0, 0.0, 0.0, 0.0, 0.0, 0.0, 0.0, 0.0, 0.0, 0.0], [0.0, 2.0e-5, 0.00023, 0.0005200000000000001, 0.0007199999999999999, 0.00085, 0.00091, 0.00091, 0.00086, 0.00075, 0.00057, 0.00032, 7.000000000000001e-5, 0.0, 0.0, 0.0, 0.0, 0.0, 0.0, 0.0, 0.0, 0.0, 0.0, 0.0, 0.0, 2.0e-5, 0.00028000000000000003, 0.00054, 0.00074, 0.00087, 0.00093, 0.00094, 0.0008900000000000001, 0.0007700000000000001, 0.0005899999999999999, 0.00035, 8.0e-5, 0.0, 0.0, 0.0, 0.0, 0.0, 0.0, 0.0, 0.0, 0.0, 0.0, 0.0, 0.0, 2.9999999999999997e-5, 0.00029, 0.00055, 0.00074, 0.00087, 0.00093, 0.00093, 0.00087, 0.00076, 0.00058, 0.00034, 8.0e-5, 0.0, 0.0, 0.0, 0.0, 0.0, 0.0, 0.0, 0.0, 0.0, 0.0, 0.0, 0.0, 2.9999999999999997e-5, 0.00027, 0.00053, 0.0007199999999999999, 0.0008399999999999999, 0.0008900000000000001, 0.0009, 0.0008399999999999999, 0.0007199999999999999, 0.00055, 0.00031, 5.9999999999999995e-5, 0.0, 0.0, 0.0, 0.0, 0.0, 0.0, 0.0, 0.0, 0.0, 0.0, 0.0, 0.0, 2.9999999999999997e-5, 0.00027, 0.0005200000000000001, 0.0007099999999999999, 0.0008399999999999999, 0.00091, 0.00091, 0.00086, 0.00074, 0.0005600000000000001, 0.00032, 7.000000000000001e-5, 0.0, 0.0, 0.0, 0.0, 0.0, 0.0, 0.0, 0.0, 0.0, 0.0, 0.0, 0.0, 2.9999999999999997e-5, 0.00028000000000000003, 0.00053, 0.0007199999999999999, 0.00085, 0.0009, 0.00091, 0.00086, 0.00074, 0.00057, 0.00033, 8.0e-5, 0.0, 0.0, 0.0, 0.0, 0.0, 0.0, 0.0, 0.0, 0.0, 0.0, 0.0, 0.0, 2.9999999999999997e-5, 0.00026000000000000003, 0.0005200000000000001, 0.0007099999999999999, 0.0008399999999999999, 0.00091, 0.00091, 0.00086, 0.00075, 0.00057, 0.00033, 8.0e-5, 0.0, 0.0, 0.0, 0.0, 0.0, 0.0, 0.0, 0.0, 0.0, 0.0, 0.0], [0.0, 2.0e-5, 0.00013000000000000002, 0.0003, 0.00041999999999999996, 0.00057, 0.00064, 0.00066, 0.00061, 0.00051, 0.00035, 0.00017, 2.9999999999999997e-5, 0.0, 0.0, 0.0, 0.0, 0.0, 0.0, 0.0, 0.0, 0.0, 0.0, 0.0, 0.0, 1.0e-5, 8.0e-5, 0.00015, 0.00023, 0.00032, 0.0004, 0.00044, 0.00041, 0.00029, 0.00017999999999999998, 0.0001, 2.9999999999999997e-5, 0.0, 0.0, 0.0, 0.0, 0.0, 0.0, 0.0, 0.0, 0.0, 0.0, 0.0, 0.0, 2.0e-5, 0.00011, 0.00027, 0.00041, 0.0005200000000000001, 0.00054, 0.0006, 0.0005600000000000001, 0.00049, 0.00035999999999999997, 0.00019, 5.0e-5, 0.0, 0.0, 0.0, 0.0, 0.0, 0.0, 0.0, 0.0, 0.0, 0.0, 0.0, 0.0, 2.9999999999999997e-5, 0.00015, 0.0003, 0.00041999999999999996, 0.00053, 0.0005899999999999999, 0.00055, 0.00049, 0.00039, 0.00029, 0.00017, 5.0e-5, 0.0, 0.0, 0.0, 0.0, 0.0, 0.0, 0.0, 0.0, 0.0, 0.0, 0.0, 0.0, 2.9999999999999997e-5, 0.00017999999999999998, 0.00038, 0.00055, 0.00069, 0.00075, 0.00078, 0.0007099999999999999, 0.0005600000000000001, 0.00035, 0.00017, 5.0e-5, 0.0, 0.0, 0.0, 0.0, 0.0, 0.0, 0.0, 0.0, 0.0, 0.0, 0.0, 0.0, 2.9999999999999997e-5, 0.00017, 0.00031, 0.00041999999999999996, 0.00053, 0.00057, 0.00057, 0.00057, 0.00049, 0.00037, 0.0002, 5.9999999999999995e-5, 0.0, 0.0, 0.0, 0.0, 0.0, 0.0, 0.0, 0.0, 0.0, 0.0, 0.0, 0.0, 2.0e-5, 0.00011, 0.00022, 0.00032, 0.0004, 0.00041999999999999996, 0.00045, 0.00047, 0.00043, 0.00034, 0.0002, 5.9999999999999995e-5, 0.0, 0.0, 0.0, 0.0, 0.0, 0.0, 0.0, 0.0, 0.0, 0.0, 0.0], [0.0, 0.0, 8.999999999999999e-5, 0.00029, 0.00047999999999999996, 0.00065, 0.00075, 0.00076, 0.0007099999999999999, 0.00058, 0.00039, 0.00016, 1.0e-5, 0.0, 0.0, 0.0, 0.0, 0.0, 0.0, 0.0, 0.0, 0.0, 0.0, 0.0, 0.0, 0.0, 2.0e-5, 0.00011, 0.0002, 0.00029, 0.00035999999999999997, 0.0004, 0.0004, 0.00033, 0.00020999999999999998, 8.0e-5, 0.0, 0.0, 0.0, 0.0, 0.0, 0.0, 0.0, 0.0, 0.0, 0.0, 0.0, 0.0, 0.0, 0.0, 5.0e-5, 0.00016, 0.00029, 0.00039, 0.0005, 0.00069, 0.00078, 0.00069, 0.0005, 0.00023999999999999998, 1.0e-5, 0.0, 0.0, 0.0, 0.0, 0.0, 0.0, 0.0, 0.0, 0.0, 0.0, 0.0, 0.0, 0.0, 0.00023999999999999998, 0.00054, 0.00074, 0.00086, 0.00091, 0.00092, 0.00086, 0.00073, 0.00054, 0.00028000000000000003, 2.0e-5, 0.0, 0.0, 0.0, 0.0, 0.0, 0.0, 0.0, 0.0, 0.0, 0.0, 0.0, 0.0, 0.0, 0.00017999999999999998, 0.00047, 0.00068, 0.0008100000000000001, 0.00087, 0.00088, 0.0008100000000000001, 0.00067, 0.00047999999999999996, 0.00022, 1.0e-5, 0.0, 0.0, 0.0, 0.0, 0.0, 0.0, 0.0, 0.0, 0.0, 0.0, 0.0, 0.0, 0.0, 0.00011999999999999999, 0.00035, 0.00058, 0.0007, 0.00075, 0.00075, 0.00062, 0.00047, 0.00031, 0.00015, 1.0e-5, 0.0, 0.0, 0.0, 0.0, 0.0, 0.0, 0.0, 0.0, 0.0, 0.0, 0.0, 0.0, 0.0, 0.0001, 0.00032, 0.00051, 0.00067, 0.00082, 0.00086, 0.0008100000000000001, 0.00069, 0.0005, 0.00023, 1.0e-5, 0.0, 0.0, 0.0, 0.0, 0.0, 0.0, 0.0, 0.0, 0.0, 0.0, 0.0]]"
cost_hotpump,0.0
y_binary,"[-0.0, -0.0, -0.0, -0.0, -0.0, -0.0, -0.0, -0.0, -0.0, -0.0, -0.0, -0.0, -0.0, -0.0, -0.0, -0.0, -0.0, -0.0, -0.0, -0.0, -0.0, -0.0, -0.0, -0.0, -0.0, -0.0, -0.0, -0.0, -0.0, -0.0, -0.0, -0.0, -0.0, -0.0, -0.0, -0.0, -0.0, -0.0, -0.0, -0.0, -0.0, -0.0, -0.0, -0.0, -0.0, -0.0, -0.0, -0.0, -0.0, -0.0, -0.0, -0.0, -0.0, -0.0, -0.0, -0.0, -0.0, -0.0, -0.0, -0.0, -0.0, -0.0, -0.0, -0.0, -0.0, -0.0, -0.0, -0.0, -0.0, -0.0, -0.0, -0.0, -0.0, -0.0, -0.0, -0.0, -0.0, -0.0, -0.0, -0.0, -0.0, -0.0, -0.0, -0.0, -0.0, -0.0, -0.0, -0.0, -0.0, -0.0, -0.0, -0.0, -0.0, -0.0, -0.0, -0.0, -0.0, -0.0, -0.0, -0.0, -0.0, -0.0, -0.0, -0.0, -0.0, -0.0, -0.0, -0.0, -0.0, -0.0, -0.0, -0.0, -0.0, -0.0, -0.0, -0.0, -0.0, -0.0, -0.0, -0.0, -0.0, -0.0, -0.0, -0.0, -0.0, -0.0, -0.0, -0.0, -0.0, -0.0, -0.0, -0.0, -0.0, -0.0, -0.0, -0.0, -0.0, -0.0, -0.0, -0.0, -0.0, -0.0, -0.0, -0.0, -0.0, -0.0, -0.0, -0.0, -0.0, -0.0, -0.0, -0.0, -0.0, -0.0, -0.0, -0.0, -0.0, -0.0, -0.0, -0.0, -0.0, -0.0, -0.0, -0.0, -0.0, -0.0, -0.0, -0.0, -0.0, -0.0, -0.0, -0.0, -0.0, -0.0, -0.0, -0.0, -0.0, -0.0, -0.0, -0.0, -0.0, -0.0, -0.0, -0.0, -0.0, -0.0, -0.0, -0.0, -0.0, -0.0, -0.0, -0.0, -0.0, -0.0, -0.0, -0.0, -0.0, -0.0, -0.0, -0.0, -0.0, -0.0, -0.0, -0.0, -0.0, -0.0, -0.0, -0.0, -0.0, -0.0, -0.0, -0.0, -0.0, -0.0, -0.0, -0.0, -0.0, -0.0, -0.0, -0.0, -0.0, -0.0, -0.0, -0.0, -0.0, -0.0, -0.0, -0.0, -0.0, -0.0, -0.0, -0.0, -0.0, -0.0, -0.0, -0.0, -0.0, -0.0, -0.0, -0.0, -0.0, -0.0, -0.0, -0.0, -0.0, -0.0, -0.0, -0.0, -0.0, -0.0, -0.0, -0.0, -0.0, -0.0, -0.0, -0.0, -0.0, -0.0, -0.0, -0.0, -0.0, -0.0, -0.0, -0.0, -0.0, -0.0, -0.0, -0.0, -0.0, -0.0, -0.0, -0.0, -0.0, -0.0, -0.0, -0.0, -0.0, -0.0, -0.0, -0.0, -0.0, -0.0, -0.0, -0.0, -0.0, -0.0, -0.0, -0.0, -0.0, -0.0, -0.0, -0.0, -0.0, -0.0, -0.0, -0.0, -0.0, -0.0, -0.0, -0.0, -0.0, -0.0, -0.0, -0.0, -0.0, -0.0, -0.0, -0.0, -0.0, -0.0, -0.0, -0.0, -0.0, -0.0, -0.0, -0.0, -0.0, -0.0, -0.0, -0.0, -0.0, -0.0, -0.0, -0.0, -0.0, -0.0, -0.0, -0.0, -0.0, -0.0, -0.0, -0.0, -0.0, -0.0, -0.0, -0.0, -0.0, -0.0, -0.0, -0.0, -0.0, -0.0, -0.0, -0.0, -0.0, -0.0, -0.0, -0.0, -0.0, -0.0, -0.0, -0.0, -0.0, -0.0, -0.0, -0.0, -0.0, -0.0, -0.0, -0.0, -0.0, -0.0, -0.0, -0.0, -0.0, -0.0, -0.0, -0.0, -0.0, -0.0, -0.0, -0.0, -0.0, -0.0, -0.0, -0.0, -0.0, -0.0, -0.0, -0.0, -0.0, -0.0, -0.0, -0.0, -0.0, -0.0, -0.0, -0.0, -0.0, -0.0, -0.0, -0.0, -0.0, -0.0, -0.0, -0.0, -0.0, -0.0, -0.0, -0.0, -0.0, -0.0, -0.0, -0.0, -0.0, -0.0, -0.0, -0.0, -0.0, -0.0, -0.0, -0.0, -0.0, -0.0, -0.0, -0.0, -0.0, -0.0, -0.0, -0.0, -0.0, -0.0, -0.0, -0.0, -0.0, -0.0, -0.0, -0.0, -0.0, -0.0, -0.0, -0.0, -0.0, -0.0, -0.0, -0.0, -0.0, -0.0, -0.0, -0.0, -0.0, -0.0, -0.0, -0.0, -0.0, -0.0, -0.0, -0.0, -0.0, -0.0, -0.0, -0.0, -0.0, -0.0, -0.0, -0.0, -0.0, -0.0, -0.0, -0.0, -0.0, -0.0, -0.0, -0.0, -0.0, -0.0, -0.0, -0.0, -0.0, -0.0, -0.0, -0.0, -0.0, -0.0, -0.0, -0.0, -0.0, -0.0, -0.0, -0.0, -0.0, -0.0, -0.0, -0.0, -0.0, -0.0, -0.0, -0.0, -0.0, -0.0, -0.0, -0.0, -0.0, -0.0, -0.0, -0.0, -0.0, -0.0, -0.0, -0.0, -0.0, -0.0, -0.0, -0.0, -0.0, -0.0, -0.0, -0.0, -0.0, -0.0, -0.0, -0.0, -0.0, -0.0, -0.0, -0.0, -0.0, -0.0, -0.0, -0.0, -0.0, -0.0, -0.0, -0.0, -0.0, -0.0, -0.0, -0.0, -0.0, -0.0, -0.0, -0.0, -0.0, -0.0, -0.0, -0.0, -0.0, -0.0, -0.0, -0.0, -0.0, -0.0, -0.0, -0.0, -0.0, -0.0, -0.0, -0.0, -0.0, -0.0, -0.0, -0.0, -0.0, -0.0, -0.0, -0.0, -0.0, -0.0, -0.0, -0.0, -0.0, -0.0, -0.0, -0.0, -0.0, -0.0, -0.0, -0.0, -0.0, -0.0, -0.0, -0.0, -0.0, -0.0, -0.0, -0.0, -0.0, -0.0, -0.0, -0.0, -0.0, -0.0, -0.0, -0.0, -0.0, -0.0, -0.0, -0.0, -0.0, -0.0, -0.0, -0.0, -0.0, -0.0, -0.0, -0.0, -0.0, -0.0, -0.0, -0.0, -0.0, -0.0, -0.0, -0.0, -0.0, -0.0, -0.0, -0.0, -0.0, -0.0, -0.0, -0.0, -0.0, -0.0, -0.0, -0.0, -0.0, -0.0, -0.0, -0.0, -0.0, -0.0, -0.0, -0.0, -0.0, -0.0, -0.0, -0.0, -0.0, -0.0, -0.0, -0.0, -0.0, -0.0, -0.0, -0.0, -0.0, -0.0, -0.0, -0.0, -0.0, -0.0, -0.0, -0.0, -0.0, -0.0, -0.0, -0.0, -0.0, -0.0, -0.0, -0.0, -0.0, -0.0, -0.0, -0.0, -0.0, -0.0, -0.0, -0.0, -0.0, -0.0, -0.0, -0.0, -0.0, -0.0, -0.0, -0.0, -0.0, -0.0, -0.0, -0.0, -0.0, -0.0, -0.0, -0.0, -0.0, -0.0, -0.0, -0.0, -0.0, -0.0, -0.0, -0.0, -0.0, -0.0, -0.0, -0.0, -0.0, -0.0, -0.0, -0.0, -0.0, -0.0, -0.0, -0.0, -0.0, -0.0, -0.0, -0.0, -0.0, -0.0, -0.0, -0.0, -0.0, -0.0, -0.0, -0.0, -0.0, -0.0, -0.0, -0.0, -0.0, -0.0, -0.0, -0.0, -0.0, -0.0, -0.0, -0.0, -0.0, -0.0, -0.0, -0.0, -0.0, -0.0, -0.0, -0.0, -0.0, -0.0, -0.0, -0.0, -0.0, -0.0, -0.0, -0.0, -0.0, -0.0, -0.0, -0.0, -0.0, -0.0, -0.0, -0.0, -0.0, -0.0, -0.0, -0.0, -0.0, -0.0, -0.0, -0.0, -0.0, -0.0, -0.0, -0.0, -0.0, -0.0, -0.0, -0.0, -0.0, -0.0, -0.0, -0.0, -0.0, -0.0, -0.0, -0.0, -0.0, -0.0, -0.0, -0.0, -0.0, -0.0, -0.0, -0.0, -0.0, -0.0, -0.0, -0.0, -0.0, -0.0, -0.0, -0.0, -0.0, -0.0, -0.0, -0.0, -0.0, -0.0, -0.0, -0.0, -0.0, -0.0, -0.0, -0.0, -0.0, -0.0, -0.0, -0.0, -0.0, -0.0, -0.0, -0.0, -0.0, -0.0, -0.0, -0.0, -0.0, -0.0, -0.0, -0.0, -0.0, -0.0, -0.0, -0.0, -0.0, -0.0, -0.0, -0.0, -0.0, -0.0, -0.0, -0.0, -0.0, -0.0, -0.0, -0.0, -0.0, -0.0, -0.0, -0.0, -0.0, -0.0, -0.0, -0.0, -0.0, -0.0, -0.0, -0.0, -0.0, -0.0, -0.0, -0.0, -0.0, -0.0, -0.0, -0.0, -0.0, -0.0, -0.0, -0.0, -0.0, -0.0, -0.0, -0.0, -0.0, -0.0, -0.0, -0.0, -0.0, -0.0, -0.0, -0.0, -0.0, -0.0, -0.0, -0.0, -0.0, -0.0, -0.0, -0.0, -0.0, -0.0, -0.0, -0.0, -0.0, -0.0, -0.0, -0.0, -0.0, -0.0, -0.0, -0.0, -0.0, -0.0, -0.0, -0.0, -0.0, -0.0, -0.0, -0.0, -0.0, -0.0, -0.0, -0.0, -0.0, -0.0, -0.0, -0.0, -0.0, -0.0, -0.0, -0.0, -0.0, -0.0, -0.0, -0.0, -0.0, -0.0, -0.0, -0.0, -0.0, -0.0, -0.0, -0.0, -0.0, -0.0, -0.0, -0.0, -0.0, -0.0, -0.0, -0.0, -0.0, -0.0, -0.0, -0.0, -0.0, -0.0, -0.0, -0.0, -0.0, -0.0, -0.0, -0.0, -0.0, -0.0, -0.0, -0.0, -0.0, -0.0, -0.0, -0.0, -0.0, -0.0, -0.0, -0.0, -0.0, -0.0, -0.0, -0.0, -0.0, -0.0, -0.0, -0.0, -0.0, -0.0, -0.0, -0.0, -0.0, -0.0, -0.0, -0.0, -0.0, -0.0, -0.0, -0.0, -0.0, -0.0, -0.0, -0.0, -0.0, -0.0, -0.0, -0.0, -0.0, -0.0, -0.0, -0.0, -0.0, -0.0, -0.0, -0.0, -0.0, -0.0, -0.0, -0.0, -0.0, -0.0, -0.0, -0.0, -0.0, -0.0, -0.0, -0.0, -0.0, -0.0, -0.0, -0.0, -0.0, -0.0, -0.0, -0.0, -0.0, -0.0, -0.0, -0.0, -0.0, -0.0, -0.0, -0.0, -0.0, -0.0, -0.0, -0.0, -0.0, -0.0, -0.0, -0.0, -0.0, -0.0, -0.0, -0.0, -0.0, -0.0, -0.0, -0.0, -0.0, -0.0, -0.0, -0.0, -0.0, -0.0, -0.0, -0.0, -0.0, -0.0, -0.0, -0.0, -0.0, -0.0, -0.0, -0.0, -0.0, -0.0, -0.0, -0.0, -0.0, -0.0, -0.0, -0.0, -0.0, -0.0, -0.0, -0.0, -0.0, -0.0, -0.0, -0.0, -0.0, -0.0, -0.0, -0.0, -0.0, -0.0, -0.0, -0.0, -0.0, -0.0, -0.0, -0.0, -0.0, -0.0, -0.0, -0.0, -0.0, -0.0, -0.0, -0.0, -0.0, -0.0, -0.0, -0.0, -0.0, -0.0, -0.0, -0.0, -0.0, -0.0, -0.0, -0.0, -0.0, -0.0, -0.0, -0.0, -0.0, -0.0, -0.0, -0.0, -0.0, -0.0, -0.0, -0.0, -0.0, -0.0, -0.0, -0.0, -0.0, -0.0, -0.0, -0.0, -0.0, -0.0, -0.0, -0.0, -0.0, -0.0, -0.0, -0.0, -0.0, -0.0, -0.0, -0.0, -0.0, -0.0, -0.0, -0.0, -0.0, -0.0, -0.0, -0.0, -0.0, -0.0, -0.0, -0.0, -0.0, -0.0, -0.0, -0.0, -0.0, -0.0, -0.0, -0.0, -0.0, -0.0, -0.0, -0.0, -0.0, -0.0, -0.0, -0.0, -0.0, -0.0, -0.0, -0.0, -0.0, -0.0, -0.0, -0.0, -0.0, -0.0, -0.0, -0.0, -0.0, -0.0, -0.0, -0.0, -0.0, -0.0, -0.0, -0.0, -0.0, -0.0, -0.0, -0.0, -0.0, -0.0, -0.0, -0.0, -0.0, -0.0, -0.0, -0.0, -0.0, -0.0, -0.0, -0.0, -0.0, -0.0, -0.0, -0.0, -0.0, -0.0, -0.0, -0.0, -0.0, -0.0, -0.0, -0.0, -0.0, -0.0, -0.0, -0.0, -0.0, -0.0, -0.0, -0.0, -0.0, -0.0, -0.0, -0.0, -0.0, -0.0, -0.0, -0.0, -0.0, -0.0, -0.0, -0.0, -0.0, -0.0, -0.0, -0.0, -0.0, -0.0, -0.0, -0.0, -0.0, -0.0, -0.0, -0.0, -0.0, -0.0, -0.0, -0.0, -0.0, -0.0, -0.0, -0.0, -0.0, -0.0, -0.0, -0.0, -0.0, -0.0, -0.0, -0.0, -0.0, -0.0, -0.0, -0.0, -0.0, -0.0, -0.0, -0.0, -0.0, -0.0, -0.0, -0.0, -0.0, -0.0, -0.0, -0.0, -0.0, -0.0, -0.0, -0.0, -0.0, -0.0, -0.0, -0.0, -0.0, -0.0, -0.0, -0.0, -0.0, -0.0, -0.0, -0.0, -0.0, -0.0, -0.0, -0.0, -0.0, -0.0, -0.0, -0.0, -0.0, -0.0, -0.0, -0.0, -0.0, -0.0, -0.0, -0.0, -0.0, -0.0, -0.0, -0.0, -0.0, -0.0, -0.0, -0.0, -0.0, -0.0, -0.0, -0.0, -0.0, -0.0, -0.0, -0.0, -0.0, -0.0, -0.0, -0.0, -0.0, -0.0, -0.0, -0.0, -0.0, -0.0, -0.0, -0.0, -0.0, -0.0, -0.0, -0.0, -0.0, -0.0, -0.0, -0.0, -0.0, -0.0, -0.0, -0.0, -0.0, -0.0, -0.0, -0.0, -0.0, -0.0, -0.0, -0.0, -0.0, -0.0, -0.0, -0.0, -0.0, -0.0, -0.0, -0.0, -0.0, -0.0, -0.0, -0.0, -0.0, -0.0, -0.0, -0.0, -0.0, -0.0, -0.0, -0.0, -0.0, -0.0, -0.0, -0.0, -0.0, -0.0, -0.0, -0.0, -0.0, -0.0, -0.0, -0.0, -0.0, -0.0, -0.0, -0.0, -0.0, -0.0, -0.0, -0.0, -0.0, -0.0, -0.0, -0.0, -0.0, -0.0, -0.0, -0.0, -0.0, -0.0, -0.0, -0.0, -0.0, -0.0, -0.0, -0.0, -0.0, -0.0, -0.0, -0.0, -0.0, -0.0, -0.0, -0.0, -0.0, -0.0, -0.0, -0.0, -0.0, -0.0, -0.0, -0.0, -0.0, -0.0, -0.0, -0.0, -0.0, -0.0, -0.0, -0.0, -0.0, -0.0, -0.0, -0.0, -0.0, -0.0, -0.0, -0.0, -0.0, -0.0, -0.0, -0.0, -0.0, -0.0, -0.0, -0.0, -0.0, -0.0, -0.0, -0.0, -0.0, -0.0, -0.0, -0.0, -0.0, -0.0, -0.0, -0.0, -0.0, -0.0, -0.0, -0.0, -0.0, -0.0, -0.0, -0.0, -0.0, -0.0, -0.0, -0.0, -0.0, -0.0, -0.0, -0.0, -0.0, -0.0, -0.0, -0.0, -0.0, -0.0, -0.0, -0.0, -0.0, -0.0, -0.0, -0.0, -0.0, -0.0, -0.0, -0.0, -0.0, -0.0, -0.0, -0.0, -0.0, -0.0, -0.0, -0.0, -0.0, -0.0, -0.0, -0.0, -0.0, -0.0, -0.0, -0.0, -0.0, -0.0, -0.0, -0.0, -0.0, -0.0, -0.0, -0.0, -0.0, -0.0, -0.0, -0.0, -0.0, -0.0, -0.0, -0.0, -0.0, -0.0, -0.0, -0.0, -0.0, -0.0, -0.0, -0.0, -0.0, -0.0, -0.0, -0.0, -0.0, -0.0, -0.0, -0.0, -0.0, -0.0, -0.0, -0.0, -0.0, -0.0, -0.0, -0.0, -0.0, -0.0, -0.0, -0.0, -0.0, -0.0, -0.0, -0.0, -0.0, -0.0, -0.0, -0.0, -0.0, -0.0, -0.0, -0.0, -0.0, -0.0, -0.0, -0.0, -0.0, -0.0, -0.0, -0.0, -0.0, -0.0, -0.0, -0.0, -0.0, -0.0, -0.0, -0.0, -0.0, -0.0, -0.0, -0.0, -0.0, -0.0, -0.0, -0.0, -0.0, -0.0, -0.0, -0.0, -0.0, -0.0, -0.0, -0.0, -0.0, -0.0, -0.0, -0.0, -0.0, -0.0, -0.0, -0.0, -0.0, -0.0, -0.0, -0.0, -0.0, -0.0, -0.0, -0.0, -0.0, -0.0, -0.0, -0.0, -0.0, -0.0, -0.0, -0.0, -0.0, -0.0, -0.0, -0.0, -0.0, -0.0, -0.0, -0.0, -0.0, -0.0, -0.0, -0.0, -0.0, -0.0, -0.0, -0.0, -0.0, -0.0, -0.0, -0.0, -0.0, -0.0, -0.0, -0.0, -0.0, -0.0, -0.0, -0.0, -0.0, -0.0, -0.0, -0.0, -0.0, -0.0, -0.0, -0.0, -0.0, -0.0, -0.0, -0.0, -0.0, -0.0, -0.0, -0.0, -0.0, -0.0, -0.0, -0.0, -0.0, -0.0, -0.0, -0.0, -0.0, -0.0, -0.0, -0.0, -0.0, -0.0, -0.0, -0.0, -0.0, -0.0, -0.0, -0.0, -0.0, -0.0, -0.0, -0.0, -0.0, -0.0, -0.0, -0.0, -0.0, -0.0, -0.0, -0.0, -0.0, -0.0, -0.0, -0.0, -0.0, -0.0, -0.0, -0.0, -0.0, -0.0, -0.0, -0.0, -0.0, -0.0, -0.0, -0.0, -0.0, -0.0, -0.0, -0.0, -0.0, -0.0, -0.0, -0.0, -0.0, -0.0, -0.0, -0.0, -0.0, -0.0, -0.0, -0.0, -0.0, -0.0, -0.0, -0.0, -0.0, -0.0, -0.0, -0.0, -0.0, -0.0, -0.0, -0.0, -0.0, -0.0, -0.0, -0.0, -0.0, -0.0, -0.0, -0.0, -0.0, -0.0, -0.0, -0.0, -0.0, -0.0, -0.0, -0.0, -0.0, -0.0, -0.0, -0.0, -0.0, -0.0, -0.0, -0.0, -0.0, -0.0, -0.0, -0.0, -0.0, -0.0, -0.0, -0.0, -0.0, -0.0, -0.0, -0.0, -0.0, -0.0, -0.0, -0.0, -0.0, -0.0, -0.0, -0.0, -0.0, -0.0, -0.0, -0.0, -0.0, -0.0, -0.0, -0.0, -0.0, -0.0, -0.0, -0.0, -0.0, -0.0, -0.0, -0.0, -0.0, -0.0, -0.0, -0.0, -0.0, -0.0, -0.0, -0.0, -0.0, -0.0, -0.0, -0.0, -0.0, -0.0, -0.0, -0.0, -0.0, -0.0, -0.0, -0.0, -0.0, -0.0, -0.0, -0.0, -0.0, -0.0, -0.0, -0.0, -0.0, -0.0, -0.0, -0.0, -0.0, -0.0, -0.0, -0.0, -0.0, -0.0, -0.0, -0.0, -0.0, -0.0, -0.0, -0.0, -0.0, -0.0, -0.0, -0.0, -0.0, -0.0, -0.0, -0.0, -0.0, -0.0, -0.0, -0.0, -0.0, -0.0, -0.0, -0.0, -0.0, -0.0, -0.0, -0.0, -0.0, -0.0, -0.0, -0.0, -0.0, -0.0, -0.0, -0.0, -0.0, -0.0, -0.0, -0.0, -0.0, -0.0, -0.0, -0.0, -0.0, -0.0, -0.0, -0.0, -0.0, -0.0, -0.0, -0.0, -0.0, -0.0, -0.0, -0.0, -0.0, -0.0, -0.0, -0.0, -0.0, -0.0, -0.0, -0.0, -0.0, -0.0, -0.0, -0.0, -0.0, -0.0, -0.0, -0.0, -0.0, -0.0, -0.0, -0.0, -0.0, -0.0, -0.0, -0.0, -0.0, -0.0, -0.0, -0.0, -0.0, -0.0, -0.0, -0.0, -0.0, -0.0, -0.0, -0.0, -0.0, -0.0, -0.0, -0.0, -0.0, -0.0, -0.0, -0.0, -0.0, -0.0, -0.0, -0.0, -0.0, -0.0, -0.0, -0.0, -0.0, -0.0, -0.0, -0.0, -0.0, -0.0, -0.0, -0.0, -0.0, -0.0, -0.0, -0.0, -0.0, -0.0, -0.0, -0.0, -0.0, -0.0, -0.0, -0.0, -0.0, -0.0, -0.0, -0.0, -0.0, -0.0, -0.0, -0.0, -0.0, -0.0, -0.0, -0.0, -0.0, -0.0, -0.0, -0.0, -0.0, -0.0, -0.0, -0.0, -0.0, -0.0, -0.0, -0.0, -0.0, -0.0, -0.0, -0.0, -0.0, -0.0, -0.0, -0.0, -0.0, -0.0, -0.0, -0.0, -0.0, -0.0, -0.0, -0.0, -0.0, -0.0, -0.0, -0.0, -0.0, -0.0, -0.0, -0.0, -0.0, -0.0, -0.0, -0.0, -0.0, -0.0, -0.0, -0.0, -0.0, -0.0, -0.0, -0.0, -0.0, -0.0, -0.0, -0.0, -0.0, -0.0, -0.0, -0.0, -0.0, -0.0, -0.0, -0.0, -0.0, -0.0, -0.0, -0.0, -0.0, -0.0, -0.0, -0.0, -0.0, -0.0, -0.0, -0.0, -0.0, -0.0, -0.0, -0.0, -0.0, -0.0, -0.0, -0.0, -0.0, -0.0, -0.0, -0.0, -0.0, -0.0, -0.0, -0.0, -0.0, -0.0, -0.0, -0.0, -0.0, -0.0, -0.0, -0.0, -0.0, -0.0, -0.0, -0.0, -0.0, -0.0, -0.0, -0.0, -0.0, -0.0, -0.0, -0.0, -0.0, -0.0, -0.0, -0.0, -0.0, -0.0, -0.0, -0.0, -0.0, -0.0, -0.0, -0.0, -0.0, -0.0, -0.0, -0.0, -0.0, -0.0, -0.0, -0.0, -0.0, -0.0, -0.0, -0.0, -0.0, -0.0, -0.0, -0.0, -0.0, -0.0, -0.0, -0.0, -0.0, -0.0, -0.0, -0.0, -0.0, -0.0, -0.0, -0.0, -0.0, -0.0, -0.0, -0.0, -0.0, -0.0, -0.0, -0.0, -0.0, -0.0, -0.0, -0.0, -0.0, -0.0, -0.0, -0.0, -0.0, -0.0, -0.0, -0.0, -0.0, -0.0, -0.0, -0.0, -0.0, -0.0, -0.0, -0.0, -0.0, -0.0, -0.0, -0.0, -0.0, -0.0, -0.0, -0.0, -0.0, -0.0, -0.0, -0.0, -0.0, -0.0, -0.0, -0.0, -0.0, -0.0, -0.0, -0.0, -0.0, -0.0, -0.0, -0.0, -0.0, -0.0, -0.0, -0.0, -0.0, -0.0, -0.0, -0.0, -0.0, -0.0, -0.0, -0.0, -0.0, -0.0, -0.0, -0.0, -0.0, -0.0, -0.0, -0.0, -0.0, -0.0, -0.0, -0.0, -0.0, -0.0, -0.0, -0.0, -0.0, -0.0, -0.0, -0.0, -0.0, -0.0, -0.0, -0.0, -0.0, -0.0, -0.0, -0.0, -0.0, -0.0, -0.0, -0.0, -0.0, -0.0, -0.0, -0.0, -0.0, -0.0, -0.0, -0.0, -0.0, -0.0, -0.0, -0.0, -0.0, -0.0, -0.0, -0.0, -0.0, -0.0, -0.0, -0.0, -0.0, -0.0, -0.0, -0.0, -0.0, -0.0, -0.0, -0.0, -0.0, -0.0, -0.0, -0.0, -0.0, -0.0, -0.0, -0.0, -0.0, -0.0, -0.0, -0.0, -0.0, -0.0, -0.0, -0.0, -0.0, -0.0, -0.0, -0.0, -0.0, -0.0, -0.0, -0.0, -0.0, -0.0, -0.0, -0.0, -0.0, -0.0, -0.0, -0.0, -0.0, -0.0, -0.0, -0.0, -0.0, -0.0, -0.0, -0.0, -0.0, -0.0, -0.0, -0.0, -0.0, -0.0, -0.0, -0.0, -0.0, -0.0, -0.0, -0.0, -0.0, -0.0, -0.0, -0.0, -0.0, -0.0, -0.0, -0.0, -0.0, -0.0, -0.0, -0.0, -0.0, -0.0, -0.0, -0.0, -0.0, -0.0, -0.0, -0.0, -0.0, -0.0, -0.0, -0.0, -0.0, -0.0, -0.0, -0.0, -0.0, -0.0, -0.0, -0.0, -0.0, -0.0, -0.0, -0.0, -0.0, -0.0, -0.0, -0.0, -0.0, -0.0, -0.0, -0.0, -0.0, -0.0, -0.0, -0.0, -0.0, -0.0, -0.0, -0.0, -0.0, -0.0, -0.0, -0.0, -0.0, -0.0, -0.0, -0.0, -0.0, -0.0, -0.0, -0.0, -0.0, -0.0, -0.0, -0.0, -0.0, -0.0, -0.0, -0.0, -0.0, -0.0, -0.0, -0.0, -0.0, -0.0, -0.0, -0.0, -0.0, -0.0, -0.0, -0.0, -0.0, -0.0, -0.0, -0.0, -0.0, -0.0, -0.0, -0.0, -0.0, -0.0, -0.0, -0.0, -0.0, -0.0, -0.0, -0.0, -0.0, -0.0, -0.0, -0.0, -0.0, -0.0, -0.0, -0.0, -0.0, -0.0, -0.0, -0.0, -0.0, -0.0, -0.0, -0.0, -0.0, -0.0, -0.0, -0.0, -0.0, -0.0, -0.0, -0.0, -0.0, -0.0, -0.0, -0.0, -0.0, -0.0, -0.0, -0.0, -0.0, -0.0, -0.0, -0.0, -0.0, -0.0, -0.0, -0.0, -0.0, -0.0, -0.0, -0.0, -0.0, -0.0, -0.0, -0.0, -0.0, -0.0, -0.0, -0.0, -0.0, -0.0, -0.0, -0.0, -0.0, -0.0, -0.0, -0.0, -0.0, -0.0, -0.0, -0.0, -0.0, -0.0, -0.0, -0.0, -0.0, -0.0, -0.0, -0.0, -0.0, -0.0, -0.0, -0.0, -0.0, -0.0, -0.0, -0.0, -0.0, -0.0, -0.0, -0.0, -0.0, -0.0, -0.0, -0.0, -0.0, -0.0, -0.0, -0.0, -0.0, -0.0, -0.0, -0.0, -0.0, -0.0, -0.0, -0.0, -0.0, -0.0, -0.0, -0.0, -0.0, -0.0, -0.0, -0.0, -0.0, -0.0, -0.0, -0.0, -0.0, -0.0, -0.0, -0.0, -0.0, -0.0, -0.0, -0.0, -0.0, -0.0, -0.0, -0.0, -0.0, -0.0, -0.0, -0.0, -0.0, -0.0, -0.0, -0.0, -0.0, -0.0, -0.0, -0.0, -0.0, -0.0, -0.0, -0.0, -0.0, -0.0, -0.0, -0.0, -0.0, -0.0, -0.0, -0.0, -0.0, -0.0, -0.0, -0.0, -0.0, -0.0, -0.0, -0.0, -0.0, -0.0, -0.0, -0.0, -0.0, -0.0, -0.0, -0.0, -0.0, -0.0, -0.0, -0.0, -0.0, -0.0, -0.0, -0.0, -0.0, -0.0, -0.0, -0.0, -0.0, -0.0, -0.0, -0.0, -0.0, -0.0, -0.0, -0.0, -0.0, -0.0, -0.0, -0.0, -0.0, -0.0, -0.0, -0.0, -0.0, -0.0, -0.0, -0.0, -0.0, -0.0, -0.0, -0.0, -0.0, -0.0, -0.0, -0.0, -0.0, -0.0, -0.0, -0.0, -0.0, -0.0, -0.0, -0.0, -0.0, -0.0, -0.0, -0.0, -0.0, -0.0, -0.0, -0.0, -0.0, -0.0, -0.0, -0.0, -0.0, -0.0, -0.0, -0.0, -0.0, -0.0, -0.0, -0.0, -0.0, -0.0, -0.0, -0.0, -0.0, -0.0, -0.0, -0.0, -0.0, -0.0, -0.0, -0.0, -0.0, -0.0, -0.0, -0.0, -0.0, -0.0, -0.0, -0.0, -0.0, -0.0, -0.0, -0.0, -0.0, -0.0, -0.0, -0.0, -0.0, -0.0, -0.0, -0.0, -0.0, -0.0, -0.0, -0.0, -0.0, -0.0, -0.0, -0.0, -0.0, -0.0, -0.0, -0.0, -0.0, -0.0, -0.0, -0.0, -0.0, -0.0, -0.0, -0.0, -0.0, -0.0, -0.0, -0.0, -0.0, -0.0, -0.0, -0.0, -0.0, -0.0, -0.0, -0.0, -0.0, -0.0, -0.0, -0.0, -0.0, -0.0, -0.0, -0.0, -0.0, -0.0, -0.0, -0.0, -0.0, -0.0, -0.0, -0.0, -0.0, -0.0, -0.0, -0.0, -0.0, -0.0, -0.0, -0.0, -0.0, -0.0, -0.0, -0.0, -0.0, -0.0, -0.0, -0.0, -0.0, -0.0, -0.0, -0.0, -0.0, -0.0, -0.0, -0.0, -0.0, -0.0, -0.0, -0.0, -0.0, -0.0, -0.0, -0.0, -0.0, -0.0, -0.0, -0.0, -0.0, -0.0, -0.0, -0.0, -0.0, -0.0, -0.0, -0.0, -0.0, -0.0, -0.0, -0.0, -0.0, -0.0, -0.0, -0.0, -0.0, -0.0, -0.0, -0.0, -0.0, -0.0, -0.0, -0.0, -0.0, -0.0, -0.0, -0.0, -0.0, -0.0, -0.0, -0.0, -0.0, -0.0, -0.0, -0.0, -0.0, -0.0, -0.0, -0.0, -0.0, -0.0, -0.0, -0.0, -0.0, -0.0, -0.0, -0.0, -0.0, -0.0, -0.0, -0.0, -0.0, -0.0, -0.0, -0.0, -0.0, -0.0, -0.0, -0.0, -0.0, -0.0, -0.0, -0.0, -0.0, -0.0, -0.0, -0.0, -0.0, -0.0, -0.0, -0.0, -0.0, -0.0, -0.0, -0.0, -0.0, -0.0, -0.0, -0.0, -0.0, -0.0, -0.0, -0.0, -0.0, -0.0, -0.0, -0.0, -0.0, -0.0, -0.0, -0.0, -0.0, -0.0, -0.0, -0.0, -0.0, -0.0, -0.0, -0.0, -0.0, -0.0, -0.0, -0.0, -0.0, -0.0, -0.0, -0.0, -0.0, -0.0, -0.0, -0.0, -0.0, -0.0, -0.0, -0.0, -0.0, -0.0, -0.0, -0.0, -0.0, -0.0, -0.0, -0.0, -0.0, -0.0, -0.0, -0.0, -0.0, -0.0, -0.0, -0.0, -0.0, -0.0, -0.0, -0.0, -0.0, -0.0, -0.0, -0.0, -0.0, -0.0, -0.0, -0.0, -0.0, -0.0, -0.0, -0.0, -0.0, -0.0, -0.0, -0.0, -0.0, -0.0, -0.0, -0.0, -0.0, -0.0, -0.0, -0.0, -0.0, -0.0, -0.0, -0.0, -0.0, -0.0, -0.0, -0.0, -0.0, -0.0, -0.0, -0.0, -0.0, -0.0, -0.0, -0.0, -0.0, -0.0, -0.0, -0.0, -0.0, -0.0, -0.0, -0.0, -0.0, -0.0, -0.0, -0.0, -0.0, -0.0, -0.0, -0.0, -0.0, -0.0, -0.0, -0.0, -0.0, -0.0, -0.0, -0.0, -0.0, -0.0, -0.0, -0.0, -0.0, -0.0, -0.0, -0.0, -0.0, -0.0, -0.0, -0.0, -0.0, -0.0, -0.0, -0.0, -0.0, -0.0, -0.0, -0.0, -0.0, -0.0, -0.0, -0.0, -0.0, -0.0, -0.0, -0.0, -0.0, -0.0, -0.0, -0.0, -0.0, -0.0, -0.0, -0.0, -0.0, -0.0, -0.0, -0.0, -0.0, -0.0, -0.0, -0.0, -0.0, -0.0, -0.0, -0.0, -0.0, -0.0, -0.0, -0.0, -0.0, -0.0, -0.0, -0.0, -0.0, -0.0, -0.0, -0.0, -0.0, -0.0, -0.0, -0.0, -0.0, -0.0, -0.0, -0.0, -0.0, -0.0, -0.0, -0.0, -0.0, -0.0, -0.0, -0.0, -0.0, -0.0, -0.0, -0.0, -0.0, -0.0, -0.0, -0.0, -0.0, -0.0, -0.0, -0.0, -0.0, -0.0, -0.0, -0.0, -0.0, -0.0, -0.0, -0.0, -0.0, -0.0, -0.0, -0.0, -0.0, -0.0, -0.0, -0.0, -0.0, -0.0, -0.0, -0.0, -0.0, -0.0, -0.0, -0.0, -0.0, -0.0, -0.0, -0.0, -0.0, -0.0, -0.0, -0.0, -0.0, -0.0, -0.0, -0.0, -0.0, -0.0, -0.0, -0.0, -0.0, -0.0, -0.0, -0.0, -0.0, -0.0, -0.0, -0.0, -0.0, -0.0, -0.0, -0.0, -0.0, -0.0, -0.0, -0.0, -0.0, -0.0, -0.0, -0.0, -0.0, -0.0, -0.0, -0.0, -0.0, -0.0, -0.0, -0.0, -0.0, -0.0, -0.0, -0.0, -0.0, -0.0, -0.0, -0.0, -0.0, -0.0, -0.0, -0.0, -0.0, -0.0, -0.0, -0.0, -0.0, -0.0, -0.0, -0.0, -0.0, -0.0, -0.0, -0.0, -0.0, -0.0, -0.0, -0.0, -0.0, -0.0, -0.0, -0.0, -0.0, -0.0, -0.0, -0.0, -0.0, -0.0, -0.0, -0.0, -0.0, -0.0, -0.0, -0.0, -0.0, -0.0, -0.0, -0.0, -0.0, -0.0, -0.0, -0.0, -0.0, -0.0, -0.0, -0.0, -0.0, -0.0, -0.0, -0.0, -0.0, -0.0, -0.0, -0.0, -0.0, -0.0, -0.0, -0.0, -0.0, -0.0, -0.0, -0.0, -0.0, -0.0, -0.0, -0.0, -0.0, -0.0, -0.0, -0.0, -0.0, -0.0, -0.0, -0.0, -0.0, -0.0, -0.0, -0.0, -0.0, -0.0, -0.0, -0.0, -0.0, -0.0, -0.0, -0.0, -0.0, -0.0, -0.0, -0.0, -0.0, -0.0, -0.0, -0.0, -0.0, -0.0, -0.0, -0.0, -0.0, -0.0, -0.0, -0.0, -0.0, -0.0, -0.0, -0.0, -0.0, -0.0, -0.0, -0.0, -0.0, -0.0, -0.0, -0.0, -0.0, -0.0, -0.0, -0.0, -0.0, -0.0, -0.0, -0.0, -0.0, -0.0, -0.0, -0.0, -0.0, -0.0, -0.0, -0.0, -0.0, -0.0, -0.0, -0.0, -0.0, -0.0, -0.0, -0.0, -0.0, -0.0, -0.0, -0.0, -0.0, -0.0, -0.0, -0.0, -0.0, -0.0, -0.0, -0.0, -0.0, -0.0, -0.0, -0.0, -0.0, -0.0, -0.0, -0.0, -0.0, -0.0, -0.0, -0.0, -0.0, -0.0, -0.0, -0.0, -0.0, -0.0, -0.0, -0.0, -0.0, -0.0, -0.0, -0.0, -0.0, -0.0, -0.0, -0.0, -0.0, -0.0, -0.0, -0.0, -0.0, -0.0, -0.0, -0.0, -0.0, -0.0, -0.0, -0.0, -0.0, -0.0, -0.0, -0.0, -0.0, -0.0, -0.0, -0.0, -0.0, -0.0, -0.0, -0.0, -0.0, -0.0, -0.0, -0.0, -0.0, -0.0, -0.0, -0.0, -0.0, -0.0, -0.0, -0.0, -0.0, -0.0, -0.0, -0.0, -0.0, -0.0, -0.0, -0.0, -0.0, -0.0, -0.0, -0.0, -0.0, -0.0, -0.0, -0.0, -0.0, -0.0, -0.0, -0.0, -0.0, -0.0, -0.0, -0.0, -0.0, -0.0, -0.0, -0.0, -0.0, -0.0, -0.0, -0.0, -0.0, -0.0, -0.0, -0.0, -0.0, -0.0, -0.0, -0.0, -0.0, -0.0, -0.0, -0.0, -0.0, -0.0, -0.0, -0.0, -0.0, -0.0, -0.0, -0.0, -0.0, -0.0, -0.0, -0.0, -0.0, -0.0, -0.0, -0.0, -0.0, -0.0, -0.0, -0.0, -0.0, -0.0, -0.0, -0.0, -0.0, -0.0, -0.0, -0.0, -0.0, -0.0, -0.0, -0.0, -0.0, -0.0, -0.0, -0.0, -0.0, -0.0, -0.0, -0.0, -0.0, -0.0, -0.0, -0.0, -0.0, -0.0, -0.0, -0.0, -0.0, -0.0, -0.0, -0.0, -0.0, -0.0, -0.0, -0.0, -0.0, -0.0, -0.0, -0.0, -0.0, -0.0, -0.0, -0.0, -0.0, -0.0, -0.0, -0.0, -0.0, -0.0, -0.0, -0.0, -0.0, -0.0, -0.0, -0.0, -0.0, -0.0, -0.0, -0.0, -0.0, -0.0, -0.0, -0.0, -0.0, -0.0, -0.0, -0.0, -0.0, -0.0, -0.0, -0.0, -0.0, -0.0, -0.0, -0.0, -0.0, -0.0, -0.0, -0.0, -0.0, -0.0, -0.0, -0.0, -0.0, -0.0, -0.0, -0.0, -0.0, -0.0, -0.0, -0.0, -0.0, -0.0, -0.0, -0.0, -0.0, -0.0, -0.0, -0.0, -0.0, -0.0, -0.0, -0.0, -0.0, -0.0, -0.0, -0.0, -0.0, -0.0, -0.0, -0.0, -0.0, -0.0, -0.0, -0.0, -0.0, -0.0, -0.0, -0.0, -0.0, -0.0, -0.0, -0.0, -0.0, -0.0, -0.0, -0.0, -0.0, -0.0, -0.0, -0.0, -0.0, -0.0, -0.0, -0.0, -0.0, -0.0, -0.0, -0.0, -0.0, -0.0, -0.0, -0.0, -0.0, -0.0, -0.0, -0.0, -0.0, -0.0, -0.0, -0.0, -0.0, -0.0, -0.0, -0.0, -0.0, -0.0, -0.0, -0.0, -0.0, -0.0, -0.0, -0.0, -0.0, -0.0, -0.0, -0.0, -0.0, -0.0, -0.0, -0.0, -0.0, -0.0, -0.0, -0.0, -0.0, -0.0, -0.0, -0.0, -0.0, -0.0, -0.0, -0.0, -0.0, -0.0, -0.0, -0.0, -0.0, -0.0, -0.0, -0.0, -0.0, -0.0, -0.0, -0.0, -0.0, -0.0, -0.0, -0.0, -0.0, -0.0, -0.0, -0.0, -0.0, -0.0, -0.0, -0.0, -0.0, -0.0, -0.0, -0.0, -0.0, -0.0, -0.0, -0.0, -0.0, -0.0, -0.0, -0.0, -0.0, -0.0, -0.0, -0.0, -0.0, -0.0, -0.0, -0.0, -0.0, -0.0, -0.0, -0.0, -0.0, -0.0, -0.0, -0.0, -0.0, -0.0, -0.0, -0.0, -0.0, -0.0, -0.0, -0.0, -0.0, -0.0, -0.0, -0.0, -0.0, -0.0, -0.0, -0.0, -0.0, -0.0, -0.0, -0.0, -0.0, -0.0, -0.0, -0.0, -0.0, -0.0, -0.0, -0.0, -0.0, -0.0, -0.0, -0.0, -0.0, -0.0, -0.0, -0.0, -0.0, -0.0, -0.0, -0.0, -0.0, -0.0, -0.0, -0.0, -0.0, -0.0, -0.0, -0.0, -0.0, -0.0, -0.0, -0.0, -0.0, -0.0, -0.0, -0.0, -0.0, -0.0, -0.0, -0.0, -0.0, -0.0, -0.0, -0.0, -0.0, -0.0, -0.0, -0.0, -0.0, -0.0, -0.0, -0.0, -0.0, -0.0, -0.0, -0.0, -0.0, -0.0, -0.0, -0.0, -0.0, -0.0, -0.0, -0.0, -0.0, -0.0, -0.0, -0.0, -0.0, -0.0, -0.0, -0.0, -0.0, -0.0, -0.0, -0.0, -0.0, -0.0, -0.0, -0.0, -0.0, -0.0, -0.0, -0.0, -0.0, -0.0, -0.0, -0.0, -0.0, -0.0, -0.0, -0.0, -0.0, -0.0, -0.0, -0.0, -0.0, -0.0, -0.0, -0.0, -0.0, -0.0, -0.0, -0.0, -0.0, -0.0, -0.0, -0.0, -0.0, -0.0, -0.0, -0.0, -0.0, -0.0, -0.0, -0.0, -0.0, -0.0, -0.0, -0.0, -0.0, -0.0, -0.0, -0.0, -0.0, -0.0, -0.0, -0.0, -0.0, -0.0, -0.0, -0.0, -0.0, -0.0, -0.0, -0.0, -0.0, -0.0, -0.0, -0.0, -0.0, -0.0, -0.0, -0.0, -0.0, -0.0, -0.0, -0.0, -0.0, -0.0, -0.0, -0.0, -0.0, -0.0, -0.0, -0.0, -0.0, -0.0, -0.0, -0.0, -0.0, -0.0, -0.0, -0.0, -0.0, -0.0, -0.0, -0.0, -0.0, -0.0, -0.0, -0.0, -0.0, -0.0, -0.0, -0.0, -0.0, -0.0, -0.0, -0.0, -0.0, -0.0, -0.0, -0.0, -0.0, -0.0, -0.0, -0.0, -0.0, -0.0, -0.0, -0.0, -0.0, -0.0, -0.0, -0.0, -0.0, -0.0, -0.0, -0.0, -0.0, -0.0, -0.0, -0.0, -0.0, -0.0, -0.0, -0.0, -0.0, -0.0, -0.0, -0.0, -0.0, -0.0, -0.0, -0.0, -0.0, -0.0, -0.0, -0.0, -0.0, -0.0, -0.0, -0.0]"
modeled_indices,[51; 35; 9; 22; 30; 18; 1; 37; 46; 25; 23; 31; 26; 32; 7; 3; 41; 29; 42; 28; 2; 34; 43;;]
q_heater_t,"[0.0, 0.0, 0.0, 0.0, 0.0, 0.0, 0.0, 0.0, 0.0, 0.0, 0.0, 0.0, 0.0, 0.0, 0.0, 0.0, 0.0, 0.0, 0.0, 0.0, 0.0, 0.0, 0.0, 0.0, 0.0, 0.0, 0.0, 0.0, 0.0, 0.0, 0.0, 0.0, 0.0, 0.0, 0.0, 0.0, 0.0, 0.0, 0.0, 0.0, 0.0, 0.0, 0.0, 0.0, 0.0, 0.0, 0.0, 0.0, 0.0, 0.0, 0.0, 0.0, 0.0, 0.0, 0.0, 0.0, 0.0, 0.0, 0.0, 0.0, 0.0, 0.0, 0.0, 0.0, 0.0, 0.0, 0.0, 0.0, 0.0, 0.0, 0.0, 0.0, 0.0, 0.0, 0.0, 0.0, 0.0, 0.0, 0.0, 0.0, 0.0, 0.0, 0.0, 0.0, 0.0, 0.0, 0.0, 0.0, 0.0, 0.0, 0.0, 0.0, 0.0, 0.0, 0.0, 0.0, 0.0, 0.0, 0.0, 0.0, 0.0, 0.0, 0.0, 0.0, 0.0, 0.0, 0.0, 0.0, 0.0, 0.0, 0.0, 0.0, 0.0, 0.0, 0.0, 0.0, 0.0, 0.0, 0.0, 0.0, 0.0, 0.0, 0.0, 0.0, 0.0, 0.0, 0.0, 0.0, 0.0, 0.0, 0.0, 0.0, 0.0, 0.0, 0.0, 0.0, 0.0, 0.0, 0.0, 0.0, 0.0, 0.0, 0.0, 0.0, 0.0, 0.0, 0.0, 0.0, 0.0, 0.0, 0.0, 0.0, 0.0, 0.0, 0.0, 0.0, 0.0, 0.0, 0.0, 0.0, 0.0, 0.0, 0.0, 0.0, 0.0, 0.0, 0.0, 0.0, 0.0, 0.0, 0.0, 0.0, 0.0, 0.0, 0.0, 0.0, 0.0, 0.0, 0.0, 0.0, 0.0, 0.0, 0.0, 0.0, 0.0, 0.0, 0.0, 0.0, 0.0, 0.0, 0.0, 0.0, 0.0, 0.0, 0.0, 0.0, 0.0, 0.0, 0.0, 0.0, 0.0, 0.0, 0.0, 0.0, 0.0, 0.0, 0.0, 0.0, 0.0, 0.0, 0.0, 0.0, 0.0, 0.0, 0.0, 0.0, 0.0, 0.0, 0.0, 0.0, 0.0, 0.0, 0.0, 0.0, 0.0, 0.0, 0.0, 0.0, 0.0, 0.0, 0.0, 0.0, 0.0, 0.0, 0.0, 0.0, 0.0, 0.0, 0.0, 0.0, 0.0, 0.0, 0.0, 0.0, 0.0, 0.0, 0.0, 0.0, 0.0, 0.0, 0.0, 0.0, 0.0, 0.0, 0.0, 0.0, 0.0, 0.0, 0.0, 0.0, 0.0, 0.0, 0.0, 0.0, 0.0, 0.0, 0.0, 0.0, 0.0, 0.0, 0.0, 0.0, 0.0, 0.0, 0.0, 0.0, 0.0, 0.0, 0.0, 0.0, 0.0, 0.0, 0.0, 0.0, 0.0, 0.0, 0.0, 0.0, 0.0, 0.0, 0.0, 0.0, 0.0, 0.0, 0.0, 0.0, 0.0, 0.0, 0.0, 0.0, 0.0, 0.0, 0.0, 0.0, 0.0, 0.0, 0.0, 0.0, 0.0, 0.0, 0.0, 0.0, 0.0, 0.0, 0.0, 0.0, 0.0, 0.0, 0.0, 0.0, 0.0, 0.0, 0.0, 0.0, 0.0, 0.0, 0.0, 0.0, 0.0, 0.0, 0.0, 0.0, 0.0, 0.0, 0.0, 0.0, 0.0, 0.0, 0.0, 0.0, 0.0, 0.0, 0.0, 0.0, 0.0, 0.0, 0.0, 0.0, 0.0, 0.0, 0.0, 0.0, 0.0, 0.0, 0.0, 0.0, 0.0, 0.0, 0.0, 0.0, 0.0, 0.0, 0.0, 0.0, 0.0, 0.0, 0.0, 0.0, 0.0, 0.0, 0.0, 0.0, 0.0, 0.0, 0.0, 0.0, 0.0, 0.0, 0.0, 0.0, 0.0, 0.0, 0.0, 0.0, 0.0, 0.0, 0.0, 0.0, 0.0, 0.0, 0.0, 0.0, 0.0, 0.0, 0.0, 0.0, 0.0, 0.0, 0.0, 0.0, 0.0, 0.0, 0.0, 0.0, 0.0, 0.0, 0.0, 0.0, 0.0, 0.0, 0.0, 0.0, 0.0, 0.0, 0.0, 0.0, 0.0, 0.0, 0.0, 0.0, 0.0, 0.0, 0.0, 0.0, 0.0, 0.0, 0.0, 0.0, 0.0, 0.0, 0.0, 0.0, 0.0, 0.0, 0.0, 0.0, 0.0, 0.0, 0.0, 0.0, 0.0, 0.0, 0.0, 0.0, 0.0, 0.0, 0.0, 0.0, 0.0, 0.0, 0.0, 0.0, 0.0, 0.0, 0.0, 0.0, 0.0, 0.0, 0.0, 0.0, 0.0, 0.0, 0.0, 0.0, 0.0, 0.0, 0.0, 0.0, 0.0, 0.0, 0.0, 0.0, 0.0, 0.0, 0.0, 0.0, 0.0, 0.0, 0.0, 0.0, 0.0, 0.0, 0.0, 0.0, 0.0, 0.0, 0.0, 0.0, 0.0, 0.0, 0.0, 0.0, 0.0, 0.0, 0.0, 0.0, 0.0, 0.0, 0.0, 0.0, 0.0, 0.0, 0.0, 0.0, 0.0, 0.0, 0.0, 0.0, 0.0, 0.0, 0.0, 0.0, 0.0, 0.0, 0.0, 0.0, 0.0, 0.0, 0.0, 0.0, 0.0, 0.0, 0.0, 0.0, 0.0, 0.0, 0.0, 0.0, 0.0, 0.0, 0.0, 0.0, 0.0, 0.0, 0.0, 0.0, 0.0, 0.0, 0.0, 0.0, 0.0, 0.0, 0.0, 0.0, 0.0, 0.0, 0.0, 0.0, 0.0, 0.0, 0.0, 0.0, 0.0, 0.0, 0.0, 0.0, 0.0, 0.0, 0.0, 0.0, 0.0, 0.0, 0.0, 0.0, 0.0, 0.0, 0.0, 0.0, 0.0, 0.0, 0.0, 0.0, 0.0, 0.0, 0.0, 0.0, 0.0, 0.0, 0.0, 0.0, 0.0, 0.0, 0.0, 0.0, 0.0, 0.0, 0.0, 0.0, 0.0, 0.0, 0.0, 0.0, 0.0, 0.0, 0.0, 0.0, 0.0, 0.0, 0.0, 0.0, 0.0, 0.0, 0.0, 0.0, 0.0, 0.0, 0.0, 0.0, 0.0, 0.0, 0.0, 0.0, 0.0, 0.0, 0.0, 0.0, 0.0, 0.0, 0.0, 0.0, 0.0, 0.0, 0.0, 0.0, 0.0, 0.0, 0.0, 0.0, 0.0, 0.0, 0.0, 0.0, 0.0, 0.0, 0.0, 0.0, 0.0, 0.0, 0.0, 0.0, 0.0, 0.0, 0.0, 0.0, 0.0, 0.0, 0.0, 0.0, 0.0, 0.0, 0.0, 0.0, 0.0, 0.0, 0.0, 0.0, 0.0, 0.0, 0.0, 0.0, 0.0, 0.0, 0.0, 0.0, 0.0, 0.0, 0.0, 0.0, 0.0, 0.0, 0.0, 0.0, 0.0, 0.0, 0.0, 0.0, 0.0, 0.0, 0.0, 0.0, 0.0, 0.0, 0.0, 0.0, 0.0, 0.0, 0.0, 0.0, 0.0, 0.0, 0.0, 0.0, 0.0, 0.0, 0.0, 0.0, 0.0, 0.0, 0.0, 0.0, 0.0, 0.0, 0.0, 0.0, 0.0, 0.0, 0.0, 0.0, 0.0, 0.0, 0.0, 0.0, 0.0, 0.0, 0.0, 0.0, 0.0, 0.0, 0.0, 0.0, 0.0, 0.0, 0.0, 0.0, 0.0, 0.0, 0.0, 0.0, 0.0, 0.0, 0.0, 0.0, 0.0, 0.0, 0.0, 0.0, 0.0, 0.0, 0.0, 0.0, 0.0, 0.0, 0.0, 0.0, 0.0, 0.0, 0.0, 0.0, 0.0, 0.0, 0.0, 0.0, 0.0, 0.0, 0.0, 0.0, 0.0, 0.0, 0.0, 0.0, 0.0, 0.0, 0.0, 0.0, 0.0, 0.0, 0.0, 0.0, 0.0, 0.0, 0.0, 0.0, 0.0, 0.0, 0.0, 0.0, 0.0, 0.0, 0.0, 0.0, 0.0, 0.0, 0.0, 0.0, 0.0, 0.0, 0.0, 0.0, 0.0, 0.0, 0.0, 0.0, 0.0, 0.0, 0.0, 0.0, 0.0, 0.0, 0.0, 0.0, 0.0, 0.0, 0.0, 0.0, 0.0, 0.0, 0.0, 0.0, 0.0, 0.0, 0.0, 0.0, 0.0, 0.0, 0.0, 0.0, 0.0, 0.0, 0.0, 0.0, 0.0, 0.0, 0.0, 0.0, 0.0, 0.0, 0.0, 0.0, 0.0, 0.0, 0.0, 0.0, 0.0, 0.0, 0.0, 0.0, 0.0, 0.0, 0.0, 0.0, 0.0, 0.0, 0.0, 0.0, 0.0, 0.0, 0.0, 0.0, 0.0, 0.0, 0.0, 0.0, 0.0, 0.0, 0.0, 0.0, 0.0, 0.0, 0.0, 0.0, 0.0, 0.0, 0.0, 0.0, 0.0, 0.0, 0.0, 0.0, 0.0, 0.0, 0.0, 0.0, 0.0, 0.0, 0.0, 0.0, 0.0, 0.0, 0.0, 0.0, 0.0, 0.0, 0.0, 0.0, 0.0, 0.0, 0.0, 0.0, 0.0, 0.0, 0.0, 0.0, 0.0, 0.0, 0.0, 0.0, 0.0, 0.0, 0.0, 0.0, 0.0, 0.0, 0.0, 0.0, 0.0, 0.0, 0.0, 0.0, 0.0, 0.0, 0.0, 0.0, 0.0, 0.0, 0.0, 0.0, 0.0, 0.0, 0.0, 0.0, 0.0, 0.0, 0.0, 0.0, 0.0, 0.0, 0.0, 0.0, 0.0, 0.0, 0.0, 0.0, 0.0, 0.0, 0.0, 0.0, 0.0, 0.0, 0.0, 0.0, 0.0, 0.0, 0.0, 0.0, 0.0, 0.0, 0.0, 0.0, 0.0, 0.0, 0.0, 0.0, 0.0, 0.0, 0.0, 0.0, 0.0, 0.0, 0.0, 0.0, 0.0, 0.0, 0.0, 0.0, 0.0, 0.0, 0.0, 0.0, 0.0, 0.0, 0.0, 0.0, 0.0, 0.0, 0.0, 0.0, 0.0, 0.0, 0.0, 0.0, 0.0, 0.0, 0.0, 0.0, 0.0, 0.0, 0.0, 0.0, 0.0, 0.0, 0.0, 0.0, 0.0, 0.0, 0.0, 0.0, 0.0, 0.0, 0.0, 0.0, 0.0, 0.0, 0.0, 0.0, 0.0, 0.0, 0.0, 0.0, 0.0, 0.0, 0.0, 0.0, 0.0, 0.0, 0.0, 0.0, 0.0, 0.0, 0.0, 0.0, 0.0, 0.0, 0.0, 0.0, 0.0, 0.0, 0.0, 0.0, 0.0, 0.0, 0.0, 0.0, 0.0, 0.0, 0.0, 0.0, 0.0, 0.0, 0.0, 0.0, 0.0, 0.0, 0.0, 0.0, 0.0, 0.0, 0.0, 0.0, 0.0, 0.0, 0.0, 0.0, 0.0, 0.0, 0.0, 0.0, 0.0, 0.0, 0.0, 0.0, 0.0, 0.0, 0.0, 0.0, 0.0, 0.0, 0.0, 0.0, 0.0, 0.0, 0.0, 0.0, 0.0, 0.0, 0.0, 0.0, 0.0, 0.0, 0.0, 0.0, 0.0, 0.0, 0.0, 0.0, 0.0, 0.0, 0.0, 0.0, 0.0, 0.0, 0.0, 0.0, 0.0, 0.0, 0.0, 0.0, 0.0, 0.0, 0.0, 0.0, 0.0, 0.0, 0.0, 0.0, 0.0, 0.0, 0.0, 0.0, 0.0, 0.0, 0.0, 0.0, 0.0, 0.0, 0.0, 0.0, 0.0, 0.0, 0.0, 0.0, 0.0, 0.0, 0.0, 0.0, 0.0, 0.0, 0.0, 0.0, 0.0, 0.0, 0.0, 0.0, 0.0, 0.0, 0.0, 0.0, 0.0, 0.0, 0.0, 0.0, 0.0, 0.0, 0.0, 0.0, 0.0, 0.0, 0.0, 0.0, 0.0, 0.0, 0.0, 0.0, 0.0, 0.0, 0.0, 0.0, 0.0, 0.0, 0.0, 0.0, 0.0, 0.0, 0.0, 0.0, 0.0, 0.0, 0.0, 0.0, 0.0, 0.0, 0.0, 0.0, 0.0, 0.0, 0.0, 0.0, 0.0, 0.0, 0.0, 0.0, 0.0, 0.0, 0.0, 0.0, 0.0, 0.0, 0.0, 0.0, 0.0, 0.0, 0.0, 0.0, 0.0, 0.0, 0.0, 0.0, 0.0, 0.0, 0.0, 0.0, 0.0, 0.0, 0.0, 0.0, 0.0, 0.0, 0.0, 0.0, 0.0, 0.0, 0.0, 0.0, 0.0, 0.0, 0.0, 0.0, 0.0, 0.0, 0.0, 0.0, 0.0, 0.0, 0.0, 0.0, 0.0, 0.0, 0.0, 0.0, 0.0, 0.0, 0.0, 0.0, 0.0, 0.0, 0.0, 0.0, 0.0, 0.0, 0.0, 0.0, 0.0, 0.0, 0.0, 0.0, 0.0, 0.0, 0.0, 0.0, 0.0, 0.0, 0.0, 0.0, 0.0, 0.0, 0.0, 0.0, 0.0, 0.0, 0.0, 0.0, 0.0, 0.0, 0.0, 0.0, 0.0, 0.0, 0.0, 0.0, 0.0, 0.0, 0.0, 0.0, 0.0, 0.0, 0.0, 0.0, 0.0, 0.0, 0.0, 0.0, 0.0, 0.0, 0.0, 0.0, 0.0, 0.0, 0.0, 0.0, 0.0, 0.0, 0.0, 0.0, 0.0, 0.0, 0.0, 0.0, 0.0, 0.0, 0.0, 0.0, 0.0, 0.0, 0.0, 0.0, 0.0, 0.0, 0.0, 0.0, 0.0, 0.0, 0.0, 0.0, 0.0, 0.0, 0.0, 0.0, 0.0, 0.0, 0.0, 0.0, 0.0, 0.0, 0.0, 0.0, 0.0, 0.0, 0.0, 0.0, 0.0, 0.0, 0.0, 0.0, 0.0, 0.0, 0.0, 0.0, 0.0, 0.0, 0.0, 0.0, 0.0, 0.0, 0.0, 0.0, 0.0, 0.0, 0.0, 0.0, 0.0, 0.0, 0.0, 0.0, 0.0, 0.0, 0.0, 0.0, 0.0, 0.0, 0.0, 0.0, 0.0, 0.0, 0.0, 0.0, 0.0, 0.0, 0.0, 0.0, 0.0, 0.0, 0.0, 0.0, 0.0, 0.0, 0.0, 0.0, 0.0, 0.0, 0.0, 0.0, 0.0, 0.0, 0.0, 0.0, 0.0, 0.0, 0.0, 0.0, 0.0, 0.0, 0.0, 0.0, 0.0, 0.0, 0.0, 0.0, 0.0, 0.0, 0.0, 0.0, 0.0, 0.0, 0.0, 0.0, 0.0, 0.0, 0.0, 0.0, 0.0, 0.0, 0.0, 0.0, 0.0, 0.0, 0.0, 0.0, 0.0, 0.0, 0.0, 0.0, 0.0, 0.0, 0.0, 0.0, 0.0, 0.0, 0.0, 0.0, 0.0, 0.0, 0.0, 0.0, 0.0, 0.0, 0.0, 0.0, 0.0, 0.0, 0.0, 0.0, 0.0, 0.0, 0.0, 0.0, 0.0, 0.0, 0.0, 0.0, 0.0, 0.0, 0.0, 0.0, 0.0, 0.0, 0.0, 0.0, 0.0, 0.0, 0.0, 0.0, 0.0, 0.0, 0.0, 0.0, 0.0, 0.0, 0.0, 0.0, 0.0, 0.0, 0.0, 0.0, 0.0, 0.0, 0.0, 0.0, 0.0, 0.0, 0.0, 0.0, 0.0, 0.0, 0.0, 0.0, 0.0, 0.0, 0.0, 0.0, 0.0, 0.0, 0.0, 0.0, 0.0, 0.0, 0.0, 0.0, 0.0, 0.0, 0.0, 0.0, 0.0, 0.0, 0.0, 0.0, 0.0, 0.0, 0.0, 0.0, 0.0, 0.0, 0.0, 0.0, 0.0, 0.0, 0.0, 0.0, 0.0, 0.0, 0.0, 0.0, 0.0, 0.0, 0.0, 0.0, 0.0, 0.0, 0.0, 0.0, 0.0, 0.0, 0.0, 0.0, 0.0, 0.0, 0.0, 0.0, 0.0, 0.0, 0.0, 0.0, 0.0, 0.0, 0.0, 0.0, 0.0, 0.0, 0.0, 0.0, 0.0, 0.0, 0.0, 0.0, 0.0, 0.0, 0.0, 0.0, 0.0, 0.0, 0.0, 0.0, 0.0, 0.0, 0.0, 0.0, 0.0, 0.0, 0.0, 0.0, 0.0, 0.0, 0.0, 0.0, 0.0, 0.0, 0.0, 0.0, 0.0, 0.0, 0.0, 0.0, 0.0, 0.0, 0.0, 0.0, 0.0, 0.0, 0.0, 0.0, 0.0, 0.0, 0.0, 0.0, 0.0, 0.0, 0.0, 0.0, 0.0, 0.0, 0.0, 0.0, 0.0, 0.0, 0.0, 0.0, 0.0, 0.0, 0.0, 0.0, 0.0, 0.0, 0.0, 0.0, 0.0, 0.0, 0.0, 0.0, 0.0, 0.0, 0.0, 0.0, 0.0, 0.0, 0.0, 0.0, 0.0, 0.0, 0.0, 0.0, 0.0, 0.0, 0.0, 0.0, 0.0, 0.0, 0.0, 0.0, 0.0, 0.0, 0.0, 0.0, 0.0, 0.0, 0.0, 0.0, 0.0, 0.0, 0.0, 0.0, 0.0, 0.0, 0.0, 0.0, 0.0, 0.0, 0.0, 0.0, 0.0, 0.0, 0.0, 0.0, 0.0, 0.0, 0.0, 0.0, 0.0, 0.0, 0.0, 0.0, 0.0, 0.0, 0.0, 0.0, 0.0, 0.0, 0.0, 0.0, 0.0, 0.0, 0.0, 0.0, 0.0, 0.0, 0.0, 0.0, 0.0, 0.0, 0.0, 0.0, 0.0, 0.0, 0.0, 0.0, 0.0, 0.0, 0.0, 0.0, 0.0, 0.0, 0.0, 0.0, 0.0, 0.0, 0.0, 0.0, 0.0, 0.0, 0.0, 0.0, 0.0, 0.0, 0.0, 0.0, 0.0, 0.0, 0.0, 0.0, 0.0, 0.0, 0.0, 0.0, 0.0, 0.0, 0.0, 0.0, 0.0, 0.0, 0.0, 0.0, 0.0, 0.0, 0.0, 0.0, 0.0, 0.0, 0.0, 0.0, 0.0, 0.0, 0.0, 0.0, 0.0, 0.0, 0.0, 0.0, 0.0, 0.0, 0.0, 0.0, 0.0, 0.0, 0.0, 0.0, 0.0, 0.0, 0.0, 0.0, 0.0, 0.0, 0.0, 0.0, 0.0, 0.0, 0.0, 0.0, 0.0, 0.0, 0.0, 0.0, 0.0, 0.0, 0.0, 0.0, 0.0, 0.0, 0.0, 0.0, 0.0, 0.0, 0.0, 0.0, 0.0, 0.0, 0.0, 0.0, 0.0, 0.0, 0.0, 0.0, 0.0, 0.0, 0.0, 0.0, 0.0, 0.0, 0.0, 0.0, 0.0, 0.0, 0.0, 0.0, 0.0, 0.0, 0.0, 0.0, 0.0, 0.0, 0.0, 0.0, 0.0, 0.0, 0.0, 0.0, 0.0, 0.0, 0.0, 0.0, 0.0, 0.0, 0.0, 0.0, 0.0, 0.0, 0.0, 0.0, 0.0, 0.0, 0.0, 0.0, 0.0, 0.0, 0.0, 0.0, 0.0, 0.0, 0.0, 0.0, 0.0, 0.0, 0.0, 0.0, 0.0, 0.0, 0.0, 0.0, 0.0, 0.0, 0.0, 0.0, 0.0, 0.0, 0.0, 0.0, 0.0, 0.0, 0.0, 0.0, 0.0, 0.0, 0.0, 0.0, 0.0, 0.0, 0.0, 0.0, 0.0, 0.0, 0.0, 0.0, 0.0, 0.0, 0.0, 0.0, 0.0, 0.0, 0.0, 0.0, 0.0, 0.0, 0.0, 0.0, 0.0, 0.0, 0.0, 0.0, 0.0, 0.0, 0.0, 0.0, 0.0, 0.0, 0.0, 0.0, 0.0, 0.0, 0.0, 0.0, 0.0, 0.0, 0.0, 0.0, 0.0, 0.0, 0.0, 0.0, 0.0, 0.0, 0.0, 0.0, 0.0, 0.0, 0.0, 0.0, 0.0, 0.0, 0.0, 0.0, 0.0, 0.0, 0.0, 0.0, 0.0, 0.0, 0.0, 0.0, 0.0, 0.0, 0.0, 0.0, 0.0, 0.0, 0.0, 0.0, 0.0, 0.0, 0.0, 0.0, 0.0, 0.0, 0.0, 0.0, 0.0, 0.0, 0.0, 0.0, 0.0, 0.0, 0.0, 0.0, 0.0, 0.0, 0.0, 0.0, 0.0, 0.0, 0.0, 0.0, 0.0, 0.0, 0.0, 0.0, 0.0, 0.0, 0.0, 0.0, 0.0, 0.0, 0.0, 0.0, 0.0, 0.0, 0.0, 0.0, 0.0, 0.0, 0.0, 0.0, 0.0, 0.0, 0.0, 0.0, 0.0, 0.0, 0.0, 0.0, 0.0, 0.0, 0.0, 0.0, 0.0, 0.0, 0.0, 0.0, 0.0, 0.0, 0.0, 0.0, 0.0, 0.0, 0.0, 0.0, 0.0, 0.0, 0.0, 0.0, 0.0, 0.0, 0.0, 0.0, 0.0, 0.0, 0.0, 0.0, 0.0, 0.0, 0.0, 0.0, 0.0, 0.0, 0.0, 0.0, 0.0, 0.0, 0.0, 0.0, 0.0, 0.0, 0.0, 0.0, 0.0, 0.0, 0.0, 0.0, 0.0, 0.0, 0.0, 0.0, 0.0, 0.0, 0.0, 0.0, 0.0, 0.0, 0.0, 0.0, 0.0, 0.0, 0.0, 0.0, 0.0, 0.0, 0.0, 0.0, 0.0, 0.0, 0.0, 0.0, 0.0, 0.0, 0.0, 0.0, 0.0, 0.0, 0.0, 0.0, 0.0, 0.0, 0.0, 0.0, 0.0, 0.0, 0.0, 0.0, 0.0, 0.0, 0.0, 0.0, 0.0, 0.0, 0.0, 0.0, 0.0, 0.0, 0.0, 0.0, 0.0, 0.0, 0.0, 0.0, 0.0, 0.0, 0.0, 0.0, 0.0, 0.0, 0.0, 0.0, 0.0, 0.0, 0.0, 0.0, 0.0, 0.0, 0.0, 0.0, 0.0, 0.0, 0.0, 0.0, 0.0, 0.0, 0.0, 0.0, 0.0, 0.0, 0.0, 0.0, 0.0, 0.0, 0.0, 0.0, 0.0, 0.0, 0.0, 0.0, 0.0, 0.0, 0.0, 0.0, 0.0, 0.0, 0.0, 0.0, 0.0, 0.0, 0.0, 0.0, 0.0, 0.0, 0.0, 0.0, 0.0, 0.0, 0.0, 0.0, 0.0, 0.0, 0.0, 0.0, 0.0, 0.0, 0.0, 0.0, 0.0, 0.0, 0.0, 0.0, 0.0, 0.0, 0.0, 0.0, 0.0, 0.0, 0.0, 0.0, 0.0, 0.0, 0.0, 0.0, 0.0, 0.0, 0.0, 0.0, 0.0, 0.0, 0.0, 0.0, 0.0, 0.0, 0.0, 0.0, 0.0, 0.0, 0.0, 0.0, 0.0, 0.0, 0.0, 0.0, 0.0, 0.0, 0.0, 0.0, 0.0, 0.0, 0.0, 0.0, 0.0, 0.0, 0.0, 0.0, 0.0, 0.0, 0.0, 0.0, 0.0, 0.0, 0.0, 0.0, 0.0, 0.0, 0.0, 0.0, 0.0, 0.0, 0.0, 0.0, 0.0, 0.0, 0.0, 0.0, 0.0, 0.0, 0.0, 0.0, 0.0, 0.0, 0.0, 0.0, 0.0, 0.0, 0.0, 0.0, 0.0, 0.0, 0.0, 0.0, 0.0, 0.0, 0.0, 0.0, 0.0, 0.0, 0.0, 0.0, 0.0, 0.0, 0.0, 0.0, 0.0, 0.0, 0.0, 0.0, 0.0, 0.0, 0.0, 0.0, 0.0, 0.0, 0.0, 0.0, 0.0, 0.0, 0.0, 0.0, 0.0, 0.0, 0.0, 0.0, 0.0, 0.0, 0.0, 0.0, 0.0, 0.0, 0.0, 0.0, 0.0, 0.0, 0.0, 0.0, 0.0, 0.0, 0.0, 0.0, 0.0, 0.0, 0.0, 0.0, 0.0, 0.0, 0.0, 0.0, 0.0, 0.0, 0.0, 0.0, 0.0, 0.0, 0.0, 0.0, 0.0, 0.0, 0.0, 0.0, 0.0, 0.0, 0.0, 0.0, 0.0, 0.0, 0.0, 0.0, 0.0, 0.0, 0.0, 0.0, 0.0, 0.0, 0.0, 0.0, 0.0, 0.0, 0.0, 0.0, 0.0, 0.0, 0.0, 0.0, 0.0, 0.0, 0.0, 0.0, 0.0, 0.0, 0.0, 0.0, 0.0, 0.0, 0.0, 0.0, 0.0, 0.0, 0.0, 0.0, 0.0, 0.0, 0.0, 0.0, 0.0, 0.0, 0.0, 0.0, 0.0, 0.0, 0.0, 0.0, 0.0, 0.0, 0.0, 0.0, 0.0, 0.0, 0.0, 0.0, 0.0, 0.0, 0.0, 0.0, 0.0, 0.0, 0.0, 0.0, 0.0, 0.0, 0.0, 0.0, 0.0, 0.0, 0.0, 0.0, 0.0, 0.0, 0.0, 0.0, 0.0, 0.0, 0.0, 0.0, 0.0, 0.0, 0.0, 0.0, 0.0, 0.0, 0.0, 0.0, 0.0, 0.0, 0.0, 0.0, 0.0, 0.0, 0.0, 0.0, 0.0, 0.0, 0.0, 0.0, 0.0, 0.0, 0.0, 0.0, 0.0, 0.0, 0.0, 0.0, 0.0, 0.0, 0.0, 0.0, 0.0, 0.0, 0.0, 0.0, 0.0, 0.0, 0.0, 0.0, 0.0, 0.0, 0.0, 0.0, 0.0, 0.0, 0.0, 0.0, 0.0, 0.0, 0.0, 0.0, 0.0, 0.0, 0.0, 0.0, 0.0, 0.0, 0.0, 0.0, 0.0, 0.0, 0.0, 0.0, 0.0, 0.0, 0.0, 0.0, 0.0, 0.0, 0.0, 0.0, 0.0, 0.0, 0.0, 0.0, 0.0, 0.0, 0.0, 0.0, 0.0, 0.0, 0.0, 0.0, 0.0, 0.0, 0.0, 0.0, 0.0, 0.0, 0.0, 0.0, 0.0, 0.0, 0.0, 0.0, 0.0, 0.0, 0.0, 0.0, 0.0, 0.0, 0.0, 0.0, 0.0, 0.0, 0.0, 0.0, 0.0, 0.0, 0.0, 0.0, 0.0, 0.0, 0.0, 0.0, 0.0, 0.0, 0.0, 0.0, 0.0, 0.0, 0.0, 0.0, 0.0, 0.0, 0.0, 0.0, 0.0, 0.0, 0.0, 0.0, 0.0, 0.0, 0.0, 0.0, 0.0, 0.0, 0.0, 0.0, 0.0, 0.0, 0.0, 0.0, 0.0, 0.0, 0.0, 0.0, 0.0, 0.0, 0.0, 0.0, 0.0, 0.0, 0.0, 0.0, 0.0, 0.0, 0.0, 0.0, 0.0, 0.0, 0.0, 0.0, 0.0, 0.0, 0.0, 0.0, 0.0, 0.0, 0.0, 0.0, 0.0, 0.0, 0.0, 0.0, 0.0, 0.0, 0.0, 0.0, 0.0, 0.0, 0.0, 0.0, 0.0, 0.0, 0.0, 0.0, 0.0, 0.0, 0.0, 0.0, 0.0, 0.0, 0.0, 0.0, 0.0, 0.0, 0.0, 0.0, 0.0, 0.0, 0.0, 0.0, 0.0, 0.0, 0.0, 0.0, 0.0, 0.0, 0.0, 0.0, 0.0, 0.0, 0.0, 0.0, 0.0, 0.0, 0.0, 0.0, 0.0, 0.0, 0.0, 0.0, 0.0, 0.0, 0.0, 0.0, 0.0, 0.0, 0.0, 0.0, 0.0, 0.0, 0.0, 0.0, 0.0, 0.0, 0.0, 0.0, 0.0, 0.0, 0.0, 0.0, 0.0, 0.0, 0.0, 0.0, 0.0, 0.0, 0.0, 0.0, 0.0, 0.0, 0.0, 0.0, 0.0, 0.0, 0.0, 0.0, 0.0, 0.0, 0.0, 0.0, 0.0, 0.0, 0.0, 0.0, 0.0, 0.0, 0.0, 0.0, 0.0, 0.0, 0.0, 0.0, 0.0, 0.0, 0.0, 0.0, 0.0, 0.0, 0.0, 0.0, 0.0, 0.0, 0.0, 0.0, 0.0, 0.0, 0.0, 0.0, 0.0, 0.0, 0.0, 0.0, 0.0, 0.0, 0.0, 0.0, 0.0, 0.0, 0.0, 0.0, 0.0, 0.0, 0.0, 0.0, 0.0, 0.0, 0.0, 0.0, 0.0, 0.0, 0.0, 0.0, 0.0, 0.0, 0.0, 0.0, 0.0, 0.0, 0.0, 0.0, 0.0, 0.0, 0.0, 0.0, 0.0, 0.0, 0.0, 0.0, 0.0, 0.0, 0.0, 0.0, 0.0, 0.0, 0.0, 0.0, 0.0, 0.0, 0.0, 0.0, 0.0, 0.0, 0.0, 0.0, 0.0, 0.0, 0.0, 0.0, 0.0, 0.0, 0.0, 0.0, 0.0, 0.0, 0.0, 0.0, 0.0, 0.0, 0.0, 0.0, 0.0, 0.0, 0.0, 0.0, 0.0, 0.0, 0.0, 0.0, 0.0, 0.0, 0.0, 0.0, 0.0, 0.0, 0.0, 0.0, 0.0, 0.0, 0.0, 0.0, 0.0, 0.0, 0.0, 0.0, 0.0, 0.0, 0.0, 0.0, 0.0, 0.0, 0.0, 0.0, 0.0, 0.0, 0.0, 0.0, 0.0, 0.0, 0.0, 0.0, 0.0, 0.0, 0.0, 0.0, 0.0, 0.0, 0.0, 0.0, 0.0, 0.0, 0.0, 0.0, 0.0, 0.0, 0.0, 0.0, 0.0, 0.0, 0.0, 0.0, 0.0, 0.0, 0.0, 0.0, 0.0, 0.0, 0.0, 0.0, 0.0, 0.0, 0.0, 0.0, 0.0, 0.0, 0.0, 0.0, 0.0, 0.0, 0.0, 0.0, 0.0, 0.0, 0.0, 0.0, 0.0, 0.0, 0.0, 0.0, 0.0, 0.0, 0.0, 0.0, 0.0, 0.0, 0.0, 0.0, 0.0, 0.0, 0.0, 0.0, 0.0, 0.0, 0.0, 0.0, 0.0, 0.0, 0.0, 0.0, 0.0, 0.0, 0.0, 0.0, 0.0, 0.0, 0.0, 0.0, 0.0, 0.0, 0.0, 0.0, 0.0, 0.0, 0.0, 0.0, 0.0, 0.0, 0.0, 0.0, 0.0, 0.0, 0.0, 0.0, 0.0, 0.0, 0.0, 0.0, 0.0, 0.0, 0.0, 0.0, 0.0, 0.0, 0.0, 0.0, 0.0, 0.0, 0.0, 0.0, 0.0, 0.0, 0.0, 0.0, 0.0, 0.0, 0.0, 0.0, 0.0, 0.0, 0.0, 0.0, 0.0, 0.0, 0.0, 0.0, 0.0, 0.0, 0.0, 0.0, 0.0, 0.0, 0.0, 0.0, 0.0, 0.0, 0.0, 0.0, 0.0, 0.0, 0.0, 0.0, 0.0, 0.0, 0.0, 0.0, 0.0, 0.0, 0.0, 0.0, 0.0, 0.0, 0.0, 0.0, 0.0, 0.0, 0.0, 0.0, 0.0, 0.0, 0.0, 0.0, 0.0, 0.0, 0.0, 0.0, 0.0, 0.0, 0.0, 0.0, 0.0, 0.0, 0.0, 0.0, 0.0, 0.0, 0.0, 0.0, 0.0, 0.0, 0.0, 0.0, 0.0, 0.0, 0.0, 0.0, 0.0, 0.0, 0.0, 0.0, 0.0, 0.0, 0.0, 0.0, 0.0, 0.0, 0.0, 0.0, 0.0, 0.0, 0.0, 0.0, 0.0, 0.0, 0.0, 0.0, 0.0, 0.0, 0.0, 0.0, 0.0, 0.0, 0.0, 0.0, 0.0, 0.0, 0.0, 0.0, 0.0, 0.0, 0.0, 0.0, 0.0, 0.0, 0.0, 0.0, 0.0, 0.0, 0.0, 0.0, 0.0, 0.0, 0.0, 0.0, 0.0, 0.0, 0.0, 0.0, 0.0, 0.0, 0.0, 0.0, 0.0, 0.0, 0.0, 0.0, 0.0, 0.0, 0.0, 0.0, 0.0, 0.0, 0.0, 0.0, 0.0, 0.0, 0.0, 0.0, 0.0, 0.0, 0.0, 0.0, 0.0, 0.0, 0.0, 0.0, 0.0, 0.0, 0.0, 0.0, 0.0, 0.0, 0.0, 0.0, 0.0, 0.0, 0.0, 0.0, 0.0, 0.0, 0.0, 0.0, 0.0, 0.0, 0.0, 0.0, 0.0, 0.0, 0.0, 0.0, 0.0, 0.0, 0.0, 0.0, 0.0, 0.0, 0.0, 0.0, 0.0, 0.0, 0.0, 0.0, 0.0, 0.0, 0.0, 0.0, 0.0, 0.0, 0.0, 0.0, 0.0, 0.0, 0.0, 0.0, 0.0, 0.0, 0.0, 0.0, 0.0, 0.0, 0.0, 0.0, 0.0, 0.0, 0.0, 0.0, 0.0, 0.0, 0.0, 0.0, 0.0, 0.0, 0.0, 0.0, 0.0, 0.0, 0.0, 0.0, 0.0, 0.0, 0.0, 0.0, 0.0, 0.0, 0.0, 0.0, 0.0, 0.0, 0.0, 0.0, 0.0, 0.0, 0.0, 0.0, 0.0, 0.0, 0.0, 0.0, 0.0, 0.0, 0.0, 0.0, 0.0, 0.0, 0.0, 0.0, 0.0, 0.0, 0.0, 0.0, 0.0, 0.0, 0.0, 0.0, 0.0, 0.0, 0.0, 0.0, 0.0, 0.0, 0.0, 0.0, 0.0, 0.0, 0.0, 0.0, 0.0, 0.0, 0.0, 0.0, 0.0, 0.0, 0.0, 0.0, 0.0, 0.0, 0.0, 0.0, 0.0, 0.0, 0.0, 0.0, 0.0, 0.0, 0.0, 0.0, 0.0, 0.0, 0.0, 0.0, 0.0, 0.0, 0.0, 0.0, 0.0, 0.0, 0.0, 0.0, 0.0, 0.0, 0.0, 0.0, 0.0, 0.0, 0.0, 0.0, 0.0, 0.0, 0.0, 0.0, 0.0, 0.0, 0.0, 0.0, 0.0, 0.0, 0.0, 0.0, 0.0, 0.0, 0.0, 0.0, 0.0, 0.0, 0.0, 0.0, 0.0, 0.0, 0.0, 0.0, 0.0, 0.0, 0.0, 0.0, 0.0, 0.0, 0.0, 0.0, 0.0, 0.0, 0.0, 0.0, 0.0, 0.0, 0.0, 0.0, 0.0, 0.0, 0.0, 0.0, 0.0, 0.0, 0.0, 0.0, 0.0, 0.0, 0.0, 0.0, 0.0, 0.0, 0.0, 0.0, 0.0, 0.0, 0.0, 0.0, 0.0, 0.0, 0.0, 0.0, 0.0, 0.0, 0.0, 0.0, 0.0, 0.0, 0.0, 0.0, 0.0, 0.0, 0.0, 0.0, 0.0, 0.0, 0.0, 0.0, 0.0, 0.0, 0.0, 0.0, 0.0, 0.0, 0.0, 0.0, 0.0, 0.0, 0.0, 0.0, 0.0, 0.0, 0.0, 0.0, 0.0, 0.0, 0.0, 0.0, 0.0, 0.0, 0.0, 0.0, 0.0, 0.0, 0.0, 0.0, 0.0, 0.0, 0.0, 0.0, 0.0, 0.0, 0.0, 0.0, 0.0, 0.0, 0.0, 0.0, 0.0, 0.0, 0.0, 0.0, 0.0, 0.0, 0.0, 0.0, 0.0, 0.0, 0.0, 0.0, 0.0, 0.0, 0.0, 0.0, 0.0, 0.0, 0.0, 0.0, 0.0, 0.0, 0.0, 0.0, 0.0, 0.0, 0.0, 0.0, 0.0, 0.0, 0.0, 0.0, 0.0, 0.0, 0.0, 0.0, 0.0, 0.0, 0.0, 0.0, 0.0, 0.0, 0.0, 0.0, 0.0, 0.0, 0.0, 0.0, 0.0, 0.0, 0.0, 0.0, 0.0, 0.0, 0.0, 0.0, 0.0, 0.0, 0.0, 0.0, 0.0, 0.0, 0.0, 0.0, 0.0, 0.0, 0.0, 0.0, 0.0, 0.0, 0.0, 0.0, 0.0, 0.0, 0.0, 0.0, 0.0, 0.0, 0.0, 0.0, 0.0, 0.0, 0.0, 0.0, 0.0, 0.0, 0.0, 0.0, 0.0, 0.0, 0.0, 0.0, 0.0, 0.0, 0.0, 0.0, 0.0, 0.0, 0.0, 0.0, 0.0, 0.0, 0.0, 0.0, 0.0, 0.0, 0.0, 0.0, 0.0, 0.0, 0.0, 0.0, 0.0, 0.0, 0.0, 0.0, 0.0, 0.0, 0.0, 0.0, 0.0, 0.0, 0.0, 0.0, 0.0, 0.0, 0.0, 0.0, 0.0, 0.0, 0.0, 0.0, 0.0, 0.0, 0.0, 0.0, 0.0, 0.0, 0.0, 0.0, 0.0, 0.0, 0.0, 0.0, 0.0, 0.0, 0.0, 0.0, 0.0, 0.0, 0.0, 0.0, 0.0, 0.0, 0.0, 0.0, 0.0, 0.0, 0.0, 0.0, 0.0, 0.0, 0.0, 0.0, 0.0, 0.0, 0.0, 0.0, 0.0, 0.0, 0.0, 0.0, 0.0, 0.0, 0.0, 0.0, 0.0, 0.0, 0.0, 0.0, 0.0, 0.0, 0.0, 0.0, 0.0, 0.0, 0.0, 0.0, 0.0, 0.0, 0.0, 0.0, 0.0, 0.0, 0.0, 0.0, 0.0, 0.0, 0.0, 0.0, 0.0, 0.0, 0.0, 0.0, 0.0, 0.0, 0.0, 0.0, 0.0, 0.0, 0.0, 0.0, 0.0, 0.0, 0.0, 0.0, 0.0, 0.0, 0.0, 0.0, 0.0, 0.0, 0.0, 0.0, 0.0, 0.0, 0.0, 0.0, 0.0, 0.0, 0.0, 0.0, 0.0, 0.0, 0.0, 0.0, 0.0, 0.0, 0.0, 0.0, 0.0, 0.0, 0.0, 0.0, 0.0, 0.0, 0.0, 0.0, 0.0, 0.0, 0.0, 0.0, 0.0, 0.0, 0.0, 0.0, 0.0, 0.0, 0.0, 0.0, 0.0, 0.0, 0.0, 0.0, 0.0, 0.0, 0.0, 0.0, 0.0, 0.0, 0.0, 0.0, 0.0, 0.0, 0.0, 0.0, 0.0, 0.0, 0.0, 0.0, 0.0, 0.0, 0.0, 0.0, 0.0, 0.0, 0.0, 0.0, 0.0, 0.0, 0.0, 0.0, 0.0, 0.0, 0.0, 0.0, 0.0, 0.0, 0.0, 0.0, 0.0, 0.0, 0.0, 0.0, 0.0, 0.0, 0.0, 0.0, 0.0, 0.0, 0.0, 0.0, 0.0, 0.0, 0.0, 0.0, 0.0, 0.0, 0.0, 0.0, 0.0, 0.0, 0.0, 0.0, 0.0, 0.0, 0.0, 0.0, 0.0, 0.0, 0.0, 0.0, 0.0, 0.0, 0.0, 0.0, 0.0, 0.0, 0.0, 0.0, 0.0, 0.0, 0.0, 0.0, 0.0, 0.0, 0.0, 0.0, 0.0, 0.0, 0.0, 0.0, 0.0, 0.0, 0.0, 0.0, 0.0, 0.0, 0.0, 0.0, 0.0, 0.0, 0.0, 0.0, 0.0, 0.0, 0.0, 0.0, 0.0, 0.0, 0.0, 0.0, 0.0, 0.0, 0.0, 0.0, 0.0, 0.0, 0.0, 0.0, 0.0, 0.0, 0.0, 0.0, 0.0, 0.0, 0.0, 0.0, 0.0, 0.0, 0.0, 0.0, 0.0, 0.0, 0.0, 0.0, 0.0, 0.0, 0.0, 0.0, 0.0, 0.0, 0.0, 0.0, 0.0, 0.0, 0.0, 0.0, 0.0, 0.0, 0.0, 0.0, 0.0, 0.0, 0.0, 0.0, 0.0, 0.0, 0.0, 0.0, 0.0, 0.0, 0.0, 0.0, 0.0, 0.0, 0.0, 0.0, 0.0, 0.0, 0.0, 0.0, 0.0, 0.0, 0.0, 0.0, 0.0, 0.0, 0.0, 0.0, 0.0, 0.0, 0.0, 0.0, 0.0, 0.0, 0.0, 0.0, 0.0, 0.0, 0.0, 0.0, 0.0, 0.0, 0.0, 0.0, 0.0, 0.0, 0.0, 0.0, 0.0, 0.0, 0.0, 0.0, 0.0, 0.0, 0.0, 0.0, 0.0, 0.0, 0.0, 0.0, 0.0, 0.0, 0.0, 0.0, 0.0, 0.0, 0.0, 0.0, 0.0, 0.0, 0.0, 0.0, 0.0, 0.0, 0.0, 0.0, 0.0, 0.0, 0.0, 0.0, 0.0, 0.0, 0.0, 0.0, 0.0, 0.0, 0.0, 0.0, 0.0, 0.0, 0.0, 0.0, 0.0, 0.0, 0.0, 0.0, 0.0, 0.0, 0.0, 0.0, 0.0, 0.0, 0.0, 0.0, 0.0, 0.0, 0.0, 0.0, 0.0, 0.0, 0.0, 0.0, 0.0, 0.0, 0.0, 0.0]"
capWind,3645.499683704731
weights,[1; 2; 6; 4; 1; 9; 2; 2; 4; 1; 1; 1; 1; 2; 4; 1; 1; 1; 1; 2; 2; 1; 2;;]
CAPEX_TES_pumps,0.0
CAPEX_TES_total,0.0
lambda_1,"[1.0, 0.0, 0.0, 0.0, 0.0, 0.0, 0.0, 0.0, 0.0, 0.0, 0.0, 0.0, 0.0, 0.0, 0.0, 0.0, 0.0, 0.0, 0.0, 0.0, 0.0, 0.0, 0.0, 0.0, 0.0, 0.0, 0.0, 0.0, 0.0, 0.0, 0.0, 0.0, 0.0, 0.0, 0.0, 0.0, 0.0, 0.0, 0.0, 0.0, 0.0, 0.0, 0.0, 0.0, 0.0, 0.0, 0.0, 0.0, 0.0, 0.0, 0.0, 0.0, 0.0, 0.0, 0.0, 0.0, 0.0, 0.0, 0.0, 0.0, 0.0, 0.0, 0.0, 0.0, 0.0, 0.0, 0.0, 0.0, 0.0, 0.0, 0.0, 0.0, 0.0, 0.0, 0.0, 0.0, 0.0, 0.0, 0.0, 0.0, 0.0, 0.0, 0.0, 0.0, 0.0, 0.0, 0.0, 0.0, 0.0, 0.0, 0.0, 0.0, 0.0, 0.0, 0.0, 0.0, 0.0, 0.0, 0.0, 0.0, 0.0, 0.0, 0.0, 0.0, 0.0, 0.0, 0.0, 0.0, 0.0, 0.0, 0.0, 0.0, 0.0, 0.0, 0.0, 0.0, 0.0, 0.0, 0.0, 0.0, 0.0, 0.0, 0.0, 0.0, 0.0, 0.0, 0.0, 0.0, 0.0, 0.0, 0.0, 0.0, 0.0, 0.0, 0.0, 0.0, 0.0, 0.0, 0.0, 0.0, 0.0, 0.0, 0.0, 0.0, 0.0, 0.0, 0.0, 0.0, 0.0, 0.0, 0.0, 0.0, 0.0, 0.0, 0.0, 0.0, 0.0, 0.0, 0.0, 0.0, 0.0, 0.0, 0.0, 0.0, 0.0, 0.0, 0.0, 0.0, 0.0, 0.0, 0.0, 0.0, 0.0, 0.0, 0.0, 0.0, 0.0, 0.0, 0.0, 0.0, 0.0, 0.0, 0.0, 0.0, 0.0, 0.0, 0.0, 0.0, 0.0, 0.0, 0.0, 0.0, 0.0, 0.0, 0.0, 0.0, 0.0, 0.0, 0.0, 0.0, 0.0, 0.0, 0.0, 0.0, 0.0, 0.0, 0.0, 0.0, 0.0, 0.0, 0.0, 0.0, 0.0, 0.0, 0.0, 0.0, 0.0, 0.0, 0.0, 0.0, 0.0, 0.0, 0.0, 0.0, 0.0, 0.0, 0.0, 0.0, 0.0, 0.0, 0.0, 0.0, 0.0, 0.0, 0.0, 0.0, 0.0, 0.0, 0.0, 0.0, 0.0, 0.0, 0.0, 0.0, 0.0, 0.0, 0.0, 0.0, 0.0, 0.0, 0.0, 0.0, 0.0, 0.0, 0.0, 0.0, 0.0, 0.0, 0.0, 0.0, 0.0]"
OPEX_Coal,21927.5952935386
wind_max,1.866194760163731e7
cost_HX_3,0.0
TES_LCOE_Profits,0
cp,1.56
TES_LCOE_total,0
capSolar,8829.351380822334
TES_capex,0.0
TES_LCOE_dict,"Dict{Any, Any}()"
CAPEX_Li,440620.9162614065
dispatch_Solar,1.1893293055229936e7
CAPEX_TES_Ind_charger,0.0
capRetire,0.0
CAPEX_Solar,409107.99623040284
deltaQ,"[0.0, 0.0, 9.094947017729282e-12, 1.4020161445954696e-12, 0.0, 2.615488840030538e-12, 0.0, 0.0, 5.4569682106375694e-12, 0.0, 0.0, 0.0, 0.0, 0.0, 1.1887956990766492e-11, 0.0, 0.0, 0.0, 0.0, 0.0, 0.0, 0.0, 0.0]"
CAPEX_TES_pipes_valves,0.0
price_fname,23REEDS_2030_MH.csv
dispatch_TES,0.0
dispatch_Coal,133623.65190783495
emissions,129614.94235059986
tank_energy_t,"[0.0, 0.0, 0.0, 0.0, 0.0, 0.0, 0.0, 0.0, 0.0, 0.0, 0.0, 0.0, 0.0, 0.0, 0.0, 0.0, 0.0, 0.0, 0.0, 0.0, 0.0, 0.0, 0.0, 0.0, 0.0, 0.0, 0.0, 0.0, 0.0, 0.0, 0.0, 0.0, 0.0, 0.0, 0.0, 0.0, 0.0, 0.0, 0.0, 0.0, 0.0, 0.0, 0.0, 0.0, 0.0, 0.0, 0.0, 0.0, 0.0, 0.0, 0.0, 0.0, 0.0, 0.0, 0.0, 0.0, 0.0, 0.0, 0.0, 0.0, 0.0, 0.0, 0.0, 0.0, 0.0, 0.0, 0.0, 0.0, 0.0, 0.0, 0.0, 0.0, 0.0, 0.0, 0.0, 0.0, 0.0, 0.0, 0.0, 0.0, 0.0, 0.0, 0.0, 0.0, 0.0, 0.0, 0.0, 0.0, 0.0, 0.0, 0.0, 0.0, 0.0, 0.0, 0.0, 0.0, 0.0, 0.0, 0.0, 0.0, 0.0, 0.0, 0.0, 0.0, 0.0, 0.0, 0.0, 0.0, 0.0, 0.0, 0.0, 0.0, 0.0, 0.0, 0.0, 0.0, 0.0, 0.0, 0.0, 0.0, 0.0, 0.0, 0.0, 0.0, 0.0, 0.0, 0.0, 0.0, 0.0, 0.0, 0.0, 0.0, 0.0, 0.0, 0.0, 0.0, 0.0, 0.0, 0.0, 0.0, 0.0, 0.0, 0.0, 0.0, 0.0, 0.0, 0.0, 0.0, 0.0, 0.0, 0.0, 0.0, 0.0, 0.0, 0.0, 0.0, 0.0, 0.0, 0.0, 0.0, 0.0, 0.0, 0.0, 0.0, 0.0, 0.0, 0.0, 0.0, 0.0, 0.0, 0.0, 0.0, 0.0, 0.0, 0.0, 0.0, 0.0, 0.0, 0.0, 0.0, 0.0, 0.0, 0.0, 0.0, 0.0, 0.0, 0.0, 0.0, 0.0, 0.0, 0.0, 0.0, 0.0, 0.0, 0.0, 0.0, 0.0, 0.0, 0.0, 0.0, 0.0, 0.0, 0.0, 0.0, 0.0, 0.0, 0.0, 0.0, 0.0, 0.0, 0.0, 0.0, 0.0, 0.0, 0.0, 0.0, 0.0, 0.0, 0.0, 0.0, 0.0, 0.0, 0.0, 0.0, 0.0, 0.0, 0.0, 0.0, 0.0, 0.0, 0.0, 0.0, 0.0, 0.0, 0.0, 0.0, 0.0, 0.0, 0.0, 0.0, 0.0, 0.0, 0.0, 0.0, 0.0, 0.0, 0.0, 0.0, 0.0, 0.0, 0.0, 0.0, 0.0, 0.0, 0.0, 0.0, 0.0, 0.0, 0.0, 0.0, 0.0, 0.0, 0.0, 0.0, 0.0, 0.0, 0.0, 0.0, 0.0, 0.0, 0.0, 0.0, 0.0, 0.0, 0.0, 0.0, 0.0, 0.0, 0.0, 0.0, 0.0, 0.0, 0.0, 0.0, 0.0, 0.0, 0.0, 0.0, 0.0, 0.0, 0.0, 0.0, 0.0, 0.0, 0.0, 0.0, 0.0, 0.0, 0.0, 0.0, 0.0, 0.0, 0.0, 0.0, 0.0, 0.0, 0.0, 0.0, 0.0, 0.0, 0.0, 0.0, 0.0, 0.0, 0.0, 0.0, 0.0, 0.0, 0.0, 0.0, 0.0, 0.0, 0.0, 0.0, 0.0, 0.0, 0.0, 0.0, 0.0, 0.0, 0.0, 0.0, 0.0, 0.0, 0.0, 0.0, 0.0, 0.0, 0.0, 0.0, 0.0, 0.0, 0.0, 0.0, 0.0, 0.0, 0.0, 0.0, 0.0, 0.0, 0.0, 0.0, 0.0, 0.0, 0.0, 0.0, 0.0, 0.0, 0.0, 0.0, 0.0, 0.0, 0.0, 0.0, 0.0, 0.0, 0.0, 0.0, 0.0, 0.0, 0.0, 0.0, 0.0, 0.0, 0.0, 0.0, 0.0, 0.0, 0.0, 0.0, 0.0, 0.0, 0.0, 0.0, 0.0, 0.0, 0.0, 0.0, 0.0, 0.0, 0.0, 0.0, 0.0, 0.0, 0.0, 0.0, 0.0, 0.0, 0.0, 0.0, 0.0, 0.0, 0.0, 0.0, 0.0, 0.0, 0.0, 0.0, 0.0, 0.0, 0.0, 0.0, 0.0, 0.0, 0.0, 0.0, 0.0, 0.0, 0.0, 0.0, 0.0, 0.0, 0.0, 0.0, 0.0, 0.0, 0.0, 0.0, 0.0, 0.0, 0.0, 0.0, 0.0, 0.0, 0.0, 0.0, 0.0, 0.0, 0.0, 0.0, 0.0, 0.0, 0.0, 0.0, 0.0, 0.0, 0.0, 0.0, 0.0, 0.0, 0.0, 0.0, 0.0, 0.0, 0.0, 0.0, 0.0, 0.0, 0.0, 0.0, 0.0, 0.0, 0.0, 0.0, 0.0, 0.0, 0.0, 0.0, 0.0, 0.0, 0.0, 0.0, 0.0, 0.0, 0.0, 0.0, 0.0, 0.0, 0.0, 0.0, 0.0, 0.0, 0.0, 0.0, 0.0, 0.0, 0.0, 0.0, 0.0, 0.0, 0.0, 0.0, 0.0, 0.0, 0.0, 0.0, 0.0, 0.0, 0.0, 0.0, 0.0, 0.0, 0.0, 0.0, 0.0, 0.0, 0.0, 0.0, 0.0, 0.0, 0.0, 0.0, 0.0, 0.0, 0.0, 0.0, 0.0, 0.0, 0.0, 0.0, 0.0, 0.0, 0.0, 0.0, 0.0, 0.0, 0.0, 0.0, 0.0, 0.0, 0.0, 0.0, 0.0, 0.0, 0.0, 0.0, 0.0, 0.0, 0.0, 0.0, 0.0, 0.0, 0.0, 0.0, 0.0, 0.0, 0.0, 0.0, 0.0, 0.0, 0.0, 0.0, 0.0, 0.0, 0.0, 0.0, 0.0, 0.0, 0.0, 0.0, 0.0, 0.0, 0.0, 0.0, 0.0, 0.0, 0.0, 0.0, 0.0, 0.0, 0.0, 0.0, 0.0, 0.0, 0.0, 0.0, 0.0, 0.0, 0.0, 0.0, 0.0, 0.0, 0.0, 0.0, 0.0, 0.0, 0.0, 0.0, 0.0, 0.0, 0.0, 0.0, 0.0, 0.0, 0.0, 0.0, 0.0, 0.0, 0.0, 0.0, 0.0, 0.0, 0.0, 0.0, 0.0, 0.0, 0.0, 0.0, 0.0, 0.0, 0.0, 0.0, 0.0, 0.0, 0.0, 0.0, 0.0, 0.0, 0.0, 0.0, 0.0, 0.0, 0.0, 0.0, 0.0, 0.0, 0.0, 0.0, 0.0, 0.0, 0.0, 0.0, 0.0, 0.0, 0.0, 0.0, 0.0, 0.0, 0.0, 0.0, 0.0, 0.0, 0.0, 0.0, 0.0, 0.0, 0.0, 0.0, 0.0, 0.0, 0.0, 0.0, 0.0, 0.0, 0.0, 0.0, 0.0, 0.0, 0.0, 0.0, 0.0, 0.0, 0.0, 0.0, 0.0, 0.0, 0.0, 0.0, 0.0, 0.0, 0.0, 0.0, 0.0, 0.0, 0.0, 0.0, 0.0, 0.0, 0.0, 0.0, 0.0, 0.0, 0.0, 0.0, 0.0, 0.0, 0.0, 0.0, 0.0, 0.0, 0.0, 0.0, 0.0, 0.0, 0.0, 0.0, 0.0, 0.0, 0.0, 0.0, 0.0, 0.0, 0.0, 0.0, 0.0, 0.0, 0.0, 0.0, 0.0, 0.0, 0.0, 0.0, 0.0, 0.0, 0.0, 0.0, 0.0, 0.0, 0.0, 0.0, 0.0, 0.0, 0.0, 0.0, 0.0, 0.0, 0.0, 0.0, 0.0, 0.0, 0.0, 0.0, 0.0, 0.0, 0.0, 0.0, 0.0, 0.0, 0.0, 0.0, 0.0, 0.0, 0.0, 0.0, 0.0, 0.0, 0.0, 0.0, 0.0, 0.0, 0.0, 0.0, 0.0, 0.0, 0.0, 0.0, 0.0, 0.0, 0.0, 0.0, 0.0, 0.0, 0.0, 0.0, 0.0, 0.0, 0.0, 0.0, 0.0, 0.0, 0.0, 0.0, 0.0, 0.0, 0.0, 0.0, 0.0, 0.0, 0.0, 0.0, 0.0, 0.0, 0.0, 0.0, 0.0, 0.0, 0.0, 0.0, 0.0, 0.0, 0.0, 0.0, 0.0, 0.0, 0.0, 0.0, 0.0, 0.0, 0.0, 0.0, 0.0, 0.0, 0.0, 0.0, 0.0, 0.0, 0.0, 0.0, 0.0, 0.0, 0.0, 0.0, 0.0, 0.0, 0.0, 0.0, 0.0, 0.0, 0.0, 0.0, 0.0, 0.0, 0.0, 0.0, 0.0, 0.0, 0.0, 0.0, 0.0, 0.0, 0.0, 0.0, 0.0, 0.0, 0.0, 0.0, 0.0, 0.0, 0.0, 0.0, 0.0, 0.0, 0.0, 0.0, 0.0, 0.0, 0.0, 0.0, 0.0, 0.0, 0.0, 0.0, 0.0, 0.0, 0.0, 0.0, 0.0, 0.0, 0.0, 0.0, 0.0, 0.0, 0.0, 0.0, 0.0, 0.0, 0.0, 0.0, 0.0, 0.0, 0.0, 0.0, 0.0, 0.0, 0.0, 0.0, 0.0, 0.0, 0.0, 0.0, 0.0, 0.0, 0.0, 0.0, 0.0, 0.0, 0.0, 0.0, 0.0, 0.0, 0.0, 0.0, 0.0, 0.0, 0.0, 0.0, 0.0, 0.0, 0.0, 0.0, 0.0, 0.0, 0.0, 0.0, 0.0, 0.0, 0.0, 0.0, 0.0, 0.0, 0.0, 0.0, 0.0, 0.0, 0.0, 0.0, 0.0, 0.0, 0.0, 0.0, 0.0, 0.0, 0.0, 0.0, 0.0, 0.0, 0.0, 0.0, 0.0, 0.0, 0.0, 0.0, 0.0, 0.0, 0.0, 0.0, 0.0, 0.0, 0.0, 0.0, 0.0, 0.0, 0.0, 0.0, 0.0, 0.0, 0.0, 0.0, 0.0, 0.0, 0.0, 0.0, 0.0, 0.0, 0.0, 0.0, 0.0, 0.0, 0.0, 0.0, 0.0, 0.0, 0.0, 0.0, 0.0, 0.0, 0.0, 0.0, 0.0, 0.0, 0.0, 0.0, 0.0, 0.0, 0.0, 0.0, 0.0, 0.0, 0.0, 0.0, 0.0, 0.0, 0.0, 0.0, 0.0, 0.0, 0.0, 0.0, 0.0, 0.0, 0.0, 0.0, 0.0, 0.0, 0.0, 0.0, 0.0, 0.0, 0.0, 0.0, 0.0, 0.0, 0.0, 0.0, 0.0, 0.0, 0.0, 0.0, 0.0, 0.0, 0.0, 0.0, 0.0, 0.0, 0.0, 0.0, 0.0, 0.0, 0.0, 0.0, 0.0, 0.0, 0.0, 0.0, 0.0, 0.0, 0.0, 0.0, 0.0, 0.0, 0.0, 0.0, 0.0, 0.0, 0.0, 0.0, 0.0, 0.0, 0.0, 0.0, 0.0, 0.0, 0.0, 0.0, 0.0, 0.0, 0.0, 0.0, 0.0, 0.0, 0.0, 0.0, 0.0, 0.0, 0.0, 0.0, 0.0, 0.0, 0.0, 0.0, 0.0, 0.0, 0.0, 0.0, 0.0, 0.0, 0.0, 0.0, 0.0, 0.0, 0.0, 0.0, 0.0, 0.0, 0.0, 0.0, 0.0, 0.0, 0.0, 0.0, 0.0, 0.0, 0.0, 0.0, 0.0, 0.0, 0.0, 0.0, 0.0, 0.0, 0.0, 0.0, 0.0, 0.0, 0.0, 0.0, 0.0, 0.0, 0.0, 0.0, 0.0, 0.0, 0.0, 0.0, 0.0, 0.0, 0.0, 0.0, 0.0, 0.0, 0.0, 0.0, 0.0, 0.0, 0.0, 0.0, 0.0, 0.0, 0.0, 0.0, 0.0, 0.0, 0.0, 0.0, 0.0, 0.0, 0.0, 0.0, 0.0, 0.0, 0.0, 0.0, 0.0, 0.0, 0.0, 0.0, 0.0, 0.0, 0.0, 0.0, 0.0, 0.0, 0.0, 0.0, 0.0, 0.0, 0.0, 0.0, 0.0, 0.0, 0.0, 0.0, 0.0, 0.0, 0.0, 0.0, 0.0, 0.0, 0.0, 0.0, 0.0, 0.0, 0.0, 0.0, 0.0, 0.0, 0.0, 0.0, 0.0, 0.0, 0.0, 0.0, 0.0, 0.0, 0.0, 0.0, 0.0, 0.0, 0.0, 0.0, 0.0, 0.0, 0.0, 0.0, 0.0, 0.0, 0.0, 0.0, 0.0, 0.0, 0.0, 0.0, 0.0, 0.0, 0.0, 0.0, 0.0, 0.0, 0.0, 0.0, 0.0, 0.0, 0.0, 0.0, 0.0, 0.0, 0.0, 0.0, 0.0, 0.0, 0.0, 0.0, 0.0, 0.0, 0.0, 0.0, 0.0, 0.0, 0.0, 0.0, 0.0, 0.0, 0.0, 0.0, 0.0, 0.0, 0.0, 0.0, 0.0, 0.0, 0.0, 0.0, 0.0, 0.0, 0.0, 0.0, 0.0, 0.0, 0.0, 0.0, 0.0, 0.0, 0.0, 0.0, 0.0, 0.0, 0.0, 0.0, 0.0, 0.0, 0.0, 0.0, 0.0, 0.0, 0.0, 0.0, 0.0, 0.0, 0.0, 0.0, 0.0, 0.0, 0.0, 0.0, 0.0, 0.0, 0.0, 0.0, 0.0, 0.0, 0.0, 0.0, 0.0, 0.0, 0.0, 0.0, 0.0, 0.0, 0.0, 0.0, 0.0, 0.0, 0.0, 0.0, 0.0, 0.0, 0.0, 0.0, 0.0, 0.0, 0.0, 0.0, 0.0, 0.0, 0.0, 0.0, 0.0, 0.0, 0.0, 0.0, 0.0, 0.0, 0.0, 0.0, 0.0, 0.0, 0.0, 0.0, 0.0, 0.0, 0.0, 0.0, 0.0, 0.0, 0.0, 0.0, 0.0, 0.0, 0.0, 0.0, 0.0, 0.0, 0.0, 0.0, 0.0, 0.0, 0.0, 0.0, 0.0, 0.0, 0.0, 0.0, 0.0, 0.0, 0.0, 0.0, 0.0, 0.0, 0.0, 0.0, 0.0, 0.0, 0.0, 0.0, 0.0, 0.0, 0.0, 0.0, 0.0, 0.0, 0.0, 0.0, 0.0, 0.0, 0.0, 0.0, 0.0, 0.0, 0.0, 0.0, 0.0, 0.0, 0.0, 0.0, 0.0, 0.0, 0.0, 0.0, 0.0, 0.0, 0.0, 0.0, 0.0, 0.0, 0.0, 0.0, 0.0, 0.0, 0.0, 0.0, 0.0, 0.0, 0.0, 0.0, 0.0, 0.0, 0.0, 0.0, 0.0, 0.0, 0.0, 0.0, 0.0, 0.0, 0.0, 0.0, 0.0, 0.0, 0.0, 0.0, 0.0, 0.0, 0.0, 0.0, 0.0, 0.0, 0.0, 0.0, 0.0, 0.0, 0.0, 0.0, 0.0, 0.0, 0.0, 0.0, 0.0, 0.0, 0.0, 0.0, 0.0, 0.0, 0.0, 0.0, 0.0, 0.0, 0.0, 0.0, 0.0, 0.0, 0.0, 0.0, 0.0, 0.0, 0.0, 0.0, 0.0, 0.0, 0.0, 0.0, 0.0, 0.0, 0.0, 0.0, 0.0, 0.0, 0.0, 0.0, 0.0, 0.0, 0.0, 0.0, 0.0, 0.0, 0.0, 0.0, 0.0, 0.0, 0.0, 0.0, 0.0, 0.0, 0.0, 0.0, 0.0, 0.0, 0.0, 0.0, 0.0, 0.0, 0.0, 0.0, 0.0, 0.0, 0.0, 0.0, 0.0, 0.0, 0.0, 0.0, 0.0, 0.0, 0.0, 0.0, 0.0, 0.0, 0.0, 0.0, 0.0, 0.0, 0.0, 0.0, 0.0, 0.0, 0.0, 0.0, 0.0, 0.0, 0.0, 0.0, 0.0, 0.0, 0.0, 0.0, 0.0, 0.0, 0.0, 0.0, 0.0, 0.0, 0.0, 0.0, 0.0, 0.0, 0.0, 0.0, 0.0, 0.0, 0.0, 0.0, 0.0, 0.0, 0.0, 0.0, 0.0, 0.0, 0.0, 0.0, 0.0, 0.0, 0.0, 0.0, 0.0, 0.0, 0.0, 0.0, 0.0, 0.0, 0.0, 0.0, 0.0, 0.0, 0.0, 0.0, 0.0, 0.0, 0.0, 0.0, 0.0, 0.0, 0.0, 0.0, 0.0, 0.0, 0.0, 0.0, 0.0, 0.0, 0.0, 0.0, 0.0, 0.0, 0.0, 0.0, 0.0, 0.0, 0.0, 0.0, 0.0, 0.0, 0.0, 0.0, 0.0, 0.0, 0.0, 0.0, 0.0, 0.0, 0.0, 0.0, 0.0, 0.0, 0.0, 0.0, 0.0, 0.0, 0.0, 0.0, 0.0, 0.0, 0.0, 0.0, 0.0, 0.0, 0.0, 0.0, 0.0, 0.0, 0.0, 0.0, 0.0, 0.0, 0.0, 0.0, 0.0, 0.0, 0.0, 0.0, 0.0, 0.0, 0.0, 0.0, 0.0, 0.0, 0.0, 0.0, 0.0, 0.0, 0.0, 0.0, 0.0, 0.0, 0.0, 0.0, 0.0, 0.0, 0.0, 0.0, 0.0, 0.0, 0.0, 0.0, 0.0, 0.0, 0.0, 0.0, 0.0, 0.0, 0.0, 0.0, 0.0, 0.0, 0.0, 0.0, 0.0, 0.0, 0.0, 0.0, 0.0, 0.0, 0.0, 0.0, 0.0, 0.0, 0.0, 0.0, 0.0, 0.0, 0.0, 0.0, 0.0, 0.0, 0.0, 0.0, 0.0, 0.0, 0.0, 0.0, 0.0, 0.0, 0.0, 0.0, 0.0, 0.0, 0.0, 0.0, 0.0, 0.0, 0.0, 0.0, 0.0, 0.0, 0.0, 0.0, 0.0, 0.0, 0.0, 0.0, 0.0, 0.0, 0.0, 0.0, 0.0, 0.0, 0.0, 0.0, 0.0, 0.0, 0.0, 0.0, 0.0, 0.0, 0.0, 0.0, 0.0, 0.0, 0.0, 0.0, 0.0, 0.0, 0.0, 0.0, 0.0, 0.0, 0.0, 0.0, 0.0, 0.0, 0.0, 0.0, 0.0, 0.0, 0.0, 0.0, 0.0, 0.0, 0.0, 0.0, 0.0, 0.0, 0.0, 0.0, 0.0, 0.0, 0.0, 0.0, 0.0, 0.0, 0.0, 0.0, 0.0, 0.0, 0.0, 0.0, 0.0, 0.0, 0.0, 0.0, 0.0, 0.0, 0.0, 0.0, 0.0, 0.0, 0.0, 0.0, 0.0, 0.0, 0.0, 0.0, 0.0, 0.0, 0.0, 0.0, 0.0, 0.0, 0.0, 0.0, 0.0, 0.0, 0.0, 0.0, 0.0, 0.0, 0.0, 0.0, 0.0, 0.0, 0.0, 0.0, 0.0, 0.0, 0.0, 0.0, 0.0, 0.0, 0.0, 0.0, 0.0, 0.0, 0.0, 0.0, 0.0, 0.0, 0.0, 0.0, 0.0, 0.0, 0.0, 0.0, 0.0, 0.0, 0.0, 0.0, 0.0, 0.0, 0.0, 0.0, 0.0, 0.0, 0.0, 0.0, 0.0, 0.0, 0.0, 0.0, 0.0, 0.0, 0.0, 0.0, 0.0, 0.0, 0.0, 0.0, 0.0, 0.0, 0.0, 0.0, 0.0, 0.0, 0.0, 0.0, 0.0, 0.0, 0.0, 0.0, 0.0, 0.0, 0.0, 0.0, 0.0, 0.0, 0.0, 0.0, 0.0, 0.0, 0.0, 0.0, 0.0, 0.0, 0.0, 0.0, 0.0, 0.0, 0.0, 0.0, 0.0, 0.0, 0.0, 0.0, 0.0, 0.0, 0.0, 0.0, 0.0, 0.0, 0.0, 0.0, 0.0, 0.0, 0.0, 0.0, 0.0, 0.0, 0.0, 0.0, 0.0, 0.0, 0.0, 0.0, 0.0, 0.0, 0.0, 0.0, 0.0, 0.0, 0.0, 0.0, 0.0, 0.0, 0.0, 0.0, 0.0, 0.0, 0.0, 0.0, 0.0, 0.0, 0.0, 0.0, 0.0, 0.0, 0.0, 0.0, 0.0, 0.0, 0.0, 0.0, 0.0, 0.0, 0.0, 0.0, 0.0, 0.0, 0.0, 0.0, 0.0, 0.0, 0.0, 0.0, 0.0, 0.0, 0.0, 0.0, 0.0, 0.0, 0.0, 0.0, 0.0, 0.0, 0.0, 0.0, 0.0, 0.0, 0.0, 0.0, 0.0, 0.0, 0.0, 0.0, 0.0, 0.0, 0.0, 0.0, 0.0, 0.0, 0.0, 0.0, 0.0, 0.0, 0.0, 0.0, 0.0, 0.0, 0.0, 0.0, 0.0, 0.0, 0.0, 0.0, 0.0, 0.0, 0.0, 0.0, 0.0, 0.0, 0.0, 0.0, 0.0, 0.0, 0.0, 0.0, 0.0, 0.0, 0.0, 0.0, 0.0, 0.0, 0.0, 0.0, 0.0, 0.0, 0.0, 0.0, 0.0, 0.0, 0.0, 0.0, 0.0, 0.0, 0.0, 0.0, 0.0, 0.0, 0.0, 0.0, 0.0, 0.0, 0.0, 0.0, 0.0, 0.0, 0.0, 0.0, 0.0, 0.0, 0.0, 0.0, 0.0, 0.0, 0.0, 0.0, 0.0, 0.0, 0.0, 0.0, 0.0, 0.0, 0.0, 0.0, 0.0, 0.0, 0.0, 0.0, 0.0, 0.0, 0.0, 0.0, 0.0, 0.0, 0.0, 0.0, 0.0, 0.0, 0.0, 0.0, 0.0, 0.0, 0.0, 0.0, 0.0, 0.0, 0.0, 0.0, 0.0, 0.0, 0.0, 0.0, 0.0, 0.0, 0.0, 0.0, 0.0, 0.0, 0.0, 0.0, 0.0, 0.0, 0.0, 0.0, 0.0, 0.0, 0.0, 0.0, 0.0, 0.0, 0.0, 0.0, 0.0, 0.0, 0.0, 0.0, 0.0, 0.0, 0.0, 0.0, 0.0, 0.0, 0.0, 0.0, 0.0, 0.0, 0.0, 0.0, 0.0, 0.0, 0.0, 0.0, 0.0, 0.0, 0.0, 0.0, 0.0, 0.0, 0.0, 0.0, 0.0, 0.0, 0.0, 0.0, 0.0, 0.0, 0.0, 0.0, 0.0, 0.0, 0.0, 0.0, 0.0, 0.0, 0.0, 0.0, 0.0, 0.0, 0.0, 0.0, 0.0, 0.0, 0.0, 0.0, 0.0, 0.0, 0.0, 0.0, 0.0, 0.0, 0.0, 0.0, 0.0, 0.0, 0.0, 0.0, 0.0, 0.0, 0.0, 0.0, 0.0, 0.0, 0.0, 0.0, 0.0, 0.0, 0.0, 0.0, 0.0, 0.0, 0.0, 0.0, 0.0, 0.0, 0.0, 0.0, 0.0, 0.0, 0.0, 0.0, 0.0, 0.0, 0.0, 0.0, 0.0, 0.0, 0.0, 0.0, 0.0, 0.0, 0.0, 0.0, 0.0, 0.0, 0.0, 0.0, 0.0, 0.0, 0.0, 0.0, 0.0, 0.0, 0.0, 0.0, 0.0, 0.0, 0.0, 0.0, 0.0, 0.0, 0.0, 0.0, 0.0, 0.0, 0.0, 0.0, 0.0, 0.0, 0.0, 0.0, 0.0, 0.0, 0.0, 0.0, 0.0, 0.0, 0.0, 0.0, 0.0, 0.0, 0.0, 0.0, 0.0, 0.0, 0.0, 0.0, 0.0, 0.0, 0.0, 0.0, 0.0, 0.0, 0.0, 0.0, 0.0, 0.0, 0.0, 0.0, 0.0, 0.0, 0.0, 0.0, 0.0, 0.0, 0.0, 0.0, 0.0, 0.0, 0.0, 0.0, 0.0, 0.0, 0.0, 0.0, 0.0, 0.0, 0.0, 0.0, 0.0, 0.0, 0.0, 0.0, 0.0, 0.0, 0.0, 0.0, 0.0, 0.0, 0.0, 0.0, 0.0, 0.0, 0.0, 0.0, 0.0, 0.0, 0.0, 0.0, 0.0, 0.0, 0.0, 0.0, 0.0, 0.0, 0.0, 0.0, 0.0, 0.0, 0.0, 0.0, 0.0, 0.0, 0.0, 0.0, 0.0, 0.0, 0.0, 0.0, 0.0, 0.0, 0.0, 0.0, 0.0, 0.0, 0.0, 0.0, 0.0, 0.0, 0.0, 0.0, 0.0, 0.0, 0.0, 0.0, 0.0, 0.0, 0.0, 0.0, 0.0, 0.0, 0.0, 0.0, 0.0, 0.0, 0.0, 0.0, 0.0, 0.0, 0.0, 0.0, 0.0, 0.0, 0.0, 0.0, 0.0, 0.0, 0.0, 0.0, 0.0, 0.0, 0.0, 0.0, 0.0, 0.0, 0.0, 0.0, 0.0, 0.0, 0.0, 0.0, 0.0, 0.0, 0.0, 0.0, 0.0, 0.0, 0.0, 0.0, 0.0, 0.0, 0.0, 0.0, 0.0, 0.0, 0.0, 0.0, 0.0, 0.0, 0.0, 0.0, 0.0, 0.0, 0.0, 0.0, 0.0, 0.0, 0.0, 0.0, 0.0, 0.0, 0.0, 0.0, 0.0, 0.0, 0.0, 0.0, 0.0, 0.0, 0.0, 0.0, 0.0, 0.0, 0.0, 0.0, 0.0, 0.0, 0.0, 0.0, 0.0, 0.0, 0.0, 0.0, 0.0, 0.0, 0.0, 0.0, 0.0, 0.0, 0.0, 0.0, 0.0, 0.0, 0.0, 0.0, 0.0, 0.0, 0.0, 0.0, 0.0, 0.0, 0.0, 0.0, 0.0, 0.0, 0.0, 0.0, 0.0, 0.0, 0.0, 0.0, 0.0, 0.0, 0.0, 0.0, 0.0, 0.0, 0.0, 0.0, 0.0, 0.0, 0.0, 0.0, 0.0, 0.0, 0.0, 0.0, 0.0, 0.0, 0.0, 0.0, 0.0, 0.0, 0.0, 0.0, 0.0, 0.0, 0.0, 0.0, 0.0, 0.0, 0.0, 0.0, 0.0, 0.0, 0.0, 0.0, 0.0, 0.0, 0.0, 0.0, 0.0, 0.0, 0.0, 0.0, 0.0, 0.0, 0.0, 0.0, 0.0, 0.0, 0.0, 0.0, 0.0, 0.0, 0.0, 0.0, 0.0, 0.0, 0.0, 0.0, 0.0, 0.0, 0.0, 0.0, 0.0, 0.0, 0.0, 0.0, 0.0, 0.0, 0.0, 0.0, 0.0, 0.0, 0.0, 0.0, 0.0, 0.0, 0.0, 0.0, 0.0, 0.0, 0.0, 0.0, 0.0, 0.0, 0.0, 0.0, 0.0, 0.0, 0.0, 0.0, 0.0, 0.0, 0.0, 0.0, 0.0, 0.0, 0.0, 0.0, 0.0, 0.0, 0.0, 0.0, 0.0, 0.0, 0.0, 0.0, 0.0, 0.0, 0.0, 0.0, 0.0, 0.0, 0.0, 0.0, 0.0, 0.0, 0.0, 0.0, 0.0, 0.0, 0.0, 0.0, 0.0, 0.0, 0.0, 0.0, 0.0, 0.0, 0.0, 0.0, 0.0, 0.0, 0.0, 0.0, 0.0, 0.0, 0.0, 0.0, 0.0, 0.0, 0.0, 0.0, 0.0, 0.0, 0.0, 0.0, 0.0, 0.0, 0.0, 0.0, 0.0, 0.0, 0.0, 0.0, 0.0, 0.0, 0.0, 0.0, 0.0, 0.0, 0.0, 0.0, 0.0, 0.0, 0.0, 0.0, 0.0, 0.0, 0.0, 0.0, 0.0, 0.0, 0.0, 0.0, 0.0, 0.0, 0.0, 0.0, 0.0, 0.0, 0.0, 0.0, 0.0, 0.0, 0.0, 0.0, 0.0, 0.0, 0.0, 0.0, 0.0, 0.0, 0.0, 0.0, 0.0, 0.0, 0.0, 0.0, 0.0, 0.0, 0.0, 0.0, 0.0, 0.0, 0.0, 0.0, 0.0, 0.0, 0.0, 0.0, 0.0, 0.0, 0.0, 0.0, 0.0, 0.0, 0.0, 0.0, 0.0, 0.0, 0.0, 0.0, 0.0, 0.0, 0.0, 0.0, 0.0, 0.0, 0.0, 0.0, 0.0, 0.0, 0.0, 0.0, 0.0, 0.0, 0.0, 0.0, 0.0, 0.0, 0.0, 0.0, 0.0, 0.0, 0.0, 0.0, 0.0, 0.0, 0.0, 0.0, 0.0, 0.0, 0.0, 0.0, 0.0, 0.0, 0.0, 0.0, 0.0, 0.0, 0.0, 0.0, 0.0, 0.0, 0.0, 0.0, 0.0, 0.0, 0.0, 0.0, 0.0, 0.0, 0.0, 0.0, 0.0, 0.0, 0.0, 0.0, 0.0, 0.0, 0.0, 0.0, 0.0, 0.0, 0.0, 0.0, 0.0, 0.0, 0.0, 0.0, 0.0, 0.0, 0.0, 0.0, 0.0, 0.0, 0.0, 0.0, 0.0, 0.0, 0.0, 0.0, 0.0, 0.0, 0.0, 0.0, 0.0, 0.0, 0.0, 0.0, 0.0, 0.0, 0.0, 0.0, 0.0, 0.0, 0.0, 0.0, 0.0, 0.0, 0.0, 0.0, 0.0, 0.0, 0.0, 0.0, 0.0, 0.0, 0.0, 0.0, 0.0, 0.0, 0.0, 0.0, 0.0, 0.0, 0.0, 0.0, 0.0, 0.0, 0.0, 0.0, 0.0, 0.0, 0.0, 0.0, 0.0, 0.0, 0.0, 0.0, 0.0, 0.0, 0.0, 0.0, 0.0, 0.0, 0.0, 0.0, 0.0, 0.0, 0.0, 0.0, 0.0, 0.0, 0.0, 0.0, 0.0, 0.0, 0.0, 0.0, 0.0, 0.0, 0.0, 0.0, 0.0, 0.0, 0.0, 0.0, 0.0, 0.0, 0.0, 0.0, 0.0, 0.0, 0.0, 0.0, 0.0, 0.0, 0.0, 0.0, 0.0, 0.0, 0.0, 0.0, 0.0, 0.0, 0.0, 0.0, 0.0, 0.0, 0.0, 0.0, 0.0, 0.0, 0.0, 0.0, 0.0, 0.0, 0.0, 0.0, 0.0, 0.0, 0.0, 0.0, 0.0, 0.0, 0.0, 0.0, 0.0, 0.0, 0.0, 0.0, 0.0, 0.0, 0.0, 0.0, 0.0, 0.0, 0.0, 0.0, 0.0, 0.0, 0.0, 0.0, 0.0, 0.0, 0.0, 0.0, 0.0, 0.0, 0.0, 0.0, 0.0, 0.0, 0.0, 0.0, 0.0, 0.0, 0.0, 0.0, 0.0, 0.0, 0.0, 0.0, 0.0, 0.0, 0.0, 0.0, 0.0, 0.0, 0.0, 0.0, 0.0, 0.0, 0.0, 0.0, 0.0, 0.0, 0.0, 0.0, 0.0, 0.0, 0.0, 0.0, 0.0, 0.0, 0.0, 0.0, 0.0, 0.0, 0.0, 0.0, 0.0, 0.0, 0.0, 0.0, 0.0, 0.0, 0.0, 0.0, 0.0, 0.0, 0.0, 0.0, 0.0, 0.0, 0.0, 0.0, 0.0, 0.0, 0.0, 0.0, 0.0, 0.0, 0.0, 0.0, 0.0, 0.0, 0.0, 0.0, 0.0, 0.0, 0.0, 0.0, 0.0, 0.0, 0.0, 0.0, 0.0, 0.0, 0.0, 0.0, 0.0, 0.0, 0.0, 0.0, 0.0, 0.0, 0.0, 0.0, 0.0, 0.0, 0.0, 0.0, 0.0, 0.0, 0.0, 0.0, 0.0, 0.0, 0.0, 0.0, 0.0, 0.0, 0.0, 0.0, 0.0, 0.0, 0.0, 0.0, 0.0, 0.0, 0.0, 0.0, 0.0, 0.0, 0.0, 0.0, 0.0, 0.0, 0.0, 0.0, 0.0, 0.0, 0.0, 0.0, 0.0, 0.0, 0.0, 0.0, 0.0, 0.0, 0.0, 0.0, 0.0, 0.0, 0.0, 0.0, 0.0, 0.0, 0.0, 0.0, 0.0, 0.0, 0.0, 0.0, 0.0, 0.0, 0.0, 0.0, 0.0, 0.0, 0.0, 0.0, 0.0, 0.0, 0.0, 0.0, 0.0, 0.0, 0.0, 0.0, 0.0, 0.0, 0.0, 0.0, 0.0, 0.0, 0.0, 0.0, 0.0, 0.0, 0.0, 0.0, 0.0, 0.0, 0.0, 0.0, 0.0, 0.0, 0.0, 0.0, 0.0, 0.0, 0.0, 0.0, 0.0, 0.0, 0.0, 0.0, 0.0, 0.0, 0.0, 0.0, 0.0, 0.0, 0.0, 0.0, 0.0, 0.0, 0.0, 0.0, 0.0, 0.0, 0.0, 0.0, 0.0, 0.0, 0.0, 0.0, 0.0, 0.0, 0.0, 0.0, 0.0, 0.0, 0.0, 0.0, 0.0, 0.0, 0.0, 0.0, 0.0, 0.0, 0.0, 0.0, 0.0, 0.0, 0.0, 0.0, 0.0, 0.0, 0.0, 0.0, 0.0, 0.0, 0.0, 0.0, 0.0, 0.0, 0.0, 0.0, 0.0, 0.0, 0.0, 0.0, 0.0, 0.0, 0.0, 0.0, 0.0, 0.0, 0.0, 0.0, 0.0, 0.0, 0.0, 0.0, 0.0, 0.0, 0.0, 0.0, 0.0, 0.0, 0.0, 0.0, 0.0, 0.0, 0.0, 0.0, 0.0, 0.0, 0.0, 0.0, 0.0, 0.0, 0.0, 0.0, 0.0, 0.0, 0.0, 0.0, 0.0, 0.0, 0.0, 0.0, 0.0, 0.0, 0.0, 0.0, 0.0, 0.0, 0.0, 0.0, 0.0, 0.0, 0.0, 0.0, 0.0, 0.0, 0.0, 0.0, 0.0, 0.0, 0.0, 0.0, 0.0, 0.0, 0.0, 0.0, 0.0, 0.0, 0.0, 0.0, 0.0, 0.0, 0.0, 0.0, 0.0, 0.0, 0.0, 0.0, 0.0, 0.0, 0.0, 0.0, 0.0, 0.0, 0.0, 0.0, 0.0, 0.0, 0.0, 0.0, 0.0, 0.0, 0.0, 0.0, 0.0, 0.0, 0.0, 0.0, 0.0, 0.0, 0.0, 0.0, 0.0, 0.0, 0.0, 0.0, 0.0, 0.0, 0.0, 0.0, 0.0, 0.0, 0.0, 0.0, 0.0, 0.0, 0.0, 0.0, 0.0, 0.0, 0.0, 0.0, 0.0, 0.0, 0.0, 0.0, 0.0, 0.0, 0.0, 0.0, 0.0, 0.0, 0.0, 0.0, 0.0, 0.0, 0.0, 0.0, 0.0, 0.0, 0.0, 0.0, 0.0, 0.0, 0.0, 0.0, 0.0, 0.0, 0.0, 0.0, 0.0, 0.0, 0.0, 0.0, 0.0, 0.0, 0.0, 0.0, 0.0, 0.0, 0.0, 0.0, 0.0, 0.0, 0.0, 0.0, 0.0, 0.0, 0.0, 0.0, 0.0, 0.0, 0.0, 0.0, 0.0, 0.0, 0.0, 0.0, 0.0, 0.0, 0.0, 0.0, 0.0, 0.0, 0.0, 0.0, 0.0, 0.0, 0.0, 0.0, 0.0, 0.0, 0.0, 0.0, 0.0, 0.0, 0.0, 0.0, 0.0, 0.0, 0.0, 0.0, 0.0, 0.0, 0.0, 0.0, 0.0, 0.0, 0.0, 0.0, 0.0, 0.0, 0.0, 0.0, 0.0, 0.0, 0.0, 0.0, 0.0, 0.0, 0.0, 0.0, 0.0, 0.0, 0.0, 0.0, 0.0, 0.0, 0.0, 0.0, 0.0, 0.0, 0.0, 0.0, 0.0, 0.0, 0.0, 0.0, 0.0, 0.0, 0.0, 0.0, 0.0, 0.0, 0.0, 0.0, 0.0, 0.0, 0.0, 0.0, 0.0, 0.0, 0.0, 0.0, 0.0, 0.0, 0.0, 0.0, 0.0, 0.0, 0.0, 0.0, 0.0, 0.0, 0.0, 0.0, 0.0, 0.0, 0.0, 0.0, 0.0, 0.0, 0.0, 0.0, 0.0, 0.0, 0.0, 0.0, 0.0, 0.0, 0.0, 0.0, 0.0, 0.0, 0.0, 0.0, 0.0, 0.0, 0.0, 0.0, 0.0, 0.0, 0.0, 0.0, 0.0, 0.0, 0.0, 0.0, 0.0, 0.0, 0.0, 0.0, 0.0, 0.0, 0.0, 0.0, 0.0, 0.0, 0.0, 0.0, 0.0, 0.0, 0.0, 0.0, 0.0, 0.0, 0.0, 0.0, 0.0, 0.0, 0.0, 0.0, 0.0, 0.0, 0.0, 0.0, 0.0, 0.0, 0.0, 0.0, 0.0, 0.0, 0.0, 0.0, 0.0, 0.0, 0.0, 0.0, 0.0, 0.0, 0.0, 0.0, 0.0, 0.0, 0.0, 0.0, 0.0, 0.0, 0.0, 0.0, 0.0, 0.0, 0.0, 0.0, 0.0, 0.0, 0.0, 0.0, 0.0, 0.0, 0.0, 0.0, 0.0, 0.0, 0.0, 0.0, 0.0, 0.0, 0.0, 0.0, 0.0, 0.0, 0.0, 0.0, 0.0, 0.0, 0.0, 0.0, 0.0, 0.0, 0.0, 0.0, 0.0, 0.0, 0.0, 0.0, 0.0, 0.0, 0.0, 0.0, 0.0, 0.0, 0.0, 0.0, 0.0, 0.0, 0.0, 0.0, 0.0, 0.0, 0.0, 0.0, 0.0, 0.0, 0.0, 0.0, 0.0, 0.0, 0.0, 0.0, 0.0, 0.0, 0.0, 0.0, 0.0, 0.0, 0.0, 0.0, 0.0, 0.0, 0.0, 0.0, 0.0, 0.0, 0.0, 0.0, 0.0, 0.0, 0.0, 0.0, 0.0, 0.0, 0.0, 0.0, 0.0, 0.0, 0.0, 0.0, 0.0, 0.0, 0.0, 0.0, 0.0, 0.0, 0.0, 0.0, 0.0, 0.0, 0.0, 0.0, 0.0, 0.0, 0.0, 0.0, 0.0, 0.0, 0.0, 0.0, 0.0, 0.0, 0.0, 0.0, 0.0, 0.0, 0.0, 0.0, 0.0, 0.0, 0.0, 0.0, 0.0, 0.0, 0.0, 0.0, 0.0, 0.0, 0.0, 0.0, 0.0, 0.0, 0.0, 0.0, 0.0, 0.0, 0.0, 0.0, 0.0, 0.0, 0.0, 0.0, 0.0, 0.0, 0.0, 0.0, 0.0, 0.0, 0.0, 0.0, 0.0, 0.0, 0.0, 0.0, 0.0, 0.0, 0.0, 0.0, 0.0, 0.0, 0.0, 0.0, 0.0, 0.0, 0.0, 0.0, 0.0, 0.0, 0.0, 0.0, 0.0, 0.0, 0.0, 0.0, 0.0, 0.0, 0.0, 0.0, 0.0, 0.0, 0.0, 0.0, 0.0, 0.0, 0.0, 0.0, 0.0, 0.0, 0.0, 0.0, 0.0, 0.0, 0.0, 0.0, 0.0, 0.0, 0.0, 0.0, 0.0, 0.0, 0.0, 0.0, 0.0, 0.0, 0.0, 0.0, 0.0, 0.0, 0.0, 0.0, 0.0, 0.0, 0.0, 0.0, 0.0, 0.0, 0.0, 0.0, 0.0, 0.0, 0.0, 0.0, 0.0, 0.0, 0.0, 0.0, 0.0, 0.0, 0.0, 0.0, 0.0, 0.0, 0.0, 0.0, 0.0, 0.0, 0.0, 0.0, 0.0, 0.0, 0.0, 0.0, 0.0, 0.0, 0.0, 0.0, 0.0, 0.0, 0.0, 0.0, 0.0, 0.0, 0.0, 0.0, 0.0, 0.0, 0.0, 0.0, 0.0, 0.0, 0.0, 0.0, 0.0, 0.0, 0.0, 0.0, 0.0, 0.0, 0.0, 0.0, 0.0, 0.0, 0.0, 0.0, 0.0, 0.0, 0.0, 0.0, 0.0, 0.0, 0.0, 0.0, 0.0, 0.0, 0.0, 0.0, 0.0, 0.0, 0.0, 0.0, 0.0, 0.0, 0.0, 0.0, 0.0, 0.0, 0.0, 0.0, 0.0, 0.0, 0.0, 0.0, 0.0, 0.0, 0.0, 0.0, 0.0, 0.0, 0.0, 0.0, 0.0, 0.0, 0.0, 0.0, 0.0, 0.0, 0.0, 0.0, 0.0, 0.0, 0.0, 0.0, 0.0, 0.0, 0.0, 0.0, 0.0, 0.0, 0.0, 0.0, 0.0, 0.0, 0.0, 0.0, 0.0, 0.0, 0.0, 0.0, 0.0, 0.0, 0.0, 0.0, 0.0, 0.0, 0.0, 0.0, 0.0, 0.0, 0.0, 0.0, 0.0, 0.0, 0.0, 0.0, 0.0, 0.0, 0.0, 0.0, 0.0, 0.0, 0.0, 0.0, 0.0, 0.0, 0.0, 0.0, 0.0, 0.0, 0.0, 0.0, 0.0, 0.0, 0.0, 0.0, 0.0, 0.0, 0.0, 0.0, 0.0, 0.0, 0.0, 0.0, 0.0, 0.0, 0.0, 0.0, 0.0, 0.0, 0.0, 0.0, 0.0, 0.0, 0.0, 0.0, 0.0, 0.0, 0.0, 0.0, 0.0, 0.0, 0.0, 0.0, 0.0, 0.0, 0.0, 0.0, 0.0, 0.0, 0.0, 0.0, 0.0, 0.0, 0.0, 0.0]"
lambda_2,"[1.0, 0.0, 0.0, 0.0, 0.0, 0.0, 0.0, 0.0, 0.0, 0.0, 0.0, 0.0, 0.0, 0.0, 0.0, 0.0, 0.0, 0.0, 0.0, 0.0, 0.0, 0.0, 0.0, 0.0, 0.0, 0.0, 0.0, 0.0, 0.0, 0.0, 0.0, 0.0, 0.0, 0.0, 0.0, 0.0, 0.0, 0.0, 0.0, 0.0, 0.0, 0.0, 0.0, 0.0, 0.0, 0.0, 0.0, 0.0, 0.0, 0.0, 0.0, 0.0, 0.0, 0.0, 0.0, 0.0, 0.0, 0.0, 0.0, 0.0, 0.0, 0.0, 0.0, 0.0, 0.0, 0.0, 0.0, 0.0, 0.0, 0.0, 0.0, 0.0, 0.0, 0.0, 0.0, 0.0, 0.0, 0.0, 0.0, 0.0, 0.0, 0.0, 0.0, 0.0, 0.0, 0.0, 0.0, 0.0, 0.0, 0.0, 0.0, 0.0, 0.0, 0.0, 0.0, 0.0, 0.0, 0.0, 0.0, 0.0, 0.0, 0.0, 0.0, 0.0, 0.0, 0.0, 0.0, 0.0, 0.0, 0.0, 0.0, 0.0, 0.0, 0.0, 0.0, 0.0, 0.0, 0.0, 0.0, 0.0, 0.0, 0.0, 0.0, 0.0, 0.0, 0.0, 0.0, 0.0, 0.0, 0.0, 0.0, 0.0, 0.0, 0.0, 0.0, 0.0, 0.0, 0.0, 0.0, 0.0, 0.0, 0.0, 0.0, 0.0, 0.0, 0.0, 0.0, 0.0, 0.0, 0.0, 0.0, 0.0, 0.0, 0.0, 0.0, 0.0, 0.0, 0.0, 0.0, 0.0, 0.0, 0.0, 0.0, 0.0, 0.0, 0.0, 0.0, 0.0, 0.0, 0.0, 0.0, 0.0, 0.0, 0.0, 0.0, 0.0, 0.0, 0.0, 0.0, 0.0, 0.0, 0.0, 0.0, 0.0, 0.0, 0.0, 0.0, 0.0, 0.0, 0.0, 0.0, 0.0, 0.0, 0.0, 0.0, 0.0, 0.0, 0.0, 0.0, 0.0, 0.0, 0.0, 0.0, 0.0, 0.0, 0.0, 0.0, 0.0, 0.0, 0.0, 0.0, 0.0, 0.0, 0.0, 0.0, 0.0, 0.0, 0.0, 0.0, 0.0, 0.0, 0.0, 0.0, 0.0, 0.0, 0.0, 0.0, 0.0, 0.0, 0.0, 0.0, 0.0, 0.0, 0.0, 0.0, 0.0, 0.0, 0.0, 0.0, 0.0, 0.0, 0.0, 0.0, 0.0, 0.0, 0.0, 0.0, 0.0, 0.0, 0.0, 0.0, 0.0, 0.0, 0.0, 0.0, 0.0, 0.0, 0.0, 0.0, 0.0, 0.0]"
net_charge_t,"[0.0, 0.0, 0.0, 0.0, 0.0, 0.0, 0.0, 0.0, 0.0, 0.0, 0.0, 0.0, 0.0, 0.0, 0.0, 0.0, 0.0, 0.0, 0.0, 0.0, 0.0, 0.0, 0.0, 0.0, 0.0, 0.0, 0.0, 0.0, 0.0, 0.0, 0.0, 0.0, 0.0, 0.0, 0.0, 0.0, 0.0, 0.0, 0.0, 0.0, 0.0, 0.0, 0.0, 0.0, 0.0, 0.0, 0.0, 0.0, 0.0, 0.0, 0.0, 0.0, 0.0, 0.0, 0.0, 0.0, 0.0, 0.0, 0.0, 0.0, 0.0, 0.0, 0.0, 0.0, 0.0, 0.0, 0.0, 0.0, 0.0, 0.0, 0.0, 0.0, 0.0, 0.0, 0.0, 0.0, 0.0, 0.0, 0.0, 0.0, 0.0, 0.0, 0.0, 0.0, 0.0, 0.0, 0.0, 0.0, 0.0, 0.0, 0.0, 0.0, 0.0, 0.0, 0.0, 0.0, 0.0, 0.0, 0.0, 0.0, 0.0, 0.0, 0.0, 0.0, 0.0, 0.0, 0.0, 0.0, 0.0, 0.0, 0.0, 0.0, 0.0, 0.0, 0.0, 0.0, 0.0, 0.0, 0.0, 0.0, 0.0, 0.0, 0.0, 0.0, 0.0, 0.0, 0.0, 0.0, 0.0, 0.0, 0.0, 0.0, 0.0, 0.0, 0.0, 0.0, 0.0, 0.0, 0.0, 0.0, 0.0, 0.0, 0.0, 0.0, 0.0, 0.0, 0.0, 0.0, 0.0, 0.0, 0.0, 0.0, 0.0, 0.0, 0.0, 0.0, 0.0, 0.0, 0.0, 0.0, 0.0, 0.0, 0.0, 0.0, 0.0, 0.0, 0.0, 0.0, 0.0, 0.0, 0.0, 0.0, 0.0, 0.0, 0.0, 0.0, 0.0, 0.0, 0.0, 0.0, 0.0, 0.0, 0.0, 0.0, 0.0, 0.0, 0.0, 0.0, 0.0, 0.0, 0.0, 0.0, 0.0, 0.0, 0.0, 0.0, 0.0, 0.0, 0.0, 0.0, 0.0, 0.0, 0.0, 0.0, 0.0, 0.0, 0.0, 0.0, 0.0, 0.0, 0.0, 0.0, 0.0, 0.0, 0.0, 0.0, 0.0, 0.0, 0.0, 0.0, 0.0, 0.0, 0.0, 0.0, 0.0, 0.0, 0.0, 0.0, 0.0, 0.0, 0.0, 0.0, 0.0, 0.0, 0.0, 0.0, 0.0, 0.0, 0.0, 0.0, 0.0, 0.0, 0.0, 0.0, 0.0, 0.0, 0.0, 0.0, 0.0, 0.0, 0.0, 0.0, 0.0, 0.0, 0.0, 0.0, 0.0, 0.0, 0.0, 0.0, 0.0, 0.0, 0.0, 0.0, 0.0, 0.0, 0.0, 0.0, 0.0, 0.0, 0.0, 0.0, 0.0, 0.0, 0.0, 0.0, 0.0, 0.0, 0.0, 0.0, 0.0, 0.0, 0.0, 0.0, 0.0, 0.0, 0.0, 0.0, 0.0, 0.0, 0.0, 0.0, 0.0, 0.0, 0.0, 0.0, 0.0, 0.0, 0.0, 0.0, 0.0, 0.0, 0.0, 0.0, 0.0, 0.0, 0.0, 0.0, 0.0, 0.0, 0.0, 0.0, 0.0, 0.0, 0.0, 0.0, 0.0, 0.0, 0.0, 0.0, 0.0, 0.0, 0.0, 0.0, 0.0, 0.0, 0.0, 0.0, 0.0, 0.0, 0.0, 0.0, 0.0, 0.0, 0.0, 0.0, 0.0, 0.0, 0.0, 0.0, 0.0, 0.0, 0.0, 0.0, 0.0, 0.0, 0.0, 0.0, 0.0, 0.0, 0.0, 0.0, 0.0, 0.0, 0.0, 0.0, 0.0, 0.0, 0.0, 0.0, 0.0, 0.0, 0.0, 0.0, 0.0, 0.0, 0.0, 0.0, 0.0, 0.0, 0.0, 0.0, 0.0, 0.0, 0.0, 0.0, 0.0, 0.0, 0.0, 0.0, 0.0, 0.0, 0.0, 0.0, 0.0, 0.0, 0.0, 0.0, 0.0, 0.0, 0.0, 0.0, 0.0, 0.0, 0.0, 0.0, 0.0, 0.0, 0.0, 0.0, 0.0, 0.0, 0.0, 0.0, 0.0, 0.0, 0.0, 0.0, 0.0, 0.0, 0.0, 0.0, 0.0, 0.0, 0.0, 0.0, 0.0, 0.0, 0.0, 0.0, 0.0, 0.0, 0.0, 0.0, 0.0, 0.0, 0.0, 0.0, 0.0, 0.0, 0.0, 0.0, 0.0, 0.0, 0.0, 0.0, 0.0, 0.0, 0.0, 0.0, 0.0, 0.0, 0.0, 0.0, 0.0, 0.0, 0.0, 0.0, 0.0, 0.0, 0.0, 0.0, 0.0, 0.0, 0.0, 0.0, 0.0, 0.0, 0.0, 0.0, 0.0, 0.0, 0.0, 0.0, 0.0, 0.0, 0.0, 0.0, 0.0, 0.0, 0.0, 0.0, 0.0, 0.0, 0.0, 0.0, 0.0, 0.0, 0.0, 0.0, 0.0, 0.0, 0.0, 0.0, 0.0, 0.0, 0.0, 0.0, 0.0, 0.0, 0.0, 0.0, 0.0, 0.0, 0.0, 0.0, 0.0, 0.0, 0.0, 0.0, 0.0, 0.0, 0.0, 0.0, 0.0, 0.0, 0.0, 0.0, 0.0, 0.0, 0.0, 0.0, 0.0, 0.0, 0.0, 0.0, 0.0, 0.0, 0.0, 0.0, 0.0, 0.0, 0.0, 0.0, 0.0, 0.0, 0.0, 0.0, 0.0, 0.0, 0.0, 0.0, 0.0, 0.0, 0.0, 0.0, 0.0, 0.0, 0.0, 0.0, 0.0, 0.0, 0.0, 0.0, 0.0, 0.0, 0.0, 0.0, 0.0, 0.0, 0.0, 0.0, 0.0, 0.0, 0.0, 0.0, 0.0, 0.0, 0.0, 0.0, 0.0, 0.0, 0.0, 0.0, 0.0, 0.0, 0.0, 0.0, 0.0, 0.0, 0.0, 0.0, 0.0, 0.0, 0.0, 0.0, 0.0, 0.0, 0.0, 0.0, 0.0, 0.0, 0.0, 0.0, 0.0, 0.0, 0.0, 0.0, 0.0, 0.0, 0.0, 0.0, 0.0, 0.0, 0.0, 0.0, 0.0, 0.0, 0.0, 0.0, 0.0, 0.0, 0.0, 0.0, 0.0, 0.0, 0.0, 0.0, 0.0, 0.0, 0.0, 0.0, 0.0, 0.0, 0.0, 0.0, 0.0, 0.0, 0.0, 0.0, 0.0, 0.0, 0.0, 0.0, 0.0, 0.0, 0.0, 0.0, 0.0, 0.0, 0.0, 0.0, 0.0, 0.0, 0.0, 0.0, 0.0, 0.0, 0.0, 0.0, 0.0, 0.0, 0.0, 0.0, 0.0, 0.0, 0.0, 0.0, 0.0, 0.0, 0.0, 0.0, 0.0, 0.0, 0.0, 0.0, 0.0, 0.0, 0.0, 0.0, 0.0, 0.0, 0.0, 0.0, 0.0, 0.0, 0.0, 0.0, 0.0, 0.0, 0.0, 0.0, 0.0, 0.0, 0.0, 0.0, 0.0, 0.0, 0.0, 0.0, 0.0, 0.0, 0.0, 0.0, 0.0, 0.0, 0.0, 0.0, 0.0, 0.0, 0.0, 0.0, 0.0, 0.0, 0.0, 0.0, 0.0, 0.0, 0.0, 0.0, 0.0, 0.0, 0.0, 0.0, 0.0, 0.0, 0.0, 0.0, 0.0, 0.0, 0.0, 0.0, 0.0, 0.0, 0.0, 0.0, 0.0, 0.0, 0.0, 0.0, 0.0, 0.0, 0.0, 0.0, 0.0, 0.0, 0.0, 0.0, 0.0, 0.0, 0.0, 0.0, 0.0, 0.0, 0.0, 0.0, 0.0, 0.0, 0.0, 0.0, 0.0, 0.0, 0.0, 0.0, 0.0, 0.0, 0.0, 0.0, 0.0, 0.0, 0.0, 0.0, 0.0, 0.0, 0.0, 0.0, 0.0, 0.0, 0.0, 0.0, 0.0, 0.0, 0.0, 0.0, 0.0, 0.0, 0.0, 0.0, 0.0, 0.0, 0.0, 0.0, 0.0, 0.0, 0.0, 0.0, 0.0, 0.0, 0.0, 0.0, 0.0, 0.0, 0.0, 0.0, 0.0, 0.0, 0.0, 0.0, 0.0, 0.0, 0.0, 0.0, 0.0, 0.0, 0.0, 0.0, 0.0, 0.0, 0.0, 0.0, 0.0, 0.0, 0.0, 0.0, 0.0, 0.0, 0.0, 0.0, 0.0, 0.0, 0.0, 0.0, 0.0, 0.0, 0.0, 0.0, 0.0, 0.0, 0.0, 0.0, 0.0, 0.0, 0.0, 0.0, 0.0, 0.0, 0.0, 0.0, 0.0, 0.0, 0.0, 0.0, 0.0, 0.0, 0.0, 0.0, 0.0, 0.0, 0.0, 0.0, 0.0, 0.0, 0.0, 0.0, 0.0, 0.0, 0.0, 0.0, 0.0, 0.0, 0.0, 0.0, 0.0, 0.0, 0.0, 0.0, 0.0, 0.0, 0.0, 0.0, 0.0, 0.0, 0.0, 0.0, 0.0, 0.0, 0.0, 0.0, 0.0, 0.0, 0.0, 0.0, 0.0, 0.0, 0.0, 0.0, 0.0, 0.0, 0.0, 0.0, 0.0, 0.0, 0.0, 0.0, 0.0, 0.0, 0.0, 0.0, 0.0, 0.0, 0.0, 0.0, 0.0, 0.0, 0.0, 0.0, 0.0, 0.0, 0.0, 0.0, 0.0, 0.0, 0.0, 0.0, 0.0, 0.0, 0.0, 0.0, 0.0, 0.0, 0.0, 0.0, 0.0, 0.0, 0.0, 0.0, 0.0, 0.0, 0.0, 0.0, 0.0, 0.0, 0.0, 0.0, 0.0, 0.0, 0.0, 0.0, 0.0, 0.0, 0.0, 0.0, 0.0, 0.0, 0.0, 0.0, 0.0, 0.0, 0.0, 0.0, 0.0, 0.0, 0.0, 0.0, 0.0, 0.0, 0.0, 0.0, 0.0, 0.0, 0.0, 0.0, 0.0, 0.0, 0.0, 0.0, 0.0, 0.0, 0.0, 0.0, 0.0, 0.0, 0.0, 0.0, 0.0, 0.0, 0.0, 0.0, 0.0, 0.0, 0.0, 0.0, 0.0, 0.0, 0.0, 0.0, 0.0, 0.0, 0.0, 0.0, 0.0, 0.0, 0.0, 0.0, 0.0, 0.0, 0.0, 0.0, 0.0, 0.0, 0.0, 0.0, 0.0, 0.0, 0.0, 0.0, 0.0, 0.0, 0.0, 0.0, 0.0, 0.0, 0.0, 0.0, 0.0, 0.0, 0.0, 0.0, 0.0, 0.0, 0.0, 0.0, 0.0, 0.0, 0.0, 0.0, 0.0, 0.0, 0.0, 0.0, 0.0, 0.0, 0.0, 0.0, 0.0, 0.0, 0.0, 0.0, 0.0, 0.0, 0.0, 0.0, 0.0, 0.0, 0.0, 0.0, 0.0, 0.0, 0.0, 0.0, 0.0, 0.0, 0.0, 0.0, 0.0, 0.0, 0.0, 0.0, 0.0, 0.0, 0.0, 0.0, 0.0, 0.0, 0.0, 0.0, 0.0, 0.0, 0.0, 0.0, 0.0, 0.0, 0.0, 0.0, 0.0, 0.0, 0.0, 0.0, 0.0, 0.0, 0.0, 0.0, 0.0, 0.0, 0.0, 0.0, 0.0, 0.0, 0.0, 0.0, 0.0, 0.0, 0.0, 0.0, 0.0, 0.0, 0.0, 0.0, 0.0, 0.0, 0.0, 0.0, 0.0, 0.0, 0.0, 0.0, 0.0, 0.0, 0.0, 0.0, 0.0, 0.0, 0.0, 0.0, 0.0, 0.0, 0.0, 0.0, 0.0, 0.0, 0.0, 0.0, 0.0, 0.0, 0.0, 0.0, 0.0, 0.0, 0.0, 0.0, 0.0, 0.0, 0.0, 0.0, 0.0, 0.0, 0.0, 0.0, 0.0, 0.0, 0.0, 0.0, 0.0, 0.0, 0.0, 0.0, 0.0, 0.0, 0.0, 0.0, 0.0, 0.0, 0.0, 0.0, 0.0, 0.0, 0.0, 0.0, 0.0, 0.0, 0.0, 0.0, 0.0, 0.0, 0.0, 0.0, 0.0, 0.0, 0.0, 0.0, 0.0, 0.0, 0.0, 0.0, 0.0, 0.0, 0.0, 0.0, 0.0, 0.0, 0.0, 0.0, 0.0, 0.0, 0.0, 0.0, 0.0, 0.0, 0.0, 0.0, 0.0, 0.0, 0.0, 0.0, 0.0, 0.0, 0.0, 0.0, 0.0, 0.0, 0.0, 0.0, 0.0, 0.0, 0.0, 0.0, 0.0, 0.0, 0.0, 0.0, 0.0, 0.0, 0.0, 0.0, 0.0, 0.0, 0.0, 0.0, 0.0, 0.0, 0.0, 0.0, 0.0, 0.0, 0.0, 0.0, 0.0, 0.0, 0.0, 0.0, 0.0, 0.0, 0.0, 0.0, 0.0, 0.0, 0.0, 0.0, 0.0, 0.0, 0.0, 0.0, 0.0, 0.0, 0.0, 0.0, 0.0, 0.0, 0.0, 0.0, 0.0, 0.0, 0.0, 0.0, 0.0, 0.0, 0.0, 0.0, 0.0, 0.0, 0.0, 0.0, 0.0, 0.0, 0.0, 0.0, 0.0, 0.0, 0.0, 0.0, 0.0, 0.0, 0.0, 0.0, 0.0, 0.0, 0.0, 0.0, 0.0, 0.0, 0.0, 0.0, 0.0, 0.0, 0.0, 0.0, 0.0, 0.0, 0.0, 0.0, 0.0, 0.0, 0.0, 0.0, 0.0, 0.0, 0.0, 0.0, 0.0, 0.0, 0.0, 0.0, 0.0, 0.0, 0.0, 0.0, 0.0, 0.0, 0.0, 0.0, 0.0, 0.0, 0.0, 0.0, 0.0, 0.0, 0.0, 0.0, 0.0, 0.0, 0.0, 0.0, 0.0, 0.0, 0.0, 0.0, 0.0, 0.0, 0.0, 0.0, 0.0, 0.0, 0.0, 0.0, 0.0, 0.0, 0.0, 0.0, 0.0, 0.0, 0.0, 0.0, 0.0, 0.0, 0.0, 0.0, 0.0, 0.0, 0.0, 0.0, 0.0, 0.0, 0.0, 0.0, 0.0, 0.0, 0.0, 0.0, 0.0, 0.0, 0.0, 0.0, 0.0, 0.0, 0.0, 0.0, 0.0, 0.0, 0.0, 0.0, 0.0, 0.0, 0.0, 0.0, 0.0, 0.0, 0.0, 0.0, 0.0, 0.0, 0.0, 0.0, 0.0, 0.0, 0.0, 0.0, 0.0, 0.0, 0.0, 0.0, 0.0, 0.0, 0.0, 0.0, 0.0, 0.0, 0.0, 0.0, 0.0, 0.0, 0.0, 0.0, 0.0, 0.0, 0.0, 0.0, 0.0, 0.0, 0.0, 0.0, 0.0, 0.0, 0.0, 0.0, 0.0, 0.0, 0.0, 0.0, 0.0, 0.0, 0.0, 0.0, 0.0, 0.0, 0.0, 0.0, 0.0, 0.0, 0.0, 0.0, 0.0, 0.0, 0.0, 0.0, 0.0, 0.0, 0.0, 0.0, 0.0, 0.0, 0.0, 0.0, 0.0, 0.0, 0.0, 0.0, 0.0, 0.0, 0.0, 0.0, 0.0, 0.0, 0.0, 0.0, 0.0, 0.0, 0.0, 0.0, 0.0, 0.0, 0.0, 0.0, 0.0, 0.0, 0.0, 0.0, 0.0, 0.0, 0.0, 0.0, 0.0, 0.0, 0.0, 0.0, 0.0, 0.0, 0.0, 0.0, 0.0, 0.0, 0.0, 0.0, 0.0, 0.0, 0.0, 0.0, 0.0, 0.0, 0.0, 0.0, 0.0, 0.0, 0.0, 0.0, 0.0, 0.0, 0.0, 0.0, 0.0, 0.0, 0.0, 0.0, 0.0, 0.0, 0.0, 0.0, 0.0, 0.0, 0.0, 0.0, 0.0, 0.0, 0.0, 0.0, 0.0, 0.0, 0.0, 0.0, 0.0, 0.0, 0.0, 0.0, 0.0, 0.0, 0.0, 0.0, 0.0, 0.0, 0.0, 0.0, 0.0, 0.0, 0.0, 0.0, 0.0, 0.0, 0.0, 0.0, 0.0, 0.0, 0.0, 0.0, 0.0, 0.0, 0.0, 0.0, 0.0, 0.0, 0.0, 0.0, 0.0, 0.0, 0.0, 0.0, 0.0, 0.0, 0.0, 0.0, 0.0, 0.0, 0.0, 0.0, 0.0, 0.0, 0.0, 0.0, 0.0, 0.0, 0.0, 0.0, 0.0, 0.0, 0.0, 0.0, 0.0, 0.0, 0.0, 0.0, 0.0, 0.0, 0.0, 0.0, 0.0, 0.0, 0.0, 0.0, 0.0, 0.0, 0.0, 0.0, 0.0, 0.0, 0.0, 0.0, 0.0, 0.0, 0.0, 0.0, 0.0, 0.0, 0.0, 0.0, 0.0, 0.0, 0.0, 0.0, 0.0, 0.0, 0.0, 0.0, 0.0, 0.0, 0.0, 0.0, 0.0, 0.0, 0.0, 0.0, 0.0, 0.0, 0.0, 0.0, 0.0, 0.0, 0.0, 0.0, 0.0, 0.0, 0.0, 0.0, 0.0, 0.0, 0.0, 0.0, 0.0, 0.0, 0.0, 0.0, 0.0, 0.0, 0.0, 0.0, 0.0, 0.0, 0.0, 0.0, 0.0, 0.0, 0.0, 0.0, 0.0, 0.0, 0.0, 0.0, 0.0, 0.0, 0.0, 0.0, 0.0, 0.0, 0.0, 0.0, 0.0, 0.0, 0.0, 0.0, 0.0, 0.0, 0.0, 0.0, 0.0, 0.0, 0.0, 0.0, 0.0, 0.0, 0.0, 0.0, 0.0, 0.0, 0.0, 0.0, 0.0, 0.0, 0.0, 0.0, 0.0, 0.0, 0.0, 0.0, 0.0, 0.0, 0.0, 0.0, 0.0, 0.0, 0.0, 0.0, 0.0, 0.0, 0.0, 0.0, 0.0, 0.0, 0.0, 0.0, 0.0, 0.0, 0.0, 0.0, 0.0, 0.0, 0.0, 0.0, 0.0, 0.0, 0.0, 0.0, 0.0, 0.0, 0.0, 0.0, 0.0, 0.0, 0.0, 0.0, 0.0, 0.0, 0.0, 0.0, 0.0, 0.0, 0.0, 0.0, 0.0, 0.0, 0.0, 0.0, 0.0, 0.0, 0.0, 0.0, 0.0, 0.0, 0.0, 0.0, 0.0, 0.0, 0.0, 0.0, 0.0, 0.0, 0.0, 0.0, 0.0, 0.0, 0.0, 0.0, 0.0, 0.0, 0.0, 0.0, 0.0, 0.0, 0.0, 0.0, 0.0, 0.0, 0.0, 0.0, 0.0, 0.0, 0.0, 0.0, 0.0, 0.0, 0.0, 0.0, 0.0, 0.0, 0.0, 0.0, 0.0, 0.0, 0.0, 0.0, 0.0, 0.0, 0.0, 0.0, 0.0, 0.0, 0.0, 0.0, 0.0, 0.0, 0.0, 0.0, 0.0, 0.0, 0.0, 0.0, 0.0, 0.0, 0.0, 0.0, 0.0, 0.0, 0.0, 0.0, 0.0, 0.0, 0.0, 0.0, 0.0, 0.0, 0.0, 0.0, 0.0, 0.0, 0.0, 0.0, 0.0, 0.0, 0.0, 0.0, 0.0, 0.0, 0.0, 0.0, 0.0, 0.0, 0.0, 0.0, 0.0, 0.0, 0.0, 0.0, 0.0, 0.0, 0.0, 0.0, 0.0, 0.0, 0.0, 0.0, 0.0, 0.0, 0.0, 0.0, 0.0, 0.0, 0.0, 0.0, 0.0, 0.0, 0.0, 0.0, 0.0, 0.0, 0.0, 0.0, 0.0, 0.0, 0.0, 0.0, 0.0, 0.0, 0.0, 0.0, 0.0, 0.0, 0.0, 0.0, 0.0, 0.0, 0.0, 0.0, 0.0, 0.0, 0.0, 0.0, 0.0, 0.0, 0.0, 0.0, 0.0, 0.0, 0.0, 0.0, 0.0, 0.0, 0.0, 0.0, 0.0, 0.0, 0.0, 0.0, 0.0, 0.0, 0.0, 0.0, 0.0, 0.0, 0.0, 0.0, 0.0, 0.0, 0.0, 0.0, 0.0, 0.0, 0.0, 0.0, 0.0, 0.0, 0.0, 0.0, 0.0, 0.0, 0.0, 0.0, 0.0, 0.0, 0.0, 0.0, 0.0, 0.0, 0.0, 0.0, 0.0, 0.0, 0.0, 0.0, 0.0, 0.0, 0.0, 0.0, 0.0, 0.0, 0.0, 0.0, 0.0, 0.0, 0.0, 0.0, 0.0, 0.0, 0.0, 0.0, 0.0, 0.0, 0.0, 0.0, 0.0, 0.0, 0.0, 0.0, 0.0, 0.0, 0.0, 0.0, 0.0, 0.0, 0.0, 0.0, 0.0, 0.0, 0.0, 0.0, 0.0, 0.0, 0.0, 0.0, 0.0, 0.0, 0.0, 0.0, 0.0, 0.0, 0.0, 0.0, 0.0, 0.0, 0.0, 0.0, 0.0, 0.0, 0.0, 0.0, 0.0, 0.0, 0.0, 0.0, 0.0, 0.0, 0.0, 0.0, 0.0, 0.0, 0.0, 0.0, 0.0, 0.0, 0.0, 0.0, 0.0, 0.0, 0.0, 0.0, 0.0, 0.0, 0.0, 0.0, 0.0, 0.0, 0.0, 0.0, 0.0, 0.0, 0.0, 0.0, 0.0, 0.0, 0.0, 0.0, 0.0, 0.0, 0.0, 0.0, 0.0, 0.0, 0.0, 0.0, 0.0, 0.0, 0.0, 0.0, 0.0, 0.0, 0.0, 0.0, 0.0, 0.0, 0.0, 0.0, 0.0, 0.0, 0.0, 0.0, 0.0, 0.0, 0.0, 0.0, 0.0, 0.0, 0.0, 0.0, 0.0, 0.0, 0.0, 0.0, 0.0, 0.0, 0.0, 0.0, 0.0, 0.0, 0.0, 0.0, 0.0, 0.0, 0.0, 0.0, 0.0, 0.0, 0.0, 0.0, 0.0, 0.0, 0.0, 0.0, 0.0, 0.0, 0.0, 0.0, 0.0, 0.0, 0.0, 0.0, 0.0, 0.0, 0.0, 0.0, 0.0, 0.0, 0.0, 0.0, 0.0, 0.0, 0.0, 0.0, 0.0, 0.0, 0.0, 0.0, 0.0, 0.0, 0.0, 0.0, 0.0, 0.0, 0.0, 0.0, 0.0, 0.0, 0.0, 0.0, 0.0, 0.0, 0.0, 0.0, 0.0, 0.0, 0.0, 0.0, 0.0, 0.0, 0.0, 0.0, 0.0, 0.0, 0.0, 0.0, 0.0, 0.0, 0.0, 0.0, 0.0, 0.0, 0.0, 0.0, 0.0, 0.0, 0.0, 0.0, 0.0, 0.0, 0.0, 0.0, 0.0, 0.0, 0.0, 0.0, 0.0, 0.0, 0.0, 0.0, 0.0, 0.0, 0.0, 0.0, 0.0, 0.0, 0.0, 0.0, 0.0, 0.0, 0.0, 0.0, 0.0, 0.0, 0.0, 0.0, 0.0, 0.0, 0.0, 0.0, 0.0, 0.0, 0.0, 0.0, 0.0, 0.0, 0.0, 0.0, 0.0, 0.0, 0.0, 0.0, 0.0, 0.0, 0.0, 0.0, 0.0, 0.0, 0.0, 0.0, 0.0, 0.0, 0.0, 0.0, 0.0, 0.0, 0.0, 0.0, 0.0, 0.0, 0.0, 0.0, 0.0, 0.0, 0.0, 0.0, 0.0, 0.0, 0.0, 0.0, 0.0, 0.0, 0.0, 0.0, 0.0, 0.0, 0.0, 0.0, 0.0, 0.0, 0.0, 0.0, 0.0, 0.0, 0.0, 0.0, 0.0, 0.0, 0.0, 0.0, 0.0, 0.0, 0.0, 0.0, 0.0, 0.0, 0.0, 0.0, 0.0, 0.0, 0.0, 0.0, 0.0, 0.0, 0.0, 0.0, 0.0, 0.0, 0.0, 0.0, 0.0, 0.0, 0.0, 0.0, 0.0, 0.0, 0.0, 0.0, 0.0, 0.0, 0.0, 0.0, 0.0, 0.0, 0.0, 0.0, 0.0, 0.0, 0.0, 0.0, 0.0, 0.0, 0.0, 0.0, 0.0, 0.0, 0.0, 0.0, 0.0, 0.0, 0.0, 0.0, 0.0, 0.0, 0.0, 0.0, 0.0, 0.0, 0.0, 0.0, 0.0, 0.0, 0.0, 0.0, 0.0, 0.0, 0.0, 0.0, 0.0, 0.0, 0.0, 0.0, 0.0, 0.0, 0.0, 0.0, 0.0, 0.0, 0.0, 0.0, 0.0, 0.0, 0.0, 0.0, 0.0, 0.0, 0.0, 0.0, 0.0, 0.0, 0.0, 0.0, 0.0, 0.0, 0.0, 0.0, 0.0, 0.0, 0.0, 0.0, 0.0, 0.0, 0.0, 0.0, 0.0, 0.0, 0.0, 0.0, 0.0, 0.0, 0.0, 0.0, 0.0, 0.0, 0.0, 0.0, 0.0, 0.0, 0.0, 0.0, 0.0, 0.0, 0.0, 0.0, 0.0, 0.0, 0.0, 0.0, 0.0, 0.0, 0.0, 0.0, 0.0, 0.0, 0.0, 0.0, 0.0, 0.0, 0.0, 0.0, 0.0, 0.0, 0.0, 0.0, 0.0, 0.0, 0.0, 0.0, 0.0, 0.0, 0.0, 0.0, 0.0, 0.0, 0.0, 0.0, 0.0, 0.0, 0.0, 0.0, 0.0, 0.0, 0.0, 0.0, 0.0, 0.0, 0.0, 0.0, 0.0, 0.0, 0.0, 0.0, 0.0, 0.0, 0.0, 0.0, 0.0, 0.0, 0.0, 0.0, 0.0, 0.0, 0.0, 0.0, 0.0, 0.0, 0.0, 0.0, 0.0, 0.0, 0.0, 0.0, 0.0, 0.0, 0.0, 0.0, 0.0, 0.0, 0.0, 0.0, 0.0, 0.0, 0.0, 0.0, 0.0, 0.0, 0.0, 0.0, 0.0, 0.0, 0.0, 0.0, 0.0, 0.0, 0.0, 0.0, 0.0, 0.0, 0.0, 0.0, 0.0, 0.0, 0.0, 0.0, 0.0, 0.0, 0.0, 0.0, 0.0, 0.0, 0.0, 0.0, 0.0, 0.0, 0.0, 0.0, 0.0, 0.0, 0.0, 0.0, 0.0, 0.0, 0.0, 0.0, 0.0, 0.0, 0.0, 0.0, 0.0, 0.0, 0.0, 0.0, 0.0, 0.0, 0.0, 0.0, 0.0, 0.0, 0.0, 0.0, 0.0, 0.0, 0.0, 0.0, 0.0, 0.0, 0.0, 0.0, 0.0, 0.0, 0.0, 0.0, 0.0, 0.0, 0.0, 0.0, 0.0, 0.0, 0.0, 0.0, 0.0, 0.0, 0.0, 0.0, 0.0, 0.0, 0.0, 0.0, 0.0, 0.0, 0.0, 0.0, 0.0, 0.0, 0.0, 0.0, 0.0, 0.0, 0.0, 0.0, 0.0, 0.0, 0.0, 0.0, 0.0, 0.0, 0.0, 0.0, 0.0, 0.0, 0.0, 0.0, 0.0, 0.0, 0.0, 0.0, 0.0, 0.0, 0.0, 0.0, 0.0, 0.0, 0.0, 0.0, 0.0, 0.0, 0.0, 0.0, 0.0, 0.0, 0.0, 0.0, 0.0, 0.0, 0.0, 0.0, 0.0, 0.0, 0.0, 0.0, 0.0, 0.0, 0.0, 0.0, 0.0, 0.0, 0.0, 0.0, 0.0, 0.0, 0.0, 0.0, 0.0, 0.0, 0.0, 0.0, 0.0, 0.0, 0.0, 0.0, 0.0, 0.0, 0.0, 0.0, 0.0, 0.0, 0.0, 0.0, 0.0, 0.0, 0.0, 0.0, 0.0, 0.0, 0.0, 0.0, 0.0, 0.0, 0.0, 0.0, 0.0, 0.0, 0.0, 0.0, 0.0, 0.0, 0.0, 0.0, 0.0, 0.0, 0.0, 0.0, 0.0, 0.0, 0.0, 0.0, 0.0, 0.0, 0.0, 0.0, 0.0, 0.0, 0.0, 0.0, 0.0, 0.0, 0.0, 0.0, 0.0, 0.0, 0.0, 0.0, 0.0, 0.0, 0.0, 0.0, 0.0, 0.0, 0.0, 0.0, 0.0, 0.0, 0.0, 0.0, 0.0, 0.0, 0.0, 0.0, 0.0, 0.0, 0.0, 0.0, 0.0, 0.0, 0.0, 0.0, 0.0, 0.0, 0.0, 0.0, 0.0, 0.0, 0.0, 0.0, 0.0, 0.0, 0.0, 0.0, 0.0, 0.0, 0.0, 0.0, 0.0, 0.0, 0.0, 0.0, 0.0, 0.0, 0.0, 0.0, 0.0, 0.0, 0.0, 0.0, 0.0, 0.0, 0.0, 0.0, 0.0, 0.0, 0.0, 0.0, 0.0, 0.0, 0.0, 0.0, 0.0, 0.0, 0.0, 0.0, 0.0, 0.0, 0.0, 0.0, 0.0, 0.0, 0.0, 0.0, 0.0, 0.0, 0.0, 0.0, 0.0, 0.0, 0.0, 0.0, 0.0, 0.0, 0.0, 0.0, 0.0, 0.0, 0.0, 0.0, 0.0, 0.0, 0.0, 0.0, 0.0, 0.0, 0.0, 0.0, 0.0, 0.0, 0.0, 0.0, 0.0, 0.0, 0.0, 0.0, 0.0, 0.0, 0.0, 0.0, 0.0, 0.0, 0.0, 0.0, 0.0, 0.0, 0.0, 0.0, 0.0, 0.0, 0.0, 0.0, 0.0, 0.0, 0.0, 0.0, 0.0, 0.0, 0.0, 0.0, 0.0, 0.0, 0.0, 0.0, 0.0, 0.0, 0.0, 0.0, 0.0, 0.0, 0.0, 0.0, 0.0, 0.0, 0.0, 0.0, 0.0, 0.0, 0.0, 0.0, 0.0, 0.0, 0.0, 0.0, 0.0, 0.0, 0.0, 0.0, 0.0, 0.0, 0.0, 0.0, 0.0, 0.0, 0.0, 0.0, 0.0, 0.0, 0.0, 0.0, 0.0, 0.0, 0.0, 0.0, 0.0, 0.0, 0.0, 0.0, 0.0, 0.0, 0.0, 0.0, 0.0, 0.0, 0.0, 0.0, 0.0, 0.0, 0.0, 0.0, 0.0, 0.0, 0.0, 0.0, 0.0, 0.0, 0.0, 0.0, 0.0, 0.0, 0.0, 0.0, 0.0, 0.0, 0.0, 0.0, 0.0, 0.0, 0.0, 0.0, 0.0, 0.0, 0.0, 0.0, 0.0, 0.0, 0.0, 0.0, 0.0, 0.0, 0.0, 0.0, 0.0, 0.0, 0.0, 0.0, 0.0, 0.0, 0.0, 0.0, 0.0, 0.0, 0.0, 0.0, 0.0, 0.0, 0.0, 0.0, 0.0, 0.0, 0.0, 0.0, 0.0, 0.0, 0.0, 0.0, 0.0, 0.0, 0.0, 0.0, 0.0, 0.0, 0.0, 0.0, 0.0, 0.0, 0.0, 0.0, 0.0, 0.0, 0.0, 0.0, 0.0, 0.0, 0.0, 0.0, 0.0, 0.0, 0.0, 0.0, 0.0, 0.0, 0.0, 0.0, 0.0, 0.0, 0.0, 0.0, 0.0, 0.0, 0.0, 0.0, 0.0, 0.0, 0.0, 0.0, 0.0, 0.0, 0.0, 0.0, 0.0, 0.0, 0.0, 0.0, 0.0, 0.0, 0.0, 0.0, 0.0, 0.0, 0.0, 0.0, 0.0, 0.0, 0.0, 0.0, 0.0, 0.0, 0.0, 0.0, 0.0, 0.0, 0.0, 0.0, 0.0, 0.0, 0.0, 0.0, 0.0, 0.0, 0.0, 0.0, 0.0, 0.0, 0.0, 0.0, 0.0, 0.0, 0.0, 0.0, 0.0, 0.0, 0.0, 0.0, 0.0, 0.0, 0.0, 0.0, 0.0, 0.0, 0.0, 0.0, 0.0, 0.0, 0.0, 0.0, 0.0, 0.0, 0.0, 0.0, 0.0, 0.0, 0.0, 0.0, 0.0, 0.0, 0.0, 0.0, 0.0, 0.0, 0.0, 0.0, 0.0, 0.0, 0.0, 0.0, 0.0, 0.0, 0.0, 0.0, 0.0, 0.0, 0.0, 0.0, 0.0, 0.0, 0.0, 0.0, 0.0, 0.0, 0.0, 0.0, 0.0, 0.0, 0.0, 0.0, 0.0, 0.0, 0.0, 0.0, 0.0, 0.0, 0.0, 0.0, 0.0, 0.0, 0.0, 0.0, 0.0, 0.0, 0.0, 0.0, 0.0, 0.0, 0.0, 0.0, 0.0, 0.0, 0.0, 0.0, 0.0, 0.0, 0.0, 0.0, 0.0, 0.0, 0.0, 0.0, 0.0, 0.0, 0.0, 0.0, 0.0, 0.0, 0.0, 0.0, 0.0, 0.0, 0.0, 0.0, 0.0, 0.0, 0.0, 0.0, 0.0, 0.0, 0.0, 0.0, 0.0, 0.0, 0.0, 0.0, 0.0, 0.0, 0.0, 0.0, 0.0, 0.0, 0.0, 0.0, 0.0, 0.0, 0.0, 0.0, 0.0, 0.0, 0.0, 0.0, 0.0, 0.0, 0.0, 0.0, 0.0, 0.0, 0.0, 0.0, 0.0, 0.0, 0.0, 0.0, 0.0, 0.0, 0.0, 0.0, 0.0, 0.0, 0.0, 0.0, 0.0, 0.0, 0.0, 0.0, 0.0, 0.0, 0.0, 0.0, 0.0, 0.0, 0.0, 0.0, 0.0, 0.0, 0.0, 0.0, 0.0, 0.0, 0.0, 0.0, 0.0, 0.0, 0.0, 0.0, 0.0, 0.0, 0.0, 0.0, 0.0, 0.0, 0.0, 0.0, 0.0, 0.0, 0.0, 0.0, 0.0, 0.0, 0.0, 0.0, 0.0, 0.0, 0.0, 0.0, 0.0, 0.0, 0.0, 0.0, 0.0, 0.0, 0.0, 0.0, 0.0, 0.0, 0.0, 0.0, 0.0, 0.0, 0.0, 0.0, 0.0, 0.0, 0.0, 0.0, 0.0, 0.0, 0.0, 0.0, 0.0, 0.0, 0.0, 0.0, 0.0, 0.0, 0.0, 0.0, 0.0, 0.0, 0.0, 0.0, 0.0, 0.0, 0.0, 0.0, 0.0, 0.0, 0.0, 0.0, 0.0, 0.0, 0.0, 0.0, 0.0, 0.0, 0.0, 0.0, 0.0, 0.0, 0.0, 0.0, 0.0, 0.0, 0.0, 0.0, 0.0, 0.0, 0.0, 0.0, 0.0, 0.0, 0.0, 0.0, 0.0, 0.0, 0.0, 0.0, 0.0, 0.0, 0.0, 0.0, 0.0, 0.0, 0.0, 0.0, 0.0, 0.0, 0.0, 0.0, 0.0, 0.0, 0.0, 0.0, 0.0, 0.0, 0.0, 0.0, 0.0, 0.0, 0.0, 0.0, 0.0, 0.0, 0.0, 0.0, 0.0, 0.0, 0.0, 0.0, 0.0, 0.0, 0.0, 0.0, 0.0, 0.0, 0.0, 0.0, 0.0, 0.0, 0.0, 0.0, 0.0, 0.0, 0.0, 0.0, 0.0, 0.0, 0.0, 0.0, 0.0, 0.0, 0.0, 0.0, 0.0, 0.0, 0.0, 0.0, 0.0, 0.0, 0.0, 0.0, 0.0, 0.0, 0.0, 0.0, 0.0, 0.0, 0.0, 0.0, 0.0, 0.0, 0.0, 0.0, 0.0, 0.0, 0.0, 0.0, 0.0, 0.0, 0.0, 0.0, 0.0, 0.0, 0.0, 0.0, 0.0, 0.0, 0.0, 0.0, 0.0, 0.0, 0.0, 0.0, 0.0, 0.0, 0.0, 0.0, 0.0, 0.0, 0.0, 0.0, 0.0, 0.0, 0.0, 0.0, 0.0, 0.0, 0.0, 0.0, 0.0, 0.0, 0.0, 0.0, 0.0, 0.0, 0.0, 0.0, 0.0, 0.0, 0.0, 0.0, 0.0, 0.0, 0.0, 0.0, 0.0, 0.0, 0.0, 0.0, 0.0, 0.0, 0.0, 0.0, 0.0, 0.0, 0.0, 0.0, 0.0, 0.0, 0.0, 0.0, 0.0, 0.0, 0.0, 0.0, 0.0, 0.0, 0.0, 0.0, 0.0, 0.0, 0.0, 0.0, 0.0, 0.0, 0.0, 0.0, 0.0, 0.0, 0.0, 0.0, 0.0, 0.0, 0.0, 0.0, 0.0, 0.0, 0.0, 0.0, 0.0, 0.0, 0.0, 0.0, 0.0, 0.0, 0.0, 0.0, 0.0, 0.0, 0.0, 0.0, 0.0, 0.0, 0.0, 0.0, 0.0, 0.0, 0.0, 0.0, 0.0, 0.0, 0.0, 0.0, 0.0, 0.0, 0.0, 0.0, 0.0, 0.0, 0.0, 0.0, 0.0, 0.0, 0.0, 0.0, 0.0, 0.0, 0.0, 0.0, 0.0, 0.0, 0.0, 0.0, 0.0, 0.0, 0.0, 0.0, 0.0, 0.0, 0.0, 0.0, 0.0, 0.0, 0.0, 0.0, 0.0, 0.0, 0.0, 0.0, 0.0, 0.0, 0.0, 0.0, 0.0, 0.0, 0.0, 0.0, 0.0, 0.0, 0.0, 0.0, 0.0, 0.0, 0.0, 0.0, 0.0, 0.0, 0.0, 0.0, 0.0, 0.0, 0.0, 0.0, 0.0, 0.0, 0.0, 0.0, 0.0, 0.0, 0.0, 0.0, 0.0, 0.0, 0.0, 0.0, 0.0, 0.0, 0.0, 0.0, 0.0, 0.0, 0.0, 0.0, 0.0, 0.0, 0.0, 0.0, 0.0, 0.0, 0.0, 0.0, 0.0, 0.0, 0.0, 0.0, 0.0, 0.0, 0.0, 0.0, 0.0, 0.0, 0.0, 0.0, 0.0, 0.0, 0.0, 0.0, 0.0, 0.0, 0.0, 0.0, 0.0, 0.0, 0.0, 0.0, 0.0, 0.0, 0.0, 0.0, 0.0, 0.0, 0.0, 0.0, 0.0, 0.0, 0.0, 0.0, 0.0, 0.0, 0.0, 0.0, 0.0, 0.0, 0.0, 0.0, 0.0, 0.0, 0.0, 0.0, 0.0, 0.0, 0.0, 0.0, 0.0, 0.0, 0.0, 0.0, 0.0, 0.0, 0.0, 0.0, 0.0, 0.0, 0.0, 0.0, 0.0, 0.0, 0.0, 0.0, 0.0, 0.0, 0.0, 0.0, 0.0, 0.0, 0.0, 0.0, 0.0, 0.0, 0.0, 0.0, 0.0, 0.0, 0.0, 0.0, 0.0, 0.0, 0.0, 0.0, 0.0, 0.0, 0.0, 0.0, 0.0, 0.0, 0.0, 0.0, 0.0, 0.0, 0.0, 0.0, 0.0, 0.0, 0.0, 0.0, 0.0, 0.0, 0.0, 0.0, 0.0, 0.0, 0.0, 0.0, 0.0, 0.0, 0.0, 0.0, 0.0, 0.0, 0.0, 0.0, 0.0, 0.0, 0.0, 0.0, 0.0, 0.0, 0.0, 0.0, 0.0, 0.0, 0.0, 0.0, 0.0, 0.0, 0.0, 0.0, 0.0, 0.0, 0.0, 0.0, 0.0, 0.0, 0.0, 0.0, 0.0, 0.0, 0.0, 0.0, 0.0, 0.0, 0.0, 0.0, 0.0, 0.0, 0.0, 0.0, 0.0, 0.0, 0.0, 0.0, 0.0, 0.0, 0.0, 0.0, 0.0, 0.0, 0.0, 0.0, 0.0, 0.0, 0.0, 0.0, 0.0, 0.0, 0.0, 0.0, 0.0, 0.0, 0.0, 0.0, 0.0, 0.0, 0.0, 0.0, 0.0, 0.0, 0.0, 0.0, 0.0, 0.0, 0.0, 0.0, 0.0, 0.0, 0.0, 0.0, 0.0, 0.0, 0.0, 0.0, 0.0, 0.0, 0.0, 0.0, 0.0, 0.0, 0.0, 0.0, 0.0, 0.0, 0.0, 0.0, 0.0, 0.0, 0.0, 0.0, 0.0, 0.0, 0.0, 0.0, 0.0, 0.0, 0.0, 0.0, 0.0, 0.0, 0.0, 0.0, 0.0, 0.0, 0.0, 0.0, 0.0, 0.0, 0.0, 0.0, 0.0, 0.0, 0.0, 0.0, 0.0, 0.0, 0.0, 0.0, 0.0, 0.0, 0.0, 0.0, 0.0, 0.0, 0.0, 0.0, 0.0, 0.0, 0.0, 0.0, 0.0, 0.0, 0.0, 0.0, 0.0, 0.0, 0.0, 0.0, 0.0, 0.0, 0.0, 0.0, 0.0, 0.0, 0.0, 0.0, 0.0, 0.0, 0.0, 0.0, 0.0, 0.0, 0.0, 0.0, 0.0, 0.0, 0.0, 0.0, 0.0, 0.0, 0.0, 0.0, 0.0, 0.0, 0.0, 0.0, 0.0, 0.0, 0.0, 0.0, 0.0, 0.0, 0.0, 0.0, 0.0, 0.0, 0.0, 0.0, 0.0, 0.0, 0.0, 0.0, 0.0, 0.0, 0.0, 0.0, 0.0, 0.0, 0.0, 0.0, 0.0, 0.0, 0.0, 0.0, 0.0, 0.0, 0.0, 0.0, 0.0, 0.0, 0.0, 0.0, 0.0, 0.0, 0.0, 0.0, 0.0, 0.0, 0.0, 0.0, 0.0, 0.0, 0.0, 0.0, 0.0, 0.0, 0.0, 0.0]"
m,-0.0
TES_charge_costs,0.0
x_coal,1.0
relative_gap,9.971243691675005e-5
CAPEX_TES_charger,0.0
charger_cost,0.0
Q_IND_heater_peak,0.0
a_ch_t,"[0.0, 0.0, 0.0, 0.0, 0.0, 0.0, 0.0, 0.0, 0.0, 0.0, 0.0, 0.0, 0.0, 0.0, 0.0, 0.0, 0.0, 0.0, 0.0, 0.0, 0.0, 0.0, 0.0, 0.0, 0.0, 0.0, 0.0, 0.0, 0.0, 0.0, 0.0, 0.0, 0.0, 0.0, 0.0, 0.0, 0.0, 0.0, 0.0, 0.0, 0.0, 0.0, 0.0, 0.0, 0.0, 0.0, 0.0, 0.0, 0.0, 0.0, 0.0, 0.0, 0.0, 0.0, 0.0, 0.0, 0.0, 0.0, 0.0, 0.0, 0.0, 0.0, 0.0, 0.0, 0.0, 0.0, 0.0, 0.0, 0.0, 0.0, 0.0, 0.0, 0.0, 0.0, 0.0, 0.0, 0.0, 0.0, 0.0, 0.0, 0.0, 0.0, 0.0, 0.0, 0.0, 0.0, 0.0, 0.0, 0.0, 0.0, 0.0, 0.0, 0.0, 0.0, 0.0, 0.0, 0.0, 0.0, 0.0, 0.0, 0.0, 0.0, 0.0, 0.0, 0.0, 0.0, 0.0, 0.0, 0.0, 0.0, 0.0, 0.0, 0.0, 0.0, 0.0, 0.0, 0.0, 0.0, 0.0, 0.0, 0.0, 0.0, 0.0, 0.0, 0.0, 0.0, 0.0, 0.0, 0.0, 0.0, 0.0, 0.0, 0.0, 0.0, 0.0, 0.0, 0.0, 0.0, 0.0, 0.0, 0.0, 0.0, 0.0, 0.0, 0.0, 0.0, 0.0, 0.0, 0.0, 0.0, 0.0, 0.0, 0.0, 0.0, 0.0, 0.0, 0.0, 0.0, 0.0, 0.0, 0.0, 0.0, 0.0, 0.0, 0.0, 0.0, 0.0, 0.0, 0.0, 0.0, 0.0, 0.0, 0.0, 0.0, 0.0, 0.0, 0.0, 0.0, 0.0, 0.0, 0.0, 0.0, 0.0, 0.0, 0.0, 0.0, 0.0, 0.0, 0.0, 0.0, 151.4454173063041, 0.0, 0.0, 0.0, 0.0, 0.0, 0.0, 0.0, 0.0, 0.0, 0.0, 250.70798697357853, 0.0, 0.0, 0.0, 0.0, 0.0, 1078.583388972219, 894.2956442365405, 1212.4918346880697, 971.2026776949402, 0.0, 712.021138443644, 1802.1848329052268, 1047.044198158574, 1201.4928236470446, 1235.1651814907889, 243.16854452915624, 930.561731930805, 10.49272903895278, 839.0394634785258, 0.0, 1466.0873656212893, 0.0, 0.0, 718.9062898175152, 0.0, 0.0, 0.0, 18.656376786309306, 2889.3238076661714, 1869.674875751884, 2530.526188720982, 2330.110296583143, 13.405617280272256, 1878.4640695207581, 2895.666725251874, 0.0, 0.0, 130.82498327665738, 1202.1942950354726, 2413.056282271232, 356.6428553213087, 2127.3139377941015, 2414.528192487054, 2698.255997658179, 0.0, 1754.3416255116094, 1636.8317009322864, 513.5656361697205, 2677.2782589270223, 1203.4795359840523, 255.18093828979207, 2895.666725251874, 2766.279099974852, 552.4188470301865, 2895.666725251874, 326.49845077643084, 2895.666725251874, 2895.666725251874, 2895.666725251874, 2895.666725251874, 2895.666725251874, 2895.666725251874, 2895.666725251874, 0.0, 2785.482132522674, 2895.666725251874, 364.8816473203114, 0.0, 1081.5365546385021, 2895.666725251874, 1636.6583165762227, 0.0, 1498.994542199801, 1020.0510679332841, 2895.666725251874, 2895.666725251874, 2411.68837306295, 1115.5130710777585, 1600.8432610612629, 2895.666725251874, 2895.666725251874, 2895.666725251874, 2895.666725251874, 2895.666725251874, 2895.666725251874, 857.4979608020489, 1874.2156685605378, 2895.6667252518737, 1816.202177300503, 2895.666725251874, 0.0, 1666.9056043184771, 2895.666725251874, 2895.666725251874, 2895.666725251874, 488.7303094050546, 1.6327898757628057, 2895.666725251874, 2895.6667252518737, 1942.2562709233757, 2895.666725251874, 2895.666725251874, 2895.666725251874, 2895.6667252518737, 2895.6667252518737, 2895.6667252518737, 2895.666725251874, 2895.6667252518737, 2895.666725251874, 1505.6994522996376, 2895.666725251874, 0.0, 2891.5788042280938, 0.0, 0.0, 2895.666725251874, 2895.666725251874, 2895.666725251874, 2663.7097790783196, 1313.819809861237, 2399.2437632764086, 2895.666725251874, 2895.666725251874, 2895.666725251874, 2533.61311338151, 2895.666725251874, 1250.2415434518593, 2895.666725251874, 2895.666725251874, 1962.6952049158817, 2895.666725251874, 2895.666725251874, 1402.915556319672, 2222.302468177096, 0.0, 2895.666725251874, 0.0, 11.819900288593564, 2895.666725251874, 2895.666725251874, 2895.666725251874, 1350.319811633483, 1080.7144037520259, 1232.498589381399, 2895.666725251874, 2895.666725251874, 2895.666725251874, 2376.548548968866, 2750.0964372080957, 477.2018535907185, 2092.4562277994196, 2667.8249375831556, 2895.666725251874, 2773.845014672561, 2895.666725251874, 0.0, 2228.826199734031, 1376.7535993953963, 2895.666725251874, 0.0, 23.486577539868684, 2466.925310059971, 2731.938059696306, 2895.666725251874, 2895.666725251874, 2079.1608458830838, 721.3894404986471, 968.1758461818578, 2509.660752575579, 1653.163538654512, 129.45390181633252, 1262.6338954102139, 1096.4260323203493, 2472.2560262245306, 1384.9878107464563, 2378.1365050603918, 1714.2573930139065, 1783.9102858469655, 348.98062034572854, 1204.9874316912094, 787.0105786177942, 1687.7409782067775, 1089.846501760453, 310.8827792961287, 1328.1464371783409, 1733.6764486312602, 2895.6667252518737, 656.5350837441889, 1924.8196958997114, 0.0, 104.79007443757914, 1067.9551466919825, 533.2259565723571, 0.0, 0.0, 125.11044851823691, 991.4590884001869, 1348.909968606053, 896.3936658389939, 216.0261743785634, 618.1892797316616, 0.0, 36.79266285145382, 0.0, 390.3374727999336, 0.0, 0.0, 311.3550841345825, 144.8754717948088, 1030.270556403814, 285.4090232006289, 13.037528668112767, 0.0, 0.0, 0.0, 0.0, 0.0, 0.0, 0.0, 0.0, 0.0, 0.0, 0.0, 0.0, 0.0, 0.0, 0.0, 0.0, 0.0, 0.0, 0.0, 0.0, 0.0, 0.0, 0.0, 1.6355960460551633, 0.0, 0.0, 0.0, 0.0, 0.0, 0.0, 0.0, 0.0, 0.0, 0.0, 0.0, 0.0, 0.0, 0.0, 0.0, 0.0, 0.0, 0.0, 0.0, 0.0, 0.0, 0.0, 0.0, 0.0, 0.0, 0.0, 0.0, 0.0, 0.0, 0.0, 0.0, 0.0, 0.0, 0.0, 0.0, 0.0, 0.0, 0.0, 0.0, 0.0, 0.0, 0.0, 0.0, 0.0, 0.0, 0.0, 0.0, 0.0, 0.0, 0.0, 0.0, 0.0, 0.0, 0.0, 0.0, 0.0, 0.0, 0.0, 0.0, 0.0, 0.0, 0.0, 0.0, 0.0, 0.0, 0.0, 0.0, 0.0, 0.0, 0.0, 0.0, 0.0, 0.0, 0.0, 0.0, 0.0, 0.0, 0.0, 0.0, 0.0, 0.0, 0.0, 0.0, 0.0, 0.0, 0.0, 0.0, 0.0, 0.0, 0.0, 0.0, 0.0, 0.0, 0.0, 0.0, 0.0, 0.0, 0.0, 0.0, 0.0, 0.0, 0.0, 0.0, 0.0, 0.0, 0.0, 0.0, 0.0, 0.0, 0.0, 0.0, 0.0, 0.0, 0.0, 0.0, 0.0, 0.0, 0.0, 0.0, 0.0, 0.0, 0.0, 0.0, 0.0, 0.0, 0.0, 0.0, 0.0, 0.0, 0.0, 0.0, 0.0, 0.0, 0.0, 0.0, 0.0, 0.0, 0.0, 0.0, 0.0, 0.0, 0.0, 0.0, 0.0, 0.0, 0.0, 0.0, 0.0, 0.0, 0.0, 0.0, 0.0, 0.0, 0.0, 0.0, 0.0, 0.0, 0.0, 0.0, 0.0, 0.0, 0.0, 0.0, 0.0, 0.0, 0.0, 0.0, 0.0, 0.0, 0.0, 0.0, 0.0, 0.0, 0.0, 0.0, 0.0, 0.0, 0.0, 0.0, 0.0, 0.0, 0.0, 0.0, 0.0, 0.0, 0.0, 0.0, 0.0, 0.0, 0.0, 0.0, 0.0, 0.0, 0.0, 0.0, 0.0, 0.0, 0.0, 0.0, 0.0, 0.0, 0.0, 0.0, 0.0, 0.0, 0.0, 0.0, 0.0, 0.0, 0.0, 0.0, 0.0, 0.0, 0.0, 0.0, 0.0, 0.0, 0.0, 0.0, 0.0, 0.0, 0.0, 0.0, 0.0, 0.0, 0.0, 0.0, 0.0, 0.0, 0.0, 0.0, 0.0, 0.0, 0.0, 0.0, 0.0, 0.0, 0.0, 0.0, 0.0, 0.0, 0.0, 0.0, 0.0, 0.0, 0.0, 0.0, 0.0, 0.0, 0.0, 0.0, 0.0, 0.0, 0.0, 0.0, 0.0, 0.0, 0.0, 0.0, 0.0, 0.0, 0.0, 0.0, 0.0, 0.0, 0.0, 0.0, 0.0, 0.0, 0.0, 0.0, 0.0, 0.0, 0.0, 0.0, 0.0, 0.0, 0.0, 0.0, 0.0, 0.0, 0.0, 0.0, 0.0, 0.0, 0.0, 0.0, 0.0, 0.0, 0.0, 0.0, 0.0, 0.0, 0.0, 0.0, 0.0, 0.0, 0.0, 0.0, 0.0, 0.0, 0.0, 0.0, 0.0, 0.0, 0.0, 0.0, 0.0, 0.0, 0.0, 0.0, 0.0, 0.0, 0.0, 0.0, 0.0, 0.0, 0.0, 0.0, 0.0, 0.0, 266.67238871849764, 227.8849199901799, 1026.1743706635903, 947.9335046274182, 1649.0541468686467, 845.402967243901, 661.5462635655014, 1071.3741812985954, 1052.6280173204186, 1163.5471375702755, 700.824641281363, 1140.1140550778778, 26.302019684411, 760.9811588084308, 1748.9533505990505, 1635.6542656895008, 0.0, 1298.8753047664854, 913.1349522737169, 1115.5911010316177, 1248.3471987648695, 629.7827440019909, 1131.470029092402, 786.462298479614, 2276.3970038246107, 2481.7077249687536, 2267.0063876867825, 2239.6513310707255, 2149.5256600803873, 2895.666725251874, 2612.2727083331233, 2603.041912538028, 2560.500219789261, 2042.5161625575247, 2202.7567902768574, 958.1262482472488, 2084.2616339578567, 1866.4213497838282, 2895.666725251874, 295.9853939015164, 2380.058336759116, 2240.111343238036, 2415.140596383624, 2813.9174795955323, 1553.9074380682741, 1646.6556500972301, 1600.9576410651182, 2383.422544476739, 2895.666725251874, 2895.666725251874, 894.6698255734051, 2895.666725251874, 2895.666725251874, 378.69364086116394, 2895.666725251874, 2895.666725251874, 2895.666725251874, 547.6370169184607, 1246.7169347913687, 2895.666725251874, 2895.666725251874, 2895.666725251874, 1966.4191469360733, 1873.2351228813177, 2895.6667252518732, 2895.666725251874, 1327.4948720944385, 2895.666725251874, 1654.637469429839, 1824.4857995585357, 2895.666725251874, 2895.6667252518737, 2895.666725251874, 2406.599299420291, 2895.6667252518737, 2895.6667252518737, 2895.666725251874, 2895.666725251874, 2895.666725251874, 2895.666725251874, 2895.666725251874, 2895.666725251874, 2895.666725251874, 2895.666725251874, 1885.2614588505348, 2895.666725251874, 1307.429561431318, 2895.666725251874, 2015.5136119031772, 2895.666725251874, 2895.666725251874, 1914.9299871458607, 2728.702284672307, 1903.0285465333407, 797.2410324081936, 2895.6667252518737, 2895.6667252518732, 2895.666725251874, 2895.6667252518732, 2895.666725251874, 1317.6365330262663, 2895.666725251874, 2895.666725251874, 2895.666725251874, 2895.666725251874, 2895.666725251874, 2895.666725251874, 2895.666725251874, 2895.666725251874, 2532.118410288703, 2895.666725251874, 2895.666725251874, 2895.666725251874, 1762.4781596966375, 134.01206590897667, 367.0271415550472, 1444.2270656097382, 918.1572099787643, 2895.666725251874, 1933.7531858380157, 1310.4377857301383, 2672.949348412229, 2895.666725251874, 2895.6667252518737, 58.586876820735675, 2895.666725251874, 2895.6667252518737, 2895.666725251874, 1511.8551045398929, 2895.666725251874, 2895.666725251874, 2551.3821583101576, 1895.4571390321883, 2895.6667252518737, 2895.666725251874, 2895.666725251874, 865.6895206217346, 806.0184692767975, 0.0, 1858.093083433988, 726.224400488245, 847.6343669447589, 761.5590090693001, 2895.666725251874, 0.0, 2895.666725251874, 2895.666725251874, 2895.666725251874, 1509.411359876267, 2895.666725251874, 1846.082886508248, 1848.4808633183914, 2405.8088319218423, 2895.666725251874, 1746.758738016458, 954.0866514542565, 2363.572376341503, 2895.666725251874, 2895.666725251874, 402.23498243289765, 467.00215743192064, 0.0, 1979.5800538619196, 2337.2657051699953, 1981.5019537446276, 0.0, 1859.2428873209865, 2451.167150257117, 2540.875010089829, 1602.341925443484, 2216.901259900474, 1715.3290976888868, 2017.8828949732865, 1559.1649017783259, 1450.7121899677811, 548.9713294547006, 0.0, 249.50724766985164, 607.3896561470026, 471.88703620166126, 1056.970231264293, 1213.455990127872, 247.81940367022466, 220.1259008432388, 0.0, 543.3988612930177, 689.2302900258952, 559.1393275791254, 0.0, 438.6062402072971, 842.3936581916274, 0.0, 27.567152254515364, 603.6800465019652, 47.24033551766963, 694.824783336229, 0.0, 90.5293062366299, 0.0, 186.6330907908, 265.74709714011686, 430.2297611241531, 328.42360243744776, 0.0, 0.0, 0.0, 0.0, 0.0, 0.0, 0.0, 0.0, 0.0, 0.0, 0.0, 0.0, 0.0, 0.0, 0.0, 0.0, 0.0, 0.0, 0.0, 0.0, 0.0, 0.0, 0.0, 0.0, 0.0, 0.0, 0.0, 0.0, 0.0, 0.0, 0.0, 0.0, 0.0, 0.0, 0.0, 0.0, 0.0, 0.0, 0.0, 0.0, 0.0, 0.0, 0.0, 0.0, 0.0, 0.0, 0.0, 0.0, 0.0, 0.0, 0.0, 0.0, 0.0, 0.0, 0.0, 0.0, 0.0, 0.0, 0.0, 0.0, 0.0, 0.0, 0.0, 0.0, 0.0, 0.0, 0.0, 0.0, 0.0, 0.0, 0.0, 0.0, 0.0, 0.0, 0.0, 0.0, 0.0, 0.0, 0.0, 0.0, 0.0, 0.0, 0.0, 0.0, 0.0, 0.0, 0.0, 0.0, 0.0, 0.0, 0.0, 0.0, 0.0, 0.0, 0.0, 0.0, 0.0, 0.0, 0.0, 0.0, 0.0, 0.0, 0.0, 0.0, 0.0, 0.0, 0.0, 0.0, 0.0, 0.0, 0.0, 0.0, 0.0, 0.0, 0.0, 0.0, 0.0, 0.0, 0.0, 0.0, 0.0, 0.0, 0.0, 0.0, 0.0, 0.0, 0.0, 0.0, 0.0, 0.0, 0.0, 0.0, 0.0, 0.0, 0.0, 0.0, 0.0, 0.0, 0.0, 0.0, 0.0, 0.0, 0.0, 0.0, 0.0, 0.0, 0.0, 0.0, 0.0, 0.0, 0.0, 0.0, 0.0, 0.0, 0.0, 0.0, 0.0, 0.0, 0.0, 0.0, 0.0, 0.0, 0.0, 0.0, 0.0, 0.0, 0.0, 0.0, 0.0, 0.0, 0.0, 0.0, 0.0, 0.0, 0.0, 0.0, 0.0, 0.0, 0.0, 0.0, 0.0, 0.0, 0.0, 0.0, 0.0, 0.0, 0.0, 0.0, 0.0, 0.0, 0.0, 0.0, 0.0, 0.0, 0.0, 0.0, 0.0, 0.0, 0.0, 0.0, 0.0, 0.0, 0.0, 0.0, 0.0, 0.0, 0.0, 0.0, 0.0, 0.0, 0.0, 0.0, 0.0, 0.0, 0.0, 0.0, 0.0, 0.0, 0.0, 0.0, 0.0, 0.0, 0.0, 0.0, 0.0, 0.0, 0.0, 0.0, 0.0, 0.0, 0.0, 0.0, 0.0, 0.0, 0.0, 0.0, 0.0, 0.0, 0.0, 0.0, 0.0, 0.0, 0.0, 0.0, 0.0, 0.0, 0.0, 0.0, 119.19775910622295, 0.0, 0.0, 0.0, 0.0, 0.0, 0.0, 0.0, 0.0, 0.0, 0.0, 0.0, 0.0, 0.0, 0.0, 0.0, 0.0, 0.0, 0.0, 0.0, 0.0, 0.0, 0.0, 0.0, 0.0, 0.0, 0.0, 0.0, 0.0, 0.0, 0.0, 0.0, 0.0, 0.0, 0.0, 0.0, 0.0, 0.0, 0.0, 0.0, 0.0, 0.0, 0.0, 0.0, 0.0, 0.0, 0.0, 0.0, 0.0, 0.0, 0.0, 0.0, 0.0, 0.0, 0.0, 0.0, 0.0, 0.0, 0.0, 0.0, 0.0, 0.0, 0.0, 0.0, 0.0, 0.0, 0.0, 0.0, 0.0, 784.2513066493516, 0.0, 0.0, 0.0, 0.0, 0.0, 0.0, 0.0, 0.0, 138.0889329739133, 0.0, 0.0, 0.0, 238.76264756073635, 0.0, 0.0, 0.0, 0.0, 0.0, 0.0, 0.0, 0.0, 0.0, 0.0, 0.0, 0.0, 0.0, 0.0, 0.0, 0.0, 0.0, 0.0, 0.0, 874.6378778449026, 1014.1695752892482, 751.9129367630125, 1816.6346593422188, 899.2106145587904, 434.74938109376814, 1003.3806142341789, 1102.1640242822582, 1000.9293806530907, 643.6045437548794, 896.8683380283795, 822.1432379031751, 981.5585170216816, 0.0, 1250.436681820619, 1159.4736568213914, 1356.7633155561168, 133.05034379886428, 612.3127051046428, 0.0, 980.0775699327412, 138.3343080440364, 1983.8212297765515, 1614.6496787005385, 2502.171750612257, 1993.993194758153, 2761.8085911421763, 2235.3612597174165, 0.0, 2563.2126169640233, 2636.6860518547164, 138.71535553402757, 2056.20805281817, 2048.739003061789, 2006.7057323102013, 1983.989989562867, 1552.6559574522587, 2717.485540609284, 2627.0003355570234, 2756.0036105734684, 1189.6152912720017, 756.9538100381426, 2723.622325583085, 2575.471831097234, 542.1529675256705, 2375.1975055695752, 2895.666725251874, 2895.666725251874, 1627.343927394063, 2895.666725251874, 2895.666725251874, 2895.6667252518737, 2895.666725251874, 2895.666725251874, 2895.666725251874, 2895.666725251874, 2441.25417411719, 2455.291837006553, 2096.4081407661597, 2549.619837176998, 2895.666725251874, 2895.666725251874, 2134.1153084682232, 1748.8266344397807, 2895.666725251874, 2895.666725251874, 2557.237125338909, 1140.0571271603526, 2895.666725251874, 914.5057054567193, 2895.666725251874, 2895.666725251874, 2895.666725251874, 1440.5278942943096, 2895.666725251874, 2895.666725251874, 2895.666725251874, 2895.666725251874, 2895.666725251874, 572.5899395342659, 2895.666725251874, 2895.666725251874, 0.0, 2895.666725251874, 2895.666725251874, 2895.6667252518737, 2203.47623667639, 1951.4325490400704, 2507.7377378370047, 1174.9791404328973, 2389.623842779404, 2048.1137629603663, 2895.666725251874, 2756.408136627398, 2895.666725251874, 2895.666725251874, 2505.807585493217, 2895.666725251874, 2895.666725251874, 0.0, 2895.666725251874, 1973.0010822411502, 439.5436194769538, 2591.3550926938783, 2895.666725251874, 0.0, 2895.666725251874, 2895.666725251874, 2895.666725251874, 985.8844555379945, 642.5468200483583, 0.0, 2895.666725251874, 2895.666725251874, 2750.921528370724, 2895.666725251874, 2895.666725251874, 2895.666725251874, 1059.7940537069096, 2895.666725251874, 2663.7435447813527, 2869.4512079367723, 2895.6667252518737, 2895.666725251874, 1057.5460573492621, 0.0, 1994.0037733332774, 2895.666725251874, 1536.9686801213736, 404.03352004345555, 1901.8133871481755, 2895.666725251874, 2895.666725251874, 1232.6015886574367, 2895.666725251874, 2895.666725251874, 2895.666725251874, 2687.4911284844984, 2895.666725251874, 0.0, 2727.0450865097514, 719.4310536297005, 2864.39716484134, 2895.666725251874, 0.0, 1936.7235253768708, 2895.666725251874, 2827.28151804434, 176.3217544259296, 2101.476949624398, 2788.134966258056, 614.1939787573933, 2895.6667252518737, 2895.666725251874, 2714.63739616376, 2264.111517477449, 2895.666725251874, 2895.6667252518737, 2895.6667252518737, 1249.7041448225489, 854.3247612081765, 0.0, 2366.013925459006, 1576.564145366713, 0.0, 1941.3126737641724, 1495.6018435466888, 2460.102511947249, 2670.8224442123437, 2023.1902216189312, 0.0, 0.0, 699.987450635093, 1648.790652225822, 806.02606564466, 1968.5192230887899, 0.0, 459.4138905878587, 560.6723174227892, 1172.5811675000691, 2895.666725251874, 1915.8977792826865, 552.0808268954271, 0.0, 0.0, 860.1188778466758, 94.78917109020068, 484.76213860539093, 507.9317984172149, 0.0, 602.7353147523633, 1152.4862201083956, 544.7138575247866, 271.81966027118244, 0.0, 58.85903603032138, 0.0, 17.7704074312438, 262.7405750205627, 914.9281610561233, 77.94874448515792, 0.0, 0.0, 1371.855477162621, 295.2188197501189, 0.0, 0.0, 0.0, 0.0, 0.0, 0.0, 0.0, 0.0, 0.0, 0.0, 0.0, 0.0, 0.0, 0.0, 0.0, 0.0, 0.0, 0.0, 0.0, 0.0, 0.0, 0.0, 0.0, 0.0, 0.0, 0.0, 0.0, 0.0, 0.0, 0.0, 0.0, 0.0, 0.0, 0.0, 0.0, 0.0, 0.0, 0.0, 0.0, 0.0, 0.0, 0.0, 0.0, 0.0, 0.0, 0.0, 0.0, 0.0, 0.0, 0.0, 0.0, 0.0, 0.0, 0.0, 0.0, 0.0, 0.0, 0.0, 0.0, 0.0, 0.0, 857.7622712391193, 0.0, 0.0, 0.0, 0.0, 0.0, 0.0, 0.0, 0.0, 0.0, 0.0, 0.0, 0.0, 0.0, 0.0, 378.05540905236023, 0.0, 0.0, 0.0, 0.0, 0.0, 0.0, 0.0, 0.0, 0.0, 0.0, 0.0, 0.0, 0.0, 0.0, 0.0, 0.0, 0.0, 0.0, 0.0, 0.0, 0.0, 0.0, 661.6942274746134, 0.0, 0.0, 0.0, 0.0, 0.0, 0.0, 0.0, 0.0, 0.0, 0.0, 0.0, 0.0, 0.0, 0.0, 0.0, 0.0, 0.0, 0.0, 0.0, 0.0, 0.0, 0.0, 582.5632067966744, 0.0, 0.0, 0.0, 0.0, 0.0, 0.0, 0.0, 0.0, 0.0, 0.0, 0.0, 0.0, 0.0, 0.0, 0.0, 0.0, 0.0, 0.0, 0.0, 0.0, 0.0, 0.0, 132.27630049694818, 0.0, 0.0, 0.0, 0.0, 0.0, 0.0, 0.0, 0.0, 0.0, 0.0, 0.0, 0.0, 0.0, 0.0, 0.0, 0.0, 0.0, 0.0, 0.0, 0.0, 0.0, 0.0, 0.0, 0.0, 0.0, 0.0, 0.0, 0.0, 0.0, 0.0, 0.0, 0.0, 0.0, 0.0, 0.0, 0.0, 0.0, 0.0, 0.0, 0.0, 0.0, 0.0, 0.0, 0.0, 0.0, 0.0, 0.0, 0.0, 0.0, 0.0, 0.0, 0.0, 0.0, 0.0, 0.0, 0.0, 0.0, 0.0, 0.0, 0.0, 0.0, 0.0, 0.0, 0.0, 0.0, 0.0, 0.0, 0.0, 0.0, 0.0, 0.0, 0.0, 0.0, 0.0, 0.0, 0.0, 0.0, 0.0, 0.0, 0.0, 0.0, 0.0, 0.0, 0.0, 0.0, 0.0, 0.0, 0.0, 0.0, 0.0, 0.0, 0.0, 0.0, 0.0, 0.0, 0.0, 0.0, 0.0, 0.0, 0.0, 0.0, 0.0, 0.0, 0.0, 0.0, 0.0, 0.0, 0.0, 0.0, 0.0, 0.0, 0.0, 0.0, 0.0, 0.0, 0.0, 0.0, 0.0, 0.0, 0.0, 0.0, 0.0, 0.0, 0.0, 0.0, 0.0, 0.0, 0.0, 0.0, 0.0, 0.0, 0.0, 0.0, 0.0, 0.0, 0.0, 0.0, 0.0, 0.0, 0.0, 0.0, 0.0, 0.0, 0.0, 0.0, 0.0, 0.0, 0.0, 0.0, 0.0, 0.0, 0.0, 0.0, 0.0, 0.0, 0.0, 0.0, 0.0, 0.0, 0.0, 0.0, 0.0, 0.0, 0.0, 0.0, 0.0, 0.0, 0.0, 0.0, 0.0, 0.0, 0.0, 0.0, 0.0, 0.0, 0.0, 0.0, 0.0, 0.0, 0.0, 0.0, 24.1940146380997, 0.0, 0.0, 0.0, 0.0, 0.0, 0.0, 0.0, 0.0, 0.0, 0.0, 0.0, 0.0, 0.0, 0.0, 0.0, 0.0, 0.0, 0.0, 355.9753751569123, 1206.0048862906558, 782.8334923260167, 731.8651249249904, 1396.6798358020822, 940.0317365008983, 0.0, 1050.8225730322224, 342.4102803443248, 1079.4367101321614, 487.0760875790973, 415.01240952115137, 1059.8342289037319, 775.4992478008996, 0.0, 1513.6578202424112, 1174.2717737149835, 0.0, 925.8001858672661, 810.310650219433, 655.263609611702, 466.97230405664067, 523.063188268496, 2125.516140209013, 2426.29652731923, 2406.58940493601, 1270.2114314891367, 2744.7140221899776, 2296.786280470212, 72.9459508047138, 2592.086416775102, 2638.41024490526, 2468.090383896437, 415.4443509869387, 2037.8690606845173, 2046.141812673088, 2034.6682682197109, 1331.7064490276057, 2887.9297066705876, 2652.604626111664, 0.0, 1872.2864352868673, 2379.44764449569, 2597.237817780705, 1146.7181012269427, 2291.533770045847, 2643.774211759208, 1818.4789844978573, 258.45026055832665, 2895.666725251874, 2895.6667252518732, 2895.666725251874, 2201.8692899216317, 2895.666725251874, 2895.666725251874, 2895.666725251874, 2895.666725251874, 2895.666725251874, 2873.773808050654, 2895.666725251874, 1281.1721326758197, 2895.666725251874, 2895.666725251874, 2772.735540839161, 1806.3401377619714, 2220.466737101502, 2895.666725251874, 1742.0637894808701, 2895.666725251874, 2895.666725251874, 2471.941885921748, 2895.666725251874, 2895.666725251874, 53.33567764023293, 2895.666725251874, 2849.0410225645455, 1830.089673155349, 2895.666725251874, 2895.666725251874, 2895.666725251874, 2895.666725251874, 2895.6667252518732, 2895.666725251874, 213.67133417023547, 2895.666725251874, 2895.666725251874, 2895.666725251874, 2895.666725251874, 2895.666725251874, 284.59239830185754, 2895.666725251874, 1966.7960428734702, 2895.666725251874, 2895.666725251874, 2895.666725251874, 2895.666725251874, 1551.624671118543, 2895.6667252518737, 2895.666725251874, 2895.666725251874, 0.0, 666.5814709245468, 2818.374391996634, 2895.666725251874, 2037.9206571783936, 2350.5674064529894, 0.0, 2895.666725251874, 2895.6667252518737, 2895.666725251874, 1998.2231089350084, 2814.3865753526215, 2895.666725251874, 2895.666725251874, 1141.6177598881966, 2895.666725251874, 2516.725389111222, 2895.666725251874, 2895.666725251874, 433.89293501186984, 2895.666725251874, 1366.1801368964311, 2895.666725251874, 2895.666725251874, 2895.666725251874, 2895.666725251874, 2895.666725251874, 2895.666725251874, 2895.666725251874, 0.0, 2201.6280136697114, 2334.2863296731202, 2053.864121578933, 2895.666725251874, 2895.6667252518737, 2895.666725251874, 2895.666725251874, 839.4476128681639, 2895.666725251874, 2895.666725251874, 2895.6667252518737, 2830.6503686070823, 2368.1414856290507, 1651.8005176574472, 115.7503322554156, 0.0, 2895.6667252518737, 2895.666725251874, 2812.9901991037887, 1402.3864189677709, 2640.4009827900195, 2677.605805421105, 0.0, 2895.666725251874, 0.0, 2457.225697765148, 2268.605976100507, 2449.661373175934, 2875.5200056843937, 2833.573771464348, 1131.7997492022394, 1477.949813457577, 1955.1013179457473, 2316.6424317516053, 1576.5842666541675, 1977.3644936974308, 335.25603023419563, 0.0, 2776.3086787942243, 2550.287902865972, 1960.3621993726297, 968.4004830240322, 0.0, 1736.4775014905726, 1552.8555897238427, 0.0, 0.0, 2416.9197558106735, 1996.6625820283848, 1428.397500885795, 1720.276010741279, 2012.210981803374, 1304.1438903478575, 1094.876388611296, 0.0, 0.0, 838.6999510107534, 193.9043489073335, 176.77495807836172, 0.0, 0.0, 1249.574924077689, 1072.1071124671537, 428.7447762569352, 0.0, 0.0, 0.0, 107.68594821603978, 136.62644548968265, 0.0, 920.7997805241426, 510.1691663364405, 72.7928005919176, 0.0, 1074.0574526525531, 402.0251246944688, 494.34526825843835, 0.0, 0.0, 0.0, 0.0, 0.0, 0.0, 0.0, 0.0, 0.0, 0.0, 0.0, 0.0, 0.0, 0.0, 0.0, 0.0, 0.0, 0.0, 0.0, 0.0, 0.0, 0.0, 0.0, 0.0, 0.0, 0.0, 0.0, 0.0, 0.0, 0.0, 0.0, 0.0, 0.0, 0.0, 0.0, 0.0, 0.0, 0.0, 0.0, 0.0, 0.0, 0.0, 0.0, 0.0, 0.0, 0.0, 0.0, 0.0, 0.0, 0.0, 0.0, 0.0, 0.0, 0.0, 0.0, 0.0, 0.0, 0.0, 0.0, 0.0, 0.0, 0.0, 0.0, 0.0, 0.0, 0.0, 0.0, 0.0, 0.0, 0.0, 0.0, 0.0, 0.0, 0.0, 0.0, 0.0, 0.0, 0.0, 0.0, 0.0, 0.0, 0.0, 0.0, 0.0, 0.0, 0.0, 0.0, 0.0, 0.0, 0.0, 0.0, 0.0, 0.0, 0.0, 0.0, 0.0, 0.0, 0.0, 0.0, 0.0, 0.0, 0.0, 0.0, 0.0, 0.0, 0.0, 0.0, 0.0, 0.0, 0.0, 0.0, 0.0, 0.0, 0.0, 0.0, 0.0, 0.0, 0.0, 0.0, 0.0, 0.0, 0.0, 0.0, 0.0, 0.0, 0.0, 0.0, 0.0, 0.0, 0.0, 0.0, 0.0, 0.0, 0.0, 0.0, 0.0, 0.0, 0.0, 0.0, 0.0, 0.0, 0.0, 0.0, 0.0, 0.0, 0.0, 0.0, 0.0, 0.0, 0.0, 0.0, 0.0, 0.0, 0.0, 0.0, 0.0, 0.0, 0.0, 0.0, 0.0, 0.0, 0.0, 0.0, 0.0, 0.0, 0.0, 0.0, 0.0, 0.0, 0.0, 0.0, 0.0, 0.0, 0.0, 0.0, 0.0, 0.0, 0.0, 0.0, 0.0, 0.0, 0.0, 0.0, 0.0, 0.0, 0.0, 0.0, 0.0, 0.0, 0.0, 0.0, 0.0, 0.0, 0.0, 0.0, 0.0, 0.0, 0.0, 0.0, 0.0, 0.0, 0.0, 0.0, 0.0, 0.0, 0.0, 0.0, 0.0, 0.0, 0.0, 0.0, 0.0, 0.0, 0.0, 0.0, 0.0, 0.0, 0.0, 0.0, 0.0, 0.0, 0.0, 0.0, 0.0, 0.0, 0.0, 0.0, 0.0, 0.0, 0.0, 0.0, 0.0, 0.0, 0.0, 0.0, 0.0, 0.0, 0.0, 0.0, 0.0, 0.0, 0.0, 0.0, 0.0, 0.0, 0.0, 0.0, 0.0, 0.0, 0.0, 0.0, 0.0, 0.0, 0.0, 0.0, 0.0, 0.0, 0.0, 0.0, 0.0, 0.0, 0.0, 0.0, 0.0, 0.0, 0.0, 0.0, 0.0, 0.0, 0.0, 0.0, 0.0, 0.0, 0.0, 0.0, 0.0, 0.0, 0.0, 0.0, 0.0, 0.0, 0.0, 0.0, 0.0, 0.0, 0.0, 0.0, 0.0, 0.0, 0.0, 0.0, 0.0, 0.0, 0.0, 0.0, 0.0, 0.0, 0.0, 0.0, 0.0, 0.0, 0.0, 0.0, 0.0, 0.0, 0.0, 0.0, 0.0, 0.0, 0.0, 0.0, 0.0, 0.0, 0.0, 0.0, 0.0, 0.0, 0.0, 0.0, 0.0, 0.0, 0.0, 0.0, 0.0, 0.0, 0.0, 299.39020937549344, 0.0, 420.956051555308, 0.0, 0.0, 0.0, 0.0, 0.0, 0.0, 0.0, 0.0, 0.0, 0.0, 0.0, 0.0, 0.0, 0.0, 0.0, 0.0, 624.3631709147958, 1307.6421129880243, 1082.2645379302614, 733.9430157995471, 1004.6026640175561, 0.0, 1960.0016619413575, 1139.1354043453505, 0.0, 215.729126971028, 5.40064075933363, 714.2672661595197, 1112.8861010542362, 0.0, 1279.0700171336405, 1697.011821055885, 1034.650067838452, 1295.3390053914907, 866.7995543146608, 262.1458813066515, 0.0, 745.5652713058169, 1002.2529528088943, 468.0917906521098, 2720.0664259886694, 2602.6445956861553, 1473.9094413373714, 2895.666725251874, 1465.515012547446, 2895.666725251874, 0.0, 2625.4508276874576, 1118.962222888611, 456.99790139688827, 2027.2877645262408, 2253.989459413538, 1140.219980378869, 1526.0690123919883, 2895.6667252518737, 2672.8987474923856, 2575.602715544781, 2523.4626444459236, 177.07946691117556, 1739.8492214771375, 1919.494208154139, 2648.1807493491483, 2785.7005605197182, 2895.666725251874, 581.810083857282, 2895.666725251874, 2895.666725251874, 1156.9255887780403, 2895.666725251874, 1190.7989965414731, 2895.666725251874, 2895.666725251874, 2160.847852259811, 1224.6441930005205, 2895.6667252518732, 2895.666725251874, 0.0, 2895.666725251874, 2895.666725251874, 2895.666725251874, 2875.4493406009665, 0.0, 982.8298905411115, 1877.9658195384707, 2827.5473917358227, 2895.666725251874, 957.5036111636484, 2895.666725251874, 2895.666725251874, 2895.666725251874, 2895.6667252518737, 2895.666725251874, 2895.666725251874, 2895.666725251874, 2895.666725251874, 1324.2321177206964, 2895.666725251874, 2895.666725251874, 2895.666725251874, 1734.2047124550038, 2895.666725251874, 2895.666725251874, 2895.6667252518737, 2895.666725251874, 1739.0147931891554, 1263.4170792007828, 2895.666725251874, 2895.666725251874, 2895.6667252518737, 2842.9599231406432, 2895.666725251874, 2895.6667252518737, 2895.666725251874, 2895.666725251874, 2895.6667252518737, 2895.666725251874, 2895.666725251874, 2895.666725251874, 2895.6667252518737, 2895.666725251874, 969.6219119068918, 2895.666725251874, 2895.666725251874, 2895.666725251874, 2895.666725251874, 2895.666725251874, 1359.4827256070635, 1341.5802875120007, 1281.887413823125, 2536.2847569288106, 2474.9915715029006, 0.0, 2895.666725251874, 2895.6667252518737, 2895.666725251874, 2406.335565709382, 2895.6667252518732, 986.8292639902946, 2895.666725251874, 2895.666725251874, 2895.666725251874, 2895.666725251874, 2895.6667252518737, 2895.666725251874, 2895.666725251874, 2001.115963943067, 0.0, 2895.666725251874, 2383.932724770878, 2629.949289439876, 1910.9244731093816, 2895.666725251874, 2895.666725251874, 2043.1384040347473, 0.0, 2895.666725251874, 2895.666725251874, 2402.021516207525, 1555.8918163760804, 2336.0925520460178, 2410.0122407657223, 2895.666725251874, 1331.3963562122135, 2895.6667252518732, 2895.6667252518737, 2895.666725251874, 2895.666725251874, 2895.666725251874, 289.8532110539576, 2895.666725251874, 2895.666725251874, 2895.666725251874, 2374.3917538607743, 0.0, 2338.1876729611467, 2895.666725251874, 0.0, 0.0, 1068.3979495428496, 2301.443666936936, 1993.3415672382698, 1020.0867031910644, 1928.405840140876, 825.4163223300293, 2895.666725251874, 2646.3683566830405, 1102.8283384121733, 1831.705706160795, 2081.4427996299, 1836.2865176784107, 1973.5951801630497, 0.0, 1370.5813447265962, 0.0, 0.0, 1943.8449621589305, 0.0, 1712.2777325098841, 1974.6607170905384, 1022.4089448626455, 0.0, 602.3122430107501, 35.05265617207588, 0.0, 107.30891218254091, 14.083499818393054, 0.0, 1377.6144144440145, 0.0, 0.0, 323.6906911725825, 555.5735172665306, 430.43155052963544, 593.7336547889179, 0.0, 639.9556495483557, 0.0, 348.34109487556435, 716.835445910138, 0.0, 0.0, 444.9114928168106, 0.0, 0.0, 0.0, 0.0, 0.0, 0.0, 0.0, 0.0, 0.0, 0.0, 0.0, 0.0, 0.0, 0.0, 0.0, 0.0, 0.0, 0.0, 0.0, 0.0, 0.0, 0.0, 0.0, 0.0, 0.0, 0.0, 0.0, 0.0, 0.0, 0.0, 0.0, 0.0, 0.0, 0.0, 0.0, 0.0, 0.0, 0.0, 0.0, 0.0, 0.0, 0.0, 0.0, 0.0, 0.0, 0.0, 0.0, 0.0, 0.0, 0.0, 0.0, 0.0, 0.0, 0.0, 0.0, 0.0, 0.0, 0.0, 0.0, 0.0, 0.0, 0.0, 0.0, 0.0, 0.0, 0.0, 0.0, 0.0, 0.0, 0.0, 0.0, 0.0, 0.0, 0.0, 0.0, 0.0, 0.0, 0.0, 0.0, 0.0, 0.0, 0.0, 0.0, 0.0, 0.0, 0.0, 0.0, 0.0, 0.0, 0.0, 0.0, 0.0, 0.0, 0.0, 0.0, 0.0, 0.0, 0.0, 0.0, 0.0, 0.0, 0.0, 0.0, 0.0, 0.0, 0.0, 0.0, 0.0, 0.0, 0.0, 0.0, 0.0, 0.0, 0.0, 0.0, 0.0, 0.0, 0.0, 0.0, 0.0, 0.0, 0.0, 0.0, 0.0, 0.0, 0.0, 0.0, 0.0, 0.0, 0.0, 0.0, 0.0, 0.0, 0.0, 0.0, 0.0, 0.0, 0.0, 0.0, 0.0, 0.0, 0.0, 0.0, 0.0, 0.0, 0.0, 0.0, 0.0, 0.0, 0.0, 0.0, 0.0, 0.0, 0.0, 0.0, 0.0, 0.0, 0.0, 0.0, 0.0, 0.0, 0.0, 0.0, 0.0, 0.0, 0.0, 0.0, 0.0, 0.0, 0.0, 0.0, 0.0, 0.0, 0.0, 0.0, 0.0, 0.0, 0.0, 0.0, 0.0, 0.0, 0.0, 0.0, 0.0, 0.0, 0.0, 0.0, 0.0, 0.0, 0.0, 0.0, 0.0, 0.0, 0.0, 0.0, 0.0, 0.0, 0.0, 0.0, 0.0, 0.0, 0.0, 0.0, 0.0, 0.0, 0.0, 0.0, 0.0, 0.0, 0.0, 0.0, 0.0, 0.0, 0.0, 0.0, 0.0, 0.0, 0.0, 0.0, 0.0, 0.0, 0.0, 0.0, 0.0, 0.0, 0.0, 0.0, 0.0, 0.0, 0.0, 0.0, 0.0, 0.0, 0.0, 0.0, 0.0, 0.0, 0.0, 0.0, 0.0, 0.0, 0.0, 0.0, 0.0, 0.0, 0.0, 0.0, 0.0, 0.0, 0.0, 0.0, 0.0, 0.0, 0.0, 0.0, 0.0, 0.0, 0.0, 0.0, 0.0, 0.0, 0.0, 0.0, 0.0, 0.0, 0.0, 0.0, 0.0, 0.0, 0.0, 0.0, 0.0, 0.0, 0.0, 0.0, 0.0, 0.0, 0.0, 0.0, 0.0, 0.0, 0.0, 0.0, 0.0, 0.0, 0.0, 0.0, 0.0, 0.0, 0.0, 0.0, 0.0, 0.0, 0.0, 0.0, 0.0, 0.0, 0.0, 0.0, 0.0, 0.0, 0.0, 0.0, 0.0, 0.0, 0.0, 0.0, 0.0, 0.0, 0.0, 0.0, 0.0, 0.0, 0.0, 0.0, 0.0, 0.0, 0.0, 0.0, 0.0, 0.0, 0.0, 0.0, 0.0, 0.0, 0.0, 0.0, 797.773163088409, 0.0, 201.7500677844038, 0.0, 0.0, 0.0, 0.0, 0.0, 0.0, 0.0, 0.0, 57.120438931506825, 0.0, 0.0, 0.0, 0.0, 0.0, 0.0, 0.0, 632.3713048761122, 1319.000605308066, 1227.8623261083103, 418.5496048173161, 1385.830513960039, 0.0, 1778.7073239911392, 1115.0834655437195, 1182.906743885617, 867.2054181446987, 590.0617086363258, 101.97107513144762, 985.0093079272538, 1134.2576871804745, 0.0, 1758.7043059120635, 641.6625492407347, 1386.564127154367, 492.96951748279423, 1195.5864507387992, 0.0, 0.0, 745.0509738491227, 701.3238809500483, 1276.552286624791, 2781.584354461231, 1873.6906560361622, 2895.666725251874, 4.090306083993609, 2895.666725251874, 2678.986647908982, 933.2387390578896, 2475.172842424592, 865.7446123958721, 126.54694174889383, 2384.4017890146597, 2034.8790049052448, 407.9719559930641, 0.0, 383.81583094733, 2660.044053705259, 335.89266454659804, 2518.2644992810756, 2895.666725251874, 810.5104895221053, 2490.775939697607, 407.61550645351764, 2895.666725251874, 0.0, 2895.666725251874, 2895.666725251874, 2658.772955872887, 2746.805237261439, 1919.52528246675, 2895.666725251874, 2895.666725251874, 2853.4989478498796, 1558.7419018218097, 2895.666725251874, 2895.666725251874, 1762.8104428552879, 2895.666725251874, 2895.666725251874, 2895.666725251874, 2740.704088007222, 2202.4206144737072, 2895.666725251874, 2895.666725251874, 2895.666725251874, 2578.038080889151, 2895.666725251874, 2895.666725251874, 2895.666725251874, 2895.666725251874, 2895.666725251874, 2895.666725251874, 2895.666725251874, 284.8928037720632, 2895.666725251874, 2895.666725251874, 1804.2740013170485, 975.4076439343984, 2895.666725251874, 2819.8809305849422, 2895.666725251874, 2895.6667252518732, 2895.666725251874, 2895.666725251874, 2895.666725251874, 2895.666725251874, 2895.666725251874, 2895.6667252518737, 1537.3433967838403, 2895.666725251874, 2761.629722278755, 2895.666725251874, 1815.0806654459325, 2895.6667252518737, 2589.0073698577235, 0.0, 2763.1872957563764, 2895.666725251874, 2872.15566722653, 2237.5996757595626, 2895.666725251874, 2895.666725251874, 2895.666725251874, 2895.666725251874, 2895.666725251874, 2895.6667252518737, 2895.666725251874, 2895.666725251874, 2255.1453285729162, 2895.666725251874, 2895.666725251874, 2190.3769863389175, 2895.666725251874, 2895.6667252518737, 1794.8469705115115, 784.0600932224023, 2315.1029107860904, 1710.3615373864623, 2895.666725251874, 2895.666725251874, 2895.666725251874, 2895.666725251874, 2895.6667252518737, 2895.666725251874, 1576.8895324859664, 2895.666725251874, 1752.384859329395, 2895.666725251874, 2105.0559511620336, 2895.666725251874, 1707.4591751562275, 2895.666725251874, 2895.6667252518737, 2729.6363580665525, 1793.8532544477127, 317.0245092448791, 2895.666725251874, 2895.666725251874, 836.7087011822116, 2621.8540746878352, 1443.0785038990139, 2895.666725251874, 2895.666725251874, 2895.666725251874, 2895.6667252518737, 1214.8652434202766, 2895.666725251874, 1919.16821348974, 106.049796023144, 2895.666725251874, 2895.6667252518737, 2895.666725251874, 2895.666725251874, 2895.666725251874, 0.0, 2895.666725251874, 2895.666725251874, 0.0, 2081.628384819205, 2727.805862986289, 1964.8705394575838, 278.3277789442127, 689.8050513499734, 1774.0322390703172, 2687.580348884177, 2895.6667252518737, 365.17055476154724, 1634.6048521179969, 1091.95776646723, 1825.5773417300404, 1550.559377060216, 1289.694152489487, 2336.317326969939, 1625.2393033053877, 0.0, 2017.6037404480844, 1875.151526184777, 2895.666725251874, 2261.828385927901, 0.0, 0.0, 342.8757789125315, 0.0, 551.2577697601382, 267.73961217606455, 0.0, 150.8067118359618, 1097.7065210309572, 1438.9899581107647, 0.0, 682.816477607982, 77.97936420226776, 432.8194579763588, 646.8352415917892, 0.0, 698.688609439807, 1056.831131837385, 451.5514085610505, 997.9526216456293, 0.0, 1452.403486757921, 635.2099398808327, 637.7522689694315, 0.0, 0.0, 0.0, 0.0, 0.0, 0.0, 0.0, 0.0, 0.0, 0.0, 0.0, 0.0, 0.0, 0.0, 0.0, 0.0, 0.0, 0.0, 0.0, 0.0, 0.0, 0.0, 0.0, 0.0, 0.0, 0.0, 0.0, 0.0, 0.0, 0.0, 0.0, 0.0, 0.0, 0.0, 0.0, 0.0, 0.0, 0.0, 0.0, 0.0, 0.0, 0.0, 0.0, 0.0, 0.0, 0.0, 0.0, 0.0, 0.0, 0.0, 0.0, 0.0, 0.0, 0.0, 0.0, 0.0, 0.0, 0.0, 0.0, 0.0, 0.0, 0.0, 0.0, 0.0, 0.0, 0.0, 0.0, 0.0, 0.0, 0.0, 0.0, 0.0, 0.0, 0.0, 0.0, 0.0, 0.0, 0.0, 0.0, 0.0, 0.0, 0.0, 0.0, 0.0, 0.0, 0.0, 0.0, 0.0, 0.0, 0.0, 0.0, 0.0, 0.0, 0.0, 0.0, 0.0, 0.0, 0.0, 0.0, 0.0, 0.0, 0.0, 0.0, 0.0, 0.0, 0.0, 0.0, 0.0, 0.0, 0.0, 0.0, 0.0, 0.0, 0.0, 0.0, 0.0, 0.0, 0.0, 0.0, 0.0, 0.0, 0.0, 0.0, 0.0, 0.0, 0.0, 0.0, 0.0, 0.0, 0.0, 0.0, 0.0, 0.0, 0.0, 0.0, 0.0, 0.0, 0.0, 0.0, 0.0, 0.0, 0.0, 0.0, 0.0, 0.0, 0.0, 0.0, 0.0, 0.0, 0.0, 0.0, 0.0, 0.0, 0.0, 0.0, 0.0, 0.0, 0.0, 0.0, 0.0, 0.0, 0.0, 0.0, 0.0, 0.0, 0.0, 0.0, 0.0, 0.0, 0.0, 0.0, 0.0, 0.0, 0.0, 0.0, 0.0, 0.0, 0.0, 0.0, 0.0, 0.0, 0.0, 0.0, 0.0, 0.0, 0.0, 0.0, 0.0, 0.0, 0.0, 0.0, 0.0, 0.0, 0.0, 0.0, 0.0, 0.0, 0.0, 0.0, 0.0, 0.0, 0.0, 0.0, 0.0, 0.0, 0.0, 0.0, 0.0, 0.0, 0.0, 0.0, 0.0, 0.0, 0.0, 0.0, 0.0, 0.0, 0.0, 0.0, 0.0, 0.0, 0.0, 0.0, 0.0, 0.0, 0.0, 0.0, 0.0, 0.0, 0.0, 0.0, 0.0, 0.0, 0.0, 0.0, 0.0, 0.0, 0.0, 0.0, 0.0, 0.0, 0.0, 0.0, 0.0, 0.0, 0.0, 0.0, 0.0, 0.0, 0.0, 0.0, 0.0, 0.0, 0.0, 0.0, 0.0, 0.0, 0.0, 0.0, 0.0, 0.0, 0.0, 0.0, 0.0, 0.0, 0.0, 0.0, 0.0, 0.0, 0.0, 0.0, 0.0, 0.0, 0.0, 0.0, 0.0, 0.0, 0.0, 0.0, 0.0, 0.0, 0.0, 0.0, 0.0, 0.0, 0.0, 0.0, 0.0, 0.0, 0.0, 0.0, 0.0, 0.0, 0.0, 0.0, 0.0, 0.0, 0.0, 0.0, 0.0, 0.0, 0.0, 0.0, 0.0, 0.0, 0.0, 0.0, 0.0, 0.0, 0.0, 0.0, 0.0, 0.0, 0.0, 0.0, 0.0, 0.0, 0.0, 0.0, 0.0, 0.0, 0.0, 0.0, 0.0, 0.0, 0.0, 0.0, 0.0, 248.77354448910106, 0.0, 0.0, 0.0, 0.0, 0.0, 0.0, 0.0, 0.0, 0.0, 0.0, 0.0, 0.0, 0.0, 0.0, 0.0, 0.0, 766.0204655400424, 752.2798855656358, 0.0, 643.1614824830685, 1613.4460503037456, 610.5310418594887, 1836.024793106639, 1252.9614834976185, 1181.9496789882612, 0.0, 206.3989586993126, 0.0, 334.08954371628545, 501.0170660934487, 155.3253460415369, 1586.2160561665887, 0.0, 0.0, 801.6494096312165, 0.0, 0.0, 0.0, 943.160508261502, 907.5682709705696, 2356.076342586983, 0.0, 1832.6784563574686, 1778.5526723066914, 2168.4121005630936, 2895.666725251874, 2794.395281075457, 2763.3788637659177, 2356.129992926541, 1704.5549796956668, 2368.2886144901795, 1948.6849798201204, 2139.328655799023, 776.9916081024467, 2316.387480169676, 2565.328370769389, 2530.6242603720575, 2220.501489059372, 1048.3651760878306, 2874.1382087239044, 2806.1061554219, 1837.1054844284565, 1828.6700261957335, 2895.666725251874, 2846.364893476639, 2895.666725251874, 2895.666725251874, 2720.735864819151, 2895.666725251874, 1433.091735337195, 2895.666725251874, 2895.6667252518737, 1087.7908888157901, 1492.8952181865066, 2870.872277444017, 2895.666725251874, 97.41911275501276, 2895.666725251874, 650.9117628034871, 2372.195287278533, 2895.666725251874, 628.9658266351407, 2895.666725251874, 2895.666725251874, 2895.666725251874, 2895.666725251874, 2895.666725251874, 2895.666725251874, 2895.666725251874, 2895.666725251874, 2895.666725251874, 2895.666725251874, 0.0, 2895.666725251874, 2895.666725251874, 2835.456639911864, 2895.666725251874, 2895.666725251874, 2895.666725251874, 157.7752778633768, 2895.666725251874, 2895.666725251874, 2435.759546356463, 2895.666725251874, 2064.5826714361683, 2372.523358948637, 1048.0377242326383, 2895.666725251874, 2875.4028222912325, 2895.666725251874, 2895.666725251874, 2895.666725251874, 2895.666725251874, 2895.666725251874, 2895.666725251874, 2895.666725251874, 2895.666725251874, 2895.666725251874, 1606.9526496501728, 2895.666725251874, 2895.666725251874, 2895.666725251874, 493.67170700564725, 2895.666725251874, 2895.666725251874, 2895.666725251874, 2895.666725251874, 1543.2929825282886, 2895.6667252518737, 2895.666725251874, 2895.666725251874, 2000.6286749671442, 2765.690909403089, 2895.666725251874, 2895.6667252518737, 2895.6667252518737, 2720.7621958829864, 2895.666725251874, 2895.666725251874, 2693.4397567020565, 1879.0548277365117, 2526.221831970186, 2895.6667252518732, 2215.5272076806164, 2595.2355628208943, 243.22779804547352, 2895.666725251874, 2895.666725251874, 2895.6667252518737, 2608.0347210490113, 2565.9574915314224, 2895.666725251874, 2895.666725251874, 2895.6667252518737, 549.9587462104821, 2895.666725251874, 2895.666725251874, 0.0, 1314.4161816182002, 2296.3013067988627, 1300.3365540392813, 2895.666725251874, 0.0, 2895.666725251874, 2045.8253694616735, 2895.666725251874, 1175.7607295767968, 2183.9740426351987, 513.3387839118287, 606.5244537236431, 2895.666725251874, 2895.666725251874, 1506.466069861697, 2607.1311238130047, 2895.666725251874, 2895.666725251874, 860.8443184961918, 0.0, 729.1684030270045, 2628.9805654622805, 185.59871422729424, 1896.800636354076, 1613.2184049114571, 0.0, 2751.173131847536, 2860.11396637835, 1953.9827436284697, 593.0641183974715, 2085.455426737476, 1088.6936719267464, 499.04594751401214, 0.0, 2094.087550522804, 2434.395754831778, 1791.6983577050466, 1139.6688629249654, 1399.329870541449, 0.0, 2191.5512940422786, 0.0, 0.0, 0.0, 1127.8700816437934, 0.0, 0.0, 264.5880762514196, 322.4139236958157, 1267.2606340767795, 0.0, 414.0479762911903, 0.0, 656.5762811685515, 0.0, 0.0, 0.0, 0.0, 952.579652178058, 368.60481412248686, 211.80897712606924, 92.5097187241248, 1356.5539729101706, 557.5203668858952, 0.0, 0.0, 0.0, 0.0, 0.0, 0.0, 0.0, 0.0, 0.0, 0.0, 0.0, 0.0, 0.0, 0.0, 0.0, 0.0, 0.0, 0.0, 0.0, 0.0, 0.0, 0.0, 0.0, 0.0, 0.0, 0.0, 0.0, 0.0, 0.0, 0.0, 0.0, 0.0, 0.0, 0.0, 0.0, 0.0, 0.0, 0.0, 0.0, 0.0, 0.0, 0.0, 0.0, 0.0, 0.0, 0.0, 0.0, 0.0, 0.0, 0.0, 0.0, 0.0, 0.0, 0.0, 0.0, 0.0, 0.0, 0.0, 0.0, 0.0, 0.0, 0.0, 0.0, 0.0, 0.0, 0.0, 0.0, 0.0, 0.0, 0.0, 0.0, 0.0, 0.0, 0.0, 0.0, 0.0, 0.0, 0.0, 0.0, 0.0, 0.0, 0.0, 0.0, 0.0, 0.0, 0.0, 0.0, 0.0, 0.0, 0.0, 0.0, 0.0, 0.0, 0.0, 0.0, 0.0, 0.0, 317.5752179389163, 0.0, 0.0, 0.0, 0.0, 0.0, 0.0, 0.0, 0.0, 0.0, 0.0, 0.0, 0.0, 0.0, 0.0, 0.0, 0.0, 0.0, 0.0, 0.0, 0.0, 0.0, 0.0, 609.3186562179293, 0.0, 0.0, 0.0, 0.0, 0.0, 0.0, 0.0, 0.0, 0.0, 0.0, 0.0, 0.0, 0.0, 0.0, 0.0, 0.0, 0.0, 0.0]"
CAPEX_Wind,266117.83141076163
flowSalt_discharge_peak,0.0
p_solar_t,"[0.0, 0.0, 0.0, 0.0, 0.0, 0.0, 0.0, 0.0, 0.0, 0.0, 0.0, 0.0, 0.0, 0.0, 0.0, 0.0, 0.0, 0.0, 0.0, 0.0, 0.0, 0.0, 0.0, 0.0, 0.0, 0.0, 0.0, 0.0, 0.0, 0.0, 0.0, 0.0, 0.0, 0.0, 0.0, 0.0, 0.0, 0.0, 0.0, 0.0, 0.0, 0.0, 0.0, 0.0, 0.0, 0.0, 0.0, 0.0, 0.0, 0.0, 0.0, 0.0, 0.0, 0.0, 0.0, 0.0, 0.0, 0.0, 0.0, 0.0, 0.0, 0.0, 0.0, 0.0, 0.0, 0.0, 0.0, 0.0, 0.0, 0.0, 0.0, 0.0, 0.0, 0.0, 0.0, 0.0, 0.0, 0.0, 0.0, 0.0, 0.0, 0.0, 0.0, 0.0, 0.0, 0.0, 0.0, 0.0, 0.0, 0.0, 0.0, 0.0, 0.0, 0.0, 0.0, 0.0, 0.0, 0.0, 0.0, 0.0, 0.0, 0.0, 0.0, 0.0, 0.0, 0.0, 0.0, 0.0, 0.0, 0.0, 0.0, 0.0, 0.0, 0.0, 0.0, 0.0, 0.0, 0.0, 0.0, 0.0, 0.0, 0.0, 0.0, 0.0, 0.0, 0.0, 0.0, 0.0, 0.0, 0.0, 0.0, 0.0, 0.0, 0.0, 0.0, 0.0, 0.0, 0.0, 0.0, 0.0, 0.0, 0.0, 0.0, 0.0, 0.0, 0.0, 0.0, 0.0, 0.0, 0.0, 0.0, 0.0, 0.0, 0.0, 0.0, 0.0, 0.0, 0.0, 0.0, 0.0, 0.0, 74.1665515989076, 84.7617732558944, 0.0, 74.1665515989076, 52.976108284934, 60.03958938959187, 191.59692496384463, 0.0, 0.0, 60.03958938959187, 103.3034111556213, 60.03958938959187, 138.62081667891064, 143.91842750740403, 75.04948673698983, 124.49385446959491, 0.0, 166.87474109754208, 67.10307049424974, 37.0832757994538, 0.0, 116.5474382268548, 0.0, 1385.325231651024, 1210.5040743107418, 588.9177371008496, 1137.2204578499166, 612.75698582907, 1025.970630451555, 1675.8108920800787, 771.685310683872, 877.63752725374, 1222.8651662438933, 977.4091978570324, 1176.952539063617, 446.7651798696101, 1134.5716524356699, 1319.9880314329387, 1498.34092932555, 484.73139080714606, 1010.9607331041573, 969.4627816142921, 559.7808775441359, 1012.7266033803216, 1271.426598838416, 897.0621002915491, 2750.3429551261565, 2625.849100656562, 2562.277770714641, 2669.1129224225915, 1180.484279615946, 2625.849100656562, 3342.7924327793353, 2587.882889719026, 2593.18050054752, 2783.0115552351995, 2126.9907476401004, 2662.9323764560154, 1809.1340979304962, 2647.922479108618, 806.1197810690792, 3169.7371457152176, 753.143672784145, 1448.8965615929449, 2639.9760628658773, 1238.7579987293734, 1613.1939629678031, 1639.6105514187075, 1500.9897347397966, 4621.282512722409, 3692.4347474599, 3926.412559051692, 4042.959997278546, 1656.3863190422696, 3807.21631541059, 4495.976698798046, 1591.4018956004597, 1394.6422777255082, 1722.1275122009201, 3117.6439725683663, 4186.878424785951, 2207.3378452055836, 3980.271602474708, 3870.787645352511, 4361.699582126233, 811.4173918975724, 3439.9152979683813, 3620.9170012752393, 2314.1729969135336, 4301.6599927366415, 3001.9794694795933, 1765.8702761644668, 4627.287727963468, 4637.17534520789, 1956.5842659902291, 4631.1526312782535, 1990.135801237354, 4876.307337056042, 4527.792428032248, 4500.511333591256, 4296.07626830911, 4519.47923279445, 4850.105174283135, 4696.973282268226, 1666.9815406992566, 4699.863740011729, 4409.67909071345, 2091.6617447043773, 993.3020303425126, 2822.7436364489, 4926.051213596138, 3487.593795424822, 1613.7214570120452, 3312.7726380845393, 2580.819408614368, 4656.662819749522, 4789.497715367573, 3818.694472205659, 2881.0293406395713, 3073.497215664255, 4931.6735716000985, 4574.257194815027, 4516.714801791483, 4297.7925124054045, 4531.029354424506, 4893.783013943004, 2676.3099887817393, 3799.2698991678503, 4822.002317168729, 3321.601989465362, 4631.009049070492, 947.3894031622365, 1152.2303551973146, 4975.947324854785, 4760.566472734746, 4486.507106041629, 2280.6214616664083, 1593.6979242384311, 4649.423617872851, 4779.261856305275, 3361.334070679062, 4666.6720663223605, 4308.723473841299, 4959.441468870194, 4576.867055250094, 4537.271965448834, 4306.264421661643, 4528.568144808857, 4902.043163409105, 4711.4973946708615, 3444.3299736587924, 4826.637757410824, 1049.8098791797754, 4661.01459393611, 1236.992128453209, 1316.45629088061, 4991.884541980961, 4764.826641649551, 4445.284029680066, 4481.778760905418, 2783.8944903732818, 4143.614603019922, 4837.603798539669, 4323.1424705017225, 4666.853784600525, 3171.5030159913827, 4969.487559469644, 2401.5835755836747, 4544.315635396168, 4321.458355010148, 3620.0340661371565, 4901.316947129695, 4768.151460640154, 3383.407449131118, 4193.941905890609, 973.8774573047033, 4670.468794438159, 1158.4109011638902, 1234.3433230389621, 5003.857020951412, 4793.943659638797, 4400.856678163067, 3198.8740052719313, 2576.404732923957, 2995.7989235130176, 4851.196229246317, 4320.19739412258, 4701.519291684647, 3062.0190588691853, 4844.6651026572135, 1646.6740325233652, 3733.1614074221725, 4065.916310868685, 4576.6406179581345, 4808.464761995842, 4797.726144519757, 1900.076417152966, 4235.439857380473, 3001.096534341511, 4713.446695617127, 889.9986191868912, 1881.5347792532393, 4596.560328856107, 4659.248723659945, 4375.054683221127, 4751.623279765864, 3567.940892990305, 2565.8095112669703, 2913.654633286605, 3956.432353746488, 3509.6671738768778, 1589.28324854802, 3382.467157618078, 2235.5917696242145, 4134.7852516390985, 2788.8621095107665, 4051.7893486593684, 3763.0695585064786, 3718.922801602367, 2334.480505089425, 3204.171616100425, 2401.5835755836747, 3564.409152437976, 2526.07743005327, 2226.762418243392, 3427.5542060352295, 3673.893109560173, 4332.293296503318, 2521.6627543628583, 3401.9490870308446, 705.4651753277045, 2028.1020121748898, 2494.2917650823088, 2427.188694588059, 1647.5569676614475, 2143.5787045878815, 1578.6880268910331, 2629.380841208891, 2747.69414971191, 2561.394835576559, 2255.899277800106, 2563.160705852724, 950.9211437145653, 2022.8044013463966, 332.8665470570019, 2300.046034704218, 412.330709484403, 490.9119367737217, 2375.095521441207, 2092.556277254893, 2480.359846168692, 2171.137504544212, 1481.5651617019876, 22.956313590138066, 511.2194449496131, 728.4214889178426, 949.1552734384009, 131.55733557425276, 954.4528842668942, 356.7057957852223, 841.4371865923683, 1070.117387355667, 817.5979378641481, 778.7487917885298, 942.091792333743, 423.808866279472, 649.8402616285236, 45.02969204219391, 563.3126180964648, 476.784974564406, 240.15835755836747, 959.7504950953877, 799.0562999644211, 1081.5955441507358, 645.4255859381126, 60.03958938959187, 0.0, 0.0, 0.0, 0.0, 0.0, 0.0, 0.0, 0.0, 0.0, 0.0, 0.0, 0.0, 0.0, 0.0, 0.0, 0.0, 0.0, 0.0, 0.0, 0.0, 0.0, 0.0, 0.0, 0.0, 0.0, 0.0, 0.0, 0.0, 0.0, 0.0, 0.0, 0.0, 0.0, 0.0, 0.0, 0.0, 0.0, 0.0, 0.0, 0.0, 0.0, 0.0, 0.0, 0.0, 0.0, 0.0, 0.0, 0.0, 0.0, 0.0, 0.0, 0.0, 0.0, 0.0, 0.0, 0.0, 0.0, 0.0, 0.0, 0.0, 0.0, 0.0, 0.0, 0.0, 0.0, 0.0, 0.0, 0.0, 0.0, 0.0, 0.0, 0.0, 0.0, 0.0, 0.0, 0.0, 0.0, 0.0, 0.0, 0.0, 0.0, 0.0, 0.0, 0.0, 0.0, 0.0, 0.0, 0.0, 0.0, 0.0, 0.0, 0.0, 0.0, 0.0, 0.0, 0.0, 0.0, 0.0, 0.0, 0.0, 0.0, 0.0, 0.0, 0.0, 0.0, 0.0, 0.0, 0.0, 0.0, 0.0, 0.0, 0.0, 0.0, 0.0, 0.0, 0.0, 0.0, 0.0, 0.0, 0.0, 0.0, 0.0, 0.0, 0.0, 0.0, 0.0, 0.0, 0.0, 0.0, 0.0, 0.0, 0.0, 0.0, 0.0, 0.0, 0.0, 0.0, 0.0, 0.0, 0.0, 0.0, 0.0, 0.0, 0.0, 0.0, 0.0, 0.0, 0.0, 0.0, 0.0, 0.0, 0.0, 0.0, 0.0, 0.0, 0.0, 0.0, 0.0, 0.0, 0.0, 0.0, 0.0, 0.0, 0.0, 0.0, 0.0, 0.0, 0.0, 0.0, 0.0, 0.0, 0.0, 0.0, 0.0, 0.0, 0.0, 0.0, 0.0, 0.0, 0.0, 0.0, 0.0, 0.0, 0.0, 0.0, 0.0, 0.0, 0.0, 0.0, 0.0, 0.0, 0.0, 0.0, 0.0, 0.0, 0.0, 0.0, 0.0, 0.0, 0.0, 0.0, 0.0, 0.0, 0.0, 0.0, 0.0, 0.0, 0.0, 0.0, 0.0, 0.0, 0.0, 0.0, 0.0, 0.0, 0.0, 0.0, 0.0, 0.0, 0.0, 0.0, 0.0, 0.0, 0.0, 0.0, 0.0, 0.0, 0.0, 0.0, 0.0, 0.0, 0.0, 0.0, 0.0, 0.0, 0.0, 0.0, 0.0, 0.0, 0.0, 0.0, 0.0, 0.0, 0.0, 0.0, 0.0, 0.0, 0.0, 0.0, 0.0, 0.0, 0.0, 0.0, 0.0, 0.0, 0.0, 0.0, 0.0, 0.0, 0.0, 0.0, 0.0, 0.0, 0.0, 0.0, 0.0, 0.0, 0.0, 0.0, 0.0, 0.0, 0.0, 0.0, 0.0, 0.0, 0.0, 149.21603833589742, 84.7617732558944, 0.0, 74.1665515989076, 159.81125999288426, 74.1665515989076, 177.4699627545289, 0.0, 0.0, 60.03958938959187, 103.3034111556213, 60.03958938959187, 117.43037336493703, 150.98190861206191, 45.91262718027613, 142.15255723123957, 0.0, 173.05528706411772, 67.10307049424974, 179.23583303069336, 0.0, 109.48395712219694, 0.0, 1048.0440089036108, 648.9573264904415, 868.8081758729176, 1109.8494685693672, 1131.039911883341, 1168.1231876827947, 1108.0835982932028, 840.5542514542863, 870.5740461490819, 1235.2262581770444, 1084.2443495649827, 1200.7917877918374, 950.9211437145653, 1067.46858194142, 1331.4661882280077, 1543.370621367744, 600.3958938959187, 931.4965706767562, 1131.039911883341, 1256.4167014910183, 1017.1412790707328, 826.4272892449704, 753.143672784145, 1679.342632632408, 1961.8818768187225, 2549.0337436434074, 2678.825208941496, 3157.3760537820663, 2688.5374954604004, 1878.0030387009103, 2616.1368141376574, 2595.829305961766, 2824.5095067250645, 2507.5357921535424, 2781.2456849590353, 1813.5487736209075, 2651.454219660947, 3171.5030159913827, 3290.6992596324835, 1164.5914471304657, 2029.8678824510544, 2715.9084847409495, 2780.362749820953, 2752.991760540404, 2325.651153708603, 2726.5037063979366, 1410.930350655409, 4069.448051421013, 4057.9698946259446, 4020.886618826491, 3872.5535156286755, 4022.652489102655, 4599.209134270354, 4205.420062685677, 4148.029278710333, 4238.971597932803, 3944.071261813336, 3891.978088666485, 2791.840906616022, 4012.0572674456685, 3288.050454218237, 4593.462932413084, 1856.8125953869364, 2938.4081395376725, 4060.618700040191, 4110.946002910879, 4306.957603565134, 3297.7627407371415, 3262.445335213852, 2247.9528615573663, 4207.185932961842, 4486.90811658005, 4681.415091238602, 2556.097224748065, 4812.190346659259, 4649.981290839624, 1980.9962339677438, 4451.564560130492, 4598.632602668237, 4811.0224018227755, 2266.5867990355805, 3132.653869915764, 4884.694963757318, 4359.825583362338, 4620.353549645319, 3537.921098295509, 2370.6808457507964, 4738.490410530928, 4631.63914180283, 2799.6146439850945, 4676.100000286994, 3271.2746865946747, 2743.2794740214986, 4730.699062503231, 4501.574563410078, 4718.117228661348, 3799.2698991678503, 4863.010893813627, 4700.639412067996, 4510.235740112443, 4460.904673263673, 4612.124752188869, 4833.487843253349, 4632.283216477211, 4821.23566131125, 4904.923392551111, 4321.498434850068, 3606.448955472529, 4472.383342202839, 1719.9576489841907, 4781.0852361529405, 3772.521707126066, 4341.6411098960125, 4665.034891307437, 3564.409152437976, 3957.31528888457, 3729.5180232593534, 2430.7204351403884, 4726.947602331985, 4257.513235832529, 4884.952732754905, 4709.53695530903, 4527.172734100989, 2900.5552820024573, 4609.354831818423, 4834.978609411492, 4634.269751506567, 4837.82490404737, 4902.69941868868, 4326.891841997826, 4632.243525032423, 4486.219599797627, 2757.406436230815, 4816.060348129968, 4665.745129273452, 4393.550060388904, 3543.2187091240025, 1782.6460437880291, 1872.705427872417, 3326.016665155773, 2569.3412518192986, 4722.091632348026, 3578.5361146472915, 3321.4628270443386, 3774.547715301547, 4531.680098923653, 4496.53919949427, 1808.9715174683631, 4839.979211107865, 4719.771852740181, 4873.124833743056, 3543.2187091240025, 4385.588522463105, 4644.731224582102, 4148.912213848414, 2353.905078127234, 4881.551502682712, 4693.946837762755, 4380.514209330635, 2654.985960213276, 2487.2282839776512, 954.4528842668942, 3741.879115192505, 2373.3296511650433, 2698.200599446005, 2474.8671920445, 4942.69795597964, 1169.006122820877, 4527.53098352195, 4466.7724453782575, 4684.010439317487, 3515.847719843453, 4765.814335232542, 3886.680477837991, 3926.412559051692, 3899.041569771143, 4658.43530833822, 3343.6753679174176, 1320.8709665710212, 4411.143949858838, 4759.683505777607, 4395.07511414459, 2207.3378452055836, 2165.839893715718, 880.2863326679866, 3833.704369553057, 4006.759656617175, 3875.202321042922, 1028.619435865802, 3924.6466887755273, 3627.980482379897, 4203.654192409514, 3178.56649709604, 4056.2040243497795, 3794.8552234774393, 3898.15863463306, 3643.8733148653773, 3569.7067632664694, 2033.3996230033836, 1811.0610306927158, 1869.173687320088, 912.9549327770294, 2553.448419333819, 2975.4914153371265, 2689.4204305984827, 2095.2050826691398, 1897.4276117387196, 313.4419740191928, 2369.7979106127145, 2338.8951807798367, 2479.2818677349114, 325.80306595234407, 2507.5357921535424, 1991.9016715135185, 1638.8065524826095, 1594.5808593765134, 2473.1013217683358, 2177.3180505107875, 2553.448419333819, 1463.9064589403429, 2228.528288519557, 632.181558866879, 2017.5067905179033, 1870.9395575962526, 765.5047647172963, 2434.252175692717, 1929.304330628786, 1485.9055552760885, 1004.7801871375815, 599.5129587578364, 74.1665515989076, 822.8955486926416, 616.2887263813989, 974.7603924427857, 271.94402252932787, 988.8873546521005, 281.6563090482324, 855.5641488016842, 677.211250909073, 981.8238735474434, 942.091792333743, 976.5262627189502, 548.3027207490669, 810.5344567594902, 8.829351380822333, 455.5945312504324, 679.8600563233197, 346.99350926631774, 796.4074945501745, 849.3836028351084, 237.50955214412076, 256.05119004384676, 81.23003270356546, 0.0, 0.0, 0.0, 0.0, 0.0, 0.0, 0.0, 0.0, 0.0, 0.0, 0.0, 0.0, 0.0, 0.0, 0.0, 0.0, 0.0, 0.0, 0.0, 0.0, 0.0, 0.0, 0.0, 0.0, 0.0, 0.0, 0.0, 0.0, 0.0, 0.0, 0.0, 0.0, 0.0, 0.0, 0.0, 0.0, 0.0, 0.0, 0.0, 0.0, 0.0, 0.0, 0.0, 0.0, 0.0, 0.0, 0.0, 0.0, 0.0, 0.0, 0.0, 0.0, 0.0, 0.0, 0.0, 0.0, 0.0, 0.0, 0.0, 0.0, 0.0, 0.0, 0.0, 0.0, 0.0, 0.0, 0.0, 0.0, 0.0, 0.0, 0.0, 0.0, 0.0, 0.0, 0.0, 0.0, 0.0, 0.0, 0.0, 0.0, 0.0, 0.0, 0.0, 0.0, 0.0, 0.0, 0.0, 0.0, 0.0, 0.0, 0.0, 0.0, 0.0, 0.0, 0.0, 0.0, 0.0, 0.0, 0.0, 0.0, 0.0, 0.0, 0.0, 0.0, 0.0, 0.0, 0.0, 0.0, 0.0, 0.0, 0.0, 0.0, 0.0, 0.0, 0.0, 0.0, 0.0, 0.0, 0.0, 0.0, 0.0, 0.0, 0.0, 0.0, 0.0, 0.0, 0.0, 0.0, 0.0, 0.0, 0.0, 0.0, 0.0, 0.0, 0.0, 0.0, 0.0, 0.0, 0.0, 0.0, 0.0, 0.0, 0.0, 0.0, 0.0, 0.0, 0.0, 0.0, 0.0, 0.0, 0.0, 0.0, 0.0, 0.0, 0.0, 0.0, 0.0, 0.0, 0.0, 0.0, 0.0, 0.0, 0.0, 0.0, 0.0, 0.0, 0.0, 0.0, 0.0, 0.0, 0.0, 0.0, 0.0, 0.0, 0.0, 0.0, 0.0, 0.0, 0.0, 0.0, 0.0, 0.0, 0.0, 0.0, 0.0, 0.0, 0.0, 0.0, 0.0, 0.0, 0.0, 0.0, 0.0, 0.0, 0.0, 0.0, 0.0, 0.0, 0.0, 0.0, 0.0, 0.0, 0.0, 0.0, 0.0, 0.0, 0.0, 0.0, 0.0, 0.0, 0.0, 0.0, 0.0, 0.0, 0.0, 0.0, 0.0, 0.0, 0.0, 0.0, 0.0, 0.0, 0.0, 0.0, 0.0, 0.0, 0.0, 0.0, 0.0, 0.0, 0.0, 0.0, 0.0, 0.0, 0.0, 0.0, 0.0, 0.0, 0.0, 0.0, 0.0, 0.0, 0.0, 0.0, 0.0, 0.0, 0.0, 0.0, 0.0, 0.0, 0.0, 0.0, 0.0, 0.0, 0.0, 0.0, 0.0, 0.0, 0.0, 0.0, 0.0, 0.0, 0.0, 0.0, 0.0, 0.0, 0.0, 0.0, 0.0, 0.0, 0.0, 0.0, 0.0, 0.0, 0.0, 0.0, 170.40648164987104, 85.64470839397663, 0.0, 74.1665515989076, 194.24573037809134, 37.96621093753603, 164.2259356832954, 0.0, 0.0, 60.03958938959187, 116.5474382268548, 60.03958938959187, 172.1723519260355, 123.61091933151178, 37.96621093753603, 142.15255723123957, 0.0, 172.1723519260355, 45.02969204219391, 173.05528706411772, 0.0, 109.48395712219694, 0.0, 1581.33683230528, 917.3696084674405, 876.7545921156577, 1166.3573174066303, 1677.5767623562435, 1041.8634629370354, 812.3003270356546, 836.139575763875, 887.3498137726446, 1236.992128453209, 1201.6747229299197, 1146.932744368821, 1093.9566360838871, 1085.1272847030648, 655.1378724570172, 1248.470285248278, 929.7307004005918, 1274.958339390745, 1201.6747229299197, 707.231045603869, 1025.087695313473, 1258.1825717671825, 499.74128815454407, 833.4907703496283, 2736.215992916841, 2556.980159886148, 2664.6982467321805, 3278.3381676993326, 2685.0057549080716, 2194.9767532724322, 2598.4781113760127, 2594.0634356856017, 2833.338858105887, 2504.886986739296, 2795.372647168351, 2656.7518304894397, 2699.1327171173875, 523.5805368827644, 3054.072642626445, 2609.0733330329995, 2934.8763989853433, 1954.8183957140648, 2350.3733375749052, 1611.448870393948, 2923.3982421902747, 1447.1306913167803, 3609.43884448017, 3537.038163157427, 4092.4043650111516, 4025.301294516902, 4298.128252184312, 4066.799246006767, 1669.6303461135033, 4178.93200854321, 4146.263408434168, 2026.0556713979227, 4012.0572674456685, 3977.6227970604614, 3877.8511264571684, 3726.8692178451065, 696.635823946882, 4574.486950404051, 4123.30709484403, 4336.094463121847, 3048.7750317979517, 2520.779819224776, 4320.201630636368, 4574.486950404051, 1871.8224927343347, 4010.291397169504, 4861.933263054883, 4502.041034633451, 3666.829628455515, 4470.721301751447, 4777.575842075003, 4704.282189733981, 4481.560455685712, 4449.505329419594, 4818.485105839192, 4852.278059123643, 4387.304701130618, 4367.880128092808, 3889.329283252238, 1204.3235283441663, 4780.774291044412, 4401.025109659673, 3772.5739572848834, 3645.6391851415415, 4706.46270712391, 4455.025745783022, 4591.262718027614, 2474.8671920445, 4624.258217280663, 2912.803020533288, 4512.5900368091, 4959.447893290097, 4517.873872808775, 3381.565115033359, 4755.077873681087, 4469.723985693437, 4458.817452262659, 4835.044540684544, 4873.414342031091, 2511.9504678439534, 4816.67975769188, 4704.389658646584, 1089.5419603934758, 4774.797160268948, 4401.381571221195, 4536.108367779204, 4123.30709484403, 3761.303688230314, 4012.7550671745303, 3205.0100693754075, 3756.8890125399025, 3277.45523256125, 4888.261493054402, 4384.143424150122, 4964.419347630916, 4541.667808728093, 4472.066474386512, 4761.125240305707, 4460.3022986020105, 1564.522763329154, 4819.090715337146, 3967.910510541557, 2394.5200944790167, 4527.691388085693, 4717.863592225578, 980.9409384093613, 4799.283933913104, 4401.825130082704, 4553.1280986722295, 2909.271279980959, 2451.910878454362, 1517.1009908515227, 4953.568678022474, 4262.651251438831, 3575.0043740949627, 4939.82309860533, 4524.896197343273, 4971.974273915465, 2145.532385539827, 4861.039275278404, 3718.0398664642844, 4452.3456316782895, 4446.320488656164, 4871.464905003145, 3065.550799421514, 1277.6071448049915, 3995.281499822106, 4788.417386029746, 1467.4381994926716, 2317.3081764735616, 3407.2724054871505, 4596.088479907602, 4849.975692227811, 3068.1996048357605, 4359.779725599228, 4967.80140391813, 4282.300631023623, 3356.919394988651, 4960.621223406522, 1626.2694822659453, 4849.0797783476255, 2008.677439137081, 4851.728583761872, 4672.492750731179, 1569.490801058542, 3507.744600072348, 4882.951472654754, 4886.1630541470795, 2353.022142989152, 4235.439857380473, 4789.0401889580335, 2056.3559365935216, 4829.455003293277, 4397.942529602639, 4432.334393172811, 4263.693781799105, 4760.381359559672, 4353.973555444255, 4993.54370988319, 2647.0395439705358, 1671.3962163896676, 1954.8183957140648, 4012.9402025837503, 3740.11324491634, 1146.049809230739, 3946.720067227583, 2783.8944903732818, 4035.0135810358065, 4236.322792518556, 4024.4183593788193, 1617.5371729666515, 1753.5091842313154, 2906.6224745667123, 3710.6085019304405, 2234.7088344861327, 3972.325186231968, 1523.1549757832954, 2193.2108829962676, 2655.868895351358, 3055.8385129026096, 4320.756160376916, 4089.7555595969047, 1930.9791469858442, 792.8757539978457, 1760.5726653359732, 2490.7600245299805, 2277.9726562521623, 1919.5009901907754, 2516.365143534365, 587.1518668246853, 2214.4013263102415, 2748.577084849993, 2548.1508085053256, 2407.7641215502504, 1182.2501498921104, 2271.792110285586, 2049.628791052766, 1217.5675554153997, 2301.811904980382, 2419.242278345319, 1810.8999682066606, 1813.5487736209075, 1407.39861010308, 2810.382544515749, 2505.769921877378, 1017.1412790707328, 139.5037518169929, 846.7347974208618, 812.3003270356546, 825.5443541068882, 252.51944949151874, 973.8774573047033, 103.3034111556213, 485.6143259452283, 1043.6293332132, 476.784974564406, 922.6672192959337, 226.91433048713398, 845.8518622827795, 907.6573219485359, 117.43037336493703, 618.9375317956456, 734.6020348844181, 457.3604015265969, 595.9812182055075, 535.0586936778335, 1093.0737009458048, 818.4808730022303, 88.29351380822334, 0.0, 0.0, 0.0, 0.0, 0.0, 0.0, 0.0, 0.0, 0.0, 0.0, 0.0, 0.0, 0.0, 0.0, 0.0, 0.0, 0.0, 0.0, 0.0, 0.0, 0.0, 0.0, 0.0, 0.0, 0.0, 0.0, 0.0, 0.0, 0.0, 0.0, 0.0, 0.0, 0.0, 0.0, 0.0, 0.0, 0.0, 0.0, 0.0, 0.0, 0.0, 0.0, 0.0, 0.0, 0.0, 0.0, 0.0, 0.0, 0.0, 0.0, 0.0, 0.0, 0.0, 0.0, 0.0, 0.0, 0.0, 0.0, 0.0, 0.0, 0.0, 0.0, 0.0, 0.0, 0.0, 0.0, 0.0, 0.0, 0.0, 0.0, 0.0, 0.0, 0.0, 0.0, 0.0, 0.0, 0.0, 0.0, 0.0, 0.0, 0.0, 0.0, 0.0, 0.0, 0.0, 0.0, 0.0, 0.0, 0.0, 0.0, 0.0, 0.0, 0.0, 0.0, 0.0, 0.0, 0.0, 0.0, 0.0, 0.0, 0.0, 0.0, 0.0, 0.0, 0.0, 0.0, 0.0, 0.0, 0.0, 0.0, 0.0, 0.0, 0.0, 0.0, 0.0, 0.0, 0.0, 0.0, 0.0, 0.0, 0.0, 0.0, 0.0, 0.0, 0.0, 0.0, 0.0, 0.0, 0.0, 0.0, 0.0, 0.0, 0.0, 0.0, 0.0, 0.0, 0.0, 0.0, 0.0, 0.0, 0.0, 0.0, 0.0, 0.0, 0.0, 0.0, 0.0, 0.0, 0.0, 0.0, 0.0, 0.0, 0.0, 0.0, 0.0, 0.0, 0.0, 0.0, 0.0, 0.0, 0.0, 0.0, 0.0, 0.0, 0.0, 0.0, 0.0, 0.0, 0.0, 0.0, 0.0, 0.0, 0.0, 0.0, 0.0, 0.0, 0.0, 0.0, 0.0, 0.0, 0.0, 0.0, 0.0, 0.0, 0.0, 0.0, 0.0, 0.0, 0.0, 0.0, 0.0, 0.0, 0.0, 0.0, 0.0, 0.0, 0.0, 0.0, 0.0, 0.0, 0.0, 0.0, 0.0, 0.0, 0.0, 0.0, 0.0, 0.0, 0.0, 0.0, 0.0, 0.0, 0.0, 0.0, 0.0, 0.0, 0.0, 0.0, 0.0, 0.0, 0.0, 0.0, 0.0, 0.0, 0.0, 0.0, 0.0, 0.0, 0.0, 0.0, 0.0, 0.0, 0.0, 0.0, 0.0, 0.0, 0.0, 0.0, 0.0, 0.0, 0.0, 0.0, 0.0, 0.0, 0.0, 0.0, 0.0, 0.0, 0.0, 0.0, 0.0, 0.0, 0.0, 0.0, 0.0, 0.0, 0.0, 0.0, 0.0, 0.0, 0.0, 0.0, 0.0, 0.0, 0.0, 0.0, 0.0, 0.0, 0.0, 0.0, 0.0, 0.0, 0.0, 0.0, 0.0, 0.0, 127.1426598838416, 85.64470839397663, 0.0, 52.09317314685177, 191.59692496384463, 52.976108284934, 164.2259356832954, 0.0, 0.0, 60.03958938959187, 116.5474382268548, 60.03958938959187, 165.10887082137765, 143.91842750740403, 30.902729832878165, 143.91842750740403, 0.0, 87.4105786701411, 67.10307049424974, 186.29931413535124, 0.0, 116.5474382268548, 0.0, 942.091792333743, 1338.529669332666, 737.2508402986649, 1018.9071493468973, 1480.6822265639053, 1077.1808684603247, 882.9351380822334, 833.4907703496283, 850.2665379731907, 1241.40680414362, 1150.46448492115, 1097.4883766362161, 1201.6747229299197, 1221.9822311058108, 825.5443541068882, 1583.9856377195267, 912.9549327770294, 516.5170557781065, 1138.9863281260812, 1040.980527798953, 981.8238735474434, 1174.3037336493705, 903.2426462581248, 1969.8282930614625, 3009.9258857223335, 2428.071629726142, 2667.347052146427, 3047.8920966598694, 2701.781522531634, 1489.5115779447274, 2603.775722204506, 1826.6364217536916, 2844.8170149009557, 2330.065829399014, 2143.7665152636628, 2623.200295242315, 2662.0494413179335, 1066.5856468033378, 3335.728951674678, 2639.0931277277955, 1345.5931504373239, 2752.108825402321, 2526.07743005327, 2360.968559231892, 2451.910878454362, 1999.8480877562588, 3740.996180054423, 4294.596511631983, 4103.88252180622, 3314.0822449588095, 4484.427566319663, 4077.394467663754, 1874.4712981485814, 4196.590711304855, 4141.848732743756, 4274.289003456091, 2276.2067859759973, 3798.3869640297685, 3674.7760446982556, 3949.36887264183, 1999.8480877562588, 4792.571929510363, 4166.570916610059, 1419.7597020362311, 3748.9425962971627, 4125.072965120194, 4317.552825222121, 3220.9473837239875, 3791.3234829251096, 4298.768124498285, 3721.5716070166136, 1959.8165496323893, 4940.277858841021, 4684.931851296512, 4711.241678832678, 3961.729964574981, 4497.611093762688, 4454.932284122115, 4726.854886739793, 4806.578351822844, 4680.946404581085, 4549.764766537748, 4864.12424757292, 1757.0409247836435, 4833.1377261540265, 4425.3301441451495, 4396.134052511439, 3724.22041243086, 4024.259042711005, 4610.668289450817, 3849.5972020385375, 4405.408370899529, 4549.455022313338, 4385.538830854453, 4592.656643558764, 4955.278110097801, 1850.6320494203612, 4753.2607424539065, 4567.423469299393, 3412.994465240081, 4475.574600664702, 4718.321062662981, 4852.758194013835, 4699.774771944221, 4582.656733389095, 4877.860295154946, 1099.2542469123805, 4822.822118194275, 4435.781577173854, 4526.834661365431, 4831.053302020714, 4722.113634322846, 2010.2452274301709, 4987.733532510146, 3512.3159792911238, 4538.722629461313, 4794.586850434442, 4592.622348655175, 4951.394993511437, 3311.8897029464574, 4763.823011486227, 4542.70128543309, 4438.942994943459, 1593.3816133250612, 2500.937106902222, 4788.157253819952, 4741.861122107607, 3727.213744292693, 4348.061048061167, 980.0580032712791, 4863.932382091634, 4452.468920084463, 4548.622156006967, 3937.890715846761, 4660.131658798028, 4615.0664385906275, 5031.125228788512, 2686.771625184236, 4591.636912074329, 4452.408553910932, 4596.03058163501, 4959.688532931043, 2209.98665061983, 4758.3622816348625, 2211.7525208959946, 4407.771992062896, 4471.119727552591, 4839.824459783518, 4864.351234067176, 4854.835012383699, 4609.298210109346, 4928.737576627262, 930.6136355386739, 4184.8914537280725, 3894.8096849883427, 3753.3572719875738, 4870.282036774438, 4784.836846634132, 4602.355004776613, 5056.2910270110615, 2411.295862102579, 4595.802906226319, 4847.392563728852, 4587.423389231583, 4968.276021988727, 4180.697878819375, 3551.1651253667424, 1409.1644803792444, 1482.336714743376, 4496.582567911226, 4937.166909834911, 4799.63541061502, 3409.8955032735853, 4396.134052511439, 4760.7862645394025, 802.58804051675, 4864.198964188024, 1553.487647632599, 4185.112554509786, 4259.279106108694, 4379.358284887877, 4579.7845612325455, 4995.647011269276, 2727.386641536019, 3167.088340300971, 3944.9541969514185, 4038.5453215881353, 3800.152834305932, 3519.379460395782, 2291.216683323396, 1325.2856422614325, 4268.108457489516, 4136.551121915264, 4067.682181144849, 2979.0231558894548, 1855.0467251107723, 3505.2524981864663, 3717.156931326202, 595.0982830674253, 1959.4629929939044, 3997.04737009827, 3755.123142263739, 3403.7149573070096, 3664.1808230412685, 3678.3077852505844, 3457.574000730026, 2667.347052146427, 411.4477743463208, 2014.1178408399387, 2534.906781434092, 2485.4624137014866, 1547.785297058155, 1892.1300009102258, 404.3842932416629, 2720.3231604313605, 2685.888690046154, 2559.6289653003946, 1263.480182595676, 825.5443541068882, 1788.965518383785, 2345.958661884494, 429.98941224604766, 1932.8426814030843, 2474.8671920445, 2286.8020076329844, 2011.3262445513276, 1438.3013399359581, 2752.108825402321, 2509.3016624297074, 2079.312250183659, 15.8928324854802, 744.3143214033228, 782.2805323408587, 925.3160247101806, 160.69419513096648, 618.0545966575634, 37.96621093753603, 891.7644894630548, 1031.2682412800484, 611.8740506909877, 907.6573219485359, 313.4419740191928, 739.0167105748293, 886.4668786345622, 23.8392487282203, 624.235142624139, 754.0266079222274, 749.6119322318161, 756.675413336474, 603.0446993101655, 853.7982785255195, 762.8559593030496, 311.67610374302836, 0.0, 0.0, 0.0, 0.0, 0.0, 0.0, 0.0, 0.0, 0.0, 0.0, 0.0, 0.0, 0.0, 0.0, 0.0, 0.0, 0.0, 0.0, 0.0, 0.0, 0.0, 0.0, 0.0, 0.0, 0.0, 0.0, 0.0, 0.0, 0.0, 0.0, 0.0, 0.0, 0.0, 0.0, 0.0, 0.0, 0.0, 0.0, 0.0, 0.0, 0.0, 0.0, 0.0, 0.0, 0.0, 0.0, 0.0, 0.0, 0.0, 0.0, 0.0, 0.0, 0.0, 0.0, 0.0, 0.0, 0.0, 0.0, 0.0, 0.0, 0.0, 0.0, 0.0, 0.0, 0.0, 0.0, 0.0, 0.0, 0.0, 0.0, 0.0, 0.0, 0.0, 0.0, 0.0, 0.0, 0.0, 0.0, 0.0, 0.0, 0.0, 0.0, 0.0, 0.0, 0.0, 0.0, 0.0, 0.0, 0.0, 0.0, 0.0, 0.0, 0.0, 0.0, 0.0, 0.0, 0.0, 0.0, 0.0, 0.0, 0.0, 0.0, 0.0, 0.0, 0.0, 0.0, 0.0, 0.0, 0.0, 0.0, 0.0, 0.0, 0.0, 0.0, 0.0, 0.0, 0.0, 0.0, 0.0, 0.0, 0.0, 0.0, 0.0, 0.0, 0.0, 0.0, 0.0, 0.0, 0.0, 0.0, 0.0, 0.0, 0.0, 0.0, 0.0, 0.0, 0.0, 0.0, 0.0, 0.0, 0.0, 0.0, 0.0, 0.0, 0.0, 0.0, 0.0, 0.0, 0.0, 0.0, 0.0, 0.0, 0.0, 0.0, 0.0, 0.0, 0.0, 0.0, 0.0, 0.0, 0.0, 0.0, 0.0, 0.0, 0.0, 0.0, 0.0, 0.0, 0.0, 0.0, 0.0, 0.0, 0.0, 0.0, 0.0, 0.0, 0.0, 0.0, 0.0, 0.0, 0.0, 0.0, 0.0, 0.0, 0.0, 0.0, 0.0, 0.0, 0.0, 0.0, 0.0, 0.0, 0.0, 0.0, 0.0, 0.0, 0.0, 0.0, 0.0, 0.0, 0.0, 0.0, 0.0, 0.0, 0.0, 0.0, 0.0, 0.0, 0.0, 0.0, 0.0, 0.0, 0.0, 0.0, 0.0, 0.0, 0.0, 0.0, 0.0, 0.0, 0.0, 0.0, 0.0, 0.0, 0.0, 0.0, 0.0, 0.0, 0.0, 0.0, 0.0, 0.0, 0.0, 0.0, 0.0, 0.0, 0.0, 0.0, 0.0, 0.0, 0.0, 0.0, 0.0, 0.0, 0.0, 0.0, 0.0, 0.0, 0.0, 0.0, 0.0, 0.0, 0.0, 0.0, 0.0, 0.0, 0.0, 0.0, 0.0, 0.0, 0.0, 0.0, 0.0, 0.0, 0.0, 0.0, 0.0, 0.0, 0.0, 0.0, 0.0, 0.0, 0.0, 0.0, 0.0, 0.0, 119.1962436411015, 86.52764353205886, 0.0, 88.29351380822334, 134.20614098849947, 52.09317314685177, 165.10887082137765, 0.0, 0.0, 60.03958938959187, 89.17644894630557, 60.03958938959187, 144.80136264548628, 137.7378815408284, 23.8392487282203, 144.80136264548628, 0.0, 192.47986010192685, 67.10307049424974, 102.42047601753906, 0.0, 109.48395712219694, 0.0, 1280.2559502192382, 1354.422501818146, 881.1692678060689, 1167.2402525447126, 1511.5849563967836, 921.7842841578516, 1590.1661836861022, 833.4907703496283, 859.095889354013, 851.1494731112729, 1106.3177280170382, 1031.2682412800484, 1215.8016851392351, 1214.918750001153, 1330.5832530899256, 1595.4637945145957, 859.095889354013, 1423.2914425885601, 975.6433275808679, 931.4965706767562, 510.33650981153085, 1438.3013399359581, 837.0225109019572, 2088.141601564482, 3028.4675236220596, 2590.531695133273, 2584.3511491666973, 2279.7385265283265, 1433.8866642455469, 3027.584588483978, 2618.785619551904, 1524.9813696210563, 1964.5306822329692, 1789.7095248926869, 2541.0873274006676, 2772.4163335782127, 1630.4757364158993, 2732.6842523645123, 3346.3241733316645, 2437.5239659887607, 2935.759334123426, 2455.4426190066906, 2045.7607149365347, 820.2467432783947, 2653.220089937111, 2463.3890352494304, 1932.745017262009, 4491.491047424322, 4156.858630091155, 3346.3241733316645, 4469.349415380789, 3111.46342660179, 4301.6599927366415, 1516.8226874828854, 4147.14634357225, 2914.568890809452, 2276.2067859759973, 3906.9879860138826, 3933.47604015635, 2812.327272808672, 2969.310869370551, 4497.314061775693, 4094.1702352873162, 4234.556922242392, 4130.3705759486875, 1978.657644442285, 3275.6893622850857, 3900.807440047307, 4127.721770534441, 4294.596511631983, 4701.4764529630365, 2154.2012143915695, 4790.2972709832375, 4464.346950786341, 2799.787322858762, 4428.107407572904, 2698.5188268995716, 4430.856620272906, 4719.992428594527, 4026.184229654984, 3135.1259084368444, 4617.645656111058, 4616.831372840484, 1388.8569722033528, 4557.336973622271, 4301.386771436127, 4618.3539007993795, 4505.618009633637, 1649.322837937612, 2516.365143534365, 3876.9681913190866, 4302.542927874722, 4408.668767453919, 2783.526273302674, 4485.0878138542685, 4820.17490102267, 4505.414799616642, 4548.766045767569, 4463.379101536458, 4378.355395433489, 4444.15871721322, 4732.571002552549, 3228.010864828645, 4817.713930225549, 4618.1867050814435, 4627.945189702015, 3213.0009674812472, 4550.74140216441, 4315.858444660032, 4636.073834757538, 4533.08411217462, 3579.4190497853738, 2809.4996093776663, 4870.898529682482, 4385.847822156484, 4395.7730826907555, 4659.248723659945, 4509.731396860558, 4828.139308984004, 4515.152680168291, 4556.010676658942, 4486.67371735541, 4343.867302023383, 4467.833415782763, 4732.149517154394, 4798.168041450277, 4806.359214607754, 2702.957763911501, 4634.670618796476, 4404.285323961531, 4569.079145227152, 4334.266525471822, 4648.856486499763, 2996.3458917519997, 3185.629978200698, 2831.5729878297225, 4536.726489060323, 3954.6664834703233, 1530.1265942965106, 4762.466213780594, 4523.741958123792, 4825.712802360856, 3667.712563593597, 4571.328956055601, 2640.8589980039596, 4314.405427224597, 4491.623827639685, 4824.236097959218, 4792.130988580768, 4858.503282084839, 4699.752967480885, 4668.46929748108, 3580.3019849234565, 1662.0043184634471, 4371.3233138713085, 4174.851662343123, 4306.957603565134, 3781.6111964062056, 4436.584998717676, 4912.98045473115, 3547.6333848144136, 1153.9962254734792, 4785.727636086917, 4530.218705726191, 4346.045667262881, 2898.676058323972, 4050.0234783832047, 3708.32757994538, 4285.213424504026, 2902.6361958822076, 4886.594285135393, 4821.129545501414, 4858.680680946159, 4744.6461467164845, 4681.245342425624, 1895.6617414625548, 4576.204679089057, 4381.251613205197, 4716.060490265922, 4084.457948768412, 1836.5050872110453, 3881.3828670094977, 4903.860453518365, 1498.34092932555, 1357.9542423704747, 2976.3743504752088, 3959.9640942988167, 3939.656586122925, 2055.4730014554393, 3657.1173419366105, 2008.677439137081, 4290.713533875225, 4219.547024894993, 3125.5903888111056, 3807.21631541059, 4039.4282567262176, 3695.966488012229, 3734.8156340878472, 889.1156840488089, 3088.243284579483, 1499.7629739986487, 1871.6444596507467, 3668.5954987316795, 1583.9856377195267, 3220.9473837239875, 3989.9838889936127, 2522.5456895009406, 777.8658566504475, 2505.769921877378, 1690.8207894274767, 1937.7903455729274, 1484.2139671162342, 1741.1480922981639, 332.8665470570019, 2751.2258902642393, 1573.5762230794585, 944.7405977479897, 2347.7245321606583, 2492.525894806145, 2298.2801644280535, 2351.256272712987, 328.4518713665908, 2366.266170060386, 1527.5409587299396, 2261.1968886286, 2439.549786521211, 779.631726926612, 1219.3334256915641, 2501.355246186967, 1378.261750546366, 15.8928324854802, 819.3638081403125, 754.0266079222274, 965.048105923881, 174.8211573402822, 653.3720021808527, 37.96621093753603, 909.4231922247003, 1010.077797966075, 587.1518668246853, 929.7307004005918, 968.57984647621, 858.2129542159308, 899.7109057057958, 15.8928324854802, 588.0348019627675, 217.2020439682294, 791.9928188597634, 610.9911155529054, 181.88463844494007, 739.8996457129116, 807.8856513452436, 132.44027071233498, 0.0, 0.0, 0.0, 0.0, 0.0, 0.0, 0.0, 0.0, 0.0, 0.0, 0.0, 0.0, 0.0, 0.0, 0.0, 0.0, 0.0, 0.0, 0.0, 0.0, 0.0, 0.0, 0.0, 0.0, 0.0, 0.0, 0.0, 0.0, 0.0, 0.0, 0.0, 0.0, 0.0, 0.0, 0.0, 0.0, 0.0, 0.0, 0.0, 0.0, 0.0, 0.0, 0.0, 0.0, 0.0, 0.0, 0.0, 0.0, 0.0, 0.0, 0.0, 0.0, 0.0, 0.0, 0.0, 0.0, 0.0, 0.0, 0.0, 0.0, 0.0, 0.0, 0.0, 0.0, 0.0, 0.0, 0.0, 0.0, 0.0, 0.0, 0.0, 0.0, 0.0, 0.0, 0.0, 0.0, 0.0, 0.0, 0.0, 0.0, 0.0, 0.0, 0.0, 0.0, 0.0, 0.0, 0.0, 0.0, 0.0, 0.0, 0.0, 0.0, 0.0, 0.0, 0.0, 0.0, 0.0, 0.0, 0.0, 0.0, 0.0, 0.0, 0.0, 0.0, 0.0, 0.0, 0.0, 0.0, 0.0, 0.0, 0.0, 0.0, 0.0, 0.0, 0.0, 0.0, 0.0, 0.0, 0.0, 0.0, 0.0, 0.0, 0.0, 0.0, 0.0, 0.0, 0.0, 0.0, 0.0, 0.0, 0.0, 0.0, 0.0, 0.0, 0.0, 0.0, 0.0, 0.0, 0.0, 0.0, 0.0, 0.0, 0.0, 0.0, 0.0, 0.0, 0.0, 0.0, 0.0, 0.0, 0.0, 0.0, 0.0, 0.0, 0.0, 0.0, 0.0, 0.0, 0.0, 0.0, 0.0, 0.0, 0.0, 0.0, 0.0, 0.0, 0.0, 0.0, 0.0, 0.0, 0.0, 0.0, 0.0, 0.0, 0.0, 0.0, 0.0, 0.0, 0.0, 0.0, 0.0, 0.0, 0.0, 0.0, 0.0, 0.0, 0.0, 0.0, 0.0, 0.0, 0.0, 0.0, 0.0, 0.0, 0.0, 0.0, 0.0, 0.0, 0.0, 0.0, 0.0, 0.0, 0.0, 0.0, 0.0, 0.0, 0.0, 0.0, 0.0, 0.0, 0.0, 0.0, 0.0, 0.0, 0.0, 0.0, 0.0, 0.0, 0.0, 0.0, 0.0, 0.0, 0.0, 0.0, 0.0, 0.0, 0.0, 0.0, 0.0, 0.0, 0.0, 0.0, 0.0, 0.0, 0.0, 0.0, 0.0, 0.0, 0.0, 0.0, 0.0, 0.0, 0.0, 0.0, 0.0, 0.0, 0.0, 0.0, 0.0, 0.0, 0.0, 0.0, 0.0, 0.0, 0.0, 0.0, 0.0, 0.0, 0.0, 0.0, 0.0, 0.0, 0.0, 0.0, 0.0, 0.0, 0.0, 0.0, 0.0, 0.0, 0.0, 0.0, 0.0, 0.0, 0.0, 0.0, 135.0890761265817, 102.42047601753906, 0.0, 67.10307049424974, 82.1129678416477, 67.10307049424974, 194.24573037809134, 0.0, 0.0, 60.03958938959187, 103.3034111556213, 60.03958938959187, 165.10887082137765, 110.36689226027917, 16.775767623562434, 152.74777888822635, 0.0, 179.23583303069336, 67.10307049424974, 124.49385446959491, 0.0, 117.43037336493703, 0.0, 1213.1528797249887, 1381.793491098695, 881.1692678060689, 1076.2979333222424, 1637.8446811425429, 765.5047647172963, 1681.1085029085725, 877.63752725374, 900.593840843878, 1057.7562954225154, 1060.4051008367624, 1080.7126090126535, 1282.0218204954028, 1140.7521984022455, 755.7924781983918, 1582.2197674433621, 647.1914562142771, 1403.8668695507508, 788.4610783074345, 721.3580078131846, 1059.5221656986798, 1301.446393533212, 918.2525436055226, 2142.000644987498, 2958.7156477135636, 2598.4781113760127, 2237.3576399003796, 2663.8153115940986, 1577.805091752951, 3300.4115461513884, 2651.454219660947, 2558.7460301623123, 2625.849100656562, 2210.869585757913, 1678.4596974943256, 2623.200295242315, 2668.2299872845097, 1181.3672147540283, 3314.538508360704, 2012.2091796894097, 2943.705750366166, 2001.6139580324232, 2800.6702579968437, 1353.9752568982683, 1697.448581476863, 2280.6214616664083, 2203.8061046532544, 2949.886296332742, 4173.634397714717, 3705.6787745311335, 4386.014679425084, 1712.8941678795318, 4451.341235452333, 4259.279106108694, 2308.87538608504, 4284.001289974996, 2574.642527985067, 1749.9774436789864, 4037.662386450053, 3597.9606876851008, 1685.5231785989833, 1503.0444309570923, 1793.2412654450159, 4257.513235832529, 1874.4712981485814, 4132.136446224851, 4254.568620693581, 2544.4558281375294, 4046.491737830875, 1938.9255632285842, 4587.395240316467, 1375.2995530529377, 4756.820074213462, 4369.990764646323, 4361.699582126233, 4294.834270167351, 3492.773859899171, 4276.0463701367435, 4733.219365105492, 4554.17944222816, 3205.054551238507, 4595.676602750811, 4488.1821496512575, 3070.848410250008, 4457.166162071361, 4305.524100052405, 4569.579469695541, 4298.128252184312, 3854.8948128670304, 4246.678089517297, 4651.024369555127, 4431.945203989582, 4094.1702352873162, 4571.98382263316, 4278.584004373667, 4795.7916061247315, 4410.852396214384, 4606.844892975611, 4487.823501866904, 4451.47929938385, 1662.1338460201478, 4744.448249091088, 4603.258395342857, 3464.637481834684, 2685.193818785198, 4495.003272009278, 4083.5750136303295, 4457.970538000031, 4303.2628005359575, 4598.3683238980875, 4452.098703077853, 4549.9437573368805, 4253.890135863766, 4639.378455947313, 4424.704397971848, 3028.4675236220596, 4594.280969171951, 4151.498913122367, 4807.218803789997, 3256.264789247277, 4607.714543529395, 4186.878424785951, 1551.9139457517454, 4142.731667881839, 4728.043590953003, 4579.7845612325455, 3890.2122183903202, 4608.627295885032, 4494.771095959222, 4155.624513820671, 4485.845701701634, 4311.833348407817, 4580.623299810839, 4444.925220617997, 4557.8353285458315, 3612.1471375522606, 4659.272472300786, 4387.951253752263, 3724.22041243086, 4610.659926012125, 4308.240596894981, 3701.5651666414956, 2141.117709849416, 4040.3111918643, 3303.060351565635, 4447.682060292821, 4288.915491560351, 4776.530072368102, 4615.290520046144, 4598.775265600836, 4645.450811830367, 3208.586291790836, 4200.8271668572725, 3333.66287691434, 4315.305607955639, 3835.6309804863395, 4476.685157469162, 3424.1521143655996, 4247.655173173595, 4668.614538567705, 4236.667784572964, 3334.846016536595, 2043.1119095222878, 4311.38916325578, 4824.733432402151, 1924.7986010192687, 4392.602311959111, 3054.9555777645273, 4436.727602821708, 4257.866305093087, 4794.809262727757, 4649.731156072799, 2923.3982421902747, 4684.493330931678, 3603.258298513594, 1417.1108966219845, 4501.70750656169, 4304.829206121794, 4659.949071151501, 4498.004176607449, 4673.895389814726, 1355.4834117263804, 4682.341927237624, 4405.513920371674, 599.5129587578364, 3832.821434414975, 4155.975694953073, 3910.519726566212, 1255.5337663529358, 2498.70644077272, 3446.095843934957, 4260.1620412467755, 4264.86442816201, 2301.885678365185, 3381.6415788549525, 2783.0115552351995, 3625.3316769656503, 3257.1477243853587, 2594.9463708236835, 3982.0374727508724, 3056.839830097357, 1771.2990810321828, 3607.6729742040056, 3670.361369007844, 4222.393900352081, 4100.350781253892, 1493.6111274142486, 306.378492914535, 2081.961055597906, 1456.652994845834, 2492.525894806145, 952.6870139907297, 1669.6303461135033, 1851.5149845584433, 2648.8054142467, 2813.0313499299955, 1689.0549191513123, 2418.3593432072366, 1757.0409247836435, 2227.645353381475, 2359.2026889557274, 521.8146666066, 2346.841597022576, 2468.6866460779243, 2270.9091751475044, 2567.5753815431344, 1174.3037336493705, 2787.4262309256105, 2494.2917650823088, 2151.7129315064026, 16.775767623562434, 829.9590297972993, 718.7092023989379, 852.0324082493552, 88.29351380822334, 740.7825808509938, 204.84095203507812, 869.6911110109999, 987.1214843759368, 958.8675599573055, 932.3795058148384, 945.623532886072, 632.181558866879, 875.8716569775755, 15.8928324854802, 597.7470884816719, 435.28702307454097, 777.8658566504475, 963.2822356477167, 669.264834666333, 1025.970630451555, 784.9293377551055, 473.2532340120771, 0.0, 0.0, 0.0, 0.0, 0.0, 0.0, 0.0, 0.0, 0.0, 0.0, 0.0, 0.0, 0.0, 0.0, 0.0, 0.0, 0.0, 0.0, 0.0, 0.0, 0.0, 0.0, 0.0, 0.0, 0.0, 0.0, 0.0, 0.0, 0.0, 0.0, 0.0, 0.0, 0.0, 0.0, 0.0, 0.0, 0.0, 0.0, 0.0, 0.0, 0.0, 0.0, 0.0, 0.0, 0.0, 0.0, 0.0, 0.0, 0.0, 0.0, 0.0, 0.0, 0.0, 0.0, 0.0, 0.0, 0.0, 0.0, 0.0, 0.0, 0.0, 0.0, 0.0, 0.0, 0.0, 0.0, 0.0, 0.0, 0.0, 0.0, 0.0, 0.0, 0.0, 0.0, 0.0, 0.0, 0.0, 0.0, 0.0, 0.0, 0.0, 0.0, 0.0, 0.0, 0.0, 0.0, 0.0, 0.0, 0.0, 0.0, 0.0, 0.0, 0.0, 0.0, 0.0, 0.0, 0.0, 0.0, 0.0, 0.0, 0.0, 0.0, 0.0, 0.0, 0.0, 0.0, 0.0, 0.0, 0.0, 0.0, 0.0, 0.0, 0.0, 0.0, 0.0, 0.0, 0.0, 0.0, 0.0, 0.0, 0.0, 0.0, 0.0, 0.0, 0.0, 0.0, 0.0, 0.0, 0.0, 0.0, 0.0, 0.0, 0.0, 0.0, 0.0, 0.0, 0.0, 0.0, 0.0, 0.0, 0.0, 0.0, 0.0, 0.0, 0.0, 0.0, 0.0, 0.0, 0.0, 0.0, 0.0, 0.0, 0.0, 0.0, 0.0, 0.0, 0.0, 0.0, 0.0, 0.0, 0.0, 0.0, 0.0, 0.0, 0.0, 0.0, 0.0, 0.0, 0.0, 0.0, 0.0, 0.0, 0.0, 0.0, 0.0, 0.0, 0.0, 0.0, 0.0, 0.0, 0.0, 0.0, 0.0, 0.0, 0.0, 0.0, 0.0, 0.0, 0.0, 0.0, 0.0, 0.0, 0.0, 0.0, 0.0, 0.0, 0.0, 0.0, 0.0, 0.0, 0.0, 0.0, 0.0, 0.0, 0.0, 0.0, 0.0, 0.0, 0.0, 0.0, 0.0, 0.0, 0.0, 0.0, 0.0, 0.0, 0.0, 0.0, 0.0, 0.0, 0.0, 0.0, 0.0, 0.0, 0.0, 0.0, 0.0, 0.0, 0.0, 0.0, 0.0, 0.0, 0.0, 0.0, 0.0, 0.0, 0.0, 0.0, 0.0, 0.0, 0.0, 0.0, 0.0, 0.0, 0.0, 0.0, 0.0, 0.0, 0.0, 0.0, 0.0, 0.0, 0.0, 0.0, 0.0, 0.0, 0.0, 0.0, 0.0, 0.0, 0.0, 0.0, 0.0, 0.0, 0.0, 0.0, 0.0, 0.0, 0.0, 0.0, 0.0, 0.0, 0.0, 0.0, 0.0, 0.0, 142.15255723123957, 98.88873546521013, 0.0, 60.03958938959187, 150.09897347397967, 45.02969204219391, 197.77747093042026, 0.0, 0.0, 82.1129678416477, 103.3034111556213, 60.03958938959187, 165.10887082137765, 110.36689226027917, 8.829351380822333, 132.44027071233498, 0.0, 199.54334120658473, 67.10307049424974, 81.23003270356546, 0.0, 117.43037336493703, 0.0, 1204.3235283441663, 1355.3054369562283, 852.9153433874375, 1049.8098791797754, 1056.8733602844334, 731.0702943320891, 1679.342632632408, 873.2228515633288, 919.1354787436048, 1256.4167014910183, 768.1535701315429, 1000.3655114471703, 1287.3194313238964, 1088.6590252553938, 1217.5675554153997, 1584.8685728576088, 683.3917968756485, 1416.2279614839022, 1154.8791606115612, 1290.8511718762252, 1075.4149981841604, 1367.6665288893796, 998.5996411710059, 2227.645353381475, 2555.214289609983, 1464.450840650414, 2490.7600245299805, 3125.5903888111056, 2405.998251274086, 3326.899600293855, 2610.839203309164, 2666.4641170083446, 1828.4971701924771, 1959.2330714044756, 1774.6458858650267, 2268.260369733258, 2229.4112236576393, 1704.9477516367926, 3312.7726380845393, 1459.7654651130854, 1719.5174072108966, 2634.6784520373844, 1705.830686774875, 1494.5456030500832, 1717.824035961788, 2502.238181325049, 2363.6173646461384, 4248.915596878671, 1513.3995484532215, 3703.9129042549685, 3356.4972488655635, 3978.5057321985432, 4450.264970377675, 4197.473646442937, 4251.332689865953, 4243.386273623214, 3484.944990010575, 4222.19583030924, 3905.222115737718, 3889.329283252238, 2323.002348294356, 4007.6425917552574, 4071.213921697178, 4286.650095389243, 4109.180132634714, 2785.6603606494464, 4375.8265443355485, 4563.008793608982, 3421.3736600686543, 3325.133730017691, 4829.76051201302, 4375.423398254114, 4805.114604357174, 4478.049205605622, 4570.07227471364, 4452.978443052271, 2851.64046431076, 4401.600108284086, 4821.624249610932, 2899.558993462055, 3391.009236957131, 4882.631313594749, 4662.513552910898, 1678.4596974943256, 4656.394705954952, 2155.1480254111384, 4208.9518032380065, 4808.464776576632, 2416.5934729310725, 4385.544072304887, 4667.750995526179, 4492.666361740731, 4398.913665383711, 4811.222003030275, 4438.203257599894, 4859.944170029031, 4520.245526792476, 4790.645096746178, 4500.380226297019, 1434.9646231524082, 4417.4897294063585, 4852.083256633167, 4679.556231835837, 4818.561236222705, 4920.152657425563, 4689.572904976509, 1729.669935503095, 4657.09947968661, 4396.316602377391, 4295.092494581433, 4812.472982085944, 3857.5436182812773, 3865.341522517905, 2793.9420339725043, 4532.1808255267, 4378.475349749796, 4842.666291809757, 4447.478436709799, 4879.879503173635, 4522.272831360623, 4807.6440162902345, 4512.282853315925, 4355.177055656973, 4437.38560110874, 4848.654100113503, 3457.574000730026, 4804.378090694657, 4921.42131869212, 4728.328253103283, 2047.526585212699, 4671.087269307008, 4403.253056196775, 4792.182705698238, 4795.173322426408, 3350.7388490220756, 4386.922693600263, 4652.78155693181, 4526.428280226516, 3557.345671333318, 4751.95691315858, 4447.090463213844, 4882.517518972793, 4516.843499467096, 4646.887631726794, 4514.795703563828, 4362.387118841176, 4252.624757596459, 3879.6982412882467, 4383.772960578288, 4849.623241879125, 4270.757262903763, 4504.735074495555, 1832.9733466587165, 4653.417744976692, 4409.555464816754, 4843.477846119829, 4557.711182780488, 4449.110160796374, 4378.286431039581, 4671.055234534638, 4539.811115113769, 2119.9272665354424, 4899.864439679999, 4444.690444323469, 1955.7013308521468, 2919.8665016379455, 4268.177266262774, 2926.062767237933, 4367.148438353567, 1532.8149482840927, 4934.930836887167, 3943.1883266752543, 4854.325681597322, 3277.45523256125, 4141.848732743756, 2113.7467205688667, 2403.2691922351137, 4405.0420630965555, 4842.348500070878, 3464.637481834684, 4591.262718027614, 4370.408634330921, 4694.688229437993, 2527.843300329434, 1413.5791560696555, 2743.2794740214986, 4198.35658158102, 2262.079823766682, 3507.018368462631, 3644.756250003459, 1643.0845262878647, 4236.322792518556, 4396.134052511439, 4035.8965161738884, 2552.5654841957366, 4033.247710759642, 3232.425540519056, 2473.984256906418, 1138.1033929879986, 3968.793445679639, 3976.7398619223795, 3711.859320497709, 3108.8146211875437, 3440.798233106463, 1442.7077205073758, 4068.5651162829313, 1510.7020212587013, 793.7586891359277, 1990.260992245142, 2679.708144079578, 2111.980850292702, 1220.2163608296464, 2338.012245641754, 1951.2866551617358, 2736.215992916841, 1537.750911513003, 2499.589375910803, 1597.2296647907604, 2556.097224748065, 1775.5825626833712, 1496.5750590493858, 596.8641533435897, 1924.5242715300415, 2473.984256906418, 2258.548083214353, 2178.20098564887, 2132.2883584685933, 2813.9142850680773, 2476.633062320665, 398.20374727508727, 15.8928324854802, 816.7150027260658, 837.9054460400394, 903.2426462581248, 22.956313590138066, 830.8419649353816, 379.66210937536033, 1018.024214208815, 1065.7027116652557, 591.5665425150964, 980.9409384093613, 990.6532249282657, 485.6143259452283, 530.6440179874222, 15.8928324854802, 610.1081804148232, 761.9730241649673, 772.5682458219542, 605.693504724412, 550.9515261633136, 1059.5221656986798, 776.9829215123654, 161.5771302690487, 0.0, 0.0, 0.0, 0.0, 0.0, 0.0, 0.0, 0.0, 0.0, 0.0, 0.0, 0.0, 0.0, 0.0, 0.0, 0.0, 0.0, 0.0, 0.0, 0.0, 0.0, 0.0, 0.0, 0.0, 0.0, 0.0, 0.0, 0.0, 0.0, 0.0, 0.0, 0.0, 0.0, 0.0, 0.0, 0.0, 0.0, 0.0, 0.0, 0.0, 0.0, 0.0, 0.0, 0.0, 0.0, 0.0, 0.0, 0.0, 0.0, 0.0, 0.0, 0.0, 0.0, 0.0, 0.0, 0.0, 0.0, 0.0, 0.0, 0.0, 0.0, 0.0, 0.0, 0.0, 0.0, 0.0, 0.0, 0.0, 0.0, 0.0, 0.0, 0.0, 0.0, 0.0, 0.0, 0.0, 0.0, 0.0, 0.0, 0.0, 0.0, 0.0, 0.0, 0.0, 0.0, 0.0, 0.0, 0.0, 0.0, 0.0, 0.0, 0.0, 0.0, 0.0, 0.0, 0.0, 0.0, 0.0, 0.0, 0.0, 0.0, 0.0, 0.0, 0.0, 0.0, 0.0, 0.0, 0.0, 0.0, 0.0, 0.0, 0.0, 0.0, 0.0, 0.0]"
lambda_3,"[1.0, 0.0, 0.0, 0.0, 0.0, 0.0, 0.0, 0.0, 0.0, 0.0, 0.0, 0.0, 0.0, 0.0, 0.0, 0.0, 0.0, 0.0, 0.0, 0.0, 0.0, 0.0, 0.0, 0.0, 0.0, 0.0, 0.0, 0.0, 0.0, 0.0, 0.0, 0.0, 0.0, 0.0, 0.0, 0.0, 0.0, 0.0, 0.0, 0.0, 0.0, 0.0, 0.0, 0.0, 0.0, 0.0, 0.0, 0.0, 0.0, 0.0, 0.0, 0.0, 0.0, 0.0, 0.0, 0.0, 0.0, 0.0, 0.0, 0.0, 0.0, 0.0, 0.0, 0.0, 0.0, 0.0, 0.0, 0.0, 0.0, 0.0, 0.0, 0.0, 0.0, 0.0, 0.0, 0.0, 0.0, 0.0, 0.0, 0.0, 0.0, 0.0, 0.0, 0.0, 0.0, 0.0, 0.0, 0.0, 0.0, 0.0, 0.0, 0.0, 0.0, 0.0, 0.0, 0.0, 0.0, 0.0, 0.0, 0.0, 0.0, 0.0, 0.0, 0.0, 0.0, 0.0, 0.0, 0.0, 0.0, 0.0, 0.0, 0.0, 0.0, 0.0, 0.0, 0.0, 0.0, 0.0, 0.0, 0.0, 0.0, 0.0, 0.0, 0.0, 0.0, 0.0, 0.0, 0.0, 0.0, 0.0, 0.0, 0.0, 0.0, 0.0, 0.0, 0.0, 0.0, 0.0, 0.0, 0.0, 0.0, 0.0, 0.0, 0.0, 0.0, 0.0, 0.0, 0.0, 0.0, 0.0, 0.0, 0.0, 0.0, 0.0, 0.0, 0.0, 0.0, 0.0, 0.0, 0.0, 0.0, 0.0, 0.0, 0.0, 0.0, 0.0, 0.0, 0.0, 0.0, 0.0, 0.0, 0.0, 0.0, 0.0, 0.0, 0.0, 0.0, 0.0, 0.0, 0.0, 0.0, 0.0, 0.0, 0.0, 0.0, 0.0, 0.0, 0.0, 0.0, 0.0, 0.0, 0.0, 0.0, 0.0, 0.0, 0.0, 0.0, 0.0, 0.0, 0.0, 0.0, 0.0, 0.0, 0.0, 0.0, 0.0, 0.0, 0.0, 0.0, 0.0, 0.0, 0.0, 0.0, 0.0, 0.0, 0.0, 0.0, 0.0, 0.0, 0.0, 0.0, 0.0, 0.0, 0.0, 0.0, 0.0, 0.0, 0.0, 0.0, 0.0, 0.0, 0.0, 0.0, 0.0, 0.0, 0.0, 0.0, 0.0, 0.0, 0.0, 0.0, 0.0, 0.0, 0.0, 0.0, 0.0, 0.0, 0.0, 0.0, 0.0, 0.0, 0.0, 0.0, 0.0, 0.0, 0.0, 0.0, 0.0, 0.0, 0.0, 0.0]"
flowSalt_discharge_t,"[0.0, 0.0, 0.0, 0.0, 0.0, 0.0, 0.0, 0.0, 0.0, 0.0, 0.0, 0.0, 0.0, 0.0, 0.0, 0.0, 0.0, 0.0, 0.0, 0.0, 0.0, 0.0, 0.0, 0.0, 0.0, 0.0, 0.0, 0.0, 0.0, 0.0, 0.0, 0.0, 0.0, 0.0, 0.0, 0.0, 0.0, 0.0, 0.0, 0.0, 0.0, 0.0, 0.0, 0.0, 0.0, 0.0, 0.0, 0.0, 0.0, 0.0, 0.0, 0.0, 0.0, 0.0, 0.0, 0.0, 0.0, 0.0, 0.0, 0.0, 0.0, 0.0, 0.0, 0.0, 0.0, 0.0, 0.0, 0.0, 0.0, 0.0, 0.0, 0.0, 0.0, 0.0, 0.0, 0.0, 0.0, 0.0, 0.0, 0.0, 0.0, 0.0, 0.0, 0.0, 0.0, 0.0, 0.0, 0.0, 0.0, 0.0, 0.0, 0.0, 0.0, 0.0, 0.0, 0.0, 0.0, 0.0, 0.0, 0.0, 0.0, 0.0, 0.0, 0.0, 0.0, 0.0, 0.0, 0.0, 0.0, 0.0, 0.0, 0.0, 0.0, 0.0, 0.0, 0.0, 0.0, 0.0, 0.0, 0.0, 0.0, 0.0, 0.0, 0.0, 0.0, 0.0, 0.0, 0.0, 0.0, 0.0, 0.0, 0.0, 0.0, 0.0, 0.0, 0.0, 0.0, 0.0, 0.0, 0.0, 0.0, 0.0, 0.0, 0.0, 0.0, 0.0, 0.0, 0.0, 0.0, 0.0, 0.0, 0.0, 0.0, 0.0, 0.0, 0.0, 0.0, 0.0, 0.0, 0.0, 0.0, 0.0, 0.0, 0.0, 0.0, 0.0, 0.0, 0.0, 0.0, 0.0, 0.0, 0.0, 0.0, 0.0, 0.0, 0.0, 0.0, 0.0, 0.0, 0.0, 0.0, 0.0, 0.0, 0.0, 0.0, 0.0, 0.0, 0.0, 0.0, 0.0, 0.0, 0.0, 0.0, 0.0, 0.0, 0.0, 0.0, 0.0, 0.0, 0.0, 0.0, 0.0, 0.0, 0.0, 0.0, 0.0, 0.0, 0.0, 0.0, 0.0, 0.0, 0.0, 0.0, 0.0, 0.0, 0.0, 0.0, 0.0, 0.0, 0.0, 0.0, 0.0, 0.0, 0.0, 0.0, 0.0, 0.0, 0.0, 0.0, 0.0, 0.0, 0.0, 0.0, 0.0, 0.0, 0.0, 0.0, 0.0, 0.0, 0.0, 0.0, 0.0, 0.0, 0.0, 0.0, 0.0, 0.0, 0.0, 0.0, 0.0, 0.0, 0.0, 0.0, 0.0, 0.0, 0.0, 0.0, 0.0, 0.0, 0.0, 0.0, 0.0, 0.0, 0.0, 0.0, 0.0, 0.0, 0.0, 0.0, 0.0, 0.0, 0.0, 0.0, 0.0, 0.0, 0.0, 0.0, 0.0, 0.0, 0.0, 0.0, 0.0, 0.0, 0.0, 0.0, 0.0, 0.0, 0.0, 0.0, 0.0, 0.0, 0.0, 0.0, 0.0, 0.0, 0.0, 0.0, 0.0, 0.0, 0.0, 0.0, 0.0, 0.0, 0.0, 0.0, 0.0, 0.0, 0.0, 0.0, 0.0, 0.0, 0.0, 0.0, 0.0, 0.0, 0.0, 0.0, 0.0, 0.0, 0.0, 0.0, 0.0, 0.0, 0.0, 0.0, 0.0, 0.0, 0.0, 0.0, 0.0, 0.0, 0.0, 0.0, 0.0, 0.0, 0.0, 0.0, 0.0, 0.0, 0.0, 0.0, 0.0, 0.0, 0.0, 0.0, 0.0, 0.0, 0.0, 0.0, 0.0, 0.0, 0.0, 0.0, 0.0, 0.0, 0.0, 0.0, 0.0, 0.0, 0.0, 0.0, 0.0, 0.0, 0.0, 0.0, 0.0, 0.0, 0.0, 0.0, 0.0, 0.0, 0.0, 0.0, 0.0, 0.0, 0.0, 0.0, 0.0, 0.0, 0.0, 0.0, 0.0, 0.0, 0.0, 0.0, 0.0, 0.0, 0.0, 0.0, 0.0, 0.0, 0.0, 0.0, 0.0, 0.0, 0.0, 0.0, 0.0, 0.0, 0.0, 0.0, 0.0, 0.0, 0.0, 0.0, 0.0, 0.0, 0.0, 0.0, 0.0, 0.0, 0.0, 0.0, 0.0, 0.0, 0.0, 0.0, 0.0, 0.0, 0.0, 0.0, 0.0, 0.0, 0.0, 0.0, 0.0, 0.0, 0.0, 0.0, 0.0, 0.0, 0.0, 0.0, 0.0, 0.0, 0.0, 0.0, 0.0, 0.0, 0.0, 0.0, 0.0, 0.0, 0.0, 0.0, 0.0, 0.0, 0.0, 0.0, 0.0, 0.0, 0.0, 0.0, 0.0, 0.0, 0.0, 0.0, 0.0, 0.0, 0.0, 0.0, 0.0, 0.0, 0.0, 0.0, 0.0, 0.0, 0.0, 0.0, 0.0, 0.0, 0.0, 0.0, 0.0, 0.0, 0.0, 0.0, 0.0, 0.0, 0.0, 0.0, 0.0, 0.0, 0.0, 0.0, 0.0, 0.0, 0.0, 0.0, 0.0, 0.0, 0.0, 0.0, 0.0, 0.0, 0.0, 0.0, 0.0, 0.0, 0.0, 0.0, 0.0, 0.0, 0.0, 0.0, 0.0, 0.0, 0.0, 0.0, 0.0, 0.0, 0.0, 0.0, 0.0, 0.0, 0.0, 0.0, 0.0, 0.0, 0.0, 0.0, 0.0, 0.0, 0.0, 0.0, 0.0, 0.0, 0.0, 0.0, 0.0, 0.0, 0.0, 0.0, 0.0, 0.0, 0.0, 0.0, 0.0, 0.0, 0.0, 0.0, 0.0, 0.0, 0.0, 0.0, 0.0, 0.0, 0.0, 0.0, 0.0, 0.0, 0.0, 0.0, 0.0, 0.0, 0.0, 0.0, 0.0, 0.0, 0.0, 0.0, 0.0, 0.0, 0.0, 0.0, 0.0, 0.0, 0.0, 0.0, 0.0, 0.0, 0.0, 0.0, 0.0, 0.0, 0.0, 0.0, 0.0, 0.0, 0.0, 0.0, 0.0, 0.0, 0.0, 0.0, 0.0, 0.0, 0.0, 0.0, 0.0, 0.0, 0.0, 0.0, 0.0, 0.0, 0.0, 0.0, 0.0, 0.0, 0.0, 0.0, 0.0, 0.0, 0.0, 0.0, 0.0, 0.0, 0.0, 0.0, 0.0, 0.0, 0.0, 0.0, 0.0, 0.0, 0.0, 0.0, 0.0, 0.0, 0.0, 0.0, 0.0, 0.0, 0.0, 0.0, 0.0, 0.0, 0.0, 0.0, 0.0, 0.0, 0.0, 0.0, 0.0, 0.0, 0.0, 0.0, 0.0, 0.0, 0.0, 0.0, 0.0, 0.0, 0.0, 0.0, 0.0, 0.0, 0.0, 0.0, 0.0, 0.0, 0.0, 0.0, 0.0, 0.0, 0.0, 0.0, 0.0, 0.0, 0.0, 0.0, 0.0, 0.0, 0.0, 0.0, 0.0, 0.0, 0.0, 0.0, 0.0, 0.0, 0.0, 0.0, 0.0, 0.0, 0.0, 0.0, 0.0, 0.0, 0.0, 0.0, 0.0, 0.0, 0.0, 0.0, 0.0, 0.0, 0.0, 0.0, 0.0, 0.0, 0.0, 0.0, 0.0, 0.0, 0.0, 0.0, 0.0, 0.0, 0.0, 0.0, 0.0, 0.0, 0.0, 0.0, 0.0, 0.0, 0.0, 0.0, 0.0, 0.0, 0.0, 0.0, 0.0, 0.0, 0.0, 0.0, 0.0, 0.0, 0.0, 0.0, 0.0, 0.0, 0.0, 0.0, 0.0, 0.0, 0.0, 0.0, 0.0, 0.0, 0.0, 0.0, 0.0, 0.0, 0.0, 0.0, 0.0, 0.0, 0.0, 0.0, 0.0, 0.0, 0.0, 0.0, 0.0, 0.0, 0.0, 0.0, 0.0, 0.0, 0.0, 0.0, 0.0, 0.0, 0.0, 0.0, 0.0, 0.0, 0.0, 0.0, 0.0, 0.0, 0.0, 0.0, 0.0, 0.0, 0.0, 0.0, 0.0, 0.0, 0.0, 0.0, 0.0, 0.0, 0.0, 0.0, 0.0, 0.0, 0.0, 0.0, 0.0, 0.0, 0.0, 0.0, 0.0, 0.0, 0.0, 0.0, 0.0, 0.0, 0.0, 0.0, 0.0, 0.0, 0.0, 0.0, 0.0, 0.0, 0.0, 0.0, 0.0, 0.0, 0.0, 0.0, 0.0, 0.0, 0.0, 0.0, 0.0, 0.0, 0.0, 0.0, 0.0, 0.0, 0.0, 0.0, 0.0, 0.0, 0.0, 0.0, 0.0, 0.0, 0.0, 0.0, 0.0, 0.0, 0.0, 0.0, 0.0, 0.0, 0.0, 0.0, 0.0, 0.0, 0.0, 0.0, 0.0, 0.0, 0.0, 0.0, 0.0, 0.0, 0.0, 0.0, 0.0, 0.0, 0.0, 0.0, 0.0, 0.0, 0.0, 0.0, 0.0, 0.0, 0.0, 0.0, 0.0, 0.0, 0.0, 0.0, 0.0, 0.0, 0.0, 0.0, 0.0, 0.0, 0.0, 0.0, 0.0, 0.0, 0.0, 0.0, 0.0, 0.0, 0.0, 0.0, 0.0, 0.0, 0.0, 0.0, 0.0, 0.0, 0.0, 0.0, 0.0, 0.0, 0.0, 0.0, 0.0, 0.0, 0.0, 0.0, 0.0, 0.0, 0.0, 0.0, 0.0, 0.0, 0.0, 0.0, 0.0, 0.0, 0.0, 0.0, 0.0, 0.0, 0.0, 0.0, 0.0, 0.0, 0.0, 0.0, 0.0, 0.0, 0.0, 0.0, 0.0, 0.0, 0.0, 0.0, 0.0, 0.0, 0.0, 0.0, 0.0, 0.0, 0.0, 0.0, 0.0, 0.0, 0.0, 0.0, 0.0, 0.0, 0.0, 0.0, 0.0, 0.0, 0.0, 0.0, 0.0, 0.0, 0.0, 0.0, 0.0, 0.0, 0.0, 0.0, 0.0, 0.0, 0.0, 0.0, 0.0, 0.0, 0.0, 0.0, 0.0, 0.0, 0.0, 0.0, 0.0, 0.0, 0.0, 0.0, 0.0, 0.0, 0.0, 0.0, 0.0, 0.0, 0.0, 0.0, 0.0, 0.0, 0.0, 0.0, 0.0, 0.0, 0.0, 0.0, 0.0, 0.0, 0.0, 0.0, 0.0, 0.0, 0.0, 0.0, 0.0, 0.0, 0.0, 0.0, 0.0, 0.0, 0.0, 0.0, 0.0, 0.0, 0.0, 0.0, 0.0, 0.0, 0.0, 0.0, 0.0, 0.0, 0.0, 0.0, 0.0, 0.0, 0.0, 0.0, 0.0, 0.0, 0.0, 0.0, 0.0, 0.0, 0.0, 0.0, 0.0, 0.0, 0.0, 0.0, 0.0, 0.0, 0.0, 0.0, 0.0, 0.0, 0.0, 0.0, 0.0, 0.0, 0.0, 0.0, 0.0, 0.0, 0.0, 0.0, 0.0, 0.0, 0.0, 0.0, 0.0, 0.0, 0.0, 0.0, 0.0, 0.0, 0.0, 0.0, 0.0, 0.0, 0.0, 0.0, 0.0, 0.0, 0.0, 0.0, 0.0, 0.0, 0.0, 0.0, 0.0, 0.0, 0.0, 0.0, 0.0, 0.0, 0.0, 0.0, 0.0, 0.0, 0.0, 0.0, 0.0, 0.0, 0.0, 0.0, 0.0, 0.0, 0.0, 0.0, 0.0, 0.0, 0.0, 0.0, 0.0, 0.0, 0.0, 0.0, 0.0, 0.0, 0.0, 0.0, 0.0, 0.0, 0.0, 0.0, 0.0, 0.0, 0.0, 0.0, 0.0, 0.0, 0.0, 0.0, 0.0, 0.0, 0.0, 0.0, 0.0, 0.0, 0.0, 0.0, 0.0, 0.0, 0.0, 0.0, 0.0, 0.0, 0.0, 0.0, 0.0, 0.0, 0.0, 0.0, 0.0, 0.0, 0.0, 0.0, 0.0, 0.0, 0.0, 0.0, 0.0, 0.0, 0.0, 0.0, 0.0, 0.0, 0.0, 0.0, 0.0, 0.0, 0.0, 0.0, 0.0, 0.0, 0.0, 0.0, 0.0, 0.0, 0.0, 0.0, 0.0, 0.0, 0.0, 0.0, 0.0, 0.0, 0.0, 0.0, 0.0, 0.0, 0.0, 0.0, 0.0, 0.0, 0.0, 0.0, 0.0, 0.0, 0.0, 0.0, 0.0, 0.0, 0.0, 0.0, 0.0, 0.0, 0.0, 0.0, 0.0, 0.0, 0.0, 0.0, 0.0, 0.0, 0.0, 0.0, 0.0, 0.0, 0.0, 0.0, 0.0, 0.0, 0.0, 0.0, 0.0, 0.0, 0.0, 0.0, 0.0, 0.0, 0.0, 0.0, 0.0, 0.0, 0.0, 0.0, 0.0, 0.0, 0.0, 0.0, 0.0, 0.0, 0.0, 0.0, 0.0, 0.0, 0.0, 0.0, 0.0, 0.0, 0.0, 0.0, 0.0, 0.0, 0.0, 0.0, 0.0, 0.0, 0.0, 0.0, 0.0, 0.0, 0.0, 0.0, 0.0, 0.0, 0.0, 0.0, 0.0, 0.0, 0.0, 0.0, 0.0, 0.0, 0.0, 0.0, 0.0, 0.0, 0.0, 0.0, 0.0, 0.0, 0.0, 0.0, 0.0, 0.0, 0.0, 0.0, 0.0, 0.0, 0.0, 0.0, 0.0, 0.0, 0.0, 0.0, 0.0, 0.0, 0.0, 0.0, 0.0, 0.0, 0.0, 0.0, 0.0, 0.0, 0.0, 0.0, 0.0, 0.0, 0.0, 0.0, 0.0, 0.0, 0.0, 0.0, 0.0, 0.0, 0.0, 0.0, 0.0, 0.0, 0.0, 0.0, 0.0, 0.0, 0.0, 0.0, 0.0, 0.0, 0.0, 0.0, 0.0, 0.0, 0.0, 0.0, 0.0, 0.0, 0.0, 0.0, 0.0, 0.0, 0.0, 0.0, 0.0, 0.0, 0.0, 0.0, 0.0, 0.0, 0.0, 0.0, 0.0, 0.0, 0.0, 0.0, 0.0, 0.0, 0.0, 0.0, 0.0, 0.0, 0.0, 0.0, 0.0, 0.0, 0.0, 0.0, 0.0, 0.0, 0.0, 0.0, 0.0, 0.0, 0.0, 0.0, 0.0, 0.0, 0.0, 0.0, 0.0, 0.0, 0.0, 0.0, 0.0, 0.0, 0.0, 0.0, 0.0, 0.0, 0.0, 0.0, 0.0, 0.0, 0.0, 0.0, 0.0, 0.0, 0.0, 0.0, 0.0, 0.0, 0.0, 0.0, 0.0, 0.0, 0.0, 0.0, 0.0, 0.0, 0.0, 0.0, 0.0, 0.0, 0.0, 0.0, 0.0, 0.0, 0.0, 0.0, 0.0, 0.0, 0.0, 0.0, 0.0, 0.0, 0.0, 0.0, 0.0, 0.0, 0.0, 0.0, 0.0, 0.0, 0.0, 0.0, 0.0, 0.0, 0.0, 0.0, 0.0, 0.0, 0.0, 0.0, 0.0, 0.0, 0.0, 0.0, 0.0, 0.0, 0.0, 0.0, 0.0, 0.0, 0.0, 0.0, 0.0, 0.0, 0.0, 0.0, 0.0, 0.0, 0.0, 0.0, 0.0, 0.0, 0.0, 0.0, 0.0, 0.0, 0.0, 0.0, 0.0, 0.0, 0.0, 0.0, 0.0, 0.0, 0.0, 0.0, 0.0, 0.0, 0.0, 0.0, 0.0, 0.0, 0.0, 0.0, 0.0, 0.0, 0.0, 0.0, 0.0, 0.0, 0.0, 0.0, 0.0, 0.0, 0.0, 0.0, 0.0, 0.0, 0.0, 0.0, 0.0, 0.0, 0.0, 0.0, 0.0, 0.0, 0.0, 0.0, 0.0, 0.0, 0.0, 0.0, 0.0, 0.0, 0.0, 0.0, 0.0, 0.0, 0.0, 0.0, 0.0, 0.0, 0.0, 0.0, 0.0, 0.0, 0.0, 0.0, 0.0, 0.0, 0.0, 0.0, 0.0, 0.0, 0.0, 0.0, 0.0, 0.0, 0.0, 0.0, 0.0, 0.0, 0.0, 0.0, 0.0, 0.0, 0.0, 0.0, 0.0, 0.0, 0.0, 0.0, 0.0, 0.0, 0.0, 0.0, 0.0, 0.0, 0.0, 0.0, 0.0, 0.0, 0.0, 0.0, 0.0, 0.0, 0.0, 0.0, 0.0, 0.0, 0.0, 0.0, 0.0, 0.0, 0.0, 0.0, 0.0, 0.0, 0.0, 0.0, 0.0, 0.0, 0.0, 0.0, 0.0, 0.0, 0.0, 0.0, 0.0, 0.0, 0.0, 0.0, 0.0, 0.0, 0.0, 0.0, 0.0, 0.0, 0.0, 0.0, 0.0, 0.0, 0.0, 0.0, 0.0, 0.0, 0.0, 0.0, 0.0, 0.0, 0.0, 0.0, 0.0, 0.0, 0.0, 0.0, 0.0, 0.0, 0.0, 0.0, 0.0, 0.0, 0.0, 0.0, 0.0, 0.0, 0.0, 0.0, 0.0, 0.0, 0.0, 0.0, 0.0, 0.0, 0.0, 0.0, 0.0, 0.0, 0.0, 0.0, 0.0, 0.0, 0.0, 0.0, 0.0, 0.0, 0.0, 0.0, 0.0, 0.0, 0.0, 0.0, 0.0, 0.0, 0.0, 0.0, 0.0, 0.0, 0.0, 0.0, 0.0, 0.0, 0.0, 0.0, 0.0, 0.0, 0.0, 0.0, 0.0, 0.0, 0.0, 0.0, 0.0, 0.0, 0.0, 0.0, 0.0, 0.0, 0.0, 0.0, 0.0, 0.0, 0.0, 0.0, 0.0, 0.0, 0.0, 0.0, 0.0, 0.0, 0.0, 0.0, 0.0, 0.0, 0.0, 0.0, 0.0, 0.0, 0.0, 0.0, 0.0, 0.0, 0.0, 0.0, 0.0, 0.0, 0.0, 0.0, 0.0, 0.0, 0.0, 0.0, 0.0, 0.0, 0.0, 0.0, 0.0, 0.0, 0.0, 0.0, 0.0, 0.0, 0.0, 0.0, 0.0, 0.0, 0.0, 0.0, 0.0, 0.0, 0.0, 0.0, 0.0, 0.0, 0.0, 0.0, 0.0, 0.0, 0.0, 0.0, 0.0, 0.0, 0.0, 0.0, 0.0, 0.0, 0.0, 0.0, 0.0, 0.0, 0.0, 0.0, 0.0, 0.0, 0.0, 0.0, 0.0, 0.0, 0.0, 0.0, 0.0, 0.0, 0.0, 0.0, 0.0, 0.0, 0.0, 0.0, 0.0, 0.0, 0.0, 0.0, 0.0, 0.0, 0.0, 0.0, 0.0, 0.0, 0.0, 0.0, 0.0, 0.0, 0.0, 0.0, 0.0, 0.0, 0.0, 0.0, 0.0, 0.0, 0.0, 0.0, 0.0, 0.0, 0.0, 0.0, 0.0, 0.0, 0.0, 0.0, 0.0, 0.0, 0.0, 0.0, 0.0, 0.0, 0.0, 0.0, 0.0, 0.0, 0.0, 0.0, 0.0, 0.0, 0.0, 0.0, 0.0, 0.0, 0.0, 0.0, 0.0, 0.0, 0.0, 0.0, 0.0, 0.0, 0.0, 0.0, 0.0, 0.0, 0.0, 0.0, 0.0, 0.0, 0.0, 0.0, 0.0, 0.0, 0.0, 0.0, 0.0, 0.0, 0.0, 0.0, 0.0, 0.0, 0.0, 0.0, 0.0, 0.0, 0.0, 0.0, 0.0, 0.0, 0.0, 0.0, 0.0, 0.0, 0.0, 0.0, 0.0, 0.0, 0.0, 0.0, 0.0, 0.0, 0.0, 0.0, 0.0, 0.0, 0.0, 0.0, 0.0, 0.0, 0.0, 0.0, 0.0, 0.0, 0.0, 0.0, 0.0, 0.0, 0.0, 0.0, 0.0, 0.0, 0.0, 0.0, 0.0, 0.0, 0.0, 0.0, 0.0, 0.0, 0.0, 0.0, 0.0, 0.0, 0.0, 0.0, 0.0, 0.0, 0.0, 0.0, 0.0, 0.0, 0.0, 0.0, 0.0, 0.0, 0.0, 0.0, 0.0, 0.0, 0.0, 0.0, 0.0, 0.0, 0.0, 0.0, 0.0, 0.0, 0.0, 0.0, 0.0, 0.0, 0.0, 0.0, 0.0, 0.0, 0.0, 0.0, 0.0, 0.0, 0.0, 0.0, 0.0, 0.0, 0.0, 0.0, 0.0, 0.0, 0.0, 0.0, 0.0, 0.0, 0.0, 0.0, 0.0, 0.0, 0.0, 0.0, 0.0, 0.0, 0.0, 0.0, 0.0, 0.0, 0.0, 0.0, 0.0, 0.0, 0.0, 0.0, 0.0, 0.0, 0.0, 0.0, 0.0, 0.0, 0.0, 0.0, 0.0, 0.0, 0.0, 0.0, 0.0, 0.0, 0.0, 0.0, 0.0, 0.0, 0.0, 0.0, 0.0, 0.0, 0.0, 0.0, 0.0, 0.0, 0.0, 0.0, 0.0, 0.0, 0.0, 0.0, 0.0, 0.0, 0.0, 0.0, 0.0, 0.0, 0.0, 0.0, 0.0, 0.0, 0.0, 0.0, 0.0, 0.0, 0.0, 0.0, 0.0, 0.0, 0.0, 0.0, 0.0, 0.0, 0.0, 0.0, 0.0, 0.0, 0.0, 0.0, 0.0, 0.0, 0.0, 0.0, 0.0, 0.0, 0.0, 0.0, 0.0, 0.0, 0.0, 0.0, 0.0, 0.0, 0.0, 0.0, 0.0, 0.0, 0.0, 0.0, 0.0, 0.0, 0.0, 0.0, 0.0, 0.0, 0.0, 0.0, 0.0, 0.0, 0.0, 0.0, 0.0, 0.0, 0.0, 0.0, 0.0, 0.0, 0.0, 0.0, 0.0, 0.0, 0.0, 0.0, 0.0, 0.0, 0.0, 0.0, 0.0, 0.0, 0.0, 0.0, 0.0, 0.0, 0.0, 0.0, 0.0, 0.0, 0.0, 0.0, 0.0, 0.0, 0.0, 0.0, 0.0, 0.0, 0.0, 0.0, 0.0, 0.0, 0.0, 0.0, 0.0, 0.0, 0.0, 0.0, 0.0, 0.0, 0.0, 0.0, 0.0, 0.0, 0.0, 0.0, 0.0, 0.0, 0.0, 0.0, 0.0, 0.0, 0.0, 0.0, 0.0, 0.0, 0.0, 0.0, 0.0, 0.0, 0.0, 0.0, 0.0, 0.0, 0.0, 0.0, 0.0, 0.0, 0.0, 0.0, 0.0, 0.0, 0.0, 0.0, 0.0, 0.0, 0.0, 0.0, 0.0, 0.0, 0.0, 0.0, 0.0, 0.0, 0.0, 0.0, 0.0, 0.0, 0.0, 0.0, 0.0, 0.0, 0.0, 0.0, 0.0, 0.0, 0.0, 0.0, 0.0, 0.0, 0.0, 0.0, 0.0, 0.0, 0.0, 0.0, 0.0, 0.0, 0.0, 0.0, 0.0, 0.0, 0.0, 0.0, 0.0, 0.0, 0.0, 0.0, 0.0, 0.0, 0.0, 0.0, 0.0, 0.0, 0.0, 0.0, 0.0, 0.0, 0.0, 0.0, 0.0, 0.0, 0.0, 0.0, 0.0, 0.0, 0.0, 0.0, 0.0, 0.0, 0.0, 0.0, 0.0, 0.0, 0.0, 0.0, 0.0, 0.0, 0.0, 0.0, 0.0, 0.0, 0.0, 0.0, 0.0, 0.0, 0.0, 0.0, 0.0, 0.0, 0.0, 0.0, 0.0, 0.0, 0.0, 0.0, 0.0, 0.0, 0.0, 0.0, 0.0, 0.0, 0.0, 0.0, 0.0, 0.0, 0.0, 0.0, 0.0, 0.0, 0.0, 0.0, 0.0, 0.0, 0.0, 0.0, 0.0, 0.0, 0.0, 0.0, 0.0, 0.0, 0.0, 0.0, 0.0, 0.0, 0.0, 0.0, 0.0, 0.0, 0.0, 0.0, 0.0, 0.0, 0.0, 0.0, 0.0, 0.0, 0.0, 0.0, 0.0, 0.0, 0.0, 0.0, 0.0, 0.0, 0.0, 0.0, 0.0, 0.0, 0.0, 0.0, 0.0, 0.0, 0.0, 0.0, 0.0, 0.0, 0.0, 0.0, 0.0, 0.0, 0.0, 0.0, 0.0, 0.0, 0.0, 0.0, 0.0, 0.0, 0.0, 0.0, 0.0, 0.0, 0.0, 0.0, 0.0, 0.0, 0.0, 0.0, 0.0, 0.0, 0.0, 0.0, 0.0, 0.0, 0.0, 0.0, 0.0, 0.0, 0.0, 0.0, 0.0, 0.0, 0.0, 0.0, 0.0, 0.0, 0.0, 0.0, 0.0, 0.0, 0.0, 0.0, 0.0, 0.0, 0.0, 0.0, 0.0, 0.0, 0.0, 0.0, 0.0, 0.0, 0.0, 0.0, 0.0, 0.0, 0.0, 0.0, 0.0, 0.0, 0.0, 0.0, 0.0, 0.0, 0.0, 0.0, 0.0, 0.0, 0.0, 0.0, 0.0, 0.0, 0.0, 0.0, 0.0, 0.0, 0.0, 0.0, 0.0, 0.0, 0.0, 0.0, 0.0, 0.0, 0.0, 0.0, 0.0, 0.0, 0.0, 0.0, 0.0, 0.0, 0.0, 0.0, 0.0, 0.0, 0.0, 0.0, 0.0, 0.0, 0.0, 0.0, 0.0, 0.0, 0.0, 0.0, 0.0, 0.0, 0.0, 0.0, 0.0, 0.0, 0.0, 0.0, 0.0, 0.0, 0.0, 0.0, 0.0, 0.0, 0.0, 0.0, 0.0, 0.0, 0.0, 0.0, 0.0, 0.0, 0.0, 0.0, 0.0, 0.0, 0.0, 0.0, 0.0, 0.0, 0.0, 0.0, 0.0, 0.0, 0.0, 0.0, 0.0, 0.0, 0.0, 0.0, 0.0, 0.0, 0.0, 0.0, 0.0, 0.0, 0.0, 0.0, 0.0, 0.0, 0.0, 0.0, 0.0, 0.0, 0.0, 0.0, 0.0, 0.0, 0.0, 0.0, 0.0, 0.0, 0.0, 0.0, 0.0, 0.0, 0.0, 0.0, 0.0, 0.0, 0.0, 0.0, 0.0, 0.0, 0.0, 0.0, 0.0, 0.0, 0.0, 0.0, 0.0, 0.0, 0.0, 0.0, 0.0, 0.0, 0.0, 0.0, 0.0, 0.0, 0.0, 0.0, 0.0, 0.0, 0.0, 0.0, 0.0, 0.0, 0.0, 0.0, 0.0, 0.0, 0.0, 0.0, 0.0, 0.0, 0.0, 0.0, 0.0, 0.0, 0.0, 0.0, 0.0, 0.0, 0.0, 0.0, 0.0, 0.0, 0.0, 0.0, 0.0, 0.0, 0.0, 0.0, 0.0, 0.0, 0.0, 0.0, 0.0, 0.0, 0.0, 0.0, 0.0, 0.0, 0.0, 0.0, 0.0, 0.0, 0.0, 0.0, 0.0, 0.0, 0.0, 0.0, 0.0, 0.0, 0.0, 0.0, 0.0, 0.0, 0.0, 0.0, 0.0, 0.0, 0.0, 0.0, 0.0, 0.0, 0.0, 0.0, 0.0, 0.0, 0.0, 0.0, 0.0, 0.0, 0.0, 0.0, 0.0, 0.0, 0.0, 0.0, 0.0, 0.0, 0.0, 0.0, 0.0, 0.0, 0.0, 0.0, 0.0, 0.0, 0.0, 0.0, 0.0, 0.0, 0.0, 0.0, 0.0, 0.0, 0.0, 0.0, 0.0, 0.0, 0.0, 0.0, 0.0, 0.0, 0.0, 0.0, 0.0, 0.0, 0.0, 0.0, 0.0, 0.0, 0.0, 0.0, 0.0, 0.0, 0.0, 0.0, 0.0, 0.0, 0.0, 0.0, 0.0, 0.0, 0.0, 0.0, 0.0, 0.0, 0.0, 0.0, 0.0, 0.0, 0.0, 0.0, 0.0, 0.0, 0.0, 0.0, 0.0, 0.0, 0.0, 0.0, 0.0, 0.0, 0.0, 0.0, 0.0, 0.0, 0.0, 0.0, 0.0, 0.0, 0.0, 0.0, 0.0, 0.0, 0.0, 0.0, 0.0, 0.0, 0.0, 0.0, 0.0, 0.0, 0.0, 0.0, 0.0, 0.0, 0.0, 0.0, 0.0, 0.0, 0.0, 0.0, 0.0, 0.0, 0.0, 0.0, 0.0, 0.0, 0.0, 0.0, 0.0, 0.0, 0.0, 0.0, 0.0, 0.0, 0.0, 0.0, 0.0, 0.0, 0.0, 0.0, 0.0, 0.0, 0.0, 0.0, 0.0, 0.0, 0.0, 0.0, 0.0, 0.0, 0.0, 0.0, 0.0, 0.0, 0.0, 0.0, 0.0, 0.0, 0.0, 0.0, 0.0, 0.0, 0.0, 0.0, 0.0, 0.0, 0.0, 0.0, 0.0, 0.0, 0.0, 0.0, 0.0, 0.0, 0.0, 0.0, 0.0, 0.0, 0.0, 0.0, 0.0, 0.0, 0.0, 0.0, 0.0, 0.0, 0.0, 0.0, 0.0, 0.0, 0.0, 0.0, 0.0, 0.0, 0.0, 0.0, 0.0, 0.0, 0.0, 0.0, 0.0, 0.0, 0.0, 0.0, 0.0, 0.0, 0.0, 0.0, 0.0, 0.0, 0.0, 0.0, 0.0, 0.0, 0.0, 0.0, 0.0, 0.0, 0.0, 0.0, 0.0, 0.0, 0.0, 0.0, 0.0, 0.0, 0.0, 0.0, 0.0, 0.0, 0.0, 0.0, 0.0, 0.0, 0.0, 0.0, 0.0, 0.0, 0.0, 0.0, 0.0, 0.0, 0.0, 0.0, 0.0, 0.0, 0.0, 0.0, 0.0, 0.0, 0.0, 0.0, 0.0, 0.0, 0.0, 0.0, 0.0, 0.0, 0.0, 0.0, 0.0, 0.0, 0.0, 0.0, 0.0, 0.0, 0.0, 0.0, 0.0, 0.0, 0.0, 0.0, 0.0, 0.0, 0.0, 0.0, 0.0, 0.0, 0.0, 0.0, 0.0, 0.0, 0.0, 0.0, 0.0, 0.0, 0.0, 0.0, 0.0, 0.0, 0.0, 0.0, 0.0, 0.0, 0.0, 0.0, 0.0, 0.0, 0.0, 0.0, 0.0, 0.0, 0.0, 0.0, 0.0, 0.0, 0.0, 0.0, 0.0, 0.0, 0.0, 0.0, 0.0, 0.0, 0.0, 0.0, 0.0, 0.0, 0.0, 0.0, 0.0, 0.0, 0.0, 0.0, 0.0, 0.0, 0.0, 0.0, 0.0, 0.0, 0.0, 0.0, 0.0, 0.0, 0.0, 0.0, 0.0, 0.0, 0.0, 0.0, 0.0, 0.0, 0.0, 0.0, 0.0, 0.0, 0.0, 0.0, 0.0, 0.0, 0.0, 0.0, 0.0, 0.0, 0.0, 0.0, 0.0, 0.0, 0.0, 0.0, 0.0, 0.0, 0.0, 0.0, 0.0, 0.0, 0.0, 0.0, 0.0, 0.0, 0.0, 0.0, 0.0, 0.0, 0.0, 0.0, 0.0, 0.0, 0.0, 0.0, 0.0, 0.0, 0.0, 0.0, 0.0, 0.0, 0.0, 0.0, 0.0, 0.0, 0.0, 0.0, 0.0, 0.0, 0.0, 0.0, 0.0, 0.0, 0.0, 0.0, 0.0, 0.0, 0.0, 0.0, 0.0, 0.0, 0.0, 0.0, 0.0, 0.0, 0.0, 0.0, 0.0, 0.0, 0.0, 0.0, 0.0, 0.0, 0.0, 0.0, 0.0, 0.0, 0.0, 0.0, 0.0, 0.0, 0.0, 0.0, 0.0, 0.0, 0.0, 0.0, 0.0, 0.0, 0.0, 0.0, 0.0, 0.0, 0.0, 0.0, 0.0, 0.0, 0.0, 0.0, 0.0, 0.0, 0.0, 0.0, 0.0, 0.0, 0.0, 0.0, 0.0, 0.0, 0.0, 0.0, 0.0, 0.0, 0.0, 0.0, 0.0, 0.0, 0.0, 0.0, 0.0, 0.0, 0.0, 0.0, 0.0, 0.0, 0.0, 0.0, 0.0, 0.0, 0.0, 0.0, 0.0, 0.0, 0.0, 0.0, 0.0, 0.0, 0.0, 0.0, 0.0, 0.0, 0.0, 0.0, 0.0, 0.0, 0.0, 0.0, 0.0, 0.0, 0.0, 0.0, 0.0, 0.0, 0.0, 0.0, 0.0, 0.0, 0.0, 0.0, 0.0, 0.0, 0.0, 0.0, 0.0, 0.0, 0.0, 0.0, 0.0, 0.0, 0.0, 0.0, 0.0, 0.0, 0.0, 0.0, 0.0, 0.0, 0.0, 0.0, 0.0, 0.0, 0.0, 0.0, 0.0, 0.0, 0.0, 0.0, 0.0, 0.0, 0.0, 0.0, 0.0, 0.0, 0.0, 0.0, 0.0, 0.0, 0.0, 0.0, 0.0, 0.0, 0.0, 0.0, 0.0, 0.0, 0.0, 0.0, 0.0, 0.0, 0.0, 0.0, 0.0, 0.0, 0.0, 0.0, 0.0, 0.0, 0.0, 0.0, 0.0, 0.0, 0.0, 0.0, 0.0, 0.0, 0.0, 0.0, 0.0, 0.0, 0.0, 0.0, 0.0, 0.0, 0.0, 0.0, 0.0, 0.0, 0.0, 0.0, 0.0, 0.0, 0.0, 0.0, 0.0, 0.0, 0.0, 0.0, 0.0, 0.0, 0.0, 0.0, 0.0, 0.0, 0.0, 0.0, 0.0, 0.0, 0.0, 0.0, 0.0, 0.0, 0.0, 0.0, 0.0, 0.0, 0.0, 0.0, 0.0, 0.0, 0.0, 0.0, 0.0, 0.0, 0.0, 0.0, 0.0, 0.0, 0.0, 0.0, 0.0, 0.0, 0.0, 0.0, 0.0, 0.0, 0.0, 0.0, 0.0, 0.0, 0.0, 0.0, 0.0, 0.0, 0.0, 0.0, 0.0, 0.0, 0.0, 0.0, 0.0, 0.0, 0.0, 0.0, 0.0, 0.0, 0.0, 0.0, 0.0, 0.0, 0.0, 0.0, 0.0, 0.0, 0.0, 0.0, 0.0, 0.0, 0.0, 0.0, 0.0, 0.0, 0.0, 0.0, 0.0, 0.0, 0.0, 0.0, 0.0, 0.0, 0.0, 0.0, 0.0, 0.0, 0.0, 0.0, 0.0, 0.0, 0.0, 0.0, 0.0, 0.0, 0.0, 0.0, 0.0, 0.0, 0.0, 0.0, 0.0, 0.0, 0.0, 0.0, 0.0, 0.0, 0.0, 0.0, 0.0, 0.0, 0.0, 0.0, 0.0, 0.0, 0.0, 0.0, 0.0, 0.0, 0.0, 0.0, 0.0, 0.0, 0.0, 0.0, 0.0, 0.0, 0.0, 0.0, 0.0, 0.0, 0.0, 0.0, 0.0, 0.0, 0.0, 0.0, 0.0, 0.0, 0.0, 0.0, 0.0, 0.0, 0.0, 0.0, 0.0, 0.0, 0.0, 0.0, 0.0, 0.0, 0.0, 0.0, 0.0, 0.0, 0.0, 0.0, 0.0, 0.0, 0.0, 0.0, 0.0, 0.0, 0.0, 0.0, 0.0, 0.0, 0.0, 0.0, 0.0, 0.0, 0.0, 0.0, 0.0, 0.0, 0.0, 0.0, 0.0, 0.0, 0.0, 0.0, 0.0, 0.0, 0.0, 0.0, 0.0, 0.0, 0.0, 0.0, 0.0, 0.0, 0.0, 0.0, 0.0, 0.0, 0.0, 0.0, 0.0, 0.0, 0.0, 0.0, 0.0, 0.0, 0.0, 0.0, 0.0, 0.0, 0.0, 0.0, 0.0, 0.0, 0.0, 0.0, 0.0, 0.0, 0.0, 0.0, 0.0, 0.0, 0.0, 0.0, 0.0, 0.0, 0.0, 0.0, 0.0, 0.0, 0.0, 0.0, 0.0, 0.0, 0.0, 0.0, 0.0, 0.0, 0.0, 0.0, 0.0, 0.0, 0.0, 0.0, 0.0, 0.0, 0.0, 0.0, 0.0, 0.0, 0.0, 0.0, 0.0, 0.0, 0.0, 0.0, 0.0, 0.0, 0.0, 0.0, 0.0, 0.0, 0.0, 0.0, 0.0, 0.0, 0.0, 0.0, 0.0, 0.0, 0.0, 0.0, 0.0, 0.0, 0.0, 0.0, 0.0, 0.0, 0.0, 0.0, 0.0, 0.0, 0.0, 0.0, 0.0, 0.0, 0.0, 0.0, 0.0, 0.0, 0.0, 0.0, 0.0, 0.0, 0.0, 0.0, 0.0, 0.0, 0.0, 0.0, 0.0, 0.0, 0.0, 0.0, 0.0, 0.0, 0.0, 0.0, 0.0, 0.0, 0.0, 0.0, 0.0, 0.0, 0.0, 0.0, 0.0, 0.0, 0.0, 0.0, 0.0, 0.0, 0.0, 0.0, 0.0, 0.0, 0.0, 0.0, 0.0, 0.0, 0.0, 0.0, 0.0, 0.0, 0.0, 0.0, 0.0, 0.0, 0.0, 0.0, 0.0, 0.0, 0.0, 0.0, 0.0, 0.0, 0.0, 0.0, 0.0, 0.0, 0.0, 0.0, 0.0, 0.0, 0.0, 0.0, 0.0, 0.0, 0.0, 0.0, 0.0, 0.0, 0.0, 0.0, 0.0, 0.0, 0.0, 0.0, 0.0, 0.0, 0.0, 0.0, 0.0, 0.0, 0.0, 0.0, 0.0, 0.0, 0.0, 0.0, 0.0, 0.0, 0.0, 0.0, 0.0, 0.0, 0.0, 0.0, 0.0, 0.0, 0.0, 0.0, 0.0, 0.0, 0.0, 0.0, 0.0, 0.0, 0.0, 0.0, 0.0, 0.0, 0.0, 0.0, 0.0, 0.0, 0.0, 0.0, 0.0, 0.0, 0.0, 0.0, 0.0, 0.0, 0.0, 0.0, 0.0, 0.0, 0.0, 0.0, 0.0, 0.0, 0.0, 0.0, 0.0, 0.0, 0.0, 0.0, 0.0, 0.0, 0.0, 0.0, 0.0, 0.0, 0.0, 0.0, 0.0, 0.0, 0.0, 0.0, 0.0, 0.0, 0.0, 0.0, 0.0, 0.0, 0.0, 0.0, 0.0, 0.0, 0.0, 0.0, 0.0, 0.0, 0.0, 0.0, 0.0, 0.0, 0.0, 0.0, 0.0, 0.0, 0.0, 0.0, 0.0, 0.0, 0.0, 0.0, 0.0, 0.0, 0.0, 0.0, 0.0, 0.0, 0.0, 0.0, 0.0, 0.0, 0.0, 0.0, 0.0, 0.0, 0.0, 0.0, 0.0, 0.0, 0.0, 0.0, 0.0, 0.0, 0.0, 0.0, 0.0, 0.0, 0.0, 0.0, 0.0, 0.0, 0.0, 0.0, 0.0, 0.0, 0.0, 0.0, 0.0, 0.0, 0.0, 0.0, 0.0, 0.0, 0.0, 0.0, 0.0, 0.0, 0.0, 0.0, 0.0, 0.0, 0.0, 0.0, 0.0, 0.0, 0.0, 0.0, 0.0, 0.0, 0.0, 0.0, 0.0, 0.0, 0.0, 0.0, 0.0, 0.0, 0.0, 0.0, 0.0, 0.0, 0.0, 0.0, 0.0, 0.0, 0.0, 0.0, 0.0, 0.0, 0.0, 0.0, 0.0, 0.0, 0.0, 0.0, 0.0, 0.0, 0.0, 0.0, 0.0, 0.0, 0.0, 0.0, 0.0, 0.0, 0.0, 0.0, 0.0, 0.0, 0.0, 0.0, 0.0, 0.0, 0.0, 0.0, 0.0, 0.0, 0.0, 0.0, 0.0, 0.0, 0.0, 0.0, 0.0, 0.0, 0.0, 0.0, 0.0, 0.0, 0.0, 0.0, 0.0, 0.0, 0.0, 0.0, 0.0, 0.0, 0.0, 0.0, 0.0, 0.0, 0.0, 0.0, 0.0, 0.0, 0.0, 0.0, 0.0, 0.0, 0.0, 0.0, 0.0, 0.0, 0.0, 0.0, 0.0, 0.0, 0.0, 0.0, 0.0, 0.0, 0.0, 0.0, 0.0, 0.0, 0.0, 0.0, 0.0, 0.0, 0.0, 0.0, 0.0, 0.0, 0.0, 0.0, 0.0, 0.0, 0.0, 0.0, 0.0, 0.0, 0.0, 0.0, 0.0, 0.0, 0.0, 0.0, 0.0, 0.0, 0.0, 0.0, 0.0, 0.0, 0.0, 0.0, 0.0, 0.0, 0.0, 0.0, 0.0, 0.0, 0.0, 0.0, 0.0, 0.0, 0.0, 0.0, 0.0, 0.0, 0.0, 0.0, 0.0, 0.0, 0.0, 0.0, 0.0, 0.0, 0.0, 0.0, 0.0, 0.0, 0.0, 0.0, 0.0, 0.0, 0.0, 0.0, 0.0, 0.0, 0.0, 0.0, 0.0, 0.0, 0.0, 0.0, 0.0, 0.0, 0.0, 0.0, 0.0, 0.0, 0.0, 0.0, 0.0, 0.0, 0.0, 0.0, 0.0, 0.0, 0.0, 0.0, 0.0, 0.0, 0.0, 0.0, 0.0, 0.0, 0.0, 0.0, 0.0, 0.0, 0.0, 0.0, 0.0, 0.0, 0.0, 0.0, 0.0, 0.0, 0.0, 0.0, 0.0, 0.0, 0.0, 0.0, 0.0, 0.0, 0.0, 0.0, 0.0, 0.0, 0.0, 0.0, 0.0, 0.0, 0.0, 0.0, 0.0, 0.0, 0.0]"
cost_HX_2,0.0
objective_value,1.2515580236216662e6
start_z_t,"[-0.0, -0.0, 0.0, 0.0, -0.0, -0.0, -0.0, -0.0, -0.0, -0.0, -0.0, -0.0, -0.0, -0.0, -0.0, 0.0, -0.0, -0.0, -0.0, -0.0, -0.0, -0.0, -0.0, -0.0, -0.0, -0.0, -0.0, -0.0, -0.0, 0.0, -0.0, -0.0, -0.0, -0.0, -0.0, 0.0, -0.0, -0.0, -0.0, -0.0, -0.0, -0.0, -0.0, -0.0, -0.0, -0.0, -0.0, -0.0, -0.0, -0.0, -0.0, -0.0, -0.0, -0.0, -0.0, -0.0, -0.0, -0.0, -0.0, -0.0, -0.0, -0.0, -0.0, 0.0, -0.0, -0.0, -0.0, -0.0, -0.0, -0.0, -0.0, -0.0, -0.0, -0.0, -0.0, -0.0, -0.0, -0.0, -0.0, -0.0, -0.0, 0.0, 0.0, -0.0, -0.0, -0.0, -0.0, -0.0, -0.0, -0.0, -0.0, -0.0, -0.0, -0.0, -0.0, 0.0, -0.0, -0.0, -0.0, -0.0, -0.0, -0.0, -0.0, -0.0, 0.0, -0.0, -0.0, -0.0, -0.0, -0.0, -0.0, -0.0, -0.0, -0.0, -0.0, -0.0, -0.0, -0.0, -0.0, -0.0, -0.0, -0.0, -0.0, -0.0, -0.0, -0.0, -0.0, -0.0, 0.0, -0.0, -0.0, -0.0, -0.0, -0.0, -0.0, -0.0, -0.0, -0.0, -0.0, -0.0, -0.0, -0.0, -0.0, -0.0, -0.0, -0.0, -0.0, -0.0, -0.0, -0.0, -0.0, 0.0, -0.0, -0.0, -0.0, -0.0, -0.0, -0.0, -0.0, -0.0, -0.0, -0.0, -0.0, -0.0, -0.0, -0.0, -0.0, -0.0, -0.0, -0.0, -0.0, -0.0, -0.0, -0.0, -0.0, -0.0, -0.0, -0.0, -0.0, -0.0, -0.0, -0.0, -0.0, -0.0, -0.0, -0.0, 0.0, -0.0, -0.0, -0.0, -0.0, -0.0, -0.0, -0.0, -0.0, -0.0, 0.0, -0.0, -0.0, -0.0, -0.0, -0.0, -0.0, -0.0, -0.0, -0.0, -0.0, -0.0, -0.0, 0.0, -0.0, -0.0, -0.0, -0.0, -0.0, -0.0, -0.0, -0.0, -0.0, 0.0, 0.0, -0.0, -0.0, -0.0, -0.0, -0.0, -0.0, -0.0, -0.0, -0.0, -0.0, -0.0, -0.0, -0.0, -0.0, -0.0, -0.0, -0.0, -0.0, -0.0, -0.0, -0.0, -0.0, -0.0, -0.0, -0.0, -0.0, -0.0, -0.0, -0.0, 0.0, -0.0, -0.0, -0.0, -0.0, -0.0, -0.0, -0.0, -0.0, -0.0, -0.0, 0.0, -0.0, -0.0, -0.0, -0.0, -0.0, -0.0, -0.0, -0.0, 0.0, -0.0, -0.0, -0.0, -0.0, -0.0, -0.0, -0.0, -0.0, -0.0, -0.0, -0.0, -0.0, -0.0, -0.0, -0.0, -0.0, -0.0, -0.0, -0.0, -0.0, -0.0, -0.0, 0.0, -0.0, -0.0, 0.0, -0.0, -0.0, -0.0, -0.0, -0.0, -0.0, -0.0, -0.0, -0.0, -0.0, -0.0, -0.0, -0.0, -0.0, 0.0, 0.0, -0.0, -0.0, -0.0, -0.0, -0.0, -0.0, -0.0, -0.0, -0.0, 0.0, -0.0, -0.0, -0.0, -0.0, -0.0, -0.0, 0.0, -0.0, -0.0, -0.0, -0.0, -0.0, -0.0, -0.0, -0.0, -0.0, -0.0, -0.0, -0.0, 0.0, -0.0, -0.0, -0.0, -0.0, -0.0, -0.0, -0.0, -0.0, -0.0, 0.0, -0.0, -0.0, -0.0, -0.0, 0.0, -0.0, -0.0, -0.0, -0.0, 0.0, -0.0, -0.0, -0.0, -0.0, -0.0, -0.0, -0.0, -0.0, 0.0, -0.0, -0.0, -0.0, -0.0, -0.0, -0.0, -0.0, -0.0, 0.0, -0.0, -0.0, -0.0, -0.0, -0.0, -0.0, -0.0, -0.0, -0.0, -0.0, 0.0, -0.0, -0.0, 0.0, 0.0, -0.0, 0.0, -0.0, -0.0, -0.0, -0.0, -0.0, -0.0, -0.0, -0.0, -0.0, -0.0, 0.0, -0.0, -0.0, -0.0, -0.0, -0.0, -0.0, -0.0, 0.0, 0.0, -0.0, -0.0, 0.0, -0.0, 0.0, -0.0, -0.0, -0.0, -0.0, 0.0, -0.0, -0.0, -0.0, -0.0, -0.0, -0.0, 0.0, -0.0, -0.0, -0.0, -0.0, -0.0, -0.0, -0.0, -0.0, -0.0, -0.0, 0.0, -0.0, -0.0, -0.0, 0.0, 0.0, -0.0, -0.0, 0.0, -0.0, -0.0, -0.0, -0.0, 0.0, -0.0, -0.0, -0.0, 0.0, -0.0, 0.0, -0.0, -0.0, -0.0, -0.0, -0.0, 0.0, -0.0, -0.0, 0.0, -0.0, 0.0, -0.0, -0.0, -0.0, -0.0, -0.0, -0.0, -0.0, -0.0, -0.0, 0.0, -0.0, 0.0, -0.0, -0.0, -0.0, -0.0, -0.0, -0.0, -0.0, -0.0, -0.0, -0.0, -0.0, -0.0, -0.0, -0.0, -0.0, -0.0, -0.0, -0.0, -0.0, -0.0, 0.0, -0.0, -0.0, -0.0, -0.0, 0.0, -0.0, -0.0, 0.0, -0.0, 0.0, -0.0, -0.0, -0.0, 0.0, -0.0, -0.0, -0.0, -0.0, -0.0, -0.0, -0.0, -0.0, 0.0, -0.0, -0.0, -0.0, -0.0, 0.0, -0.0, -0.0, -0.0, -0.0, 0.0, 0.0, -0.0, -0.0, 0.0, -0.0, -0.0, -0.0, -0.0, -0.0, -0.0, -0.0, -0.0, -0.0, -0.0, -0.0, -0.0, -0.0, -0.0, -0.0, -0.0, -0.0, -0.0, -0.0, -0.0, -0.0, -0.0, 0.0, -0.0, -0.0, -0.0, -0.0, -0.0, -0.0, -0.0, -0.0, 0.0, -0.0, -0.0, -0.0, -0.0, 0.0, -0.0, -0.0, -0.0, -0.0, -0.0, -0.0, -0.0, -0.0, -0.0, -0.0, -0.0, -0.0, -0.0, -0.0, -0.0, -0.0, -0.0, -0.0, -0.0, -0.0, -0.0, -0.0, -0.0, -0.0, -0.0, -0.0, -0.0, 0.0, 0.0, -0.0, -0.0, -0.0, -0.0, -0.0, -0.0, -0.0, -0.0, -0.0, -0.0, -0.0, 0.0, -0.0, -0.0, -0.0, -0.0, 0.0, -0.0, -0.0, -0.0, -0.0, -0.0, -0.0, -0.0, -0.0, -0.0, -0.0, -0.0, -0.0, -0.0, 0.0, -0.0, -0.0, -0.0, -0.0, -0.0, -0.0, -0.0, -0.0, -0.0, -0.0, -0.0, -0.0, 0.0, -0.0, -0.0, -0.0, -0.0, 0.0, -0.0, -0.0, -0.0, -0.0, 0.0, -0.0, -0.0, -0.0, -0.0, -0.0, -0.0, -0.0, -0.0, -0.0, -0.0, -0.0, -0.0, -0.0, -0.0, 0.0, -0.0, -0.0, 0.0, -0.0, -0.0, -0.0, -0.0, -0.0, -0.0, -0.0, -0.0, -0.0, -0.0, -0.0, -0.0, -0.0, -0.0, -0.0, -0.0, -0.0, -0.0, -0.0, -0.0, -0.0, -0.0, -0.0, -0.0, -0.0, -0.0, -0.0, 0.0, -0.0, 0.0, -0.0, -0.0, -0.0, -0.0, -0.0, -0.0, -0.0, -0.0, -0.0, -0.0, -0.0, -0.0, -0.0, -0.0, -0.0, -0.0, -0.0, -0.0, -0.0, -0.0, -0.0, -0.0, -0.0, -0.0, -0.0, -0.0, -0.0, -0.0, -0.0, -0.0, -0.0, -0.0, -0.0, -0.0, -0.0, 0.0, -0.0, -0.0, 0.0, -0.0, -0.0, -0.0, -0.0, 0.0, -0.0, -0.0, -0.0, -0.0, -0.0, -0.0, -0.0, -0.0, -0.0, -0.0, -0.0, -0.0, -0.0, -0.0, 0.0, -0.0, -0.0, 0.0, -0.0, -0.0, -0.0, -0.0, 0.0, -0.0, 0.0, -0.0, -0.0, -0.0, -0.0, -0.0, -0.0, -0.0, -0.0, -0.0, -0.0, -0.0, -0.0, -0.0, -0.0, -0.0, 0.0, -0.0, -0.0, -0.0, -0.0, -0.0, -0.0, -0.0, -0.0, -0.0, -0.0, -0.0, -0.0, -0.0, -0.0, -0.0, -0.0, -0.0, -0.0, -0.0, -0.0, -0.0, -0.0, -0.0, 0.0, -0.0, -0.0, -0.0, -0.0, -0.0, -0.0, -0.0, -0.0, -0.0, -0.0, -0.0, -0.0, -0.0, -0.0, -0.0, -0.0, -0.0, -0.0, -0.0, -0.0, 0.0, 0.0, -0.0, -0.0, -0.0, -0.0, -0.0, -0.0, 0.0, -0.0, -0.0, -0.0, -0.0, -0.0, -0.0, -0.0, -0.0, -0.0, -0.0, -0.0, -0.0, -0.0, -0.0, 0.0, 0.0, -0.0, -0.0, -0.0, -0.0, 0.0, -0.0, 0.0, -0.0, -0.0, -0.0, -0.0, -0.0, -0.0, -0.0, -0.0, -0.0, -0.0, -0.0, -0.0, -0.0, -0.0, -0.0, -0.0, 0.0, -0.0, -0.0, -0.0, -0.0, -0.0, -0.0, -0.0, -0.0, -0.0, -0.0, -0.0, -0.0, -0.0, -0.0, -0.0, -0.0, 0.0, -0.0, 0.0, -0.0, -0.0, -0.0, -0.0, -0.0, 0.0, -0.0, -0.0, -0.0, -0.0, -0.0, -0.0, -0.0, -0.0, -0.0, -0.0, -0.0, -0.0, -0.0, -0.0, -0.0, -0.0, -0.0, -0.0, -0.0, -0.0, -0.0, -0.0, -0.0, -0.0, -0.0, -0.0, -0.0, -0.0, -0.0, -0.0, -0.0, -0.0, -0.0, -0.0, -0.0, -0.0, -0.0, -0.0, -0.0, -0.0, -0.0, -0.0, 0.0, 0.0, -0.0, -0.0, -0.0, -0.0, -0.0, -0.0, -0.0, 0.0, -0.0, 0.0, -0.0, -0.0, -0.0, -0.0, -0.0, -0.0, -0.0, -0.0, -0.0, -0.0, -0.0, -0.0, -0.0, -0.0, -0.0, -0.0, 0.0, -0.0, -0.0, -0.0, -0.0, -0.0, -0.0, -0.0, -0.0, -0.0, -0.0, -0.0, -0.0, -0.0, -0.0, -0.0, -0.0, -0.0, 0.0, -0.0, -0.0, -0.0, -0.0, -0.0, -0.0, -0.0, -0.0, 0.0, -0.0, -0.0, -0.0, -0.0, -0.0, -0.0, -0.0, -0.0, -0.0, -0.0, -0.0, -0.0, -0.0, -0.0, -0.0, -0.0, -0.0, -0.0, -0.0, -0.0, -0.0, -0.0, 0.0, -0.0, -0.0, -0.0, -0.0, -0.0, -0.0, -0.0, -0.0, -0.0, -0.0, -0.0, -0.0, -0.0, -0.0, -0.0, -0.0, -0.0, -0.0, 0.0, -0.0, -0.0, -0.0, -0.0, -0.0, -0.0, -0.0, -0.0, -0.0, -0.0, -0.0, -0.0, -0.0, -0.0, -0.0, -0.0, -0.0, 0.0, -0.0, -0.0, 0.0, -0.0, -0.0, -0.0, -0.0, -0.0, 0.0, -0.0, -0.0, -0.0, -0.0, -0.0, 0.0, -0.0, -0.0, -0.0, 0.0, -0.0, -0.0, -0.0, -0.0, -0.0, -0.0, 0.0, -0.0, 0.0, -0.0, -0.0, -0.0, 0.0, -0.0, -0.0, -0.0, -0.0, -0.0, -0.0, -0.0, -0.0, -0.0, -0.0, -0.0, -0.0, -0.0, -0.0, -0.0, -0.0, -0.0, -0.0, -0.0, -0.0, -0.0, -0.0, -0.0, -0.0, -0.0, -0.0, -0.0, -0.0, 0.0, -0.0, -0.0, -0.0, -0.0, -0.0, -0.0, -0.0, 0.0, -0.0, -0.0, -0.0, -0.0, -0.0, -0.0, -0.0, -0.0, -0.0, -0.0, -0.0, -0.0, -0.0, -0.0, 0.0, -0.0, -0.0, -0.0, -0.0, -0.0, -0.0, -0.0, -0.0, -0.0, -0.0, -0.0, -0.0, -0.0, -0.0, -0.0, -0.0, -0.0, -0.0, -0.0, -0.0, -0.0, -0.0, -0.0, -0.0, -0.0, -0.0, -0.0, -0.0, -0.0, -0.0, 0.0, -0.0, -0.0, -0.0, -0.0, 0.0, -0.0, -0.0, -0.0, 0.0, -0.0, -0.0, -0.0, -0.0, -0.0, -0.0, -0.0, -0.0, -0.0, -0.0, -0.0, -0.0, -0.0, -0.0, -0.0, -0.0, -0.0, -0.0, -0.0, -0.0, -0.0, -0.0, -0.0, -0.0, -0.0, -0.0, -0.0, -0.0, -0.0, -0.0, -0.0, -0.0, -0.0, -0.0, -0.0, -0.0, -0.0, -0.0, -0.0, 0.0, -0.0, 0.0, -0.0, -0.0, -0.0, -0.0, -0.0, -0.0, -0.0, -0.0, -0.0, -0.0, -0.0, -0.0, -0.0, -0.0, -0.0, -0.0, -0.0, -0.0, -0.0, -0.0, -0.0, -0.0, -0.0, -0.0, -0.0, -0.0, -0.0, -0.0, -0.0, -0.0, -0.0, -0.0, -0.0, -0.0, -0.0, -0.0, -0.0, -0.0, 0.0, -0.0, 0.0, -0.0, -0.0, -0.0, -0.0, -0.0, -0.0, -0.0, -0.0, -0.0, -0.0, -0.0, -0.0, -0.0, -0.0, -0.0, -0.0, -0.0, -0.0, -0.0, -0.0, -0.0, -0.0, -0.0, -0.0, -0.0, -0.0, -0.0, 0.0, -0.0, -0.0, -0.0, -0.0, -0.0, -0.0, -0.0, -0.0, -0.0, -0.0, -0.0, -0.0, -0.0, -0.0, 0.0, 0.0, 0.0, 0.0, -0.0, -0.0, -0.0, -0.0, -0.0, -0.0, -0.0, -0.0, -0.0, -0.0, -0.0, -0.0, -0.0, -0.0, -0.0, -0.0, -0.0, -0.0, -0.0, -0.0, -0.0, -0.0, 0.0, -0.0, -0.0, -0.0, -0.0, -0.0, -0.0, -0.0, -0.0, 0.0, -0.0, -0.0, -0.0, -0.0, -0.0, -0.0, -0.0, -0.0, -0.0, -0.0, -0.0, -0.0, -0.0, -0.0, -0.0, -0.0, -0.0, -0.0, -0.0, -0.0, -0.0, -0.0, -0.0, -0.0, -0.0, -0.0, -0.0, -0.0, -0.0, -0.0, -0.0, -0.0, -0.0, -0.0, 0.0, -0.0, -0.0, -0.0, -0.0, -0.0, -0.0, -0.0, -0.0, -0.0, -0.0, 0.0, -0.0, -0.0, -0.0, -0.0, -0.0, -0.0, -0.0, -0.0, -0.0, -0.0, -0.0, 0.0, 0.0, -0.0, -0.0, -0.0, -0.0, -0.0, -0.0, -0.0, -0.0, -0.0, -0.0, -0.0, -0.0, -0.0, -0.0, -0.0, -0.0, -0.0, -0.0, -0.0, -0.0, -0.0, 0.0, -0.0, -0.0, -0.0, -0.0, 0.0, -0.0, 0.0, -0.0, -0.0, 0.0, -0.0, -0.0, 0.0, -0.0, -0.0, -0.0, -0.0, 0.0, -0.0, -0.0, -0.0, 0.0, -0.0, -0.0, -0.0, -0.0, -0.0, -0.0, -0.0, -0.0, -0.0, -0.0, -0.0, -0.0, -0.0, -0.0, -0.0, -0.0, -0.0, -0.0, 0.0, -0.0, -0.0, -0.0, -0.0, -0.0, -0.0, -0.0, -0.0, -0.0, -0.0, -0.0, -0.0, -0.0, 0.0, -0.0, 0.0, -0.0, -0.0, -0.0, 0.0, -0.0, -0.0, 0.0, -0.0, -0.0, -0.0, 0.0, -0.0, 0.0, 0.0, -0.0, -0.0, -0.0, 0.0, 0.0, -0.0, -0.0, -0.0, -0.0, -0.0, -0.0, -0.0, -0.0, -0.0, -0.0, 0.0, -0.0, -0.0, -0.0, 0.0, 0.0, -0.0, -0.0, -0.0, -0.0, -0.0, -0.0, -0.0, -0.0, -0.0, -0.0, -0.0, -0.0, -0.0, -0.0, 0.0, -0.0, -0.0, -0.0, -0.0, -0.0, -0.0, -0.0, -0.0, 0.0, -0.0, -0.0, -0.0, -0.0, -0.0, -0.0, -0.0, -0.0, -0.0, -0.0, -0.0, -0.0, -0.0, -0.0, -0.0, -0.0, -0.0, -0.0, -0.0, -0.0, -0.0, -0.0, -0.0, -0.0, -0.0, -0.0, -0.0, -0.0, -0.0, -0.0, -0.0, -0.0, -0.0, -0.0, -0.0, -0.0, -0.0, -0.0, -0.0, 0.0, -0.0, -0.0, -0.0, -0.0, -0.0, -0.0, -0.0, -0.0, -0.0, 0.0, -0.0, -0.0, -0.0, -0.0, -0.0, -0.0, -0.0, -0.0, -0.0, -0.0, -0.0, -0.0, -0.0, -0.0, -0.0, -0.0, -0.0, -0.0, -0.0, -0.0, -0.0, -0.0, -0.0, -0.0, -0.0, -0.0, -0.0, -0.0, -0.0, -0.0, -0.0, -0.0, -0.0, -0.0, -0.0, 0.0, -0.0, -0.0, -0.0, -0.0, -0.0, -0.0, -0.0, -0.0, -0.0, -0.0, 0.0, -0.0, -0.0, -0.0, -0.0, -0.0, -0.0, -0.0, -0.0, -0.0, -0.0, -0.0, -0.0, -0.0, -0.0, -0.0, -0.0, -0.0, -0.0, -0.0, -0.0, -0.0, -0.0, -0.0, -0.0, -0.0, -0.0, -0.0, -0.0, -0.0, -0.0, -0.0, 0.0, -0.0, -0.0, 0.0, -0.0, -0.0, -0.0, -0.0, -0.0, -0.0, -0.0, -0.0, -0.0, -0.0, -0.0, -0.0, -0.0, -0.0, -0.0, -0.0, -0.0, -0.0, -0.0, -0.0, -0.0, -0.0, 0.0, -0.0, -0.0, -0.0, 0.0, -0.0, -0.0, -0.0, -0.0, -0.0, 0.0, 0.0, -0.0, -0.0, -0.0, -0.0, -0.0, -0.0, -0.0, -0.0, -0.0, -0.0, -0.0, -0.0, -0.0, -0.0, -0.0, 0.0, -0.0, -0.0, -0.0, -0.0, -0.0, -0.0, -0.0, -0.0, -0.0, -0.0, -0.0, -0.0, -0.0, -0.0, -0.0, -0.0, -0.0, -0.0, -0.0, -0.0, -0.0, -0.0, -0.0, -0.0, -0.0, -0.0, -0.0, -0.0, -0.0, -0.0, -0.0, -0.0, -0.0, -0.0, -0.0, -0.0, -0.0, -0.0, -0.0, -0.0, -0.0, -0.0, -0.0, -0.0, -0.0, -0.0, -0.0, -0.0, -0.0, -0.0, -0.0, -0.0, -0.0, -0.0, -0.0, -0.0, -0.0, -0.0, -0.0, -0.0, -0.0, -0.0, -0.0, -0.0, 0.0, -0.0, -0.0, -0.0, -0.0, -0.0, -0.0, -0.0, -0.0, -0.0, -0.0, -0.0, -0.0, -0.0, -0.0, -0.0, -0.0, -0.0, -0.0, -0.0, -0.0, -0.0, -0.0, 0.0, -0.0, -0.0, -0.0, -0.0, -0.0, -0.0, -0.0, -0.0, -0.0, -0.0, -0.0, -0.0, -0.0, -0.0, -0.0, -0.0, -0.0, -0.0, -0.0, -0.0, -0.0, -0.0, -0.0, -0.0, -0.0, -0.0, -0.0, -0.0, -0.0, -0.0, -0.0, -0.0, -0.0, -0.0, -0.0, -0.0, -0.0, -0.0, -0.0, -0.0, -0.0, -0.0, -0.0, -0.0, -0.0, -0.0, -0.0, -0.0, -0.0, -0.0, -0.0, -0.0, 0.0, -0.0, -0.0, 0.0, 0.0, -0.0, -0.0, -0.0, -0.0, -0.0, -0.0, -0.0, -0.0, -0.0, -0.0, -0.0, -0.0, -0.0, -0.0, -0.0, -0.0, -0.0, -0.0, -0.0, -0.0, -0.0, 0.0, -0.0, -0.0, -0.0, -0.0, -0.0, -0.0, -0.0, -0.0, -0.0, -0.0, -0.0, 0.0, 0.0, -0.0, -0.0, -0.0, -0.0, -0.0, -0.0, -0.0, -0.0, -0.0, -0.0, -0.0, -0.0, -0.0, -0.0, -0.0, -0.0, -0.0, -0.0, -0.0, -0.0, -0.0, 0.0, -0.0, -0.0, -0.0, -0.0, -0.0, 0.0, -0.0, -0.0, -0.0, -0.0, -0.0, -0.0, -0.0, -0.0, -0.0, -0.0, -0.0, -0.0, 0.0, -0.0, -0.0, -0.0, 0.0, -0.0, -0.0, -0.0, -0.0, 0.0, -0.0, -0.0, -0.0, -0.0, -0.0, -0.0, -0.0, -0.0, -0.0, -0.0, -0.0, -0.0, -0.0, -0.0, -0.0, -0.0, -0.0, -0.0, -0.0, -0.0, -0.0, -0.0, -0.0, -0.0, -0.0, -0.0, -0.0, -0.0, -0.0, -0.0, -0.0, -0.0, -0.0, -0.0, -0.0, -0.0, 0.0, -0.0, 0.0, -0.0, 0.0, -0.0, -0.0, -0.0, -0.0, 0.0, -0.0, -0.0, -0.0, -0.0, -0.0, 0.0, -0.0, -0.0, -0.0, -0.0, -0.0, -0.0, -0.0, -0.0, -0.0, -0.0, -0.0, -0.0, 0.0, -0.0, -0.0, -0.0, -0.0, -0.0, -0.0, -0.0, -0.0, -0.0, -0.0, 0.0, -0.0, -0.0, -0.0, -0.0, -0.0, -0.0, -0.0, -0.0, -0.0, -0.0, -0.0, -0.0, -0.0, -0.0, -0.0, -0.0, -0.0, -0.0, 0.0, -0.0, -0.0, -0.0, -0.0, 0.0, -0.0, -0.0, -0.0, -0.0, -0.0, -0.0, -0.0, -0.0, -0.0, -0.0, -0.0, -0.0, -0.0, -0.0, 0.0, -0.0, -0.0, -0.0, -0.0, -0.0, 0.0, -0.0, -0.0, -0.0, -0.0, -0.0, -0.0, -0.0, -0.0, -0.0, -0.0, -0.0, -0.0, -0.0, -0.0, -0.0, -0.0, -0.0, -0.0, -0.0, 0.0, -0.0, -0.0, 0.0, -0.0, -0.0, -0.0, -0.0, -0.0, -0.0, -0.0, 0.0, -0.0, -0.0, -0.0, -0.0, 0.0, -0.0, -0.0, -0.0, -0.0, -0.0, -0.0, -0.0, -0.0, -0.0, -0.0, 0.0, -0.0, -0.0, -0.0, -0.0, -0.0, -0.0, 0.0, -0.0, -0.0, -0.0, -0.0, -0.0, -0.0, -0.0, -0.0, -0.0, -0.0, -0.0, -0.0, -0.0, -0.0, -0.0, -0.0, 0.0, -0.0, -0.0, -0.0, -0.0, -0.0, -0.0, -0.0, -0.0, -0.0, -0.0, -0.0, -0.0, -0.0, -0.0, -0.0, -0.0, -0.0, 0.0, 0.0, -0.0, -0.0, -0.0, -0.0, -0.0, -0.0, -0.0, -0.0, -0.0, -0.0, -0.0, -0.0, -0.0, -0.0, 0.0, -0.0, -0.0, -0.0, -0.0, -0.0, -0.0, -0.0, -0.0, -0.0, 0.0, 0.0, -0.0, -0.0, -0.0, -0.0, -0.0, -0.0, -0.0, -0.0, -0.0, -0.0, -0.0, -0.0, -0.0, -0.0, -0.0, -0.0, -0.0, -0.0, -0.0, -0.0, -0.0, -0.0, 0.0, -0.0, -0.0, -0.0, -0.0, -0.0, -0.0, -0.0, -0.0, -0.0, -0.0, -0.0, -0.0, -0.0, -0.0, -0.0, -0.0, -0.0, -0.0, 0.0, -0.0, -0.0, -0.0, -0.0, 0.0, -0.0, -0.0, -0.0, -0.0, -0.0, -0.0, -0.0, -0.0, -0.0, -0.0, -0.0, -0.0, -0.0, -0.0, -0.0, -0.0, -0.0, -0.0, -0.0, -0.0, -0.0, -0.0, -0.0, -0.0, -0.0, -0.0, -0.0, -0.0, -0.0, -0.0, -0.0, -0.0, -0.0, -0.0, -0.0, -0.0, -0.0, -0.0, -0.0, -0.0, 0.0, -0.0, -0.0, -0.0, -0.0, 0.0, -0.0, -0.0, -0.0, -0.0, -0.0, -0.0, -0.0, -0.0, -0.0, -0.0, -0.0, -0.0, -0.0, -0.0, -0.0, -0.0, -0.0, -0.0, -0.0, -0.0, 0.0, -0.0, -0.0, -0.0, -0.0, -0.0, -0.0, -0.0, -0.0, -0.0, -0.0, -0.0, -0.0, -0.0, -0.0, -0.0, -0.0, -0.0, -0.0, -0.0, -0.0, -0.0, -0.0, -0.0, -0.0, -0.0, -0.0, -0.0, -0.0, -0.0, -0.0, -0.0, -0.0, -0.0, -0.0, -0.0, -0.0, -0.0, -0.0, -0.0, -0.0, -0.0, -0.0, -0.0, -0.0, -0.0, 0.0, -0.0, -0.0, -0.0, -0.0, -0.0, -0.0, -0.0, -0.0, -0.0, -0.0, -0.0, -0.0, -0.0, -0.0, -0.0, -0.0, -0.0, -0.0, -0.0, -0.0, -0.0, -0.0, 0.0, -0.0, -0.0, -0.0, -0.0, -0.0, -0.0, -0.0, -0.0, -0.0, -0.0, -0.0, -0.0, -0.0, -0.0, -0.0, -0.0, 0.0, -0.0, -0.0, -0.0, -0.0, -0.0, 0.0, -0.0, -0.0, -0.0, -0.0, -0.0, -0.0, -0.0, -0.0, -0.0, -0.0, -0.0, -0.0, 0.0, -0.0, -0.0, -0.0, -0.0, -0.0, -0.0, -0.0, -0.0, -0.0, 0.0, -0.0, -0.0, -0.0, -0.0, -0.0, -0.0, -0.0, -0.0, -0.0, -0.0, -0.0, -0.0, 0.0, -0.0, -0.0, -0.0, -0.0, -0.0, -0.0, -0.0, -0.0, -0.0, -0.0, -0.0, -0.0, -0.0, -0.0, -0.0, -0.0, -0.0, -0.0, -0.0, -0.0, -0.0, 0.0, -0.0, -0.0, -0.0, -0.0, -0.0, -0.0, -0.0, -0.0, -0.0, -0.0, -0.0, -0.0, -0.0, -0.0, -0.0, -0.0, -0.0, -0.0, -0.0, -0.0, -0.0, -0.0, 0.0, -0.0, -0.0, -0.0, -0.0, -0.0, -0.0, -0.0, -0.0, -0.0, -0.0, -0.0, -0.0, -0.0, -0.0, -0.0, -0.0, -0.0, -0.0, -0.0, -0.0, -0.0, -0.0, -0.0, 0.0, -0.0, -0.0, -0.0, 0.0, -0.0, -0.0, -0.0, -0.0, -0.0, -0.0, -0.0, -0.0, -0.0, -0.0, -0.0, -0.0, -0.0, -0.0, -0.0, -0.0, -0.0, 0.0, -0.0, -0.0, -0.0, -0.0, -0.0, -0.0, -0.0, -0.0, -0.0, -0.0, -0.0, -0.0, -0.0, -0.0, -0.0, -0.0, -0.0, -0.0, -0.0, -0.0, -0.0, -0.0, -0.0, -0.0, 0.0, -0.0, -0.0, -0.0, -0.0, -0.0, -0.0, -0.0, -0.0, -0.0, -0.0, -0.0, -0.0, -0.0, -0.0, -0.0, -0.0, -0.0, -0.0, 0.0, -0.0, -0.0, -0.0, -0.0, -0.0, -0.0, 0.0, -0.0, -0.0, 0.0, -0.0, -0.0, 0.0, -0.0, -0.0, -0.0, -0.0, -0.0, -0.0, -0.0, -0.0, -0.0, -0.0, -0.0, -0.0, -0.0, 0.0, -0.0, -0.0, 0.0, -0.0, -0.0, -0.0, -0.0, -0.0, 0.0, -0.0, -0.0, -0.0, -0.0, 0.0, -0.0, -0.0, 0.0, -0.0, -0.0, -0.0, 0.0, 0.0, -0.0, -0.0, -0.0, -0.0, -0.0, 0.0, -0.0, -0.0, -0.0, -0.0, -0.0, -0.0, -0.0, -0.0, -0.0, -0.0, -0.0, -0.0, -0.0, 0.0, -0.0, -0.0, 0.0, 0.0, -0.0, -0.0, -0.0, -0.0, -0.0, -0.0, -0.0, -0.0, -0.0, -0.0, -0.0, -0.0, -0.0, -0.0, -0.0, -0.0, -0.0, -0.0, -0.0, -0.0, -0.0, 0.0, -0.0, -0.0, -0.0, -0.0, -0.0, -0.0, -0.0, -0.0, -0.0, -0.0, -0.0, -0.0, -0.0, -0.0, -0.0, -0.0, -0.0, -0.0, -0.0, 0.0, -0.0, -0.0, -0.0, -0.0, -0.0, -0.0, -0.0, -0.0, -0.0, -0.0, -0.0, -0.0, -0.0, -0.0, -0.0, -0.0, -0.0, -0.0, -0.0, -0.0, -0.0, -0.0, -0.0, -0.0, -0.0, -0.0, -0.0, -0.0, -0.0, -0.0, -0.0, -0.0, -0.0, -0.0, -0.0, 0.0, -0.0, -0.0, -0.0, -0.0, -0.0, -0.0, -0.0, -0.0, -0.0, -0.0, -0.0, -0.0, -0.0, 0.0, -0.0, -0.0, -0.0, -0.0, -0.0, -0.0, -0.0, -0.0, -0.0, -0.0, -0.0, -0.0, -0.0, -0.0, -0.0, -0.0, -0.0, -0.0, -0.0, 0.0, -0.0, -0.0, -0.0, -0.0, 0.0, -0.0, -0.0, -0.0, -0.0, -0.0, -0.0, -0.0, -0.0, -0.0, -0.0, -0.0, -0.0, -0.0, -0.0, -0.0, -0.0, -0.0, -0.0, 0.0, -0.0, -0.0, -0.0, -0.0, -0.0, -0.0, -0.0, -0.0, -0.0, -0.0, -0.0, -0.0, -0.0, -0.0, -0.0, -0.0, -0.0, -0.0, -0.0, -0.0, -0.0, -0.0, 0.0, -0.0, -0.0, -0.0, -0.0, -0.0, -0.0, -0.0, -0.0, -0.0, -0.0, -0.0, -0.0, -0.0, -0.0, -0.0, -0.0, -0.0, -0.0, -0.0, -0.0, -0.0, -0.0, -0.0, -0.0, -0.0, -0.0, -0.0, -0.0, -0.0, -0.0, -0.0, -0.0, -0.0, -0.0, -0.0, -0.0, -0.0, -0.0, -0.0, -0.0, -0.0, -0.0, -0.0, -0.0, -0.0, -0.0, -0.0, -0.0, -0.0, -0.0, -0.0, -0.0, -0.0, -0.0, 0.0, -0.0, -0.0, -0.0, -0.0, -0.0, -0.0, -0.0, -0.0, -0.0, -0.0, -0.0, -0.0, -0.0, -0.0, -0.0, -0.0, -0.0, 0.0, -0.0, -0.0, -0.0, -0.0, 0.0, -0.0, -0.0, -0.0, -0.0, -0.0, -0.0, -0.0, -0.0, -0.0, -0.0, -0.0, -0.0, -0.0, -0.0, 0.0, -0.0, -0.0, -0.0, -0.0, -0.0, -0.0, -0.0, 0.0, -0.0, -0.0, -0.0, -0.0, -0.0, -0.0, -0.0, -0.0, -0.0, -0.0, -0.0, -0.0, -0.0, -0.0, 0.0, -0.0, -0.0, -0.0, -0.0, -0.0, -0.0, -0.0, -0.0, -0.0, -0.0, -0.0, -0.0, -0.0, -0.0, -0.0, -0.0, -0.0, -0.0, -0.0, -0.0, -0.0, -0.0, -0.0, 0.0, -0.0, -0.0, -0.0, -0.0, 0.0, -0.0, -0.0, -0.0, 0.0, -0.0, -0.0, -0.0, -0.0, -0.0, -0.0, -0.0, -0.0, -0.0, -0.0, -0.0, -0.0, -0.0, -0.0, -0.0, -0.0, -0.0, -0.0, -0.0, 0.0, 0.0, -0.0, 0.0, -0.0, -0.0, -0.0, -0.0, -0.0, -0.0, -0.0, -0.0, -0.0, -0.0, -0.0, -0.0, 0.0, -0.0, -0.0, -0.0, -0.0, -0.0, 0.0, -0.0, -0.0, -0.0, -0.0, -0.0, -0.0, -0.0, -0.0, -0.0, -0.0, -0.0, -0.0, -0.0, -0.0, -0.0, 0.0, -0.0, 0.0, -0.0, -0.0, -0.0, -0.0, -0.0, -0.0, -0.0, -0.0, -0.0, -0.0, 0.0, -0.0, -0.0, -0.0, -0.0, -0.0, -0.0, -0.0, -0.0, -0.0, -0.0, -0.0, 0.0, -0.0, 0.0, -0.0, -0.0, -0.0, -0.0, -0.0, -0.0, -0.0, -0.0, 0.0, -0.0, -0.0, -0.0, -0.0, -0.0, 0.0, 0.0, -0.0, -0.0, -0.0, -0.0, -0.0, -0.0, -0.0, -0.0, -0.0, -0.0, 0.0, 0.0, -0.0, -0.0, -0.0, -0.0, -0.0, -0.0, -0.0, -0.0, -0.0, -0.0, -0.0, 0.0, -0.0, 0.0, 0.0, 0.0, 0.0, -0.0, -0.0, -0.0, -0.0, -0.0, -0.0, -0.0, 0.0, -0.0, -0.0, -0.0, -0.0, -0.0, -0.0, -0.0, -0.0, -0.0, -0.0, -0.0, -0.0, -0.0, 0.0, -0.0, 0.0, -0.0, -0.0, -0.0, -0.0, -0.0, -0.0, -0.0, -0.0, -0.0, -0.0, -0.0, -0.0, -0.0, -0.0, -0.0, -0.0, -0.0, -0.0, 0.0, -0.0, -0.0, 0.0, -0.0, -0.0, -0.0, -0.0, -0.0, -0.0, -0.0, -0.0, -0.0, -0.0, -0.0, -0.0, -0.0, -0.0, -0.0, -0.0, -0.0, 0.0, -0.0, -0.0, 0.0, -0.0, -0.0, -0.0, -0.0, -0.0, -0.0, 0.0, -0.0, -0.0, -0.0, -0.0, -0.0, -0.0, -0.0, -0.0, -0.0, -0.0, -0.0, -0.0, -0.0, -0.0, 0.0, -0.0, -0.0, -0.0, -0.0, -0.0, -0.0, -0.0, -0.0, -0.0, -0.0, -0.0, -0.0, -0.0, -0.0, -0.0, -0.0, -0.0, -0.0, -0.0, -0.0, -0.0, -0.0, -0.0, -0.0, -0.0, -0.0, 0.0, -0.0, -0.0, -0.0, -0.0, -0.0, -0.0, -0.0, -0.0, -0.0, -0.0, -0.0, -0.0, -0.0, -0.0, -0.0, -0.0, -0.0, -0.0, 0.0, 0.0, -0.0, -0.0, -0.0, -0.0, -0.0, -0.0, -0.0, -0.0, -0.0, 0.0, -0.0, -0.0, -0.0, -0.0, -0.0, -0.0, -0.0, -0.0, -0.0, -0.0, -0.0, -0.0, 0.0, -0.0, -0.0, -0.0, -0.0, -0.0, -0.0, -0.0, -0.0, -0.0, -0.0, -0.0, -0.0, -0.0, -0.0, -0.0, -0.0, -0.0, -0.0, -0.0, -0.0, -0.0, -0.0, -0.0, -0.0, -0.0, 0.0, -0.0, -0.0, -0.0, -0.0, 0.0, -0.0, -0.0, -0.0, -0.0, -0.0, -0.0, -0.0, -0.0, -0.0, -0.0, -0.0, -0.0, -0.0, -0.0, -0.0, 0.0, -0.0, 0.0, -0.0, -0.0, -0.0, -0.0, -0.0, -0.0, -0.0, -0.0, -0.0, -0.0, -0.0, -0.0, -0.0, -0.0, -0.0, 0.0, -0.0, -0.0, 0.0, 0.0, 0.0, -0.0, 0.0, -0.0, -0.0, -0.0, -0.0, -0.0, -0.0, -0.0, -0.0, 0.0, -0.0, -0.0, -0.0, -0.0, -0.0, -0.0, -0.0, -0.0, -0.0, -0.0, -0.0, -0.0, -0.0, 0.0, -0.0, -0.0, -0.0, -0.0, -0.0, -0.0, -0.0, -0.0, -0.0, -0.0, -0.0, -0.0, -0.0, -0.0, -0.0, -0.0, 0.0, -0.0, -0.0, -0.0, -0.0, -0.0, -0.0, 0.0, -0.0, -0.0, -0.0, -0.0, -0.0, -0.0, -0.0, -0.0, -0.0, -0.0, -0.0, -0.0, -0.0, -0.0, -0.0, -0.0, -0.0, -0.0, -0.0, -0.0, -0.0, -0.0, -0.0, -0.0, -0.0, -0.0, 0.0, -0.0, -0.0, -0.0, 0.0, -0.0, -0.0, -0.0, -0.0, -0.0, -0.0, -0.0, -0.0, -0.0, 0.0, 0.0, -0.0, -0.0, -0.0, -0.0, -0.0, -0.0, -0.0, -0.0, -0.0, -0.0, -0.0, -0.0, -0.0, -0.0, -0.0, -0.0, -0.0, -0.0, -0.0, -0.0, -0.0, -0.0, -0.0, -0.0, -0.0, -0.0, 0.0, -0.0, -0.0, -0.0, -0.0, -0.0, -0.0, -0.0, -0.0, -0.0, -0.0, -0.0, -0.0, -0.0, -0.0, -0.0, -0.0, -0.0, -0.0, -0.0, -0.0, -0.0, -0.0, 0.0, -0.0, -0.0, -0.0, -0.0, -0.0, -0.0, -0.0, -0.0, -0.0, -0.0, -0.0, -0.0, -0.0, -0.0, -0.0, -0.0, -0.0, -0.0, 0.0, -0.0, -0.0, -0.0, -0.0, -0.0, 0.0, -0.0, -0.0, -0.0, 0.0, -0.0, -0.0, -0.0, -0.0, -0.0, -0.0, -0.0, -0.0, -0.0, -0.0, -0.0, -0.0, 0.0, 0.0, -0.0, 0.0, -0.0, -0.0, -0.0, -0.0, 0.0, -0.0, -0.0, -0.0, -0.0, -0.0, -0.0, -0.0, -0.0, -0.0, -0.0, -0.0, -0.0, -0.0, -0.0, 0.0, 0.0, -0.0, -0.0, 0.0, -0.0, -0.0, -0.0, -0.0, -0.0, 0.0, -0.0, -0.0, -0.0, -0.0, -0.0, -0.0, -0.0, -0.0, -0.0, -0.0, -0.0, -0.0, 0.0, -0.0, -0.0, -0.0, -0.0, -0.0, -0.0, -0.0, -0.0, -0.0, -0.0, -0.0, -0.0, -0.0, -0.0, -0.0, -0.0, -0.0, -0.0, -0.0, -0.0, -0.0, -0.0, -0.0, 0.0, -0.0, -0.0, -0.0, -0.0, -0.0, -0.0, -0.0, -0.0, -0.0, -0.0, -0.0, -0.0, -0.0, -0.0, 0.0, -0.0, -0.0, -0.0, -0.0, 0.0, -0.0, -0.0, -0.0, -0.0, -0.0, 0.0, -0.0, 0.0, -0.0, -0.0, -0.0, -0.0, -0.0, -0.0, -0.0, -0.0, -0.0, -0.0, -0.0, -0.0, -0.0, -0.0, -0.0, -0.0, -0.0, -0.0, -0.0, -0.0, -0.0, -0.0, -0.0, -0.0, 0.0, -0.0, -0.0, -0.0, -0.0, -0.0, -0.0, -0.0, 0.0, -0.0, -0.0, -0.0, -0.0, 0.0, -0.0, -0.0, 0.0, -0.0, -0.0, -0.0, -0.0, -0.0, -0.0, -0.0, -0.0, -0.0, -0.0, 0.0, -0.0, -0.0, -0.0, -0.0, -0.0, -0.0, -0.0, -0.0, -0.0, -0.0, -0.0, -0.0, -0.0, -0.0, -0.0, -0.0, -0.0, -0.0, -0.0, -0.0, -0.0, -0.0, 0.0, -0.0, -0.0, -0.0, 0.0, -0.0, -0.0, -0.0, -0.0, 0.0, -0.0, -0.0, -0.0, -0.0, -0.0, -0.0, -0.0, -0.0, -0.0, -0.0, -0.0, -0.0, -0.0, -0.0, -0.0, -0.0, -0.0, -0.0, -0.0, -0.0, -0.0, -0.0, 0.0, -0.0, -0.0, -0.0, -0.0, -0.0, -0.0, -0.0, -0.0, -0.0, -0.0, -0.0, -0.0, -0.0, -0.0, -0.0, -0.0, -0.0, -0.0, -0.0, -0.0, -0.0, -0.0, -0.0, -0.0, -0.0, -0.0, -0.0, 0.0, 0.0, -0.0, -0.0, -0.0, -0.0, -0.0, -0.0, -0.0, -0.0, -0.0, -0.0, -0.0, -0.0, -0.0, -0.0, -0.0, -0.0, -0.0, -0.0, 0.0, -0.0, -0.0, 0.0, -0.0, -0.0, -0.0, -0.0, -0.0, -0.0, 0.0, -0.0, -0.0, -0.0, -0.0, -0.0, -0.0, -0.0, -0.0, -0.0, -0.0, -0.0, -0.0, -0.0, 0.0, -0.0, 0.0, 0.0, -0.0, -0.0, -0.0, -0.0, -0.0, -0.0, -0.0, -0.0, -0.0, -0.0, -0.0, 0.0, -0.0, -0.0, -0.0, -0.0, -0.0, -0.0, 0.0, -0.0, -0.0, -0.0, -0.0, -0.0, -0.0, -0.0, -0.0, -0.0, 0.0, -0.0, -0.0, -0.0, -0.0, -0.0, 0.0, -0.0, -0.0, -0.0, -0.0, -0.0, -0.0, -0.0, -0.0, -0.0, -0.0, -0.0, -0.0, -0.0, -0.0, -0.0, -0.0, -0.0, -0.0, -0.0, -0.0, -0.0, -0.0, -0.0, -0.0, -0.0, -0.0, -0.0, -0.0, -0.0, 0.0, 0.0, -0.0, 0.0, -0.0, -0.0, -0.0, -0.0, 0.0, -0.0, -0.0, -0.0, -0.0, -0.0]"
start_z_coal_t,"[-0.0, -0.0, -0.0, -0.0, 1.0, -0.0, -0.0, -0.0, -0.0, -0.0, -0.0, -0.0, -0.0, -0.0, -0.0, -0.0, -0.0, -0.0, -0.0, -0.0, -0.0, -0.0, -0.0, -0.0, -0.0, -0.0, -0.0, -0.0, -0.0, -0.0, -0.0, -0.0, -0.0, -0.0, -0.0, -0.0, -0.0, -0.0, -0.0, -0.0, -0.0, -0.0, -0.0, -0.0, -0.0, -0.0, -0.0, -0.0, -0.0, -0.0, -0.0, -0.0, -0.0, -0.0, -0.0, -0.0, -0.0, -0.0, -0.0, -0.0, -0.0, -0.0, -0.0, -0.0, -0.0, -0.0, -0.0, -0.0, -0.0, -0.0, -0.0, -0.0, -0.0, -0.0, -0.0, -0.0, -0.0, -0.0, -0.0, -0.0, -0.0, -0.0, -0.0, -0.0, -0.0, -0.0, -0.0, -0.0, -0.0, -0.0, -0.0, -0.0, -0.0, -0.0, -0.0, -0.0, -0.0, -0.0, -0.0, -0.0, -0.0, -0.0, -0.0, -0.0, -0.0, -0.0, -0.0, -0.0, -0.0, -0.0, -0.0, -0.0, -0.0, -0.0, -0.0, -0.0, -0.0, -0.0, -0.0, -0.0, -0.0, -0.0, -0.0, -0.0, -0.0, -0.0, -0.0, -0.0, -0.0, -0.0, -0.0, -0.0, -0.0, -0.0, -0.0, -0.0, -0.0, -0.0, -0.0, -0.0, -0.0, -0.0, -0.0, -0.0, -0.0, -0.0, -0.0, -0.0, -0.0, -0.0, -0.0, -0.0, -0.0, -0.0, -0.0, -0.0, -0.0, -0.0, -0.0, -0.0, -0.0, -0.0, -0.0, -0.0, -0.0, -0.0, -0.0, -0.0, -0.0, -0.0, -0.0, -0.0, -0.0, -0.0, -0.0, -0.0, -0.0, -0.0, -0.0, -0.0, -0.0, -0.0, -0.0, -0.0, -0.0, -0.0, -0.0, -0.0, -0.0, -0.0, -0.0, -0.0, -0.0, -0.0, -0.0, -0.0, -0.0, -0.0, -0.0, -0.0, -0.0, -0.0, -0.0, -0.0, -0.0, -0.0, -0.0, -0.0, -0.0, -0.0, -0.0, -0.0, -0.0, -0.0, -0.0, -0.0, -0.0, -0.0, -0.0, -0.0, -0.0, -0.0, -0.0, -0.0, -0.0, -0.0, -0.0, -0.0, -0.0, -0.0, -0.0, -0.0, -0.0, -0.0, -0.0, -0.0, -0.0, -0.0, -0.0, -0.0, -0.0, -0.0, -0.0, -0.0, -0.0, -0.0, -0.0, -0.0, -0.0, -0.0, -0.0, -0.0, -0.0, -0.0, -0.0, -0.0, -0.0, -0.0, -0.0, -0.0, -0.0, -0.0, -0.0, -0.0, -0.0, -0.0, -0.0, -0.0, -0.0, -0.0, -0.0, -0.0, -0.0, -0.0, -0.0, -0.0, -0.0, -0.0, -0.0, -0.0, -0.0, -0.0, -0.0, -0.0, -0.0, -0.0, -0.0, -0.0, -0.0, -0.0, -0.0, -0.0, -0.0, -0.0, -0.0, -0.0, -0.0, -0.0, -0.0, -0.0, -0.0, -0.0, -0.0, -0.0, -0.0, -0.0, -0.0, -0.0, -0.0, -0.0, -0.0, -0.0, -0.0, -0.0, -0.0, -0.0, -0.0, -0.0, -0.0, -0.0, -0.0, -0.0, -0.0, -0.0, -0.0, -0.0, -0.0, -0.0, -0.0, -0.0, -0.0, -0.0, -0.0, -0.0, -0.0, -0.0, -0.0, -0.0, -0.0, -0.0, -0.0, -0.0, -0.0, -0.0, -0.0, -0.0, -0.0, -0.0, -0.0, 0.0, -0.0, -0.0, -0.0, -0.0, -0.0, -0.0, -0.0, -0.0, -0.0, -0.0, -0.0, -0.0, -0.0, -0.0, -0.0, -0.0, -0.0, -0.0, -0.0, -0.0, -0.0, -0.0, 0.0, -0.0, -0.0, -0.0, -0.0, -0.0, -0.0, -0.0, -0.0, -0.0, -0.0, -0.0, -0.0, -0.0, -0.0, -0.0, -0.0, -0.0, -0.0, 1.0, -0.0, -0.0, -0.0, 1.0, -0.0, -0.0, -0.0, -0.0, -0.0, -0.0, -0.0, -0.0, -0.0, -0.0, -0.0, -0.0, 0.0, -0.0, -0.0, -0.0, -0.0, -0.0, 0.0, -0.0, -0.0, -0.0, -0.0, -0.0, -0.0, -0.0, -0.0, -0.0, -0.0, -0.0, -0.0, -0.0, -0.0, -0.0, -0.0, -0.0, -0.0, -0.0, -0.0, -0.0, -0.0, -0.0, -0.0, -0.0, -0.0, 0.0, -0.0, 0.0, -0.0, -0.0, -0.0, -0.0, -0.0, -0.0, -0.0, -0.0, -0.0, -0.0, -0.0, -0.0, -0.0, -0.0, -0.0, -0.0, -0.0, -0.0, -0.0, -0.0, -0.0, -0.0, -0.0, -0.0, -0.0, -0.0, -0.0, -0.0, -0.0, -0.0, -0.0, -0.0, -0.0, 1.0, -0.0, -0.0, -0.0, -0.0, -0.0, 0.0, -0.0, -0.0, -0.0, -0.0, -0.0, -0.0, -0.0, -0.0, -0.0, -0.0, -0.0, -0.0, -0.0, -0.0, -0.0, -0.0, -0.0, -0.0, -0.0, -0.0, -0.0, -0.0, -0.0, -0.0, -0.0, -0.0, -0.0, -0.0, 1.0, -0.0, -0.0, -0.0, -0.0, -0.0, -0.0, -0.0, -0.0, -0.0, -0.0, -0.0, -0.0, -0.0, -0.0, -0.0, -0.0, -0.0, -0.0, -0.0, -0.0, -0.0, -0.0, 0.0, -0.0, -0.0, -0.0, -0.0, -0.0, -0.0, -0.0, -0.0, -0.0, -0.0, -0.0, -0.0, -0.0, -0.0, -0.0, -0.0, -0.0, -0.0, -0.0, -0.0, -0.0, -0.0, -0.0, -0.0, -0.0, -0.0, -0.0, -0.0, -0.0, -0.0, -0.0, -0.0, -0.0, -0.0, -0.0, -0.0, -0.0, -0.0, -0.0, -0.0, -0.0, -0.0, -0.0, -0.0, -0.0, -0.0, -0.0, -0.0, -0.0, -0.0, -0.0, -0.0, -0.0, -0.0, -0.0, -0.0, -0.0, -0.0, -0.0, -0.0, -0.0, -0.0, -0.0, -0.0, -0.0, -0.0, -0.0, -0.0, -0.0, -0.0, -0.0, -0.0, -0.0, -0.0, -0.0, -0.0, -0.0, -0.0, -0.0, -0.0, -0.0, -0.0, -0.0, -0.0, -0.0, -0.0, -0.0, -0.0, -0.0, -0.0, -0.0, -0.0, -0.0, -0.0, -0.0, -0.0, -0.0, -0.0, -0.0, -0.0, -0.0, -0.0, -0.0, -0.0, -0.0, -0.0, -0.0, -0.0, -0.0, -0.0, -0.0, -0.0, -0.0, -0.0, -0.0, -0.0, -0.0, -0.0, -0.0, -0.0, -0.0, -0.0, -0.0, -0.0, -0.0, -0.0, -0.0, -0.0, -0.0, -0.0, -0.0, -0.0, -0.0, -0.0, -0.0, -0.0, -0.0, -0.0, -0.0, -0.0, -0.0, -0.0, -0.0, -0.0, -0.0, -0.0, -0.0, -0.0, -0.0, -0.0, -0.0, -0.0, -0.0, -0.0, -0.0, -0.0, -0.0, -0.0, -0.0, -0.0, -0.0, -0.0, -0.0, -0.0, -0.0, -0.0, -0.0, -0.0, -0.0, -0.0, -0.0, -0.0, -0.0, -0.0, -0.0, -0.0, -0.0, -0.0, -0.0, -0.0, -0.0, -0.0, -0.0, -0.0, -0.0, -0.0, -0.0, -0.0, -0.0, -0.0, -0.0, -0.0, -0.0, -0.0, -0.0, -0.0, -0.0, -0.0, -0.0, -0.0, -0.0, -0.0, -0.0, -0.0, -0.0, -0.0, -0.0, -0.0, -0.0, -0.0, -0.0, -0.0, -0.0, -0.0, -0.0, -0.0, -0.0, -0.0, -0.0, -0.0, -0.0, -0.0, -0.0, -0.0, -0.0, -0.0, -0.0, -0.0, -0.0, -0.0, -0.0, -0.0, -0.0, -0.0, -0.0, -0.0, -0.0, -0.0, -0.0, -0.0, -0.0, -0.0, -0.0, -0.0, -0.0, -0.0, -0.0, -0.0, -0.0, -0.0, -0.0, -0.0, -0.0, -0.0, -0.0, -0.0, -0.0, -0.0, -0.0, -0.0, -0.0, -0.0, -0.0, -0.0, -0.0, -0.0, -0.0, -0.0, -0.0, -0.0, -0.0, -0.0, -0.0, -0.0, -0.0, -0.0, -0.0, -0.0, -0.0, -0.0, -0.0, -0.0, -0.0, -0.0, -0.0, -0.0, -0.0, -0.0, -0.0, -0.0, -0.0, -0.0, -0.0, -0.0, -0.0, -0.0, -0.0, -0.0, -0.0, -0.0, -0.0, -0.0, -0.0, -0.0, -0.0, -0.0, -0.0, -0.0, -0.0, -0.0, -0.0, -0.0, -0.0, -0.0, -0.0, -0.0, -0.0, -0.0, -0.0, -0.0, -0.0, -0.0, -0.0, -0.0, -0.0, -0.0, -0.0, -0.0, -0.0, -0.0, -0.0, -0.0, -0.0, -0.0, -0.0, -0.0, -0.0, -0.0, -0.0, -0.0, -0.0, -0.0, -0.0, -0.0, -0.0, -0.0, -0.0, -0.0, -0.0, -0.0, -0.0, -0.0, -0.0, -0.0, -0.0, -0.0, -0.0, -0.0, -0.0, -0.0, -0.0, -0.0, -0.0, -0.0, -0.0, -0.0, -0.0, -0.0, -0.0, -0.0, -0.0, -0.0, -0.0, -0.0, -0.0, -0.0, -0.0, -0.0, -0.0, -0.0, -0.0, -0.0, -0.0, -0.0, -0.0, -0.0, -0.0, -0.0, 1.0, -0.0, -0.0, -0.0, -0.0, -0.0, -0.0, -0.0, -0.0, -0.0, -0.0, -0.0, -0.0, -0.0, -0.0, -0.0, -0.0, -0.0, -0.0, -0.0, -0.0, -0.0, -0.0, 0.0, -0.0, -0.0, -0.0, -0.0, -0.0, -0.0, -0.0, -0.0, -0.0, -0.0, -0.0, -0.0, -0.0, -0.0, -0.0, -0.0, -0.0, -0.0, -0.0, -0.0, -0.0, -0.0, -0.0, -0.0, 1.0, -0.0, -0.0, -0.0, -0.0, -0.0, -0.0, -0.0, -0.0, -0.0, -0.0, -0.0, -0.0, -0.0, -0.0, -0.0, -0.0, -0.0, -0.0, -0.0, -0.0, -0.0, -0.0, -0.0, -0.0, -0.0, -0.0, -0.0, -0.0, -0.0, -0.0, -0.0, -0.0, -0.0, -0.0, -0.0, -0.0, -0.0, -0.0, -0.0, -0.0, -0.0, -0.0, -0.0, -0.0, -0.0, -0.0, -0.0, -0.0, -0.0, -0.0, -0.0, -0.0, -0.0, -0.0, -0.0, -0.0, -0.0, -0.0, -0.0, -0.0, -0.0, -0.0, -0.0, -0.0, -0.0, -0.0, -0.0, -0.0, -0.0, -0.0, -0.0, -0.0, -0.0, -0.0, -0.0, -0.0, -0.0, -0.0, -0.0, -0.0, -0.0, -0.0, -0.0, -0.0, -0.0, -0.0, -0.0, -0.0, -0.0, -0.0, -0.0, -0.0, -0.0, -0.0, -0.0, -0.0, -0.0, -0.0, -0.0, -0.0, -0.0, -0.0, -0.0, -0.0, -0.0, -0.0, -0.0, -0.0, -0.0, -0.0, -0.0, -0.0, -0.0, -0.0, -0.0, -0.0, -0.0, -0.0, -0.0, -0.0, -0.0, -0.0, -0.0, -0.0, -0.0, -0.0, -0.0, -0.0, -0.0, -0.0, -0.0, -0.0, -0.0, -0.0, -0.0, -0.0, -0.0, -0.0, -0.0, -0.0, -0.0, -0.0, -0.0, -0.0, -0.0, -0.0, -0.0, -0.0, -0.0, -0.0, -0.0, -0.0, -0.0, -0.0, -0.0, -0.0, -0.0, -0.0, -0.0, -0.0, -0.0, -0.0, -0.0, -0.0, -0.0, -0.0, -0.0, -0.0, -0.0, -0.0, -0.0, -0.0, -0.0, -0.0, -0.0, -0.0, -0.0, -0.0, -0.0, -0.0, -0.0, -0.0, -0.0, -0.0, -0.0, -0.0, -0.0, -0.0, -0.0, -0.0, -0.0, -0.0, -0.0, -0.0, -0.0, -0.0, -0.0, -0.0, -0.0, -0.0, -0.0, -0.0, -0.0, -0.0, -0.0, -0.0, -0.0, -0.0, -0.0, -0.0, -0.0, -0.0, -0.0, -0.0, -0.0, -0.0, -0.0, -0.0, -0.0, -0.0, -0.0, -0.0, -0.0, -0.0, -0.0, -0.0, -0.0, -0.0, -0.0, -0.0, -0.0, -0.0, -0.0, -0.0, -0.0, -0.0, -0.0, -0.0, -0.0, -0.0, -0.0, -0.0, -0.0, -0.0, -0.0, -0.0, -0.0, -0.0, -0.0, -0.0, -0.0, -0.0, -0.0, -0.0, -0.0, -0.0, -0.0, -0.0, -0.0, -0.0, -0.0, -0.0, -0.0, -0.0, -0.0, -0.0, -0.0, -0.0, -0.0, -0.0, -0.0, -0.0, -0.0, -0.0, -0.0, -0.0, -0.0, -0.0, -0.0, -0.0, -0.0, -0.0, -0.0, -0.0, -0.0, -0.0, -0.0, -0.0, -0.0, -0.0, -0.0, -0.0, -0.0, -0.0, -0.0, -0.0, -0.0, -0.0, -0.0, -0.0, -0.0, -0.0, -0.0, -0.0, -0.0, -0.0, -0.0, -0.0, -0.0, -0.0, -0.0, -0.0, -0.0, -0.0, -0.0, -0.0, -0.0, -0.0, -0.0, -0.0, -0.0, -0.0, -0.0, -0.0, -0.0, -0.0, -0.0, -0.0, -0.0, -0.0, -0.0, -0.0, -0.0, -0.0, -0.0, -0.0, -0.0, -0.0, -0.0, -0.0, -0.0, -0.0, -0.0, -0.0, -0.0, -0.0, -0.0, -0.0, -0.0, -0.0, -0.0, -0.0, -0.0, -0.0, -0.0, -0.0, -0.0, -0.0, -0.0, -0.0, -0.0, -0.0, -0.0, -0.0, -0.0, -0.0, -0.0, -0.0, -0.0, -0.0, -0.0, -0.0, -0.0, -0.0, -0.0, -0.0, -0.0, -0.0, -0.0, -0.0, -0.0, -0.0, -0.0, -0.0, -0.0, -0.0, -0.0, -0.0, -0.0, -0.0, -0.0, -0.0, -0.0, -0.0, -0.0, -0.0, -0.0, -0.0, -0.0, -0.0, -0.0, -0.0, -0.0, -0.0, -0.0, -0.0, -0.0, -0.0, -0.0, -0.0, -0.0, -0.0, -0.0, -0.0, -0.0, -0.0, -0.0, -0.0, -0.0, -0.0, -0.0, -0.0, -0.0, -0.0, -0.0, -0.0, -0.0, -0.0, -0.0, -0.0, -0.0, -0.0, -0.0, -0.0, -0.0, -0.0, -0.0, -0.0, -0.0, -0.0, -0.0, -0.0, -0.0, -0.0, -0.0, -0.0, -0.0, -0.0, -0.0, -0.0, -0.0, -0.0, -0.0, -0.0, -0.0, -0.0, -0.0, -0.0, -0.0, -0.0, -0.0, -0.0, -0.0, -0.0, -0.0, -0.0, -0.0, -0.0, -0.0, -0.0, -0.0, -0.0, -0.0, -0.0, -0.0, -0.0, -0.0, -0.0, -0.0, -0.0, -0.0, -0.0, -0.0, -0.0, -0.0, -0.0, -0.0, -0.0, -0.0, -0.0, -0.0, -0.0, -0.0, -0.0, -0.0, -0.0, -0.0, -0.0, -0.0, -0.0, -0.0, -0.0, -0.0, 1.0, -0.0, -0.0, -0.0, -0.0, -0.0, -0.0, -0.0, -0.0, -0.0, -0.0, -0.0, -0.0, -0.0, -0.0, -0.0, -0.0, -0.0, -0.0, 0.0, -0.0, -0.0, -0.0, -0.0, -0.0, -0.0, -0.0, -0.0, -0.0, -0.0, -0.0, -0.0, -0.0, -0.0, -0.0, -0.0, -0.0, -0.0, -0.0, -0.0, -0.0, -0.0, -0.0, -0.0, -0.0, -0.0, 0.0, -0.0, 0.0, -0.0, -0.0, -0.0, -0.0, -0.0, -0.0, -0.0, -0.0, -0.0, -0.0, -0.0, -0.0, -0.0, -0.0, -0.0, -0.0, -0.0, -0.0, -0.0, -0.0, 0.0, -0.0, -0.0, -0.0, -0.0, -0.0, -0.0, -0.0, -0.0, -0.0, -0.0, -0.0, -0.0, -0.0, -0.0, -0.0, -0.0, -0.0, -0.0, -0.0, -0.0, -0.0, -0.0, -0.0, -0.0, -0.0, -0.0, -0.0, -0.0, -0.0, -0.0, -0.0, -0.0, -0.0, -0.0, -0.0, -0.0, -0.0, -0.0, -0.0, -0.0, -0.0, -0.0, -0.0, -0.0, -0.0, -0.0, -0.0, -0.0, -0.0, -0.0, -0.0, -0.0, -0.0, -0.0, -0.0, -0.0, -0.0, -0.0, -0.0, -0.0, -0.0, -0.0, -0.0, -0.0, -0.0, -0.0, -0.0, -0.0, -0.0, -0.0, -0.0, -0.0, -0.0, -0.0, -0.0, -0.0, -0.0, -0.0, -0.0, -0.0, -0.0, -0.0, -0.0, -0.0, -0.0, -0.0, -0.0, -0.0, -0.0, -0.0, -0.0, -0.0, -0.0, -0.0, -0.0, -0.0, -0.0, -0.0, -0.0, -0.0, -0.0, -0.0, -0.0, -0.0, -0.0, -0.0, -0.0, -0.0, -0.0, -0.0, -0.0, -0.0, -0.0, -0.0, -0.0, -0.0, 1.0, -0.0, -0.0, -0.0, -0.0, -0.0, -0.0, -0.0, -0.0, -0.0, -0.0, -0.0, -0.0, -0.0, -0.0, -0.0, -0.0, -0.0, -0.0, -0.0, -0.0, -0.0, -0.0, -0.0, -0.0, -0.0, -0.0, -0.0, -0.0, -0.0, -0.0, -0.0, -0.0, -0.0, -0.0, -0.0, -0.0, -0.0, -0.0, -0.0, -0.0, -0.0, -0.0, -0.0, -0.0, -0.0, -0.0, -0.0, -0.0, -0.0, -0.0, -0.0, -0.0, -0.0, -0.0, -0.0, -0.0, -0.0, -0.0, -0.0, -0.0, -0.0, -0.0, -0.0, -0.0, -0.0, -0.0, -0.0, -0.0, -0.0, -0.0, -0.0, -0.0, -0.0, -0.0, -0.0, -0.0, -0.0, -0.0, -0.0, -0.0, -0.0, -0.0, -0.0, -0.0, -0.0, 1.0, -0.0, -0.0, -0.0, -0.0, -0.0, -0.0, -0.0, -0.0, -0.0, -0.0, -0.0, -0.0, -0.0, -0.0, -0.0, -0.0, -0.0, -0.0, -0.0, -0.0, -0.0, -0.0, -0.0, -0.0, -0.0, -0.0, -0.0, -0.0, -0.0, -0.0, -0.0, -0.0, -0.0, -0.0, -0.0, -0.0, -0.0, -0.0, -0.0, -0.0, -0.0, -0.0, -0.0, -0.0, -0.0, -0.0, -0.0, -0.0, -0.0, -0.0, -0.0, -0.0, -0.0, -0.0, -0.0, -0.0, -0.0, -0.0, -0.0, -0.0, -0.0, -0.0, -0.0, -0.0, -0.0, -0.0, -0.0, -0.0, -0.0, -0.0, -0.0, -0.0, -0.0, -0.0, -0.0, -0.0, -0.0, -0.0, -0.0, -0.0, -0.0, -0.0, -0.0, -0.0, -0.0, -0.0, -0.0, -0.0, -0.0, -0.0, -0.0, -0.0, -0.0, -0.0, -0.0, -0.0, -0.0, -0.0, -0.0, -0.0, -0.0, -0.0, -0.0, -0.0, -0.0, -0.0, -0.0, -0.0, -0.0, -0.0, -0.0, -0.0, -0.0, -0.0, -0.0, -0.0, -0.0, -0.0, -0.0, -0.0, -0.0, -0.0, -0.0, -0.0, -0.0, -0.0, -0.0, -0.0, -0.0, -0.0, -0.0, -0.0, -0.0, -0.0, -0.0, -0.0, -0.0, -0.0, -0.0, -0.0, -0.0, -0.0, -0.0, -0.0, -0.0, -0.0, -0.0, -0.0, -0.0, -0.0, -0.0, -0.0, -0.0, -0.0, -0.0, -0.0, -0.0, -0.0, -0.0, -0.0, -0.0, -0.0, -0.0, -0.0, -0.0, -0.0, -0.0, -0.0, -0.0, -0.0, -0.0, -0.0, -0.0, -0.0, -0.0, -0.0, -0.0, -0.0, -0.0, -0.0, -0.0, -0.0, -0.0, -0.0, -0.0, -0.0, -0.0, 0.0, -0.0, -0.0, -0.0, -0.0, -0.0, -0.0, -0.0, -0.0, -0.0, -0.0, -0.0, -0.0, -0.0, -0.0, -0.0, -0.0, -0.0, -0.0, -0.0, -0.0, -0.0, -0.0, 0.0, -0.0, -0.0, -0.0, -0.0, -0.0, -0.0, -0.0, -0.0, -0.0, -0.0, -0.0, -0.0, -0.0, -0.0, -0.0, -0.0, -0.0, -0.0, -0.0, -0.0, -0.0, -0.0, -0.0, -0.0, -0.0, -0.0, -0.0, -0.0, -0.0, -0.0, -0.0, -0.0, -0.0, -0.0, -0.0, -0.0, -0.0, -0.0, -0.0, -0.0, -0.0, -0.0, -0.0, -0.0, -0.0, -0.0, -0.0, 1.0, -0.0, -0.0, -0.0, -0.0, -0.0, -0.0, -0.0, -0.0, -0.0, -0.0, -0.0, -0.0, -0.0, -0.0, -0.0, -0.0, -0.0, -0.0, -0.0, -0.0, -0.0, -0.0, 0.0, -0.0, -0.0, -0.0, -0.0, -0.0, -0.0, -0.0, -0.0, -0.0, -0.0, -0.0, -0.0, -0.0, -0.0, -0.0, -0.0, -0.0, -0.0, -0.0, -0.0, 0.0, -0.0, 0.0, -0.0, -0.0, -0.0, -0.0, -0.0, -0.0, -0.0, -0.0, -0.0, -0.0, -0.0, -0.0, -0.0, -0.0, -0.0, -0.0, -0.0, -0.0, -0.0, -0.0, 1.0, -0.0, -0.0, -0.0, -0.0, -0.0, -0.0, -0.0, -0.0, -0.0, -0.0, -0.0, -0.0, -0.0, -0.0, -0.0, -0.0, -0.0, -0.0, -0.0, -0.0, -0.0, -0.0, 0.0, -0.0, -0.0, -0.0, -0.0, -0.0, -0.0, -0.0, -0.0, -0.0, -0.0, -0.0, -0.0, -0.0, -0.0, -0.0, -0.0, -0.0, -0.0, -0.0, -0.0, -0.0, -0.0, -0.0, -0.0, -0.0, -0.0, -0.0, -0.0, -0.0, -0.0, -0.0, -0.0, -0.0, -0.0, -0.0, -0.0, -0.0, -0.0, -0.0, -0.0, -0.0, -0.0, -0.0, -0.0, -0.0, -0.0, -0.0, -0.0, -0.0, -0.0, -0.0, -0.0, -0.0, -0.0, -0.0, -0.0, -0.0, -0.0, -0.0, -0.0, -0.0, -0.0, -0.0, -0.0, -0.0, -0.0, -0.0, -0.0, -0.0, -0.0, -0.0, -0.0, -0.0, -0.0, -0.0, -0.0, -0.0, -0.0, -0.0, -0.0, -0.0, -0.0, -0.0, -0.0, -0.0, -0.0, -0.0, -0.0, -0.0, -0.0, -0.0, -0.0, -0.0, -0.0, -0.0, -0.0, -0.0, -0.0, -0.0, -0.0, -0.0, -0.0, -0.0, -0.0, -0.0, -0.0, -0.0, -0.0, -0.0, -0.0, -0.0, -0.0, -0.0, -0.0, -0.0, -0.0, -0.0, -0.0, -0.0, -0.0, -0.0, -0.0, -0.0, -0.0, -0.0, -0.0, -0.0, -0.0, -0.0, -0.0, -0.0, -0.0, -0.0, -0.0, -0.0, -0.0, -0.0, -0.0, -0.0, -0.0, -0.0, -0.0, -0.0, -0.0, -0.0, -0.0, -0.0, -0.0, -0.0, -0.0, -0.0, -0.0, -0.0, -0.0, -0.0, -0.0, -0.0, -0.0, -0.0, -0.0, -0.0, -0.0, -0.0, -0.0, -0.0, -0.0, -0.0, -0.0, -0.0, -0.0, -0.0, -0.0, -0.0, -0.0, -0.0, -0.0, -0.0, -0.0, -0.0, -0.0, -0.0, -0.0, -0.0, -0.0, -0.0, -0.0, -0.0, -0.0, -0.0, -0.0, -0.0, -0.0, -0.0, -0.0, -0.0, -0.0, -0.0, -0.0, -0.0, -0.0, -0.0, -0.0, -0.0, -0.0, -0.0, -0.0, -0.0, -0.0, -0.0, -0.0, -0.0, -0.0, -0.0, -0.0, -0.0, -0.0, -0.0, -0.0, -0.0, -0.0, -0.0, -0.0, -0.0, -0.0, -0.0, -0.0, -0.0, -0.0, -0.0, -0.0, -0.0, -0.0, -0.0, -0.0, -0.0, -0.0, -0.0, -0.0, -0.0, -0.0, -0.0, -0.0, -0.0, -0.0, -0.0, -0.0, -0.0, -0.0, -0.0, -0.0, -0.0, -0.0, -0.0, -0.0, -0.0, -0.0, -0.0, -0.0, -0.0, -0.0, -0.0, -0.0, -0.0, -0.0, -0.0, -0.0, -0.0, -0.0, -0.0, -0.0, -0.0, -0.0, -0.0, -0.0, -0.0, -0.0, -0.0, -0.0, -0.0, -0.0, -0.0, -0.0, -0.0, -0.0, -0.0, -0.0, -0.0, -0.0, -0.0, -0.0, -0.0, -0.0, -0.0, -0.0, -0.0, -0.0, -0.0, -0.0, -0.0, -0.0, -0.0, -0.0, -0.0, -0.0, -0.0, -0.0, -0.0, -0.0, -0.0, -0.0, -0.0, -0.0, -0.0, -0.0, -0.0, -0.0, -0.0, -0.0, -0.0, -0.0, -0.0, -0.0, -0.0, -0.0, -0.0, -0.0, -0.0, -0.0, -0.0, -0.0, -0.0, -0.0, -0.0, -0.0, -0.0, -0.0, -0.0, -0.0, -0.0, -0.0, -0.0, -0.0, -0.0, -0.0, -0.0, -0.0, -0.0, -0.0, -0.0, -0.0, -0.0, -0.0, -0.0, -0.0, -0.0, -0.0, -0.0, -0.0, -0.0, -0.0, -0.0, -0.0, -0.0, -0.0, -0.0, -0.0, -0.0, -0.0, -0.0, -0.0, -0.0, -0.0, -0.0, -0.0, -0.0, -0.0, -0.0, -0.0, -0.0, -0.0, -0.0, -0.0, -0.0, -0.0, -0.0, -0.0, -0.0, -0.0, -0.0, -0.0, -0.0, -0.0, -0.0, -0.0, -0.0, -0.0, -0.0, -0.0, -0.0, -0.0, -0.0, -0.0, -0.0, -0.0, -0.0, -0.0, -0.0, -0.0, -0.0, -0.0, -0.0, -0.0, -0.0, -0.0, -0.0, -0.0, -0.0, -0.0, -0.0, -0.0, -0.0, -0.0, -0.0, -0.0, -0.0, -0.0, -0.0, -0.0, -0.0, -0.0, -0.0, -0.0, -0.0, -0.0, -0.0, -0.0, -0.0, -0.0, -0.0, -0.0, -0.0, -0.0, -0.0, -0.0, -0.0, -0.0, -0.0, -0.0, -0.0, -0.0, -0.0, -0.0, -0.0, -0.0, -0.0, -0.0, -0.0, -0.0, -0.0, -0.0, -0.0, -0.0, -0.0, -0.0, -0.0, -0.0, -0.0, -0.0, -0.0, -0.0, -0.0, -0.0, -0.0, -0.0, -0.0, -0.0, -0.0, -0.0, -0.0, -0.0, -0.0, -0.0, -0.0, -0.0, -0.0, -0.0, -0.0, -0.0, -0.0, -0.0, -0.0, -0.0, -0.0, -0.0, -0.0, -0.0, -0.0, -0.0, -0.0, -0.0, -0.0, -0.0, -0.0, -0.0, -0.0, -0.0, -0.0, -0.0, -0.0, -0.0, -0.0, -0.0, -0.0, -0.0, -0.0, -0.0, -0.0, -0.0, -0.0, -0.0, -0.0, -0.0, -0.0, -0.0, -0.0, -0.0, -0.0, -0.0, 0.0, -0.0, 0.0, -0.0, -0.0, -0.0, -0.0, -0.0, -0.0, -0.0, -0.0, -0.0, -0.0, -0.0, -0.0, -0.0, -0.0, -0.0, -0.0, -0.0, -0.0, -0.0, -0.0, -0.0, -0.0, -0.0, -0.0, -0.0, -0.0, -0.0, -0.0, -0.0, -0.0, -0.0, -0.0, -0.0, -0.0, -0.0, -0.0, -0.0, -0.0, -0.0, -0.0, -0.0, -0.0, -0.0, -0.0, -0.0, 1.0, -0.0, -0.0, -0.0, -0.0, -0.0, -0.0, -0.0, -0.0, -0.0, -0.0, -0.0, -0.0, -0.0, -0.0, -0.0, -0.0, -0.0, -0.0, -0.0, -0.0, -0.0, -0.0, -0.0, -0.0, -0.0, -0.0, -0.0, -0.0, -0.0, -0.0, -0.0, -0.0, -0.0, -0.0, -0.0, -0.0, -0.0, -0.0, -0.0, -0.0, -0.0, -0.0, -0.0, -0.0, -0.0, -0.0, -0.0, -0.0, -0.0, -0.0, -0.0, -0.0, -0.0, -0.0, -0.0, -0.0, -0.0, -0.0, -0.0, -0.0, -0.0, -0.0, -0.0, -0.0, -0.0, -0.0, -0.0, -0.0, -0.0, -0.0, -0.0, -0.0, -0.0, -0.0, -0.0, -0.0, -0.0, -0.0, -0.0, -0.0, -0.0, -0.0, -0.0, -0.0, -0.0, -0.0, -0.0, -0.0, -0.0, -0.0, -0.0, -0.0, -0.0, -0.0, -0.0, -0.0, -0.0, -0.0, -0.0, -0.0, -0.0, -0.0, -0.0, -0.0, -0.0, -0.0, -0.0, -0.0, -0.0, -0.0, -0.0, -0.0, -0.0, -0.0, -0.0, -0.0, -0.0, -0.0, -0.0, -0.0, -0.0, -0.0, -0.0, -0.0, -0.0, -0.0, -0.0, -0.0, -0.0, -0.0, 1.0, -0.0, -0.0, -0.0, -0.0, -0.0, -0.0, -0.0, -0.0, -0.0, -0.0, -0.0, -0.0, -0.0, -0.0, -0.0, -0.0, -0.0, -0.0, -0.0, -0.0, -0.0, -0.0, -0.0, -0.0, -0.0, -0.0, -0.0, 1.0, -0.0, -0.0, -0.0, -0.0, -0.0, -0.0, -0.0, -0.0, -0.0, -0.0, -0.0, -0.0, -0.0, -0.0, -0.0, -0.0, -0.0, -0.0, -0.0, -0.0, -0.0, -0.0, -0.0, -0.0, -0.0, -0.0, -0.0, -0.0, -0.0, -0.0, -0.0, -0.0, -0.0, -0.0, -0.0, -0.0, -0.0, -0.0, -0.0, -0.0, -0.0, -0.0, -0.0, -0.0, -0.0, -0.0, -0.0, -0.0, -0.0, -0.0, -0.0, -0.0, -0.0, -0.0, -0.0, -0.0, -0.0, -0.0, -0.0, -0.0, -0.0, -0.0, -0.0, -0.0, -0.0, -0.0, -0.0, -0.0, -0.0, -0.0, -0.0, -0.0, -0.0, -0.0, -0.0, -0.0, -0.0, -0.0, -0.0, -0.0, -0.0, -0.0, -0.0, -0.0, -0.0, -0.0, -0.0, -0.0, -0.0, -0.0, -0.0, -0.0, -0.0, -0.0, -0.0, -0.0, -0.0, -0.0, -0.0, -0.0, -0.0, -0.0, -0.0, -0.0, -0.0, -0.0, -0.0, -0.0, -0.0, -0.0, -0.0, -0.0, -0.0, -0.0, -0.0, -0.0, -0.0, -0.0, -0.0, -0.0, -0.0, -0.0, -0.0, -0.0, -0.0, -0.0, -0.0, -0.0, -0.0, -0.0, -0.0, -0.0, -0.0, -0.0, -0.0, -0.0, -0.0, -0.0, -0.0, -0.0, -0.0, -0.0, -0.0, -0.0, -0.0, -0.0, -0.0, -0.0, -0.0, -0.0, -0.0, -0.0, -0.0, -0.0, -0.0, -0.0, -0.0, -0.0, -0.0, -0.0, -0.0, -0.0, -0.0, -0.0, -0.0, -0.0, -0.0, -0.0, -0.0, -0.0, -0.0, -0.0, -0.0, -0.0, -0.0, -0.0, -0.0, -0.0, -0.0, -0.0, -0.0, -0.0, -0.0, -0.0, -0.0, -0.0, -0.0, -0.0, -0.0, -0.0, -0.0, -0.0, -0.0, -0.0, -0.0, -0.0, -0.0, -0.0, -0.0, -0.0, -0.0, -0.0, -0.0, -0.0, -0.0, -0.0, -0.0, -0.0, -0.0, -0.0, -0.0, -0.0, -0.0, -0.0, -0.0, -0.0, -0.0, -0.0, -0.0, -0.0, -0.0, -0.0, -0.0, -0.0, -0.0, -0.0, -0.0, -0.0, -0.0, -0.0, -0.0, -0.0, -0.0, -0.0, -0.0, -0.0, -0.0, -0.0, -0.0, -0.0, -0.0, -0.0, -0.0, -0.0, -0.0, -0.0, -0.0, -0.0, -0.0, -0.0, -0.0, -0.0, -0.0, -0.0, -0.0, -0.0, -0.0, -0.0, -0.0, -0.0, -0.0, -0.0, -0.0, -0.0, -0.0, -0.0, -0.0, -0.0, -0.0, -0.0, -0.0, -0.0, -0.0, -0.0, -0.0, -0.0, -0.0, -0.0, -0.0, -0.0, -0.0, -0.0, -0.0, -0.0, -0.0, -0.0, -0.0, -0.0, -0.0, -0.0, -0.0, -0.0, -0.0, -0.0, -0.0, -0.0, -0.0, -0.0, -0.0, -0.0, -0.0, -0.0, -0.0, -0.0, -0.0, -0.0, -0.0, -0.0, -0.0, -0.0, -0.0, -0.0, -0.0, -0.0, -0.0, -0.0, -0.0, -0.0, -0.0, -0.0, -0.0, -0.0, -0.0, -0.0, -0.0, -0.0, -0.0, -0.0, -0.0, -0.0, -0.0, -0.0, -0.0, -0.0, -0.0, -0.0, -0.0, -0.0, -0.0, -0.0, -0.0, -0.0, -0.0, -0.0, 0.0, -0.0, -0.0, -0.0, -0.0, -0.0, -0.0, -0.0, -0.0, -0.0, -0.0, -0.0, -0.0, -0.0, -0.0, -0.0, -0.0, -0.0, -0.0, -0.0, -0.0, -0.0, -0.0, -0.0, -0.0, 1.0, -0.0, -0.0, -0.0, -0.0, -0.0, -0.0, -0.0, -0.0, -0.0, -0.0, -0.0, -0.0, -0.0, -0.0, -0.0, -0.0, -0.0, -0.0, -0.0, -0.0, -0.0, -0.0, 0.0, -0.0, -0.0, -0.0, -0.0, -0.0, -0.0, -0.0, -0.0, -0.0, -0.0, -0.0, -0.0, -0.0, -0.0, -0.0, -0.0, -0.0, -0.0, -0.0, -0.0, -0.0, -0.0, -0.0, -0.0, -0.0, -0.0, -0.0, -0.0, -0.0, -0.0, -0.0, -0.0, -0.0, -0.0, -0.0, -0.0, -0.0, -0.0, -0.0, -0.0, -0.0, -0.0, -0.0, -0.0, -0.0, -0.0, -0.0, -0.0, -0.0, -0.0, -0.0, -0.0, -0.0, -0.0, -0.0, -0.0, -0.0, -0.0, -0.0, -0.0, -0.0, -0.0, -0.0, -0.0, -0.0, -0.0, -0.0, -0.0, -0.0, -0.0, -0.0, -0.0, -0.0, -0.0, -0.0, -0.0, -0.0, -0.0, -0.0, -0.0, -0.0, -0.0, -0.0, -0.0, -0.0, -0.0, -0.0, -0.0, -0.0, -0.0, -0.0, -0.0, -0.0, -0.0, -0.0, -0.0, -0.0, -0.0, -0.0, -0.0, -0.0, -0.0, -0.0, -0.0, -0.0, -0.0, -0.0, -0.0, -0.0, -0.0, -0.0, -0.0, -0.0, -0.0, -0.0, -0.0, -0.0, -0.0, -0.0, -0.0, -0.0, -0.0, -0.0, -0.0, -0.0, -0.0, -0.0, -0.0, -0.0, -0.0, -0.0, -0.0, -0.0, -0.0, -0.0, -0.0, -0.0, -0.0, -0.0, -0.0, -0.0, -0.0, -0.0, -0.0, -0.0, -0.0, -0.0, -0.0, -0.0, -0.0, -0.0, -0.0, -0.0, -0.0, -0.0, -0.0, -0.0, -0.0, -0.0, -0.0, -0.0, -0.0, -0.0, -0.0, -0.0, -0.0, -0.0, -0.0, -0.0, -0.0, -0.0, -0.0, -0.0, -0.0, -0.0, -0.0, -0.0, -0.0, -0.0, -0.0, -0.0, -0.0, -0.0, -0.0, -0.0, -0.0, -0.0, -0.0, -0.0, -0.0, -0.0, -0.0, -0.0, -0.0, -0.0, -0.0, -0.0, -0.0, -0.0, -0.0, -0.0, -0.0, -0.0, -0.0, -0.0, -0.0, -0.0, -0.0, -0.0, -0.0, -0.0, -0.0, -0.0, -0.0, -0.0, -0.0, -0.0, -0.0, -0.0, -0.0, -0.0, -0.0, -0.0, -0.0, -0.0, -0.0, -0.0, -0.0, -0.0, -0.0, -0.0, -0.0, -0.0, -0.0, -0.0, -0.0, -0.0, -0.0, -0.0, -0.0, -0.0, -0.0, -0.0, -0.0, -0.0, -0.0, -0.0, -0.0, -0.0, -0.0, -0.0, -0.0, -0.0, -0.0, -0.0, -0.0, -0.0, -0.0, -0.0, -0.0, -0.0, -0.0, -0.0, -0.0, -0.0, -0.0, -0.0, -0.0, -0.0, -0.0, -0.0, -0.0, -0.0, -0.0, -0.0, -0.0, -0.0, -0.0, -0.0, -0.0, -0.0, -0.0, -0.0, -0.0, -0.0, -0.0, -0.0, -0.0, -0.0, -0.0, -0.0, -0.0, -0.0, -0.0, -0.0, -0.0, -0.0, -0.0, -0.0, -0.0, -0.0, -0.0, -0.0, -0.0, -0.0, -0.0, -0.0, -0.0, -0.0, -0.0, -0.0, -0.0, -0.0, -0.0, -0.0, -0.0, -0.0, -0.0, -0.0, -0.0, -0.0, -0.0, -0.0, -0.0, -0.0, -0.0, -0.0, -0.0, -0.0, -0.0, -0.0, -0.0, -0.0, -0.0, -0.0, -0.0, -0.0, -0.0, -0.0, -0.0, -0.0, -0.0, -0.0, -0.0, -0.0, -0.0, -0.0, -0.0, -0.0, -0.0, -0.0, -0.0, -0.0, -0.0, -0.0, -0.0, -0.0, -0.0, -0.0, -0.0, -0.0, -0.0, -0.0, -0.0, -0.0, -0.0, -0.0, -0.0, -0.0, -0.0, -0.0, -0.0, -0.0, -0.0, -0.0, -0.0, -0.0, -0.0, -0.0, -0.0, -0.0, -0.0, -0.0, -0.0, -0.0, -0.0, -0.0, -0.0, -0.0, -0.0, -0.0, -0.0, -0.0, -0.0, -0.0, -0.0, -0.0, -0.0, -0.0, -0.0, -0.0, -0.0, -0.0, -0.0, -0.0, -0.0, -0.0, -0.0, -0.0, -0.0, -0.0, -0.0, -0.0, -0.0, -0.0, -0.0, -0.0, -0.0, -0.0, -0.0, -0.0, -0.0, -0.0, -0.0, -0.0, -0.0, -0.0, -0.0, -0.0, -0.0, -0.0, -0.0, -0.0, -0.0, -0.0, -0.0, -0.0, -0.0, -0.0, -0.0, -0.0, -0.0, -0.0, -0.0, -0.0, -0.0, -0.0, -0.0, -0.0, -0.0, -0.0, -0.0, -0.0, -0.0, -0.0, -0.0, -0.0, -0.0, -0.0, -0.0, -0.0, -0.0, -0.0, -0.0, -0.0, -0.0, -0.0, -0.0, -0.0, -0.0, -0.0, -0.0, -0.0, -0.0, -0.0, -0.0, -0.0, -0.0, -0.0, -0.0, -0.0, -0.0, -0.0, -0.0, -0.0, -0.0, -0.0, -0.0, -0.0, -0.0, -0.0, -0.0, -0.0, -0.0, -0.0, -0.0, -0.0, -0.0, -0.0, -0.0, -0.0, -0.0, -0.0, 0.0, -0.0, -0.0, -0.0, -0.0, -0.0, -0.0, -0.0, -0.0, -0.0, -0.0, -0.0, -0.0, -0.0, -0.0, -0.0, -0.0, -0.0, -0.0, -0.0, -0.0, -0.0, -0.0, -0.0, -0.0, 1.0, -0.0, -0.0, -0.0, -0.0, -0.0, -0.0, -0.0, -0.0, -0.0, -0.0, -0.0, -0.0, -0.0, -0.0, -0.0, -0.0, -0.0, -0.0, -0.0, -0.0, -0.0, -0.0, -0.0, -0.0, -0.0, -0.0, -0.0, -0.0, -0.0, -0.0, -0.0, -0.0, -0.0, -0.0, -0.0, -0.0, -0.0, -0.0, -0.0, -0.0, -0.0, -0.0, -0.0, -0.0, -0.0, -0.0, -0.0, -0.0, -0.0, -0.0, -0.0, -0.0, -0.0, -0.0, -0.0, -0.0, -0.0, -0.0, -0.0, -0.0, -0.0, -0.0, -0.0, -0.0, -0.0, -0.0, -0.0, -0.0, -0.0, -0.0, -0.0, -0.0, -0.0, -0.0, -0.0, -0.0, -0.0, -0.0, -0.0, -0.0, -0.0, -0.0, -0.0, -0.0, -0.0, -0.0, -0.0, -0.0, -0.0, -0.0, -0.0, -0.0, -0.0, -0.0, -0.0, -0.0, -0.0, -0.0, -0.0, -0.0, -0.0, -0.0, -0.0, -0.0, -0.0, -0.0, -0.0, -0.0]"
TES_startup_costs,0.0
dispatch_Wind,3.167947346429595e6
a_dis_t,"[0.0, 0.0, 1199.159075089353, 1730.699984428894, 1399.9858776780347, 1970.565477159565, 1125.8594067388099, 0.0, 1231.4185023410653, 1792.2204299997832, 0.0, 1834.1916576136298, 0.0, 2013.0863089244435, 53.47777238362523, 0.0, 1231.2089383186626, 694.6738422183504, 1823.0442289264117, 1859.6163828907652, 1351.5284600949387, 563.5518144543892, 1200.670610567292, 0.0, 1313.2088165074676, 1210.2789985654526, 0.0, 947.4712847770638, 1901.0148849955658, 921.4139941515209, 1341.8278567939713, 1179.0500994087274, 1716.3672198689032, 1356.1135565953248, 0.0, 0.0, 0.0, 245.28923999581315, 0.0, 0.0, 0.0, 1954.8637249286169, 1804.9603832443665, 1289.855610300512, 984.7200051443209, 145.33947944446325, 660.2611620678973, 0.0, 1175.814313916525, 1536.7204233065809, 785.998191634053, 0.0, 833.6206386938954, 1309.2151457094433, 1163.727548109918, 0.0, 1771.3204863249327, 1713.3149779026437, 0.0, 0.0, 158.48849896948238, 1687.1197875930543, 1225.3145886673144, 813.5426483414632, 0.0, 0.0, 852.7058359568638, 972.5394722642347, 31.372403663449234, 521.0082897001569, 0.0, 1155.2330763836253, 0.0, 846.8386715063061, 0.0, 818.1683447464068, 1292.1232087218186, 1147.8863314789603, 0.0, 1156.5720373389208, 1699.3152951075813, 0.0, 1792.6637418285652, 0.0, 1616.6341409495512, 1214.5143859193265, 416.26797602248024, 1826.77106004474, 0.0, 752.9254168677529, 933.6201733350721, 341.2874328091218, 974.3216750984327, 1680.1736864291668, 1138.6298611177845, 1548.9283100358136, 838.9856456346474, 1778.2557308854516, 788.1203000552855, 1278.1979223426304, 1143.8766280176997, 1606.9001903504748, 1744.8007962295371, 1671.0065167052244, 0.0, 575.0339752391814, 0.0, 17.527674641179303, 0.0, 1116.686647404532, 0.0, 0.0, 1230.0011266693894, 847.2891884066592, 91.35246534043938, 1459.1858756491695, 1634.753909031534, 0.0, 1529.5782680034752, 780.0856704548635, 0.0, 775.1693542959456, 1193.867751537802, 598.8472640420624, 0.0, 708.8824070157573, 0.0, 0.0, 1733.7036618820673, 0.0, 1636.8419072856523, 1231.4460798233845, 1005.574450347892, 0.0, 0.0, 1303.7322886731065, 1011.0643902709382, 0.0, 1550.7862640961955, 0.0, 1222.256328979542, 0.0, 983.4627258051582, 0.0, 841.8239636109051, 1386.2071307252438, 1320.3255692406249, 0.0, 0.0, 0.0, 1683.282500542705, 0.0, 0.0, 1646.682421993841, 1318.8166965075256, 290.44773636712915, 0.0, 0.0, 1468.6785010202973, 1150.0092535824044, 0.0, 1478.9481187024285, 0.0, 1305.3913446529418, 0.0, 963.120628287219, 1750.3810031446728, 991.0729039563755, 0.0, 1416.85633773796, 731.8431763386407, 0.0, 1609.7493323458402, 0.0, 1590.512619441649, 0.0, 1523.4159477322714, 1423.6928042538234, 265.26882757965296, 1726.2120669154733, 1683.3208899557417, 1572.7605262390066, 1490.6193071986384, 0.0, 77.11667053570764, 433.9229179661192, 767.8376431080497, 0.0, 685.78023000728, 823.5052801836545, 0.0, 777.259853649149, 520.1630458115662, 0.0, 852.2903544584887, 510.7502834427084, 1281.5773278919914, 616.5393042752357, 0.0, 164.7197009131449, 0.0, 0.0, 865.0576253167259, 0.0, 229.43786341607094, 325.7477539326433, 0.0, 0.0, 0.0, 0.0, 0.0, 147.5849558736817, 0.0, 0.0, 0.0, 0.0, 0.0, 0.0, 0.0, 0.0, 0.0, 0.0, 0.0, 0.0, 0.0, 0.0, 0.0, 0.0, 0.0, 0.0, 0.0, 0.0, 0.0, 0.0, 0.0, 0.0, 0.0, 0.0, 0.0, 0.0, 0.0, 0.0, 0.0, 0.0, 0.0, 0.0, 0.0, 0.0, 0.0, 0.0, 0.0, 0.0, 0.0, 0.0, 0.0, 0.0, 0.0, 0.0, 0.0, 0.0, 0.0, 0.0, 0.0, 0.0, 0.0, 0.0, 0.0, 0.0, 0.0, 511.08015750471515, 0.0, 0.0, 0.0, 0.0, 0.0, 0.0, 0.0, 0.0, 0.0, 0.0, 0.0, 0.0, 0.0, 0.0, 0.0, 0.0, 0.0, 0.0, 0.0, 0.0, 0.0, 0.0, 0.0, 0.0, 0.0, 0.0, 0.0, 0.0, 0.0, 0.0, 0.0, 0.0, 0.0, 0.0, 0.0, 0.0, 0.0, 0.0, 0.0, 0.0, 0.0, 0.0, 0.0, 485.48696038561536, 0.0, 0.0, 0.0, 0.0, 0.0, 0.0, 0.0, 0.0, 0.0, 0.0, 0.0, 0.0, 0.0, 0.0, 0.0, 0.0, 0.0, 0.0, 0.0, 0.0, 0.0, 0.0, 0.0, 0.0, 285.3460034012516, 0.0, 0.0, 0.0, 0.0, 0.0, 0.0, 0.0, 0.0, 0.0, 0.0, 0.0, 0.0, 0.0, 0.0, 0.0, 0.0, 0.0, 0.0, 101.39179170056035, 0.0, 0.0, 0.0, 0.0, 0.0, 0.0, 0.0, 0.0, 0.0, 0.0, 0.0, 0.0, 0.0, 0.0, 0.0, 0.0, 0.0, 0.0, 0.0, 0.0, 0.0, 0.0, 0.0, 0.0, 0.0, 0.0, 0.0, 0.0, 0.0, 0.0, 0.0, 0.0, 0.0, 0.0, 0.0, 0.0, 0.0, 0.0, 0.0, 0.0, 0.0, 0.0, 0.0, 0.0, 0.0, 0.0, 0.0, 0.0, 0.0, 0.0, 981.0058583892029, 0.0, 0.0, 0.0, 0.0, 0.0, 1.476125431563594, 0.0, 0.0, 953.9952321428086, 1387.8209779568824, 1184.3355473380195, 1250.5972510818056, 856.9008542328113, 374.49010281425706, 0.0, 0.0, 0.0, 0.0, 853.6121722964269, 313.61012122934915, 0.0, 1012.3475234131135, 1154.9040703357523, 0.0, 0.0, 392.18205121196877, 0.0, 1591.2527971144727, 0.0, 2085.8675995082976, 1505.265194938515, 1972.1523887815972, 1457.7036590293123, 2212.2609632678586, 1625.08530265423, 1702.4252684682651, 1526.9761161658514, 1842.232173214514, 2056.2257204978523, 0.0, 0.0, 0.0, 0.0, 2083.2739031701885, 1523.309281501738, 1464.546364868685, 2114.1707370634726, 1944.675514934918, 1572.4193965889633, 1216.0656709143225, 1617.8636484645651, 0.0, 0.0, 1448.9211257581517, 0.0, 1659.8864483954908, 2143.926133658747, 1858.1251124881824, 1593.7362661846955, 1445.3788656626612, 2011.8483496250467, 2432.592769471474, 1948.5135366385769, 0.0, 2263.574498509271, 1656.8960288498017, 2201.3453034557156, 0.0, 1535.6337279497843, 2269.2686727367845, 2051.8606346634256, 1589.705079628001, 0.0, 1517.7304629967982, 311.3242008354304, 0.0, 1372.2139557356613, 2042.7445015490364, 1450.1579257385815, 2118.5650456755943, 1875.6016968999006, 1511.3253609465671, 1377.8015838167316, 1987.5321799242447, 2409.710128315782, 1900.6043963198254, 2058.83955254833, 2236.716776480227, 1525.284025184238, 2111.7002027156364, 1410.7920900056554, 1354.387114996776, 2192.6203598015136, 0.0, 1526.497020145065, 347.65405655729137, 951.2403939915323, 862.030749510793, 1926.1258164845228, 1331.217299767432, 0.0, 1267.6637186977248, 0.0, 1521.3041742128396, 1473.3203194856842, 1301.1902088571628, 290.42170462108385, 2283.8838738825752, 1858.4021343534032, 0.0, 2179.0301376898096, 1481.5131988214632, 0.0, 1373.8732138344544, 1116.1350429436493, 2057.917566865525, 0.0, 1470.824535175014, 433.67597733931655, 1291.5648210357613, 951.5703384806577, 0.0, 1282.736711314076, 0.0, 1126.402674329078, 1830.2054284987391, 823.0904546075991, 366.8839923401415, 1241.7111269371774, 1817.8301068387616, 2169.892511432919, 1804.5070927890313, 0.0, 2089.3287867673953, 1494.0488194708907, 752.4855637995277, 0.0, 1124.515758484068, 1969.8046789691557, 1960.1668413491348, 1416.294426916926, 85.33529101564429, 790.3343082040784, 896.6420740800099, 962.8231051031827, 1295.110496225893, 1803.0294284605695, 422.0347679306437, 0.0, 556.2803410632532, 1326.9377616080242, 954.6421321353622, 1860.2193479251623, 1961.9774649196743, 1681.9667777876502, 0.0, 0.0, 0.0, 0.0, 0.0, 952.4402994085208, 1704.9893876178787, 0.0, 1305.6852456210256, 0.0, 1396.7322357623084, 585.7823402572983, 1810.867940505871, 54.86097933197416, 1065.886481011173, 349.4142140823539, 1810.7279992784654, 364.7376273108511, 1352.031287810059, 0.0, 1777.7554956726713, 0.0, 1623.8882650995954, 0.0, 0.0, 0.0, 1637.559511212938, 0.0, 892.8943182707449, 1656.5400759157499, 1847.5168696540438, 1230.0280769095418, 0.0, 459.27731140206214, 563.3401777542695, 965.6786356948454, 1280.0853521287286, 1653.6918025406403, 569.6705497353031, 0.0, 150.56522731892485, 0.0, 1290.1054664488427, 0.0, 0.0, 1609.5189771285254, 1452.6186518384018, 0.0, 0.0, 0.0, 0.0, 956.6717325238055, 565.1992216997045, 1763.3435952003144, 205.71365445164417, 163.84784385568878, 0.0, 508.71029113906576, 565.3708266420098, 1264.1638161417136, 1615.509771546795, 657.4093907852302, 0.0, 485.160064252858, 1306.1952858052005, 1272.6570740696445, 1673.1934890985287, 0.0, 1614.3280447150687, 0.0, 1755.5581630396457, 0.0, 1547.9975871540873, 0.0, 924.103415913173, 0.0, 1701.0623261734559, 1142.3678278591078, 1610.135734630452, 0.0, 600.0680156822214, 703.6561486438684, 1250.190190019493, 1592.5552996146864, 227.42471085035737, 1725.5072137772247, 958.2632415010194, 0.0, 1268.0037557578003, 0.0, 1027.50754573343, 343.30550653455765, 0.0, 1714.2660375160622, 0.0, 1510.6424288275562, 0.0, 960.891954834646, 0.0, 817.0887053318523, 1142.7233407425642, 1571.7771471155904, 0.0, 926.81174730528, 666.3368544129779, 0.0, 1569.292919002969, 394.82995941650285, 1704.6909358666073, 1185.0699114332824, 1314.2755619364593, 1333.3518635503792, 0.0, 0.0, 0.0, 0.0, 0.0, 0.0, 1532.3247256779061, 206.84886155284224, 963.3259281005112, 1624.0553802088427, 0.0, 588.130110706926, 768.1013821366063, 0.0, 1016.9987959106518, 1703.741050898265, 1356.1550333650164, 0.0, 514.6008370029607, 0.0, 1251.6653707662874, 1397.4126614828785, 1459.8091072269476, 1590.7172039986629, 1661.4828719263242, 1633.1095903982807, 1669.6819842828095, 1739.43636810877, 0.0, 1564.73047070031, 0.0, 976.1709745216112, 0.0, 0.0, 1377.5373339273945, 1631.244259668132, 0.0, 840.3966026216633, 1583.2860449628608, 0.0, 1568.2317960504458, 461.37395540249014, 1682.5396361739076, 917.4294987035105, 1496.835262468554, 1566.641500092346, 1561.0088526164875, 0.0, 0.0, 0.0, 0.0, 1397.694132350615, 1415.9201153267122, 1468.0617393139835, 826.1819424159132, 0.0, 1471.910026208476, 1452.6508036510218, 1508.33675377353, 0.0, 99.53649402857437, 1025.554148001853, 0.0, 575.6692828344434, 0.0, 0.0, 54.98724446838198, 714.4790207658216, 0.0, 0.0, 0.0, 394.61458177064867, 797.4138910105966, 0.0, 0.0, 54.7790914945857, 0.0, 228.95039957831773, 0.0, 383.93746951748733, 0.0, 819.8801263368742, 0.0, 0.0, 0.0, 0.0, 0.0, 0.0, 0.0, 0.0, 0.0, 0.0, 0.0, 0.0, 0.0, 0.0, 0.0, 0.0, 0.0, 0.0, 0.0, 0.0, 0.0, 0.0, 0.0, 0.0, 0.0, 0.0, 0.0, 0.0, 0.0, 0.0, 0.0, 0.0, 0.0, 0.0, 0.0, 0.0, 0.0, 0.0, 0.0, 0.0, 0.0, 0.0, 0.0, 0.0, 0.0, 0.0, 0.0, 0.0, 0.0, 0.0, 0.0, 0.0, 0.0, 0.0, 0.0, 0.0, 0.0, 0.0, 0.0, 0.0, 0.0, 0.0, 0.0, 0.0, 0.0, 0.0, 0.0, 0.0, 0.0, 0.0, 0.0, 0.0, 0.0, 0.0, 0.0, 0.0, 0.0, 0.0, 0.0, 0.0, 0.0, 0.0, 0.0, 0.0, 0.0, 0.0, 0.0, 0.0, 0.0, 0.0, 0.0, 0.0, 0.0, 0.0, 0.0, 0.0, 0.0, 0.0, 0.0, 0.0, 0.0, 0.0, 0.0, 0.0, 0.0, 0.0, 0.0, 0.0, 0.0, 0.0, 0.0, 0.0, 0.0, 0.0, 0.0, 0.0, 0.0, 0.0, 0.0, 0.0, 0.0, 0.0, 0.0, 0.0, 0.0, 0.0, 0.0, 0.0, 0.0, 0.0, 0.0, 0.0, 0.0, 0.0, 0.0, 0.0, 0.0, 0.0, 0.0, 494.1834194060057, 0.0, 0.0, 0.0, 0.0, 0.0, 22.418894058998994, 0.0, 0.0, 0.0, 0.0, 0.0, 0.0, 0.0, 0.0, 0.0, 0.0, 0.0, 0.0, 0.0, 0.0, 0.0, 0.0, 310.5128212402736, 0.0, 0.0, 0.0, 536.1514053434582, 0.0, 0.0, 0.0, 0.0, 0.0, 0.0, 0.0, 0.0, 0.0, 0.0, 0.0, 0.0, 0.0, 0.0, 0.0, 0.0, 0.0, 0.0, 927.7584239595955, 0.0, 0.0, 0.0, 1040.211951562878, 0.0, 0.0, 0.0, 0.0, 0.0, 0.0, 0.0, 0.0, 0.0, 312.69891013182644, 0.0, 0.0, 0.0, 0.0, 0.0, 0.0, 0.0, 273.1285315361687, 1315.101360043127, 0.0, 1085.3424086858622, 952.7729344458115, 1239.7642351886498, 1054.1543423961532, 619.4046416343335, 844.6638659262225, 927.6140958418025, 992.0639479700377, 1213.6210245882226, 0.0, 1557.6658142061049, 1340.7786848558612, 981.1705233939723, 1433.1495849090584, 990.1788084535747, 78.9721674022617, 0.0, 0.0, 1298.2794479341467, 0.0, 767.7723432157536, 1341.2346272991554, 0.0, 1695.8648487535909, 0.0, 1682.9682128016598, 2094.0017767847435, 1121.55560583391, 1703.7345735292, 1682.5819534692898, 417.7021284926898, 2258.1058696419514, 0.0, 2126.351704516175, 2173.079426085248, 1311.2508195314845, 2031.7419046692166, 1677.5597547840362, 442.8465443059269, 1195.3456601438033, 0.0, 1642.1986119430896, 2071.317560163073, 764.1989880810734, 1289.8593796707369, 0.0, 1574.2746444921345, 2095.0251121179813, 1228.8520739855621, 2207.549143208409, 554.5004296044738, 1669.7170215936187, 1594.047994032763, 0.0, 2292.5233432856394, 2148.7578760733413, 2300.0205428944364, 2184.50344639895, 1612.308584467746, 2153.653079149219, 1553.0719632995397, 556.5214812906111, 2459.2321970491057, 2146.589691217762, 1589.7709973026313, 2249.489500905363, 524.2901810997225, 1336.7518303427134, 0.0, 1492.8321413372698, 2084.6714801334942, 1180.5319989075144, 2184.751131426711, 460.74539869391987, 1617.4531083591546, 1524.0098848571504, 1909.0780970375324, 2267.0713950071054, 0.0, 2206.118176241099, 2130.0833956768106, 1521.2354199250503, 2099.222506359399, 0.0, 797.4601210071294, 2431.860096474452, 2096.8478303466472, 1512.6417847478003, 2182.6958116922115, 216.17237799782112, 948.5976336881273, 0.0, 1452.096138774784, 1994.105365071584, 1065.3919861686948, 2100.3704646156093, 1125.7536557353603, 1595.9189261589586, 1447.5822572140487, 1855.6267987880694, 2178.583639112819, 0.0, 2081.08781244924, 0.0, 1274.512355067304, 2013.9283358839564, 1449.080334231358, 1069.8196903101748, 2307.5999989140055, 2039.6724583342366, 1458.0133739757116, 2088.395179084865, 492.5196966528107, 625.7672589892143, 0.0, 1392.8272040780694, 0.0, 1003.1639372208922, 0.0, 1132.7625677073943, 1540.023192823761, 1382.5307160603866, 0.0, 2113.736491764331, 0.0, 0.0, 0.0, 536.6903915445258, 1144.6601930211068, 466.62534636839985, 1062.8535209741606, 2161.8598304636057, 2004.2329895119008, 1367.1097503291414, 964.7209236381423, 1496.1318670846374, 0.0, 1902.0371111898412, 284.5184398317157, 1991.5338033130643, 772.4814002211359, 1761.1120949149818, 1262.472618432753, 1453.722129950408, 1342.9884719042684, 1902.9886325423633, 0.0, 0.0, 1996.0917915519751, 1748.755336393911, 1004.4588916131422, 0.0, 0.0, 1063.8410554108898, 2114.3916935785946, 1807.4300043394298, 1295.3765319508377, 123.77412132625906, 600.9394037102456, 449.9285789552431, 1826.4009885173512, 1349.0288473535818, 0.0, 709.0509235803399, 0.0, 1190.2505884321931, 286.55942509345965, 1181.493663308006, 1821.743479573407, 1915.8797487566576, 0.0, 0.0, 0.0, 983.9403211010408, 0.0, 1251.7310493520893, 1048.1605702064871, 1980.8828692769553, 0.0, 1221.3081405649953, 464.76726022661927, 142.44066448718357, 929.5412521860458, 1793.3917810880673, 1317.8000704350832, 1774.367979414047, 876.260835841181, 0.0, 955.2104164818877, 1275.7479259725887, 1149.4331728460552, 1785.9763951694308, 1642.6631072243863, 0.0, 0.0, 1408.3153854462223, 672.0832818902995, 1742.0889085668268, 0.0, 1211.0251496585897, 0.0, 1686.1699427664232, 1174.2750573242927, 1837.6237759036337, 0.0, 918.2996599253083, 142.27647632617368, 1301.7814685063447, 1415.0603695029326, 785.9775806499333, 1615.6583864362294, 797.7135446624858, 1223.844381594368, 1081.8791826999284, 0.0, 0.0, 1855.618312868669, 0.0, 1639.109745795347, 0.0, 0.0, 0.0, 1242.3637025516505, 0.0, 0.0, 1138.7145425961032, 650.5804970045673, 0.0, 838.7894738767175, 1761.109877959184, 1285.760143923861, 0.0, 712.9307718055345, 1600.2045561506127, 1001.3800286200872, 0.0, 1033.896530328496, 0.0, 0.0, 0.0, 0.0, 0.0, 0.0, 1639.4190232618334, 1193.100469026031, 1315.991839294107, 1761.5865576346428, 0.0, 0.0, 1736.0465990768867, 1096.218540976784, 894.2470042238187, 1746.3738608631752, 0.0, 1702.3253316933474, 636.8104627147873, 1584.6166891670446, 1094.0811995436597, 1152.4918327323103, 1101.5740614072456, 1730.5844361489924, 0.0, 0.0, 0.0, 0.0, 174.47800241189645, 1662.3677691230407, 1214.3698703264834, 1065.2843158850142, 0.0, 0.0, 1187.368437003064, 234.58682302981262, 0.0, 978.2857441091451, 1786.9441817254483, 1392.7201980011748, 1746.5680197755953, 824.5010485796322, 210.34031843466863, 1428.8881989373754, 1306.8300320926753, 963.1269195657225, 1770.164348937553, 0.0, 1880.4083922869418, 1785.6294029489784, 1652.48970807627, 6.305173820309734, 0.0, 1295.366136020053, 956.6352044792361, 0.0, 0.0, 0.0, 1808.7608514837314, 0.0, 915.6202343048864, 1686.1845571450863, 0.0, 0.0, 927.3997492372614, 0.0, 1156.895530892718, 0.0, 0.0, 1691.0450155326469, 0.0, 1842.6471941201949, 0.0, 1543.9895314100575, 0.0, 0.0, 0.0, 72.41378657956218, 0.0, 0.0, 1527.702227863348, 0.0, 0.0, 0.0, 880.5614623018887, 674.5112958820271, 0.0, 0.0, 0.0, 585.5002321252077, 742.0524877084374, 0.0, 535.7856233424418, 0.0, 0.0, 0.0, 591.6542433964846, 0.0, 492.5275985915069, 521.5040104497589, 0.0, 0.0, 988.9879801397954, 0.0, 0.0, 823.4910907845045, 695.5062032474166, 0.0, 0.0, 0.0, 0.0, 0.0, 0.0, 0.0, 0.0, 0.0, 0.0, 0.0, 0.0, 0.0, 0.0, 0.0, 0.0, 0.0, 0.0, 0.0, 0.0, 0.0, 0.0, 0.0, 0.0, 0.0, 0.0, 0.0, 0.0, 112.41275022468793, 0.0, 0.0, 0.0, 0.0, 0.0, 0.0, 0.0, 0.0, 0.0, 0.0, 0.0, 0.0, 0.0, 0.0, 0.0, 0.0, 0.0, 0.0, 0.0, 0.0, 0.0, 0.0, 0.0, 0.0, 0.0, 0.0, 0.0, 0.0, 0.0, 0.0, 0.0, 0.0, 0.0, 0.0, 0.0, 0.0, 0.0, 0.0, 0.0, 0.0, 0.0, 0.0, 0.0, 0.0, 0.0, 0.0, 0.0, 0.0, 0.0, 0.0, 0.0, 0.0, 0.0, 0.0, 0.0, 0.0, 0.0, 0.0, 0.0, 0.0, 0.0, 0.0, 0.0, 0.0, 0.0, 0.0, 0.0, 0.0, 0.0, 0.0, 0.0, 0.0, 0.0, 0.0, 0.0, 0.0, 0.0, 0.0, 0.0, 0.0, 0.0, 0.0, 0.0, 0.0, 0.0, 0.0, 0.0, 0.0, 0.0, 0.0, 0.0, 0.0, 0.0, 0.0, 0.0, 0.0, 0.0, 0.0, 0.0, 0.0, 0.0, 0.0, 0.0, 0.0, 0.0, 0.0, 0.0, 0.0, 0.0, 0.0, 0.0, 0.0, 0.0, 0.0, 0.0, 0.0, 0.0, 0.0, 0.0, 0.0, 0.0, 0.0, 0.0, 0.0, 0.0, 0.0, 0.0, 0.0, 0.0, 0.0, 0.0, 0.0, 0.0, 0.0, 0.0, 109.07474678918071, 0.0, 0.0, 0.0, 0.0, 0.0, 0.0, 483.86077721600583, 0.0, 0.0, 0.0, 0.0, 0.0, 0.0, 0.0, 0.0, 0.0, 0.0, 0.0, 184.18884121272583, 0.0, 0.0, 0.0, 0.0, 0.0, 1068.0315038517845, 0.0, 0.0, 0.0, 0.0, 1057.4261465818365, 0.0, 0.0, 0.0, 0.0, 0.0, 0.0, 0.0, 484.63040462786137, 0.0, 0.0, 215.90435629747313, 1389.076415325276, 1175.0383214484114, 0.0, 1359.9135517517936, 726.7458177743425, 1011.5182662354764, 1799.9611211885076, 0.0, 627.9453952840925, 1538.2078695978053, 0.0, 2085.976677424175, 1382.8235663608148, 0.0, 938.1818430928089, 1498.3525190307519, 833.9641873349256, 0.0, 1700.1297311570374, 1177.0975213606089, 0.0, 0.0, 1370.5244474760725, 1897.2597080660364, 2102.444425676583, 1702.1607494671066, 2271.9234060369868, 987.2986771671544, 2027.5881550816187, 1849.7165212278342, 1698.9990440543982, 1758.238236651578, 2079.9749910171886, 2235.964972722179, 1655.6543112876755, 2240.4473052636954, 0.0, 347.55322473423087, 2292.590189923748, 1577.8726980200097, 1776.2857655619525, 2418.490417908228, 1926.1165361853775, 1611.7775295934384, 2467.262341066297, 1434.2383209665443, 1410.5394518607366, 2417.6323582326827, 1585.2155711241917, 2628.3067103124063, 1009.4425587761502, 2259.001248509715, 642.0007584522265, 1721.1637953142722, 1683.6428204079784, 2363.8861239091857, 2301.2612999288262, 2096.2167979217998, 2445.2790453639955, 2393.2995376386816, 0.0, 2144.1090623796676, 1508.0662408067255, 0.0, 1986.90756982152, 1913.1277014319373, 1615.1547273902324, 2403.1680564947424, 1373.9941666032162, 1168.875646719272, 2377.9130614157384, 1513.3523695038323, 2560.918824372048, 942.7456904001513, 2226.382316286819, 0.0, 1637.0495582544158, 1573.5401205231278, 2248.9123336712096, 936.7900858399964, 1858.636315096938, 2430.1238250912543, 2365.725119578968, 392.8093582360435, 2131.9210500280874, 964.8329432588349, 1890.7353400993945, 189.0295894380025, 199.43953127174262, 1204.417058375953, 307.20096225576293, 1322.6003974857654, 863.8155418010066, 2304.074946056841, 1483.9251434984694, 2407.71204671648, 1214.3737982754546, 2101.6244141399334, 0.0, 1614.0810147491243, 1467.3797738246105, 2154.012230644187, 2176.258791862939, 870.799774609769, 2402.366209854096, 2296.920022740253, 753.6197400844162, 2112.6273213513373, 548.5951277428417, 1830.6668786979508, 0.0, 0.0, 1450.4813635469525, 2355.316172245801, 1276.6042969528175, 818.9428680080124, 2177.879021720412, 1427.3580218810503, 2297.1565621933723, 1138.0260467836335, 0.0, 0.0, 1555.9646413356252, 1444.4309650415964, 298.37589121911606, 2134.0312505186735, 551.3106631991978, 2372.018755538004, 2168.532729877576, 1099.3049191477805, 2077.03611784949, 1333.0755976159498, 365.4586816202266, 0.0, 512.6983055817022, 1357.0591292756003, 2288.1601873716113, 502.78726421310137, 807.1081385785507, 1861.3247392935402, 1242.3861859391382, 0.0, 1084.0100500849198, 1831.4065692447593, 0.0, 0.0, 1335.6742924407843, 1837.1766079501501, 0.0, 1839.8470688787027, 0.0, 2109.4120484557466, 1328.9789566413422, 0.0, 1268.71670009727, 1636.6431189701846, 2153.7428367084467, 1814.9289397683292, 1464.9751520532266, 2327.7347091214083, 1317.5826509004853, 580.5470542603713, 0.0, 1448.240935978762, 0.0, 1016.9929907335718, 0.0, 486.41643192265974, 1258.1596665237591, 1172.2060559862168, 0.0, 0.0, 1148.9926944372037, 0.0, 0.0, 945.4998538742205, 1961.365118474841, 1301.39920381124, 251.64578068527203, 2078.7044311337627, 148.89555247112568, 1397.4752262800546, 209.50017117258759, 0.0, 574.9245031673441, 0.0, 1413.0366502879215, 1134.6771940270985, 912.3108258614357, 1664.8914560119883, 832.1444164097741, 1226.9079577419018, 1143.636409236435, 0.0, 1727.1547226526882, 555.7016445860502, 0.0, 0.0, 1475.2154438461657, 0.0, 1222.5235061669252, 1524.93694622279, 0.0, 1704.12900222046, 1354.5197420874279, 676.175293007476, 0.0, 823.1130536465686, 0.0, 122.08470946992044, 1752.1506081249759, 831.256598189854, 0.0, 976.061403169009, 1212.036852309346, 1074.6334770478472, 0.0, 0.0, 0.0, 0.0, 1785.96256336203, 1437.6919457339552, 0.0, 1258.9783132510042, 510.8355835506343, 0.0, 0.0, 1349.0360470442781, 1245.847396253102, 0.0, 809.1518633687184, 0.0, 0.0, 0.0, 741.1525168104456, 0.0, 1023.1148046738667, 1199.0925022337933, 1023.359737201051, 1696.0033929163712, 1683.805790871614, 415.1276947983319, 0.0, 0.0, 1267.3902681540633, 0.0, 1246.8647413414876, 1439.7822050180948, 0.0, 0.0, 1337.6007869296413, 1245.4159219298406, 0.0, 667.0787976191232, 0.0, 1401.218573478233, 0.0, 924.1308369194646, 56.684103134948614, 946.7693663233265, 1237.3311307066174, 1087.8503142467755, 1700.3026471216656, 0.0, 0.0, 0.0, 1547.8231924252407, 1434.3586631445437, 454.0287110009847, 0.0, 1439.8736067628533, 0.0, 1638.15135247376, 0.0, 378.04398677292187, 1251.2438034365887, 709.7395201261078, 0.0, 1485.8604550909565, 0.0, 1070.7436105139245, 1626.2104687845065, 965.4645453856062, 1347.087588099298, 195.84172750081805, 0.0, 0.0, 0.0, 828.9458684250064, 1745.0836894566676, 1441.5090990127408, 1740.7288134962546, 1347.3148990720017, 787.0017951730566, 270.7942195097666, 1630.5630596943172, 1569.0646914243755, 508.9337058436123, 0.0, 1009.6559323497927, 1599.6923105285339, 1587.9195378155794, 0.0, 740.887325525073, 1607.4519061053993, 885.0768769736424, 0.0, 824.3795781422533, 0.0, 0.0, 0.0, 0.0, 0.0, 1136.2106658139596, 0.0, 1434.5370103504954, 1390.501576111266, 15.327632817358957, 1467.235386822197, 0.0, 0.0, 0.0, 360.954482954002, 396.7597191624194, 0.0, 0.0, 0.0, 0.0, 193.68715586210328, 704.8851522126126, 0.0, 495.9068154882844, 0.0, 0.0, 0.0, 0.0, 0.0, 0.0, 566.0177346654548, 362.03514348468315, 0.0, 0.0, 701.1974495339817, 0.0, 586.9865132953339, 0.0, 0.0, 0.0, 0.0, 0.0, 0.0, 0.035422174649557346, 0.0, 0.0, 0.0, 0.0, 0.0, 0.0, 0.0, 0.0, 0.0, 0.0, 216.5780779405698, 0.0, 0.0, 0.0, 0.0, 0.0, 0.0, 0.0, 0.0, 0.0, 0.0, 0.0, 0.0, 0.0, 0.0, 0.0, 0.0, 0.0, 0.0, 0.0, 0.0, 0.0, 0.0, 0.0, 0.0, 0.0, 0.0, 0.0, 0.0, 0.0, 0.0, 0.0, 0.0, 0.0, 0.0, 0.0, 0.0, 0.0, 0.0, 0.0, 0.0, 0.0, 0.0, 0.0, 0.0, 0.0, 0.0, 0.0, 0.0, 0.0, 0.0, 0.0, 0.0, 0.0, 0.0, 0.0, 0.0, 0.0, 0.0, 0.0, 0.0, 0.0, 0.0, 0.0, 0.0, 0.0, 0.0, 0.0, 0.0, 0.0, 0.0, 0.0, 0.0, 0.0, 0.0, 0.0, 0.0, 0.0, 0.0, 0.0, 0.0, 0.0, 0.0, 0.0, 0.0, 0.0, 0.0, 0.0, 0.0, 517.9363044103791, 0.0, 0.0, 0.0, 0.0, 0.0, 0.0, 0.0, 0.0, 0.0, 0.0, 0.0, 0.0, 0.0, 0.0, 0.0, 0.0, 0.0, 0.0, 0.0, 0.0, 0.0, 0.0, 620.988104113335, 0.0, 0.0, 0.0, 0.0, 0.0, 0.0, 0.0, 0.0, 0.0, 0.0, 0.0, 0.0, 0.0, 0.0, 0.0, 0.0, 0.0, 0.0, 0.0, 0.0, 0.0, 0.0, 639.1882765538862, 0.0, 0.0, 0.0, 0.0, 0.0, 0.0, 0.0, 0.0, 0.0, 0.0, 0.0, 0.0, 0.0, 0.0, 68.55264964528892, 0.0, 0.0, 0.0, 0.0, 170.48888026921162, 0.0, 0.0, 342.8147423293859, 0.0, 0.0, 0.0, 0.0, 0.0, 0.0, 0.0, 0.0, 1271.8792501734317, 0.0, 0.0, 0.0, 0.0, 112.96768192747405, 967.508183053433, 0.0, 0.0, 0.0, 758.3892061378949, 0.0, 0.0, 0.0, 0.0, 0.0, 0.0, 0.0, 0.0, 508.9422674259513, 0.0, 0.0, 0.0, 851.0778407452876, 0.0, 0.0, 1411.5870149353468, 683.2052934180876, 1404.7287309819721, 1455.2593589986718, 647.105400978222, 646.1101706802209, 1617.5879747243264, 1100.046687179198, 0.0, 1131.1949196241071, 1421.3048198617607, 321.0021637020155, 515.4267939248205, 32.250353560703076, 1029.174663930669, 1283.744962934435, 0.0, 835.1174137061981, 0.0, 1342.5865190918216, 868.8885198236895, 2141.3727319674254, 1790.496074313052, 2453.7851304383817, 1094.276962668743, 2104.143766281847, 1449.1120211259736, 0.0, 1761.1552421734139, 2268.222016913949, 98.52680461858525, 2119.3530490411194, 0.0, 2377.2870741835886, 212.34277839163727, 2188.595608087261, 1604.6707633116632, 1826.04593072516, 2134.6338177783086, 0.0, 1766.351416539, 2414.3531966606215, 1619.3666169799474, 617.3076556295287, 1877.9554097702498, 1733.1642112577533, 2204.2584535782617, 1055.395648496063, 1178.0173761169688, 1465.6035381455908, 1484.0854269986128, 1691.777924799557, 0.0, 2329.884325667867, 1848.5606827262764, 0.0, 2152.472132626004, 19.99429662977874, 0.0, 1512.123637486892, 2088.71404048837, 2089.3960052685584, 2093.588015455925, 1744.4204941616779, 1452.0662191633946, 1524.3943732160483, 1548.2024612535336, 0.0, 1644.3376401777127, 2162.516999822275, 1205.4415473734578, 1867.121115823226, 1395.750168426961, 1418.4413190102562, 1579.0182514978806, 1951.6397530922466, 2320.4350942563947, 1964.5552230208139, 1864.6666543585588, 2170.769556884499, 0.0, 2014.2310891302266, 1434.3370566578926, 0.0, 0.0, 2060.467904593544, 1662.903838145967, 2553.391886039111, 1475.176756369382, 1509.3834449597753, 1815.849132618041, 1590.9855751683922, 2077.169279773195, 1300.7367618338044, 1795.9886619030535, 1304.883821184472, 1391.575986780372, 1467.7034921215568, 4.686678975113483, 2203.107922631294, 0.0, 1819.1645957547798, 2181.811173161207, 0.0, 1955.8582938130498, 1399.0210674135085, 1959.7669308374752, 2018.5044332290677, 0.0, 0.0, 0.0, 748.4521339274879, 1179.182875827692, 1758.1885503429794, 1532.323848175425, 2046.5312855101013, 1361.5755793645762, 0.0, 1191.0261014376983, 1055.268257476107, 915.8709524469399, 1752.6186170232208, 2079.273405591176, 0.0, 1799.1091453090964, 2137.2704959940133, 0.0, 1908.3143620551486, 1348.000986680545, 669.2623705426657, 0.0, 297.74891477436205, 0.0, 661.6411092740007, 177.46981934545937, 1344.775298068202, 1777.2091001329595, 1325.888524650504, 0.0, 1144.4725679016194, 1645.6909335578862, 796.9135882681549, 1179.9381236564732, 1332.191154494314, 0.0, 1913.0226166373584, 0.0, 1688.9130907141016, 1824.0621271938749, 0.0, 0.0, 1229.1707047720695, 1736.5386497204256, 1785.2530652141772, 167.47441747330407, 1316.1491719166415, 595.9783603691403, 0.0, 0.0, 0.0, 1343.8506385080993, 0.0, 929.2994448401862, 0.0, 724.7203431938976, 1200.300387244508, 1279.2992809650575, 1702.9587056164014, 1808.144271102853, 1802.373114317126, 0.0, 1723.966077133583, 0.0, 1676.8081784461015, 1154.9401407252167, 1635.9491967441209, 1731.7425640442193, 86.8103616002993, 1257.0598764789852, 717.8926741873948, 0.0, 1310.3257786621787, 1676.0941897553635, 1309.5904126862945, 0.0, 786.4536247488829, 1509.0225272806354, 730.3227488383964, 1176.4587782417084, 1266.8310254594464, 0.0, 0.0, 1775.1651054831898, 1610.4757701199233, 0.0, 0.0, 0.0, 1116.5063247542555, 308.43267234546676, 0.0, 64.67883035665345, 0.0, 1979.5246675395558, 0.0, 1301.052125776753, 217.27501274975933, 862.2479573606055, 0.0, 846.9765835936323, 1489.2268149445813, 801.8654984401214, 1169.9411665890204, 1254.2027193833746, 0.0, 0.0, 0.0, 1580.2745813809508, 423.81544649663266, 0.0, 1553.4467112837685, 1081.252297745089, 318.57132036788374, 1680.4424018840853, 1714.6855374766087, 1218.7553346578727, 577.1122838532024, 78.4813343162878, 0.0, 1642.3287137393213, 1272.2640416123495, 1720.1143826467649, 820.2685705070905, 0.0, 757.5476356774595, 1162.9212155129874, 0.0, 1668.0659234995744, 0.0, 0.0, 1438.6301044261186, 0.0, 0.0, 1532.4346704658108, 1051.9927919923584, 415.38424829054077, 0.0, 0.0, 0.0, 357.2071011572103, 0.0, 0.0, 1630.0450675849931, 0.0, 584.865103657602, 849.8909044501761, 0.0, 688.6881023597116, 1195.2403949787217, 0.0, 1668.5510598927135, 0.0, 1737.3795793793793, 0.0, 0.0, 0.0, 1590.8483411244333, 1018.1849523613056, 1458.4383472387042, 0.0, 0.0, 1279.8497735091732, 1814.0461144340418, 1253.5467966630881, 1417.197263659348, 0.0, 1369.311218511727, 1751.9312531732332, 852.8614623299613, 0.0, 622.3903146949194, 1290.2419841490134, 1449.5591550437491, 165.51073579058286, 0.0, 1775.5753920137565, 1598.1720806101152, 0.0, 0.0, 0.0, 1153.7925311301926, 1475.2149778572834, 0.0, 1692.5996348413707, 1422.5186840692043, 1834.494216456749, 0.0, 980.1568907394471, 1562.812083889084, 0.0, 0.0, 803.8982688155597, 1444.7905770895625, 482.7129502968934, 1400.958363149621, 1095.109545018928, 1622.9291106692287, 0.0, 0.0, 1472.336203980323, 0.0, 0.0, 1459.0553945377903, 1276.5152949434698, 0.0, 1521.7063031211296, 0.0, 1506.4849266524325, 7.995855082222319, 0.0, 90.78596377943849, 313.6289109849872, 638.2987611132465, 0.0, 0.0, 616.205487040695, 0.0, 640.2820987695379, 673.9299894507242, 843.7870401670365, 0.0, 739.2851218874229, 409.8217572570903, 0.0, 0.0, 17.739460666751803, 0.0, 131.0315340917325, 342.3875318556277, 0.0, 1006.3652306265418, 0.0, 0.0, 0.0, 0.0, 0.0, 0.0, 0.0, 0.0, 0.0, 0.0, 0.0, 0.0, 0.0, 0.0, 0.0, 0.0, 0.0, 0.0, 0.0, 0.0, 0.0, 0.0, 713.0488993040806, 0.0, 0.0, 0.0, 0.0, 0.0, 0.0, 0.0, 0.0, 0.0, 0.0, 0.0, 0.0, 0.0, 0.0, 0.0, 0.0, 0.0, 0.0, 0.0, 0.0, 0.0, 0.0, 0.0, 0.0, 0.0, 0.0, 0.0, 0.0, 0.0, 0.0, 0.0, 0.0, 0.0, 0.0, 0.0, 0.0, 0.0, 0.0, 0.0, 0.0, 0.0, 0.0, 0.0, 0.0, 193.3275066138393, 0.0, 0.0, 0.0, 0.0, 0.0, 0.0, 0.0, 0.0, 0.0, 0.0, 0.0, 0.0, 0.0, 0.0, 0.0, 0.0, 0.0, 0.0, 0.0, 0.0, 0.0, 0.0, 0.0, 0.0, 0.0, 0.0, 0.0, 0.0, 0.0, 0.0, 0.0, 0.0, 0.0, 0.0, 0.0, 0.0, 0.0, 0.0, 0.0, 0.0, 0.0, 0.0, 0.0, 0.0, 0.0, 0.0, 0.0, 0.0, 0.0, 0.0, 0.0, 0.0, 0.0, 0.0, 0.0, 0.0, 0.0, 0.0, 0.0, 0.0, 0.0, 0.0, 0.0, 0.0, 0.0, 0.0, 0.0, 0.0, 0.0, 0.0, 0.0, 0.0, 0.0, 0.0, 0.0, 0.0, 0.0, 0.0, 0.0, 0.0, 0.0, 0.0, 0.0, 0.0, 0.0, 0.0, 0.0, 0.0, 0.0, 0.0, 0.0, 66.2622964229026, 0.0, 0.0, 0.0, 0.0, 0.0, 0.0, 0.0, 0.0, 0.0, 0.0, 0.0, 0.0, 0.0, 0.0, 0.0, 0.0, 0.0, 237.80874286747033, 0.0, 0.0, 0.0, 0.0, 0.0, 0.0, 0.0, 0.0, 0.0, 0.0, 0.0, 0.0, 0.0, 0.0, 1075.4938904697144, 0.0, 0.0, 0.0, 0.0, 0.0, 0.0, 0.0, 1023.6839692927498, 0.0, 0.0, 0.0, 0.0, 517.476080823238, 302.99364446831726, 0.0, 47.469531429770605, 407.3831237709556, 1088.469302127657, 975.0178338289297, 952.5816078637216, 1211.4722628343907, 563.8348875769042, 1550.7839805985986, 100.62824157869196, 601.985889267844, 0.0, 1127.7729530649528, 966.0238086120454, 1000.5234594181801, 898.1437047362756, 1545.25805802867, 1222.3724451314897, 1364.9756057356087, 1139.279508408305, 0.0, 1289.300824442233, 0.0, 1420.7509791994873, 1107.8116236024139, 0.0, 0.0, 1723.7759808397686, 1977.9932498895314, 1497.8056728069755, 1779.4116842232684, 1755.2812792026768, 1458.437114516588, 1681.4830254765243, 2066.6694483268957, 2174.246755542585, 1986.880044962837, 1854.8525482939565, 1827.6927680578863, 1235.6994345830892, 1893.3583861266582, 1662.7171776584628, 2003.2629018603445, 1863.0144221474513, 404.44179102399335, 819.6167916045073, 2449.49150622291, 1440.9088140568197, 384.40501214090546, 0.0, 1569.7617481613322, 2034.9461261695567, 1458.7097573418314, 2052.913236980044, 1814.7798577581266, 1393.1300844059222, 0.0, 2159.413992478204, 1879.0952984605872, 1989.2720569211972, 0.0, 1775.896606756579, 608.8751906462745, 1915.9533147871728, 1551.9918924911838, 1901.8993212489609, 1873.0989765941015, 0.0, 1542.90237364532, 2262.8944471994464, 1484.4453352403611, 1407.214911757715, 1874.2281705521134, 1499.7205502630302, 163.19805014303685, 1167.7616117799262, 0.0, 1530.499108312941, 1329.8465495172272, 1145.700790087174, 2127.5403973199923, 1877.3481752159523, 0.0, 252.67717878059105, 1763.0296407684812, 496.3855955403833, 1855.5405079526136, 1473.061425535852, 179.2382527874183, 1882.8805151765707, 1909.114054056704, 1471.7882374414673, 2218.736139587451, 1274.628311180721, 547.861588624951, 1846.2742615572645, 1471.1764570500075, 0.0, 1385.098162841309, 1930.7385094289589, 1215.3558792000306, 1308.088455225838, 1403.4553257263838, 2076.523733541761, 1820.713155808261, 0.0, 0.0, 1742.2428030969934, 479.27228033000085, 1809.0139668609118, 1445.0019753659128, 1815.1277603043663, 1650.8004773235923, 0.0, 1414.6696262357987, 2151.232483006373, 1411.5547867648424, 657.7176604832038, 464.70602910453783, 1419.2734505012888, 0.0, 1374.9711923556179, 1883.7488272527987, 1001.4383105522948, 1261.6269665536154, 1342.2849983366239, 618.2241414461067, 1807.567558002944, 0.0, 1709.430559594556, 1702.7531595673042, 652.2666607356837, 240.47231514903183, 342.8039974665898, 1760.432327801578, 0.0, 1840.4916344174135, 1365.5579785074428, 2080.035510836058, 1439.0532439321285, 1372.0157493665604, 1752.334841320446, 0.0, 1853.3558116119814, 1359.4486787416638, 0.0, 1075.3204258791022, 1340.3650853725687, 1215.8493214416162, 0.0, 0.0, 0.0, 1719.7376226304707, 1750.07419408092, 260.09175851859334, 0.0, 1203.7019922161023, 1731.9351492741907, 1774.6705168026094, 1660.9926777195299, 1191.7984178303816, 1858.4568799342933, 1253.6910604481473, 1363.944390192158, 1682.1185092908695, 1173.4071700252214, 1808.9712916387073, 1244.8251922926042, 1651.0525962417232, 938.645256680602, 1365.838455141995, 1165.7608120966213, 1733.497983943856, 0.0, 1647.2883789505358, 1681.5586854591093, 1712.7824487580835, 0.0, 0.0, 1223.5983604894461, 518.3770867295153, 1715.2498932605672, 0.0, 1138.0435829159185, 320.7363039311697, 1008.1404424417784, 40.540788656446324, 0.0, 1133.2360909060228, 1762.7800926306159, 1348.2493372338163, 0.0, 698.6184910700836, 0.0, 1153.8654797697761, 1679.453686575363, 1618.273271001708, 1619.388605340096, 1649.0029098333305, 1544.1633987127973, 0.0, 1553.9880658975096, 1194.7718982670656, 994.8427302497433, 1670.8894335764749, 1607.4720383215906, 1104.360162887255, 0.0, 642.4640450694676, 0.0, 1626.227681563167, 1090.833946775362, 0.0, 949.5202875791979, 1533.4528277435968, 588.7884861333088, 1321.037042258983, 1139.960744400676, 0.0, 1042.8450973192291, 0.0, 0.0, 1594.8731756162485, 0.0, 1497.2148311354094, 1179.7048405511166, 1473.4060763165528, 1642.7130411526507, 1581.5385590819567, 78.79115088622854, 1650.4246536179755, 485.74485279178754, 503.32117328370333, 1591.5771978561168, 1052.546207000993, 1728.969525011333, 611.0671794225764, 0.0, 738.9572073715062, 1306.6578583990351, 1138.9669917021993, 1626.0258597651905, 0.0, 1574.6792907174088, 1588.586456589206, 101.10700338359422, 0.0, 0.0, 0.0, 0.11757034313846046, 1620.2089329577425, 1556.5928306943451, 0.0, 0.0, 754.3378651481975, 0.0, 0.0, 1006.2969467556034, 0.0, 485.6101307384925, 1505.6843587954936, 831.7651680969993, 1326.923409627101, 1204.7562219588028, 0.0, 0.0, 0.0, 1603.56934228353, 0.0, 0.0, 1528.894707859271, 1182.643845370198, 1359.2770283742789, 0.0, 0.0, 1144.456371256376, 0.0, 812.8852079661158, 678.2704119208673, 1633.989633021728, 1046.0202230330615, 1741.4438105249687, 483.7169948409388, 0.0, 838.558625389843, 1403.3247994027154, 1320.749815637835, 1680.699505356927, 0.0, 340.9262387526107, 1590.2251693612284, 0.0, 0.0, 1523.5400645855473, 1251.680301969008, 1427.1524658090145, 0.0, 0.0, 131.99495761634475, 0.0, 1193.9764942565985, 843.4299965222242, 1490.8290755990934, 1251.692298394542, 1685.773748611225, 507.89527444417627, 0.0, 758.4729368193354, 1496.854841534883, 1412.734613355579, 0.0, 0.0, 1468.8316308352914, 1436.3529113035804, 0.0, 0.0, 1372.4102980495459, 1336.1055904186167, 3.465397203438326, 0.0, 0.0, 0.0, 0.0, 1465.9306784818655, 0.0, 219.31828849707216, 0.0, 702.7455894404842, 0.0, 0.0, 0.0, 0.0, 485.20487427750834, 644.7101547808659, 0.0, 447.3073288198914, 326.24205998742633, 0.0, 0.0, 0.0, 0.0, 104.94532682431726, 702.9038446651261, 0.0, 0.0, 0.0, 589.7166107241493, 0.0, 0.0, 0.0, 0.0, 0.0, 48.816541304583765, 0.0, 0.0, 0.0, 0.0, 0.0, 0.0, 0.0, 0.0, 0.0, 0.0, 0.0, 0.0, 0.0, 0.0, 0.0, 0.0, 0.0, 0.0, 0.0, 0.0, 0.0, 0.0, 0.0, 0.0, 0.0, 0.0, 0.0, 0.0, 0.0, 0.0, 0.0, 0.0, 0.0, 0.0, 0.0, 0.0, 0.0, 0.0, 0.0, 0.0, 0.0, 0.0, 0.0, 0.0, 0.0, 0.0, 0.0, 0.0, 0.0, 0.0, 0.0, 0.0, 0.0, 0.0, 0.0, 0.0, 0.0, 0.0, 0.0, 0.0, 0.0, 0.0, 0.0, 0.0, 0.0, 0.0, 0.0, 0.0, 0.0, 0.0, 0.0, 0.0, 0.0, 0.0, 0.0, 0.0, 0.0, 0.0, 0.0, 0.0, 0.0, 0.0, 0.0, 0.0, 0.0, 0.0, 0.0, 0.0, 0.0, 0.0, 0.0, 0.0, 0.0, 0.0, 0.0, 0.0, 0.0, 0.0, 0.0, 0.0, 0.0, 0.0, 0.0, 0.0, 0.0, 0.0, 0.0, 0.0, 0.0, 0.0, 0.0, 0.0, 0.0, 0.0, 0.0, 0.0, 0.0, 0.0, 0.0, 0.0, 0.0, 0.0, 0.0, 0.0, 0.0, 0.0, 0.0, 0.0, 0.0, 0.0, 0.0, 0.0, 0.0, 0.0, 0.0, 0.0, 0.0, 0.0, 0.0, 0.0, 0.0, 0.0, 0.0, 0.0, 0.0, 0.0, 0.0, 0.0, 0.0, 0.0, 0.0, 0.0, 0.0, 0.0, 0.0, 191.33390436295025, 0.0, 0.0, 0.0, 0.0, 0.0, 0.0, 0.0, 0.0, 0.0, 0.0, 0.0, 0.0, 0.0, 0.0, 0.0, 0.0, 0.0, 0.0, 0.0, 0.0, 0.0, 0.0, 1226.531439516298, 0.0, 0.0, 0.0, 0.0, 0.0, 0.0, 0.0, 0.0, 270.3113275532848, 0.0, 0.0, 0.0, 0.0, 331.3882891296789, 0.0, 0.0, 0.0, 0.0, 0.0, 0.0, 0.0, 0.0, 144.4930047411878, 954.71175346317, 811.1587864973197, 1064.5070482501133, 199.1988106591005, 0.0, 1580.4134428924644, 759.0403544465127, 434.3520919911412, 1014.5385529232638, 0.0, 0.0, 1160.3538843161398, 855.2233849359785, 1506.1024115275345, 1125.182435131898, 1046.7604627473536, 1091.607419668818, 0.0, 1095.1104286383857, 325.80514111031033, 1149.0158912883958, 783.2616918051336, 0.0, 1939.1349864938827, 1639.2444334755753, 978.2497241758861, 294.6962608002799, 1923.3317575079147, 1676.8507769788334, 1658.0704193456427, 1510.144500554076, 2047.1014999198321, 1815.190768473757, 1756.0515444582027, 1794.6494386517882, 1771.0696954468958, 1321.300659822333, 1787.7722015095205, 1500.9620681851545, 1150.765992385004, 1746.0632419028102, 1750.5627605166123, 1380.6333743441287, 2116.174874011897, 808.344139072001, 0.0, 2204.5226131402333, 1576.8672097152564, 2328.184718393018, 914.7026605400828, 2191.0349948438443, 1416.2698820326789, 1595.032813119678, 1442.009125428852, 2077.667854226655, 2276.5525729912697, 1915.3286689252081, 2083.9152071648227, 2083.236164508964, 1451.029036122656, 2162.859698405521, 1414.6776563925807, 2106.1066532950617, 782.9207725938816, 1987.321179817584, 1389.23205039645, 2262.0015187553095, 212.63489763303423, 0.0, 2200.514936608805, 0.0, 2330.386092175269, 1220.4852548718723, 2149.82187009454, 1316.8697039948554, 0.0, 1368.9160593378424, 2041.89530145625, 2227.939251310674, 425.46239803510076, 1197.8305477912327, 1983.225283808323, 1268.0489740684402, 2093.1465970431245, 1350.7841100696278, 2087.303980640254, 1895.2131331449202, 0.0, 1328.0002031695767, 2191.7827132237894, 1534.602659667775, 0.0, 2169.487421432576, 1464.9027755644934, 2231.3275964800214, 1316.3581332092185, 2044.9082573552687, 1275.2498992781675, 962.8916174053651, 724.5438558277308, 1999.658542181078, 2121.606751112427, 1953.5590987913317, 2012.501021712837, 1904.5789468754108, 1277.8393429867667, 2011.14626710657, 1322.5463900933207, 2101.784464092898, 0.0, 1865.1214620878736, 1275.1885239071557, 2101.0352346759787, 1492.5812336947797, 832.609276408103, 2113.9631180893743, 1416.9890862914333, 2132.2623798422997, 1338.180785059939, 1980.6309354320592, 1219.8796719803786, 1434.4148886777045, 0.0, 1920.1071992009943, 2053.238899024595, 1907.1896699165575, 1937.4001315602113, 1865.6329221978415, 1296.877777063146, 0.0, 1277.8986306053812, 2080.2085890848175, 1764.382492346101, 0.0, 1234.0280593215894, 2002.6965847753802, 159.13944579390403, 909.4432875871038, 2106.0805853520233, 1238.8285826699382, 0.0, 1563.199939229616, 1861.185696175227, 1179.9783711507673, 1182.2965725522474, 1289.9321364753011, 0.0, 1753.7271711286353, 0.0, 0.0, 1668.7217404063304, 790.8137311535918, 1842.5091201797197, 1261.7892990088883, 711.586567532538, 0.0, 1733.6181448791656, 1298.1940829402351, 1216.7821268388757, 1146.6721996753447, 671.3532746108137, 647.510135927268, 56.56461157519221, 1861.5968960637738, 1501.2301816036315, 0.0, 1087.2875072623794, 1198.2911122248158, 1237.2894753546052, 1791.8253836347014, 1685.1068421091613, 1887.8998412829628, 1944.6721301632458, 1624.48700785702, 480.9845371698251, 1739.08646346327, 1285.811291379616, 855.9401251856525, 1797.4122381319446, 1687.9845589335314, 1241.5025387361668, 0.0, 232.81845535539577, 884.9068058272924, 1893.9248410800078, 1228.0473558716817, 1766.3920389051673, 1358.0463744525628, 0.0, 944.5564590533552, 1167.3908644686917, 1224.7995498772834, 1738.0947606977777, 0.0, 1813.9261942882986, 0.0, 1584.2867448956197, 37.99729461753873, 0.0, 1257.4373582571288, 708.3806427178885, 1755.5604469598127, 0.0, 1206.5988703210628, 0.0, 1333.544599530735, 1289.5780964468063, 182.90851194782297, 1215.122944558858, 1719.8524092496161, 1177.499937364401, 0.0, 913.1128292251867, 1146.906487845807, 1209.7829658066469, 0.0, 0.0, 128.71535780407876, 0.0, 498.0423913709363, 0.0, 1568.7473700490204, 1243.5233576681414, 345.85351303290196, 1741.918485034991, 1621.2996733316966, 1202.7825166259152, 0.0, 1305.950099623074, 1294.5547454009527, 0.0, 1203.6415716062695, 0.0, 1045.6091222411653, 0.0, 774.8738101274846, 1134.3796079478677, 1208.6965026912633, 0.0, 0.0, 237.98645343872352, 1789.7057178928942, 0.0, 0.0, 0.0, 1231.2231159345595, 1599.96539021698, 1718.8429978633314, 1395.0913528981948, 0.0, 1498.5286856877353, 1295.1482335671926, 1320.3649338461946, 0.0, 1227.844950229707, 0.0, 939.4445643669914, 0.0, 890.5688434191584, 1153.6670155330564, 1278.5549043896758, 0.0, 0.0, 1679.9545674190138, 0.0, 0.0, 0.0, 0.0, 15.887547669262778, 0.0, 0.0, 1632.9555451437914, 1254.826103175668, 0.0, 1320.1254641244414, 1410.2354751028736, 0.0, 1310.487877591553, 0.0, 876.8647187843283, 1675.6887491235332, 1061.9518564281811, 1223.9374687010998, 1405.251716607638, 0.0, 0.0, 0.0, 0.0, 0.0, 0.0, 479.73640561173295, 0.0, 1573.255565682349, 0.0, 1643.693797288328, 1394.472689896719, 1585.1792208637146, 1456.8543093658966, 1287.1311802602797, 0.0, 1407.3847844156392, 0.0, 667.0877794120012, 0.0, 1074.895849711273, 1308.0951513283176, 1508.9461844863058, 997.3667689625522, 333.16570968133055, 0.0, 0.0, 0.0, 0.0, 1510.3493725340727, 1413.2413669382165, 0.0, 1679.7801356600996, 0.0, 1474.4522008322585, 0.0, 1561.884347454754, 62.04957706134334, 0.0, 615.6739334722425, 0.0, 129.23887891142888, 0.0, 0.0, 488.34452993835674, 569.5398347068035, 514.1917127787747, 0.0, 692.5041576099395, 0.0, 0.0, 0.0, 92.22297250071227, 790.2162485859322, 0.0, 618.4606154927862, 0.0, 407.04254875792486, 289.56205341408946, 575.4048012697554, 0.0, 0.0, 0.0, 0.0, 0.0, 0.0, 0.0, 0.0, 0.0, 0.0, 0.0, 0.0, 0.0, 0.0, 0.0, 0.0, 0.0, 0.0, 0.0, 0.0, 0.0, 0.0, 0.0, 0.0, 0.0, 0.0, 0.0, 0.0, 0.0, 0.0, 0.0, 0.0, 0.0, 0.0, 0.0, 0.0, 0.0, 0.0, 0.0, 0.0, 0.0, 0.0, 0.0, 0.0, 0.0, 0.0, 0.0, 0.0, 0.0, 0.0, 0.0, 0.0, 0.0, 0.0, 0.0, 0.0, 0.0, 0.0, 0.0, 0.0, 0.0, 0.0, 0.0, 0.0, 0.0, 0.0, 0.0, 0.0, 0.0, 0.0, 0.0, 0.0, 0.0, 0.0, 0.0, 0.0, 0.0, 0.0, 0.0, 0.0, 0.0, 0.0, 0.0, 0.0, 0.0, 0.0, 0.0, 0.0, 0.0, 0.0, 0.0, 0.0, 0.0, 0.0, 0.0, 0.0, 0.0, 0.0, 0.0, 0.0, 0.0, 0.0, 0.0, 0.0, 0.0, 0.0, 0.0, 0.0, 0.0, 0.0, 0.0, 0.0, 0.0, 0.0, 0.0, 0.0, 0.0, 0.0, 0.0, 0.0, 0.0, 0.0, 0.0, 0.0, 0.0, 0.0, 0.0, 0.0, 0.0, 0.0, 0.0, 0.0, 0.0, 0.0, 0.0, 0.0, 0.0, 0.0, 0.0, 0.0, 0.0, 0.0, 0.0, 0.0, 0.0, 0.0, 0.0, 0.0, 0.0, 0.0, 0.0, 0.0, 0.0, 0.0, 0.0, 0.0, 0.0, 0.0, 0.0, 0.0, 0.0, 136.16550988323155, 0.0, 0.0, 0.0, 0.0, 0.0, 0.0, 0.0, 0.0, 0.0, 0.0, 0.0, 0.0, 0.0, 0.0, 0.0, 0.0, 0.0, 0.0, 0.0, 0.0, 0.0, 136.76163632430072, 0.0, 0.0, 0.0, 0.0, 0.0, 0.0, 0.0, 0.0, 0.0, 0.0, 0.0, 0.0, 0.0, 502.561393205926, 229.11495793123882, 0.0, 0.0, 0.0, 0.0, 0.0, 0.0, 0.0, 1261.72157710289, 0.0, 0.0, 773.3595710551913, 0.0, 421.4927874619907, 1242.3454081026923, 1284.3764074819283, 508.50536689971455, 504.1324237738013, 0.0, 0.0, 897.0893352224982, 0.0, 1449.2899299865671, 1058.9530873429005, 0.0, 0.0, 0.0, 0.0, 0.0, 412.93596497354946, 0.0, 1216.1678859278793, 0.0, 2278.2242478994144, 621.8776401927386, 2213.749446653441, 220.82712728997376, 2149.8255918307714, 1793.172062568074, 1535.0901177858489, 1640.8506783699493, 2142.106145743995, 0.0, 1978.6671499240597, 2181.858159675868, 1991.781380961142, 983.9176759623931, 2141.716573470398, 0.0, 0.0, 2053.801758760521, 0.0, 1548.177682704131, 1687.0060828846026, 1692.589344694013, 0.0, 2339.4062491354184, 1513.855142668147, 2154.1309825864437, 497.078290906408, 2063.179563793416, 1638.926661449812, 1515.3503534992622, 1585.3603022021632, 2193.489732979187, 2104.6317993469884, 597.0216038032446, 2323.3626037397253, 1864.1842563474254, 1226.2234647953526, 2166.224182378727, 1501.4542482893971, 0.0, 2071.562601136241, 0.0, 1550.4479860053732, 0.0, 1602.8648082613922, 1415.727366659864, 2296.92223116503, 1435.3515788086079, 2141.497847538336, 350.70852912364126, 744.4769401818508, 1462.726232396284, 1466.2090297594216, 1548.391989357556, 2149.944546350723, 1835.7698793360807, 0.0, 2297.122160817644, 0.0, 1378.5072404528994, 2092.7389767921386, 127.60310384463568, 0.0, 2031.9774857243099, 2069.1759077152324, 1481.301952109316, 0.0, 1549.0758053372833, 0.0, 2245.645573290191, 1398.3445131178698, 0.0, 0.0, 0.0, 1499.646175215863, 1430.5982839742358, 0.0, 2088.9066215395464, 1993.0041775907118, 1974.573158226415, 2243.000461843473, 0.0, 40.58698098363723, 1719.1375897852067, 285.7302219052747, 0.0, 0.0, 2066.3257904638513, 0.0, 0.0, 1508.9400614199212, 1334.5594585939857, 2190.5012721108233, 1344.154517281851, 0.0, 0.0, 1989.2090232575242, 1638.6624581740534, 1378.3068821366207, 1411.872183643112, 1990.9808403639101, 0.0, 1927.0795932413178, 2159.3064667426365, 0.0, 291.894015953319, 0.0, 44.90543331687215, 0.0, 1932.17007837196, 1301.5973580509738, 1368.2696885048565, 0.0, 1494.7455649394467]"
cost_tank,0.0
dispatch_Li,5.299064777515008e6
q_turbind_t,"[0.0, 0.0, 0.0, 0.0, 0.0, 0.0, 0.0, 0.0, 0.0, 0.0, 0.0, 0.0, 0.0, 0.0, 0.0, 0.0, 0.0, 0.0, 0.0, 0.0, 0.0, 0.0, 0.0, 0.0, 0.0, 0.0, 0.0, 0.0, 0.0, 0.0, 0.0, 0.0, 0.0, 0.0, 0.0, 0.0, 0.0, 0.0, 0.0, 0.0, 0.0, 0.0, 0.0, 0.0, 0.0, 0.0, 0.0, 0.0, 0.0, 0.0, 0.0, 0.0, 0.0, 0.0, 0.0, 0.0, 0.0, 0.0, 0.0, 0.0, 0.0, 0.0, 0.0, 0.0, 0.0, 0.0, 0.0, 0.0, 0.0, 0.0, 0.0, 0.0, 0.0, 0.0, 0.0, 0.0, 0.0, 0.0, 0.0, 0.0, 0.0, 0.0, 0.0, 0.0, 0.0, 0.0, 0.0, 0.0, 0.0, 0.0, 0.0, 0.0, 0.0, 0.0, 0.0, 0.0, 0.0, 0.0, 0.0, 0.0, 0.0, 0.0, 0.0, 0.0, 0.0, 0.0, 0.0, 0.0, 0.0, 0.0, 0.0, 0.0, 0.0, 0.0, 0.0, 0.0, 0.0, 0.0, 0.0, 0.0, 0.0, 0.0, 0.0, 0.0, 0.0, 0.0, 0.0, 0.0, 0.0, 0.0, 0.0, 0.0, 0.0, 0.0, 0.0, 0.0, 0.0, 0.0, 0.0, 0.0, 0.0, 0.0, 0.0, 0.0, 0.0, 0.0, 0.0, 0.0, 0.0, 0.0, 0.0, 0.0, 0.0, 0.0, 0.0, 0.0, 0.0, 0.0, 0.0, 0.0, 0.0, 0.0, 0.0, 0.0, 0.0, 0.0, 0.0, 0.0, 0.0, 0.0, 0.0, 0.0, 0.0, 0.0, 0.0, 0.0, 0.0, 0.0, 0.0, 0.0, 0.0, 0.0, 0.0, 0.0, 0.0, 0.0, 0.0, 0.0, 0.0, 0.0, 0.0, 0.0, 0.0, 0.0, 0.0, 0.0, 0.0, 0.0, 0.0, 0.0, 0.0, 0.0, 0.0, 0.0, 0.0, 0.0, 0.0, 0.0, 0.0, 0.0, 0.0, 0.0, 0.0, 0.0, 0.0, 0.0, 0.0, 0.0, 0.0, 0.0, 0.0, 0.0, 0.0, 0.0, 0.0, 0.0, 0.0, 0.0, 0.0, 0.0, 0.0, 0.0, 0.0, 0.0, 0.0, 0.0, 0.0, 0.0, 0.0, 0.0, 0.0, 0.0, 0.0, 0.0, 0.0, 0.0, 0.0, 0.0, 0.0, 0.0, 0.0, 0.0, 0.0, 0.0, 0.0, 0.0, 0.0, 0.0, 0.0, 0.0, 0.0, 0.0, 0.0, 0.0, 0.0, 0.0, 0.0, 0.0, 0.0, 0.0, 0.0, 0.0, 0.0, 0.0, 0.0, 0.0, 0.0, 0.0, 0.0, 0.0, 0.0, 0.0, 0.0, 0.0, 0.0, 0.0, 0.0, 0.0, 0.0, 0.0, 0.0, 0.0, 0.0, 0.0, 0.0, 0.0, 0.0, 0.0, 0.0, 0.0, 0.0, 0.0, 0.0, 0.0, 0.0, 0.0, 0.0, 0.0, 0.0, 0.0, 0.0, 0.0, 0.0, 0.0, 0.0, 0.0, 0.0, 0.0, 0.0, 0.0, 0.0, 0.0, 0.0, 0.0, 0.0, 0.0, 0.0, 0.0, 0.0, 0.0, 0.0, 0.0, 0.0, 0.0, 0.0, 0.0, 0.0, 0.0, 0.0, 0.0, 0.0, 0.0, 0.0, 0.0, 0.0, 0.0, 0.0, 0.0, 0.0, 0.0, 0.0, 0.0, 0.0, 0.0, 0.0, 0.0, 0.0, 0.0, 0.0, 0.0, 0.0, 0.0, 0.0, 0.0, 0.0, 0.0, 0.0, 0.0, 0.0, 0.0, 0.0, 0.0, 0.0, 0.0, 0.0, 0.0, 0.0, 0.0, 0.0, 0.0, 0.0, 0.0, 0.0, 0.0, 0.0, 0.0, 0.0, 0.0, 0.0, 0.0, 0.0, 0.0, 0.0, 0.0, 0.0, 0.0, 0.0, 0.0, 0.0, 0.0, 0.0, 0.0, 0.0, 0.0, 0.0, 0.0, 0.0, 0.0, 0.0, 0.0, 0.0, 0.0, 0.0, 0.0, 0.0, 0.0, 0.0, 0.0, 0.0, 0.0, 0.0, 0.0, 0.0, 0.0, 0.0, 0.0, 0.0, 0.0, 0.0, 0.0, 0.0, 0.0, 0.0, 0.0, 0.0, 0.0, 0.0, 0.0, 0.0, 0.0, 0.0, 0.0, 0.0, 0.0, 0.0, 0.0, 0.0, 0.0, 0.0, 0.0, 0.0, 0.0, 0.0, 0.0, 0.0, 0.0, 0.0, 0.0, 0.0, 0.0, 0.0, 0.0, 0.0, 0.0, 0.0, 0.0, 0.0, 0.0, 0.0, 0.0, 0.0, 0.0, 0.0, 0.0, 0.0, 0.0, 0.0, 0.0, 0.0, 0.0, 0.0, 0.0, 0.0, 0.0, 0.0, 0.0, 0.0, 0.0, 0.0, 0.0, 0.0, 0.0, 0.0, 0.0, 0.0, 0.0, 0.0, 0.0, 0.0, 0.0, 0.0, 0.0, 0.0, 0.0, 0.0, 0.0, 0.0, 0.0, 0.0, 0.0, 0.0, 0.0, 0.0, 0.0, 0.0, 0.0, 0.0, 0.0, 0.0, 0.0, 0.0, 0.0, 0.0, 0.0, 0.0, 0.0, 0.0, 0.0, 0.0, 0.0, 0.0, 0.0, 0.0, 0.0, 0.0, 0.0, 0.0, 0.0, 0.0, 0.0, 0.0, 0.0, 0.0, 0.0, 0.0, 0.0, 0.0, 0.0, 0.0, 0.0, 0.0, 0.0, 0.0, 0.0, 0.0, 0.0, 0.0, 0.0, 0.0, 0.0, 0.0, 0.0, 0.0, 0.0, 0.0, 0.0, 0.0, 0.0, 0.0, 0.0, 0.0, 0.0, 0.0, 0.0, 0.0, 0.0, 0.0, 0.0, 0.0, 0.0, 0.0, 0.0, 0.0, 0.0, 0.0, 0.0, 0.0, 0.0, 0.0, 0.0, 0.0, 0.0, 0.0, 0.0, 0.0, 0.0, 0.0, 0.0, 0.0, 0.0, 0.0, 0.0, 0.0, 0.0, 0.0, 0.0, 0.0, 0.0, 0.0, 0.0, 0.0, 0.0, 0.0, 0.0, 0.0, 0.0, 0.0, 0.0, 0.0, 0.0, 0.0, 0.0, 0.0, 0.0, 0.0, 0.0, 0.0, 0.0, 0.0, 0.0, 0.0, 0.0, 0.0, 0.0, 0.0, 0.0, 0.0, 0.0, 0.0, 0.0, 0.0, 0.0, 0.0, 0.0, 0.0, 0.0, 0.0, 0.0, 0.0, 0.0, 0.0, 0.0, 0.0, 0.0, 0.0, 0.0, 0.0, 0.0, 0.0, 0.0, 0.0, 0.0, 0.0, 0.0, 0.0, 0.0, 0.0, 0.0, 0.0, 0.0, 0.0, 0.0, 0.0, 0.0, 0.0, 0.0, 0.0, 0.0, 0.0, 0.0, 0.0, 0.0, 0.0, 0.0, 0.0, 0.0, 0.0, 0.0, 0.0, 0.0, 0.0, 0.0, 0.0, 0.0, 0.0, 0.0, 0.0, 0.0, 0.0, 0.0, 0.0, 0.0, 0.0, 0.0, 0.0, 0.0, 0.0, 0.0, 0.0, 0.0, 0.0, 0.0, 0.0, 0.0, 0.0, 0.0, 0.0, 0.0, 0.0, 0.0, 0.0, 0.0, 0.0, 0.0, 0.0, 0.0, 0.0, 0.0, 0.0, 0.0, 0.0, 0.0, 0.0, 0.0, 0.0, 0.0, 0.0, 0.0, 0.0, 0.0, 0.0, 0.0, 0.0, 0.0, 0.0, 0.0, 0.0, 0.0, 0.0, 0.0, 0.0, 0.0, 0.0, 0.0, 0.0, 0.0, 0.0, 0.0, 0.0, 0.0, 0.0, 0.0, 0.0, 0.0, 0.0, 0.0, 0.0, 0.0, 0.0, 0.0, 0.0, 0.0, 0.0, 0.0, 0.0, 0.0, 0.0, 0.0, 0.0, 0.0, 0.0, 0.0, 0.0, 0.0, 0.0, 0.0, 0.0, 0.0, 0.0, 0.0, 0.0, 0.0, 0.0, 0.0, 0.0, 0.0, 0.0, 0.0, 0.0, 0.0, 0.0, 0.0, 0.0, 0.0, 0.0, 0.0, 0.0, 0.0, 0.0, 0.0, 0.0, 0.0, 0.0, 0.0, 0.0, 0.0, 0.0, 0.0, 0.0, 0.0, 0.0, 0.0, 0.0, 0.0, 0.0, 0.0, 0.0, 0.0, 0.0, 0.0, 0.0, 0.0, 0.0, 0.0, 0.0, 0.0, 0.0, 0.0, 0.0, 0.0, 0.0, 0.0, 0.0, 0.0, 0.0, 0.0, 0.0, 0.0, 0.0, 0.0, 0.0, 0.0, 0.0, 0.0, 0.0, 0.0, 0.0, 0.0, 0.0, 0.0, 0.0, 0.0, 0.0, 0.0, 0.0, 0.0, 0.0, 0.0, 0.0, 0.0, 0.0, 0.0, 0.0, 0.0, 0.0, 0.0, 0.0, 0.0, 0.0, 0.0, 0.0, 0.0, 0.0, 0.0, 0.0, 0.0, 0.0, 0.0, 0.0, 0.0, 0.0, 0.0, 0.0, 0.0, 0.0, 0.0, 0.0, 0.0, 0.0, 0.0, 0.0, 0.0, 0.0, 0.0, 0.0, 0.0, 0.0, 0.0, 0.0, 0.0, 0.0, 0.0, 0.0, 0.0, 0.0, 0.0, 0.0, 0.0, 0.0, 0.0, 0.0, 0.0, 0.0, 0.0, 0.0, 0.0, 0.0, 0.0, 0.0, 0.0, 0.0, 0.0, 0.0, 0.0, 0.0, 0.0, 0.0, 0.0, 0.0, 0.0, 0.0, 0.0, 0.0, 0.0, 0.0, 0.0, 0.0, 0.0, 0.0, 0.0, 0.0, 0.0, 0.0, 0.0, 0.0, 0.0, 0.0, 0.0, 0.0, 0.0, 0.0, 0.0, 0.0, 0.0, 0.0, 0.0, 0.0, 0.0, 0.0, 0.0, 0.0, 0.0, 0.0, 0.0, 0.0, 0.0, 0.0, 0.0, 0.0, 0.0, 0.0, 0.0, 0.0, 0.0, 0.0, 0.0, 0.0, 0.0, 0.0, 0.0, 0.0, 0.0, 0.0, 0.0, 0.0, 0.0, 0.0, 0.0, 0.0, 0.0, 0.0, 0.0, 0.0, 0.0, 0.0, 0.0, 0.0, 0.0, 0.0, 0.0, 0.0, 0.0, 0.0, 0.0, 0.0, 0.0, 0.0, 0.0, 0.0, 0.0, 0.0, 0.0, 0.0, 0.0, 0.0, 0.0, 0.0, 0.0, 0.0, 0.0, 0.0, 0.0, 0.0, 0.0, 0.0, 0.0, 0.0, 0.0, 0.0, 0.0, 0.0, 0.0, 0.0, 0.0, 0.0, 0.0, 0.0, 0.0, 0.0, 0.0, 0.0, 0.0, 0.0, 0.0, 0.0, 0.0, 0.0, 0.0, 0.0, 0.0, 0.0, 0.0, 0.0, 0.0, 0.0, 0.0, 0.0, 0.0, 0.0, 0.0, 0.0, 0.0, 0.0, 0.0, 0.0, 0.0, 0.0, 0.0, 0.0, 0.0, 0.0, 0.0, 0.0, 0.0, 0.0, 0.0, 0.0, 0.0, 0.0, 0.0, 0.0, 0.0, 0.0, 0.0, 0.0, 0.0, 0.0, 0.0, 0.0, 0.0, 0.0, 0.0, 0.0, 0.0, 0.0, 0.0, 0.0, 0.0, 0.0, 0.0, 0.0, 0.0, 0.0, 0.0, 0.0, 0.0, 0.0, 0.0, 0.0, 0.0, 0.0, 0.0, 0.0, 0.0, 0.0, 0.0, 0.0, 0.0, 0.0, 0.0, 0.0, 0.0, 0.0, 0.0, 0.0, 0.0, 0.0, 0.0, 0.0, 0.0, 0.0, 0.0, 0.0, 0.0, 0.0, 0.0, 0.0, 0.0, 0.0, 0.0, 0.0, 0.0, 0.0, 0.0, 0.0, 0.0, 0.0, 0.0, 0.0, 0.0, 0.0, 0.0, 0.0, 0.0, 0.0, 0.0, 0.0, 0.0, 0.0, 0.0, 0.0, 0.0, 0.0, 0.0, 0.0, 0.0, 0.0, 0.0, 0.0, 0.0, 0.0, 0.0, 0.0, 0.0, 0.0, 0.0, 0.0, 0.0, 0.0, 0.0, 0.0, 0.0, 0.0, 0.0, 0.0, 0.0, 0.0, 0.0, 0.0, 0.0, 0.0, 0.0, 0.0, 0.0, 0.0, 0.0, 0.0, 0.0, 0.0, 0.0, 0.0, 0.0, 0.0, 0.0, 0.0, 0.0, 0.0, 0.0, 0.0, 0.0, 0.0, 0.0, 0.0, 0.0, 0.0, 0.0, 0.0, 0.0, 0.0, 0.0, 0.0, 0.0, 0.0, 0.0, 0.0, 0.0, 0.0, 0.0, 0.0, 0.0, 0.0, 0.0, 0.0, 0.0, 0.0, 0.0, 0.0, 0.0, 0.0, 0.0, 0.0, 0.0, 0.0, 0.0, 0.0, 0.0, 0.0, 0.0, 0.0, 0.0, 0.0, 0.0, 0.0, 0.0, 0.0, 0.0, 0.0, 0.0, 0.0, 0.0, 0.0, 0.0, 0.0, 0.0, 0.0, 0.0, 0.0, 0.0, 0.0, 0.0, 0.0, 0.0, 0.0, 0.0, 0.0, 0.0, 0.0, 0.0, 0.0, 0.0, 0.0, 0.0, 0.0, 0.0, 0.0, 0.0, 0.0, 0.0, 0.0, 0.0, 0.0, 0.0, 0.0, 0.0, 0.0, 0.0, 0.0, 0.0, 0.0, 0.0, 0.0, 0.0, 0.0, 0.0, 0.0, 0.0, 0.0, 0.0, 0.0, 0.0, 0.0, 0.0, 0.0, 0.0, 0.0, 0.0, 0.0, 0.0, 0.0, 0.0, 0.0, 0.0, 0.0, 0.0, 0.0, 0.0, 0.0, 0.0, 0.0, 0.0, 0.0, 0.0, 0.0, 0.0, 0.0, 0.0, 0.0, 0.0, 0.0, 0.0, 0.0, 0.0, 0.0, 0.0, 0.0, 0.0, 0.0, 0.0, 0.0, 0.0, 0.0, 0.0, 0.0, 0.0, 0.0, 0.0, 0.0, 0.0, 0.0, 0.0, 0.0, 0.0, 0.0, 0.0, 0.0, 0.0, 0.0, 0.0, 0.0, 0.0, 0.0, 0.0, 0.0, 0.0, 0.0, 0.0, 0.0, 0.0, 0.0, 0.0, 0.0, 0.0, 0.0, 0.0, 0.0, 0.0, 0.0, 0.0, 0.0, 0.0, 0.0, 0.0, 0.0, 0.0, 0.0, 0.0, 0.0, 0.0, 0.0, 0.0, 0.0, 0.0, 0.0, 0.0, 0.0, 0.0, 0.0, 0.0, 0.0, 0.0, 0.0, 0.0, 0.0, 0.0, 0.0, 0.0, 0.0, 0.0, 0.0, 0.0, 0.0, 0.0, 0.0, 0.0, 0.0, 0.0, 0.0, 0.0, 0.0, 0.0, 0.0, 0.0, 0.0, 0.0, 0.0, 0.0, 0.0, 0.0, 0.0, 0.0, 0.0, 0.0, 0.0, 0.0, 0.0, 0.0, 0.0, 0.0, 0.0, 0.0, 0.0, 0.0, 0.0, 0.0, 0.0, 0.0, 0.0, 0.0, 0.0, 0.0, 0.0, 0.0, 0.0, 0.0, 0.0, 0.0, 0.0, 0.0, 0.0, 0.0, 0.0, 0.0, 0.0, 0.0, 0.0, 0.0, 0.0, 0.0, 0.0, 0.0, 0.0, 0.0, 0.0, 0.0, 0.0, 0.0, 0.0, 0.0, 0.0, 0.0, 0.0, 0.0, 0.0, 0.0, 0.0, 0.0, 0.0, 0.0, 0.0, 0.0, 0.0, 0.0, 0.0, 0.0, 0.0, 0.0, 0.0, 0.0, 0.0, 0.0, 0.0, 0.0, 0.0, 0.0, 0.0, 0.0, 0.0, 0.0, 0.0, 0.0, 0.0, 0.0, 0.0, 0.0, 0.0, 0.0, 0.0, 0.0, 0.0, 0.0, 0.0, 0.0, 0.0, 0.0, 0.0, 0.0, 0.0, 0.0, 0.0, 0.0, 0.0, 0.0, 0.0, 0.0, 0.0, 0.0, 0.0, 0.0, 0.0, 0.0, 0.0, 0.0, 0.0, 0.0, 0.0, 0.0, 0.0, 0.0, 0.0, 0.0, 0.0, 0.0, 0.0, 0.0, 0.0, 0.0, 0.0, 0.0, 0.0, 0.0, 0.0, 0.0, 0.0, 0.0, 0.0, 0.0, 0.0, 0.0, 0.0, 0.0, 0.0, 0.0, 0.0, 0.0, 0.0, 0.0, 0.0, 0.0, 0.0, 0.0, 0.0, 0.0, 0.0, 0.0, 0.0, 0.0, 0.0, 0.0, 0.0, 0.0, 0.0, 0.0, 0.0, 0.0, 0.0, 0.0, 0.0, 0.0, 0.0, 0.0, 0.0, 0.0, 0.0, 0.0, 0.0, 0.0, 0.0, 0.0, 0.0, 0.0, 0.0, 0.0, 0.0, 0.0, 0.0, 0.0, 0.0, 0.0, 0.0, 0.0, 0.0, 0.0, 0.0, 0.0, 0.0, 0.0, 0.0, 0.0, 0.0, 0.0, 0.0, 0.0, 0.0, 0.0, 0.0, 0.0, 0.0, 0.0, 0.0, 0.0, 0.0, 0.0, 0.0, 0.0, 0.0, 0.0, 0.0, 0.0, 0.0, 0.0, 0.0, 0.0, 0.0, 0.0, 0.0, 0.0, 0.0, 0.0, 0.0, 0.0, 0.0, 0.0, 0.0, 0.0, 0.0, 0.0, 0.0, 0.0, 0.0, 0.0, 0.0, 0.0, 0.0, 0.0, 0.0, 0.0, 0.0, 0.0, 0.0, 0.0, 0.0, 0.0, 0.0, 0.0, 0.0, 0.0, 0.0, 0.0, 0.0, 0.0, 0.0, 0.0, 0.0, 0.0, 0.0, 0.0, 0.0, 0.0, 0.0, 0.0, 0.0, 0.0, 0.0, 0.0, 0.0, 0.0, 0.0, 0.0, 0.0, 0.0, 0.0, 0.0, 0.0, 0.0, 0.0, 0.0, 0.0, 0.0, 0.0, 0.0, 0.0, 0.0, 0.0, 0.0, 0.0, 0.0, 0.0, 0.0, 0.0, 0.0, 0.0, 0.0, 0.0, 0.0, 0.0, 0.0, 0.0, 0.0, 0.0, 0.0, 0.0, 0.0, 0.0, 0.0, 0.0, 0.0, 0.0, 0.0, 0.0, 0.0, 0.0, 0.0, 0.0, 0.0, 0.0, 0.0, 0.0, 0.0, 0.0, 0.0, 0.0, 0.0, 0.0, 0.0, 0.0, 0.0, 0.0, 0.0, 0.0, 0.0, 0.0, 0.0, 0.0, 0.0, 0.0, 0.0, 0.0, 0.0, 0.0, 0.0, 0.0, 0.0, 0.0, 0.0, 0.0, 0.0, 0.0, 0.0, 0.0, 0.0, 0.0, 0.0, 0.0, 0.0, 0.0, 0.0, 0.0, 0.0, 0.0, 0.0, 0.0, 0.0, 0.0, 0.0, 0.0, 0.0, 0.0, 0.0, 0.0, 0.0, 0.0, 0.0, 0.0, 0.0, 0.0, 0.0, 0.0, 0.0, 0.0, 0.0, 0.0, 0.0, 0.0, 0.0, 0.0, 0.0, 0.0, 0.0, 0.0, 0.0, 0.0, 0.0, 0.0, 0.0, 0.0, 0.0, 0.0, 0.0, 0.0, 0.0, 0.0, 0.0, 0.0, 0.0, 0.0, 0.0, 0.0, 0.0, 0.0, 0.0, 0.0, 0.0, 0.0, 0.0, 0.0, 0.0, 0.0, 0.0, 0.0, 0.0, 0.0, 0.0, 0.0, 0.0, 0.0, 0.0, 0.0, 0.0, 0.0, 0.0, 0.0, 0.0, 0.0, 0.0, 0.0, 0.0, 0.0, 0.0, 0.0, 0.0, 0.0, 0.0, 0.0, 0.0, 0.0, 0.0, 0.0, 0.0, 0.0, 0.0, 0.0, 0.0, 0.0, 0.0, 0.0, 0.0, 0.0, 0.0, 0.0, 0.0, 0.0, 0.0, 0.0, 0.0, 0.0, 0.0, 0.0, 0.0, 0.0, 0.0, 0.0, 0.0, 0.0, 0.0, 0.0, 0.0, 0.0, 0.0, 0.0, 0.0, 0.0, 0.0, 0.0, 0.0, 0.0, 0.0, 0.0, 0.0, 0.0, 0.0, 0.0, 0.0, 0.0, 0.0, 0.0, 0.0, 0.0, 0.0, 0.0, 0.0, 0.0, 0.0, 0.0, 0.0, 0.0, 0.0, 0.0, 0.0, 0.0, 0.0, 0.0, 0.0, 0.0, 0.0, 0.0, 0.0, 0.0, 0.0, 0.0, 0.0, 0.0, 0.0, 0.0, 0.0, 0.0, 0.0, 0.0, 0.0, 0.0, 0.0, 0.0, 0.0, 0.0, 0.0, 0.0, 0.0, 0.0, 0.0, 0.0, 0.0, 0.0, 0.0, 0.0, 0.0, 0.0, 0.0, 0.0, 0.0, 0.0, 0.0, 0.0, 0.0, 0.0, 0.0, 0.0, 0.0, 0.0, 0.0, 0.0, 0.0, 0.0, 0.0, 0.0, 0.0, 0.0, 0.0, 0.0, 0.0, 0.0, 0.0, 0.0, 0.0, 0.0, 0.0, 0.0, 0.0, 0.0, 0.0, 0.0, 0.0, 0.0, 0.0, 0.0, 0.0, 0.0, 0.0, 0.0, 0.0, 0.0, 0.0, 0.0, 0.0, 0.0, 0.0, 0.0, 0.0, 0.0, 0.0, 0.0, 0.0, 0.0, 0.0, 0.0, 0.0, 0.0, 0.0, 0.0, 0.0, 0.0, 0.0, 0.0, 0.0, 0.0, 0.0, 0.0, 0.0, 0.0, 0.0, 0.0, 0.0, 0.0, 0.0, 0.0, 0.0, 0.0, 0.0, 0.0, 0.0, 0.0, 0.0, 0.0, 0.0, 0.0, 0.0, 0.0, 0.0, 0.0, 0.0, 0.0, 0.0, 0.0, 0.0, 0.0, 0.0, 0.0, 0.0, 0.0, 0.0, 0.0, 0.0, 0.0, 0.0, 0.0, 0.0, 0.0, 0.0, 0.0, 0.0, 0.0, 0.0, 0.0, 0.0, 0.0, 0.0, 0.0, 0.0, 0.0, 0.0, 0.0, 0.0, 0.0, 0.0, 0.0, 0.0, 0.0, 0.0, 0.0, 0.0, 0.0, 0.0, 0.0, 0.0, 0.0, 0.0, 0.0, 0.0, 0.0, 0.0, 0.0, 0.0, 0.0, 0.0, 0.0, 0.0, 0.0, 0.0, 0.0, 0.0, 0.0, 0.0, 0.0, 0.0, 0.0, 0.0, 0.0, 0.0, 0.0, 0.0, 0.0, 0.0, 0.0, 0.0, 0.0, 0.0, 0.0, 0.0, 0.0, 0.0, 0.0, 0.0, 0.0, 0.0, 0.0, 0.0, 0.0, 0.0, 0.0, 0.0, 0.0, 0.0, 0.0, 0.0, 0.0, 0.0, 0.0, 0.0, 0.0, 0.0, 0.0, 0.0, 0.0, 0.0, 0.0, 0.0, 0.0, 0.0, 0.0, 0.0, 0.0, 0.0, 0.0, 0.0, 0.0, 0.0, 0.0, 0.0, 0.0, 0.0, 0.0, 0.0, 0.0, 0.0, 0.0, 0.0, 0.0, 0.0, 0.0, 0.0, 0.0, 0.0, 0.0, 0.0, 0.0, 0.0, 0.0, 0.0, 0.0, 0.0, 0.0, 0.0, 0.0, 0.0, 0.0, 0.0, 0.0, 0.0, 0.0, 0.0, 0.0, 0.0, 0.0, 0.0, 0.0, 0.0, 0.0, 0.0, 0.0, 0.0, 0.0, 0.0, 0.0, 0.0, 0.0, 0.0, 0.0, 0.0, 0.0, 0.0, 0.0, 0.0, 0.0, 0.0, 0.0, 0.0, 0.0, 0.0, 0.0, 0.0, 0.0, 0.0, 0.0, 0.0, 0.0, 0.0, 0.0, 0.0, 0.0, 0.0, 0.0, 0.0, 0.0, 0.0, 0.0, 0.0, 0.0, 0.0, 0.0, 0.0, 0.0, 0.0, 0.0, 0.0, 0.0, 0.0, 0.0, 0.0, 0.0, 0.0, 0.0, 0.0, 0.0, 0.0, 0.0, 0.0, 0.0, 0.0, 0.0, 0.0, 0.0, 0.0, 0.0, 0.0, 0.0, 0.0, 0.0, 0.0, 0.0, 0.0, 0.0, 0.0, 0.0, 0.0, 0.0, 0.0, 0.0, 0.0, 0.0, 0.0, 0.0, 0.0, 0.0, 0.0, 0.0, 0.0, 0.0, 0.0, 0.0, 0.0, 0.0, 0.0, 0.0, 0.0, 0.0, 0.0, 0.0, 0.0, 0.0, 0.0, 0.0, 0.0, 0.0, 0.0, 0.0, 0.0, 0.0, 0.0, 0.0, 0.0, 0.0, 0.0, 0.0, 0.0, 0.0, 0.0, 0.0, 0.0, 0.0, 0.0, 0.0, 0.0, 0.0, 0.0, 0.0, 0.0, 0.0, 0.0, 0.0, 0.0, 0.0, 0.0, 0.0, 0.0, 0.0, 0.0, 0.0, 0.0, 0.0, 0.0, 0.0, 0.0, 0.0, 0.0, 0.0, 0.0, 0.0, 0.0, 0.0, 0.0, 0.0, 0.0, 0.0, 0.0, 0.0, 0.0, 0.0, 0.0, 0.0, 0.0, 0.0, 0.0, 0.0, 0.0, 0.0, 0.0, 0.0, 0.0, 0.0, 0.0, 0.0, 0.0, 0.0, 0.0, 0.0, 0.0, 0.0, 0.0, 0.0, 0.0, 0.0, 0.0, 0.0, 0.0, 0.0, 0.0, 0.0, 0.0, 0.0, 0.0, 0.0, 0.0, 0.0, 0.0, 0.0, 0.0, 0.0, 0.0, 0.0, 0.0, 0.0, 0.0, 0.0, 0.0, 0.0, 0.0, 0.0, 0.0, 0.0, 0.0, 0.0, 0.0, 0.0, 0.0, 0.0, 0.0, 0.0, 0.0, 0.0, 0.0, 0.0, 0.0, 0.0, 0.0, 0.0, 0.0, 0.0, 0.0, 0.0, 0.0, 0.0, 0.0, 0.0, 0.0, 0.0, 0.0, 0.0, 0.0, 0.0, 0.0, 0.0, 0.0, 0.0, 0.0, 0.0, 0.0, 0.0, 0.0, 0.0, 0.0, 0.0, 0.0, 0.0, 0.0, 0.0, 0.0, 0.0, 0.0, 0.0, 0.0, 0.0, 0.0, 0.0, 0.0, 0.0, 0.0, 0.0, 0.0, 0.0, 0.0, 0.0, 0.0, 0.0, 0.0, 0.0, 0.0, 0.0, 0.0, 0.0, 0.0, 0.0, 0.0, 0.0, 0.0, 0.0, 0.0, 0.0, 0.0, 0.0, 0.0, 0.0, 0.0, 0.0, 0.0, 0.0, 0.0, 0.0, 0.0, 0.0, 0.0, 0.0, 0.0, 0.0, 0.0, 0.0, 0.0, 0.0, 0.0, 0.0, 0.0, 0.0, 0.0, 0.0, 0.0, 0.0, 0.0, 0.0, 0.0, 0.0, 0.0, 0.0, 0.0, 0.0, 0.0, 0.0, 0.0, 0.0, 0.0, 0.0, 0.0, 0.0, 0.0, 0.0, 0.0, 0.0, 0.0, 0.0, 0.0, 0.0, 0.0, 0.0, 0.0, 0.0, 0.0, 0.0, 0.0, 0.0, 0.0, 0.0, 0.0, 0.0, 0.0, 0.0, 0.0, 0.0, 0.0, 0.0, 0.0, 0.0, 0.0, 0.0, 0.0, 0.0, 0.0, 0.0, 0.0, 0.0, 0.0, 0.0, 0.0, 0.0, 0.0, 0.0, 0.0, 0.0, 0.0, 0.0, 0.0, 0.0, 0.0, 0.0, 0.0, 0.0, 0.0, 0.0, 0.0, 0.0, 0.0, 0.0, 0.0, 0.0, 0.0, 0.0, 0.0, 0.0, 0.0, 0.0, 0.0, 0.0, 0.0, 0.0, 0.0, 0.0, 0.0, 0.0, 0.0, 0.0, 0.0, 0.0, 0.0, 0.0, 0.0, 0.0, 0.0, 0.0, 0.0, 0.0, 0.0, 0.0, 0.0, 0.0, 0.0, 0.0, 0.0, 0.0, 0.0, 0.0, 0.0, 0.0, 0.0, 0.0, 0.0, 0.0, 0.0, 0.0, 0.0, 0.0, 0.0, 0.0, 0.0, 0.0, 0.0, 0.0, 0.0, 0.0, 0.0, 0.0, 0.0, 0.0, 0.0, 0.0, 0.0, 0.0, 0.0, 0.0, 0.0, 0.0, 0.0, 0.0, 0.0, 0.0, 0.0, 0.0, 0.0, 0.0, 0.0, 0.0, 0.0, 0.0, 0.0, 0.0, 0.0, 0.0, 0.0, 0.0, 0.0, 0.0, 0.0, 0.0, 0.0, 0.0, 0.0, 0.0, 0.0, 0.0, 0.0, 0.0, 0.0, 0.0, 0.0, 0.0, 0.0, 0.0, 0.0, 0.0, 0.0, 0.0, 0.0, 0.0, 0.0, 0.0, 0.0, 0.0, 0.0, 0.0, 0.0, 0.0, 0.0, 0.0, 0.0, 0.0, 0.0, 0.0, 0.0, 0.0, 0.0, 0.0, 0.0, 0.0, 0.0, 0.0, 0.0, 0.0, 0.0, 0.0, 0.0, 0.0, 0.0, 0.0, 0.0, 0.0, 0.0, 0.0, 0.0, 0.0, 0.0, 0.0, 0.0, 0.0, 0.0, 0.0, 0.0, 0.0, 0.0, 0.0, 0.0, 0.0, 0.0, 0.0, 0.0, 0.0, 0.0, 0.0, 0.0, 0.0, 0.0, 0.0, 0.0, 0.0, 0.0, 0.0, 0.0, 0.0, 0.0, 0.0, 0.0, 0.0, 0.0, 0.0, 0.0, 0.0, 0.0, 0.0, 0.0, 0.0, 0.0, 0.0, 0.0, 0.0, 0.0, 0.0, 0.0, 0.0, 0.0, 0.0, 0.0, 0.0, 0.0, 0.0, 0.0, 0.0, 0.0, 0.0, 0.0, 0.0, 0.0, 0.0, 0.0, 0.0, 0.0, 0.0, 0.0, 0.0, 0.0, 0.0, 0.0, 0.0, 0.0, 0.0, 0.0, 0.0, 0.0, 0.0, 0.0, 0.0, 0.0, 0.0, 0.0, 0.0, 0.0, 0.0, 0.0, 0.0, 0.0, 0.0, 0.0, 0.0, 0.0, 0.0, 0.0, 0.0, 0.0, 0.0, 0.0, 0.0, 0.0, 0.0, 0.0, 0.0, 0.0, 0.0, 0.0, 0.0, 0.0, 0.0, 0.0, 0.0, 0.0, 0.0, 0.0, 0.0, 0.0, 0.0, 0.0, 0.0, 0.0, 0.0, 0.0, 0.0, 0.0, 0.0, 0.0, 0.0, 0.0, 0.0, 0.0, 0.0, 0.0, 0.0, 0.0, 0.0, 0.0, 0.0, 0.0, 0.0, 0.0, 0.0, 0.0, 0.0, 0.0, 0.0, 0.0, 0.0, 0.0, 0.0, 0.0, 0.0, 0.0, 0.0, 0.0, 0.0, 0.0, 0.0, 0.0, 0.0, 0.0, 0.0, 0.0, 0.0, 0.0, 0.0, 0.0, 0.0, 0.0, 0.0, 0.0, 0.0, 0.0, 0.0, 0.0, 0.0, 0.0, 0.0, 0.0, 0.0, 0.0, 0.0, 0.0, 0.0, 0.0, 0.0, 0.0, 0.0, 0.0, 0.0, 0.0, 0.0, 0.0, 0.0, 0.0, 0.0, 0.0, 0.0, 0.0, 0.0, 0.0, 0.0, 0.0, 0.0, 0.0, 0.0, 0.0, 0.0, 0.0, 0.0, 0.0, 0.0, 0.0, 0.0, 0.0, 0.0, 0.0, 0.0, 0.0, 0.0, 0.0, 0.0, 0.0, 0.0, 0.0, 0.0, 0.0, 0.0, 0.0, 0.0, 0.0, 0.0, 0.0, 0.0, 0.0, 0.0, 0.0, 0.0, 0.0, 0.0, 0.0, 0.0, 0.0, 0.0, 0.0, 0.0, 0.0, 0.0, 0.0, 0.0, 0.0, 0.0, 0.0, 0.0, 0.0, 0.0, 0.0, 0.0, 0.0, 0.0, 0.0, 0.0, 0.0, 0.0, 0.0, 0.0, 0.0, 0.0, 0.0, 0.0, 0.0, 0.0, 0.0, 0.0, 0.0, 0.0, 0.0, 0.0, 0.0, 0.0, 0.0, 0.0, 0.0, 0.0, 0.0, 0.0, 0.0, 0.0, 0.0, 0.0, 0.0, 0.0, 0.0, 0.0, 0.0, 0.0, 0.0, 0.0, 0.0, 0.0, 0.0, 0.0, 0.0, 0.0, 0.0, 0.0, 0.0, 0.0, 0.0, 0.0, 0.0, 0.0, 0.0, 0.0, 0.0, 0.0, 0.0, 0.0, 0.0, 0.0, 0.0, 0.0, 0.0, 0.0, 0.0, 0.0, 0.0, 0.0, 0.0, 0.0, 0.0, 0.0, 0.0, 0.0, 0.0, 0.0, 0.0, 0.0, 0.0, 0.0, 0.0, 0.0, 0.0, 0.0, 0.0, 0.0, 0.0, 0.0, 0.0, 0.0, 0.0, 0.0, 0.0, 0.0, 0.0, 0.0, 0.0, 0.0, 0.0, 0.0, 0.0, 0.0, 0.0, 0.0, 0.0, 0.0, 0.0, 0.0, 0.0, 0.0, 0.0, 0.0, 0.0, 0.0, 0.0, 0.0, 0.0, 0.0, 0.0, 0.0, 0.0, 0.0, 0.0, 0.0, 0.0, 0.0, 0.0, 0.0, 0.0, 0.0, 0.0, 0.0, 0.0, 0.0, 0.0, 0.0, 0.0, 0.0, 0.0, 0.0, 0.0, 0.0, 0.0, 0.0, 0.0, 0.0, 0.0, 0.0, 0.0, 0.0, 0.0, 0.0, 0.0, 0.0, 0.0, 0.0, 0.0, 0.0, 0.0, 0.0, 0.0, 0.0, 0.0, 0.0, 0.0, 0.0, 0.0, 0.0, 0.0, 0.0, 0.0, 0.0, 0.0, 0.0, 0.0, 0.0, 0.0, 0.0, 0.0, 0.0, 0.0, 0.0, 0.0, 0.0, 0.0, 0.0, 0.0, 0.0, 0.0, 0.0, 0.0, 0.0, 0.0, 0.0, 0.0, 0.0, 0.0, 0.0, 0.0, 0.0, 0.0, 0.0, 0.0, 0.0, 0.0, 0.0, 0.0, 0.0, 0.0, 0.0, 0.0, 0.0, 0.0, 0.0, 0.0, 0.0, 0.0, 0.0, 0.0, 0.0, 0.0, 0.0, 0.0, 0.0, 0.0, 0.0, 0.0, 0.0, 0.0, 0.0, 0.0, 0.0, 0.0, 0.0, 0.0, 0.0, 0.0, 0.0, 0.0, 0.0, 0.0, 0.0, 0.0, 0.0, 0.0, 0.0, 0.0, 0.0, 0.0, 0.0, 0.0, 0.0, 0.0, 0.0, 0.0, 0.0, 0.0, 0.0, 0.0, 0.0, 0.0, 0.0, 0.0, 0.0, 0.0, 0.0, 0.0, 0.0, 0.0, 0.0, 0.0, 0.0, 0.0, 0.0, 0.0, 0.0, 0.0, 0.0, 0.0, 0.0, 0.0, 0.0, 0.0, 0.0, 0.0, 0.0, 0.0, 0.0, 0.0, 0.0, 0.0, 0.0, 0.0, 0.0, 0.0, 0.0, 0.0, 0.0, 0.0, 0.0, 0.0, 0.0, 0.0, 0.0, 0.0, 0.0, 0.0, 0.0, 0.0, 0.0, 0.0, 0.0, 0.0, 0.0, 0.0, 0.0, 0.0, 0.0, 0.0, 0.0, 0.0, 0.0, 0.0, 0.0, 0.0, 0.0, 0.0, 0.0, 0.0, 0.0, 0.0, 0.0, 0.0, 0.0, 0.0, 0.0, 0.0, 0.0, 0.0, 0.0, 0.0, 0.0, 0.0, 0.0, 0.0, 0.0, 0.0, 0.0, 0.0, 0.0, 0.0, 0.0, 0.0, 0.0, 0.0, 0.0, 0.0, 0.0, 0.0, 0.0, 0.0, 0.0, 0.0, 0.0, 0.0, 0.0, 0.0, 0.0, 0.0, 0.0, 0.0, 0.0, 0.0, 0.0, 0.0, 0.0, 0.0, 0.0, 0.0, 0.0, 0.0, 0.0, 0.0, 0.0, 0.0, 0.0, 0.0, 0.0, 0.0, 0.0, 0.0, 0.0, 0.0, 0.0, 0.0, 0.0, 0.0, 0.0, 0.0, 0.0, 0.0, 0.0, 0.0, 0.0, 0.0, 0.0, 0.0, 0.0, 0.0, 0.0, 0.0, 0.0, 0.0, 0.0, 0.0, 0.0, 0.0, 0.0, 0.0, 0.0, 0.0, 0.0, 0.0, 0.0, 0.0, 0.0, 0.0, 0.0, 0.0, 0.0, 0.0, 0.0, 0.0, 0.0, 0.0, 0.0, 0.0, 0.0, 0.0, 0.0, 0.0, 0.0, 0.0, 0.0, 0.0, 0.0, 0.0, 0.0, 0.0, 0.0, 0.0, 0.0, 0.0, 0.0, 0.0, 0.0, 0.0, 0.0, 0.0, 0.0, 0.0, 0.0, 0.0, 0.0, 0.0, 0.0, 0.0, 0.0, 0.0, 0.0, 0.0, 0.0, 0.0, 0.0, 0.0, 0.0, 0.0, 0.0, 0.0, 0.0, 0.0, 0.0, 0.0, 0.0, 0.0, 0.0, 0.0, 0.0, 0.0, 0.0, 0.0, 0.0, 0.0, 0.0, 0.0, 0.0, 0.0, 0.0, 0.0, 0.0, 0.0, 0.0, 0.0, 0.0, 0.0, 0.0, 0.0, 0.0, 0.0, 0.0, 0.0, 0.0, 0.0, 0.0, 0.0, 0.0, 0.0, 0.0, 0.0, 0.0, 0.0, 0.0, 0.0, 0.0, 0.0, 0.0, 0.0, 0.0, 0.0, 0.0, 0.0, 0.0, 0.0, 0.0, 0.0, 0.0, 0.0, 0.0, 0.0, 0.0, 0.0, 0.0, 0.0, 0.0, 0.0, 0.0, 0.0, 0.0, 0.0, 0.0, 0.0, 0.0, 0.0, 0.0, 0.0, 0.0, 0.0, 0.0, 0.0, 0.0, 0.0, 0.0, 0.0, 0.0, 0.0, 0.0, 0.0, 0.0, 0.0, 0.0, 0.0, 0.0, 0.0, 0.0, 0.0, 0.0, 0.0, 0.0, 0.0, 0.0, 0.0, 0.0, 0.0, 0.0, 0.0, 0.0, 0.0, 0.0, 0.0, 0.0, 0.0, 0.0, 0.0, 0.0, 0.0, 0.0, 0.0, 0.0, 0.0, 0.0, 0.0, 0.0, 0.0, 0.0, 0.0, 0.0, 0.0, 0.0, 0.0, 0.0, 0.0, 0.0, 0.0, 0.0, 0.0, 0.0, 0.0, 0.0, 0.0, 0.0, 0.0, 0.0, 0.0, 0.0, 0.0, 0.0, 0.0, 0.0, 0.0, 0.0, 0.0, 0.0, 0.0, 0.0, 0.0, 0.0, 0.0, 0.0, 0.0, 0.0, 0.0, 0.0, 0.0, 0.0, 0.0, 0.0, 0.0, 0.0, 0.0, 0.0, 0.0, 0.0, 0.0, 0.0, 0.0, 0.0, 0.0, 0.0, 0.0, 0.0, 0.0, 0.0, 0.0, 0.0, 0.0, 0.0, 0.0, 0.0, 0.0, 0.0, 0.0, 0.0, 0.0, 0.0, 0.0, 0.0, 0.0, 0.0, 0.0, 0.0, 0.0, 0.0, 0.0, 0.0, 0.0, 0.0, 0.0, 0.0, 0.0, 0.0, 0.0, 0.0, 0.0, 0.0, 0.0, 0.0, 0.0, 0.0, 0.0, 0.0, 0.0, 0.0, 0.0, 0.0, 0.0, 0.0, 0.0, 0.0, 0.0, 0.0, 0.0, 0.0, 0.0, 0.0, 0.0, 0.0, 0.0, 0.0, 0.0, 0.0, 0.0, 0.0, 0.0, 0.0, 0.0, 0.0, 0.0, 0.0, 0.0, 0.0, 0.0, 0.0, 0.0, 0.0, 0.0, 0.0, 0.0, 0.0, 0.0, 0.0, 0.0, 0.0, 0.0, 0.0, 0.0, 0.0, 0.0, 0.0, 0.0, 0.0, 0.0, 0.0, 0.0, 0.0, 0.0, 0.0, 0.0, 0.0, 0.0, 0.0, 0.0, 0.0, 0.0, 0.0, 0.0, 0.0, 0.0, 0.0, 0.0, 0.0, 0.0, 0.0, 0.0, 0.0, 0.0, 0.0, 0.0, 0.0, 0.0, 0.0, 0.0, 0.0, 0.0, 0.0, 0.0, 0.0, 0.0, 0.0, 0.0, 0.0, 0.0, 0.0, 0.0, 0.0, 0.0, 0.0, 0.0, 0.0, 0.0, 0.0, 0.0, 0.0, 0.0, 0.0, 0.0, 0.0, 0.0, 0.0, 0.0, 0.0, 0.0]"
p_wind_t,"[1729.0762762089641, 2049.229877917985, 0.0, 0.0, 0.0, 0.0, 101.26965040731268, 1324.7580554743786, 0.0, 0.0, 1853.2502400896085, 0.0, 2037.5879071351226, 0.0, 1332.3033436513754, 1866.6557647098066, 0.0, 1121.0070175319017, 184.0739518197129, 0.0, 0.0, 1456.107549763067, 0.0, 1583.9861245487734, 619.4966070484529, 0.0, 1664.9124027983678, 83.70894114456371, 0.0, 45.573764935151324, 0.0, 0.0, 0.0, 457.25241805686306, 1752.1620232450978, 1962.9815831163485, 1911.9892809666178, 1113.247390052075, 1771.223869498174, 1252.0377762739467, 1717.8946192554645, 0.0, 0.0, 0.0, 889.6261615892798, 1006.8787187127684, 822.0767239954129, 1830.6782894896235, 0.0, 64.41740496869669, 146.77017359173095, 1832.8710615632074, 53.06853969615135, 0.0, 0.0, 1662.1027374598127, 0.0, 0.0, 1868.6184960018304, 1851.2704640106408, 1179.5856591826007, 0.0, 0.0, 839.0480966157949, 1875.9937736852191, 1758.0651273448166, 397.02205158156033, 820.9075355599314, 1082.9593316135813, 908.1835030838397, 1763.2310364702853, 0.0, 1569.5562775324647, 55.259667472440285, 1799.0252748588925, 46.44343629243414, 0.0, 0.0, 1628.9596631618722, 600.6694209734768, 0.0, 1784.353057492326, 0.0, 1320.5212187589527, 0.0, 0.0, 1162.782121607743, 0.0, 1712.0517402879839, 487.4457556017006, 788.2429056557145, 747.4014425034172, 424.7435756265252, 0.0, 0.0, 0.0, 39.171491689443194, 0.0, 58.46656731087178, 0.0, 0.0, 0.0, 0.0, 0.0, 1708.4441034629535, 1157.8549663534143, 1320.7558879799847, 1568.0810439505822, 1204.4135659789247, 421.4452832100397, 1780.9709336990084, 1673.626482861277, 0.0, 797.8217952749756, 992.4704671043984, 0.0, 0.0, 1154.5767026676535, 0.0, 155.88107309292147, 1752.738789810276, 129.2877675015138, 108.10338495973998, 605.8595254073222, 1565.2658594895022, 1017.8062858430624, 1653.4159841405933, 1702.2228080320326, 0.0, 1336.3739537993963, 0.0, 0.0, 531.7025300782554, 1741.2422553425401, 1706.3174020765039, 0.0, 625.5030530972144, 1120.2185209925426, 0.0, 1652.8305744348907, 0.0, 1570.1088322232602, 74.05021716634437, 1790.6131016481631, 184.1779086496976, 0.0, 0.0, 1518.531328789925, 1767.6518421752203, 1689.1447431819522, 0.0, 1720.5693583074258, 1428.8370965460301, 0.0, 0.0, 1262.7839921868888, 1776.547168021134, 1697.1337571171396, 0.0, 505.42686060442975, 1267.332368877903, 0.0, 1539.8727155464899, 0.0, 1528.3386968469804, 4.561064100825315, 0.0, 58.25624184201275, 1487.4118099747207, 0.0, 725.4524402619604, 1686.4864766625346, 0.0, 1561.8236762128765, 0.0, 1394.6489175957352, 0.0, 0.0, 1158.7944868236352, 0.0, 0.0, 0.0, 0.0, 1427.982057129757, 146.7215158897339, 0.0, 0.0, 513.2819969454966, 0.0, 0.0, 2.6840422067456546, 0.0, 0.0, 291.07813858985685, 0.0, 0.0, 0.0, 0.0, 157.25197663423603, 0.0, 998.3430498096119, 851.6541843331573, 0.0, 1185.940126010633, 345.44837920858777, 33.894768066064465, 568.8492905760436, 0.0, 0.0, 0.0, 0.0, 0.0, 0.0, 1.520468121491962, 0.0, 0.0, 0.0, 0.0, 0.0, 0.0, 0.0, 649.478307995709, 0.0, 721.1021126596903, 233.1213178808252, 0.0, 545.941965748023, 0.0, 71.62493929695054, 0.0, 0.0, 0.0, 0.0, 0.0, 0.0, 0.0, 0.0, 0.0, 0.0, 0.0, 0.0, 0.0, 0.0, 0.0, 0.0, 0.0, 700.3835696917757, 0.0, 0.0, 0.0, 0.0, 0.0, 0.0, 0.0, 0.0, 0.0, 0.0, 12.3257104694917, 0.0, 0.0, 0.0, 0.0, 0.0, 0.0, 0.0, 237.72797747799217, 0.0, 0.0, 0.0, 0.0, 0.0, 0.0, 0.0, 0.0, 0.0, 0.0, 0.0, 0.0, 0.0, 0.0, 238.21471109581387, 0.0, 0.0, 0.0, 0.0, 0.0, 0.0, 0.0, 0.0, 0.0, 0.0, 0.0, 529.2754525509636, 2259.8170545785433, 0.0, 0.0, 0.0, 0.0, 0.0, 0.0, 0.0, 0.0, 0.0, 315.9994825942875, 0.0, 0.0, 0.0, 0.0, 0.0, 0.0, 0.0, 0.0, 0.0, 0.0, 0.0, 219.93797045690576, 453.5777015963901, 0.0, 0.0, 0.0, 0.0, 0.0, 0.0, 0.0, 0.0, 0.0, 1120.9342011107312, 0.0, 537.2486574467836, 0.0, 0.0, 0.0, 0.0, 0.0, 0.0, 0.0, 628.6784740618971, 0.0, 0.0, 596.7070199495, 0.0, 0.0, 0.0, 0.0, 0.0, 0.0, 0.0, 0.0, 0.0, 1077.1262343889566, 0.0, 503.26129513487217, 0.0, 0.0, 0.0, 0.0, 0.0, 0.0, 0.0, 0.0, 0.0, 529.1267558434985, 0.0, 0.0, 0.0, 0.0, 0.0, 0.0, 0.0, 0.0, 0.0, 0.0, 387.7615211401369, 0.0, 587.8876296136781, 0.0, 0.0, 0.0, 0.0, 0.0, 0.0, 0.0, 0.0, 0.0, 0.0, 0.0, 0.0, 0.0, 0.0, 0.0, 0.0, 976.8419449800408, 0.0, 0.0, 0.0, 124.66379715833358, 0.0, 282.64280832030994, 0.0, 0.0, 0.0, 0.0, 0.0, 1012.9890493736085, 0.0, 1335.3306360983347, 0.0, 1005.4002294600563, 484.3614782762565, 0.0, 0.0, 0.0, 0.0, 0.0, 1552.6834757788838, 1455.324851481268, 760.6448461430567, 0.0, 170.95692198319853, 0.0, 265.8991146149558, 0.0, 0.0, 959.978628679407, 1228.3267495111445, 1018.5825196581917, 1556.1840786971632, 520.3581715730982, 1423.716314388853, 1440.2701658598726, 0.0, 582.7458205276552, 1079.106502804605, 1141.878082110327, 0.0, 1365.6223480506499, 0.0, 2012.6712307877804, 0.0, 0.0, 0.0, 290.63415534600796, 0.0, 424.27210855105614, 0.0, 0.0, 0.0, 0.0, 2013.7879355991474, 2030.970413672777, 2052.8898749920245, 1783.2627751612092, 0.0, 0.0, 578.8725568630091, 0.0, 0.0, 0.0, 1014.8191992564064, 0.0, 1631.5514859702278, 1935.1270541160861, 0.0, 2051.172540693455, 89.45735525320976, 0.0, 347.7622955883136, 0.0, 0.0, 0.0, 0.0, 0.0, 2071.978633699245, 0.0, 0.0, 0.0, 1487.9959263254252, 391.2658114089548, 0.0, 0.0, 0.0, 2064.4200512815546, 0.0, 1051.6738328171023, 1929.0094504951592, 0.0, 0.0, 187.73740669578174, 0.0, 247.22485002355106, 0.0, 0.0, 0.0, 0.0, 0.0, 0.0, 0.0, 0.0, 0.0, 0.0, 261.24907156956937, 0.0, 2045.686618831323, 0.0, 1666.5967279710076, 451.87489132707395, 378.3184817832686, 0.0, 0.0, 1961.472214250597, 237.15134465558188, 2030.8452169928619, 235.730573783636, 0.0, 0.0, 1624.2406897628393, 0.0, 0.0, 2025.2827871346817, 0.0, 0.0, 2038.2909657850562, 0.0, 399.909613984158, 0.0, 2019.9066270807243, 0.0, 1517.7206626473935, 0.0, 174.34548007798594, 1910.1845290080335, 0.0, 1878.686341200302, 263.9312848591947, 131.5777725976469, 558.3522343697058, 1046.777909139396, 0.0, 0.0, 0.0, 0.0, 1961.0554542046561, 0.0, 0.0, 1172.9746077606833, 1322.2409622419086, 313.7770173912617, 0.0, 0.0, 0.0, 1809.179106686324, 450.2077270393349, 132.08392658104265, 956.923889147815, 0.0, 0.0, 660.5623309735684, 1865.7709440205217, 757.3514321663154, 0.0, 403.51048288764724, 0.0, 0.0, 0.0, 1982.969291225965, 1959.9044674485701, 1426.8781281443928, 1731.5437104398745, 1306.9403833073368, 290.4538581442904, 0.0, 1899.3624130539495, 0.0, 1788.5895446286456, 0.0, 362.4883959790465, 0.0, 1257.2612048671047, 663.8740635632988, 614.9981784865414, 0.0, 819.4660086053142, 0.0, 1303.7183313865473, 0.0, 1827.2575662861661, 0.0, 1926.3005192518326, 1880.8764342243442, 1384.2897910187883, 0.0, 1325.686869776006, 241.27121440080066, 0.0, 0.0, 0.0, 1696.8576004371032, 890.7489891024069, 335.09466268319784, 802.2257339378112, 0.0, 0.0, 293.21220542567664, 1759.597150430714, 932.062610602492, 1321.4327170284234, 0.0, 1711.2780816764932, 1707.2256330759649, 0.0, 391.38311711557503, 1810.0623865574844, 1347.4193690948546, 1588.959497683335, 1293.328298712826, 115.26545993852852, 1050.5255436412692, 0.0, 973.5438119503641, 1485.6798210801421, 1347.807784970272, 369.17853227293193, 1180.5782082506064, 0.0, 0.0, 166.61298862427577, 1742.4778062492667, 540.7610289772948, 0.0, 0.0, 0.0, 1659.3751847674112, 0.0, 1775.5259895127997, 0.0, 1321.4246946625067, 0.0, 1277.0218134568488, 81.42373046895848, 1607.0076969117813, 0.0, 0.0, 0.0, 1321.836605575296, 262.6636326298967, 997.1238702533346, 0.0, 0.0, 572.2413712465442, 0.0, 281.69024023121636, 1292.062581140432, 0.0, 1656.7731070798993, 603.4774664302583, 1253.5138685781585, 1729.9864478653556, 0.0, 1313.595287479768, 0.0, 1261.1302865999128, 5.557781398549732, 1610.4580626404693, 840.2243537859096, 0.0, 0.0, 1315.5129482033665, 4.829361989109199, 1010.8557627907645, 1272.6521125521126, 0.0, 460.96962830487377, 0.0, 356.5257433695626, 0.0, 0.0, 1625.565870352416, 1621.0615005212192, 1593.550321195177, 1650.265116483314, 1732.6957465956143, 1325.874672478219, 0.0, 1076.2133170627264, 2.6829788828384844, 0.0, 1577.918262120884, 620.732902160953, 827.6136642453795, 1343.7316776816544, 1.936780697668635, 0.0, 0.0, 1610.5663882446402, 465.38267771780886, 1741.4712348061473, 369.5617542091149, 0.0, 0.0, 0.0, 0.0, 0.0, 0.0, 0.0, 1408.2211526182841, 0.0, 1366.7425548399713, 4.29276621254143, 1688.5912018489046, 1588.3868148354786, 0.0, 0.0, 1481.4614968280266, 0.0, 0.0, 1458.99873797011, 0.0, 469.7896023850351, 0.0, 509.8204299233817, 0.0, 0.0, 0.0, 1601.4028908114453, 1538.2051884521202, 1630.8993000536286, 1638.1136971322385, 0.0, 0.0, 0.0, 17.707660626734356, 1644.3905579457337, 0.0, 0.0, 0.0, 1590.3728447920112, 0.0, 0.0, 656.3906423313039, 0.0, 269.10278194870926, 623.5524349424857, 481.9764002192774, 0.0, 679.0484249926222, 404.38872539668887, 694.2812475498606, 0.0, 0.0, 766.3084942978192, 116.379439323678, 0.0, 924.1461982781481, 132.13403040355365, 618.5085402134359, 0.0, 446.35320874504816, 0.0, 856.3239425037269, 35.12473609608849, 0.0, 0.0, 0.0, 59.98695036645139, 0.0, 487.15202300555603, 0.0, 0.0, 0.0, 0.0, 0.0, 0.0, 0.0, 0.0, 0.0, 350.2783375667746, 888.0570782987469, 0.0, 0.0, 0.0, 0.0, 0.0, 901.9522548553786, 0.0, 0.0, 0.0, 8.048936648514772, 0.0, 53.94079252807164, 0.0, 0.0, 0.0, 0.0, 0.0, 0.0, 0.0, 0.0, 0.0, 0.0, 1068.7772702667658, 0.0, 0.0, 0.0, 0.0, 0.0, 877.7530443076814, 0.0, 0.0, 0.0, 18.957406481433935, 0.0, 0.0, 0.0, 0.0, 0.0, 0.0, 0.0, 0.0, 0.0, 0.0, 0.0, 0.0, 1195.0244843219004, 0.0, 0.0, 0.0, 0.0, 0.0, 657.4522361436582, 0.0, 0.0, 0.0, 333.81884412629176, 0.0, 0.0, 0.0, 0.0, 0.0, 0.0, 0.0, 0.0, 0.0, 0.0, 0.0, 0.0, 1283.307589717829, 0.0, 0.0, 0.0, 0.0, 0.0, 372.10390647367257, 0.0, 0.0, 0.0, 372.595289717703, 0.0, 0.0, 0.0, 0.0, 0.0, 0.0, 0.0, 0.0, 0.0, 0.0, 0.0, 0.0, 1483.9867542220213, 0.0, 0.0, 0.0, 0.0, 0.0, 139.52162211469965, 0.0, 0.0, 0.0, 103.10869037142461, 0.0, 704.5317527974245, 0.0, 0.0, 0.0, 0.0, 0.0, 0.0, 0.0, 0.0, 0.0, 0.0, 1307.352192969408, 0.0, 0.0, 0.0, 0.0, 0.0, 34.00731026841063, 0.0, 0.0, 0.0, 31.47391979284741, 0.0, 633.6775470327013, 0.0, 0.0, 0.0, 0.0, 0.0, 0.0, 0.0, 0.0, 0.0, 0.0, 1440.296348591437, 0.0, 0.0, 0.0, 0.0, 0.0, 205.9210111034126, 0.0, 0.0, 0.0, 14.312467390802404, 0.0, 732.1131414964264, 0.0, 0.0, 0.0, 0.0, 0.0, 0.0, 0.0, 0.0, 0.0, 0.0, 1561.3402509057526, 0.0, 0.0, 0.0, 0.0, 0.0, 161.79838557099913, 0.0, 0.0, 0.0, 0.0, 0.0, 814.5961127088578, 0.0, 0.0, 0.0, 0.0, 0.0, 633.6298520218552, 0.0, 605.9686445307331, 0.0, 0.0, 1587.873074633316, 0.0, 0.0, 0.0, 844.5892981569706, 822.5584522583672, 66.15099652397332, 1032.8627553610324, 0.0, 0.0, 5.263028011450112, 0.0, 944.0117342769854, 0.0, 0.0, 0.0, 0.0, 870.0941546383351, 0.0, 0.0, 718.3033711160293, 0.0, 0.0, 1526.8692038149013, 1271.955464543252, 1100.7616530615278, 0.0, 1643.807342562017, 921.9529096887193, 222.44740393507664, 1922.2847947370121, 0.0, 2014.8648920943187, 14.092359341996453, 0.0, 812.6122905615331, 0.0, 0.0, 1623.202574127006, 0.0, 1875.0298392129096, 0.0, 0.0, 444.40274409882176, 0.0, 0.0, 1584.5821296732522, 877.0878436809504, 1978.17003859622, 0.0, 0.0, 958.4264934276666, 238.40581166842978, 1996.6605364300162, 0.0, 0.0, 94.50082814428828, 0.0, 1573.3200408417317, 0.0, 0.0, 1919.6262221189957, 0.0, 0.0, 0.0, 0.0, 120.40799208480838, 0.0, 0.0, 1298.9798782542136, 0.0, 0.0, 0.0, 0.0, 1092.2536038764993, 166.41291359788275, 1965.513525314165, 0.0, 0.0, 68.83027503961462, 0.0, 1357.8411513994638, 0.0, 0.0, 0.0, 0.0, 2046.4494899639362, 0.0, 0.0, 98.81013967682712, 0.0, 1481.767904373012, 1020.3343171661336, 0.0, 0.0, 0.0, 0.0, 1338.4497386320368, 516.0126754309266, 1933.0391540831101, 0.0, 0.0, 98.88487008103066, 0.0, 442.45001354254407, 0.0, 0.0, 0.0, 0.0, 1947.3189558029271, 0.0, 2029.3070839317977, 297.1534367544726, 0.0, 0.0, 702.1595196932475, 0.0, 0.0, 0.0, 0.0, 1018.0075092592753, 766.1732776965525, 1876.0737458274832, 0.0, 1907.5246450056218, 108.73546022507836, 2028.8708442002624, 312.57716269429136, 0.0, 0.0, 1778.3772927626296, 0.0, 1843.592776902983, 2004.0280678240374, 1923.1885096999865, 1043.0581870589629, 769.468398218577, 926.4647869142933, 669.8036365187489, 0.0, 0.0, 0.0, 1020.7262312611265, 0.0, 1390.0487646883307, 0.0, 1045.1407707307999, 0.0, 280.3712932566311, 0.0, 127.37335913885407, 0.0, 0.0, 0.0, 2027.2340647814829, 1980.2690882611619, 0.0, 0.0, 404.67879184011343, 1930.3433220568916, 1235.6713696371623, 604.2708565144649, 0.0, 0.0, 0.0, 1903.8607424278036, 575.7197164120239, 745.2938069203252, 0.0, 0.0, 1878.5054236948174, 250.22971831960027, 1701.1854189104167, 73.10024358758454, 1057.2698531784713, 0.0, 0.0, 0.0, 1914.2020446077981, 1958.377536812858, 1703.6763844467325, 368.42216871120735, 1813.1046646593002, 0.0, 558.9462496372688, 0.0, 1744.3145798672388, 0.0, 1442.2321510311126, 994.99998708094, 150.61430218131474, 0.0, 0.0, 0.0, 6.975745095380279, 1642.7998175471173, 209.27235286140908, 0.0, 0.0, 0.0, 157.33636693143453, 1871.2565379247255, 1901.092896153613, 260.4949420502549, 626.7336591215831, 0.0, 1221.3057338081198, 362.14051892954234, 1859.5143627704447, 0.0, 0.0, 0.0, 1133.9839910952905, 85.02801571801764, 1645.5121727608423, 0.0, 319.75956660320173, 74.89441128280934, 0.0, 310.1523588561394, 0.0, 0.0, 1776.1109560581242, 1750.2897242566712, 0.0, 1859.535566072855, 0.0, 1272.7897370294756, 1684.2273827052443, 1206.7174762947527, 276.76330764037516, 1789.212586417008, 1637.777671238656, 0.0, 1130.9753388989627, 1108.0651974093182, 101.59911068674292, 0.0, 0.0, 1712.1468074738098, 120.31301599341097, 0.0, 68.68425940066761, 1185.7361351906502, 0.0, 1750.3322032485362, 1721.8876159703852, 1866.0690374013832, 1830.7396604687435, 1611.7427705949112, 1383.3048667376956, 0.0, 0.0, 170.8781509481844, 0.0, 1604.8531378015537, 1141.263000230968, 0.0, 0.0, 75.69356299856146, 0.0, 1308.5021651997542, 0.0, 246.5324134951332, 0.0, 30.5859592643596, 0.0, 0.0, 0.0, 1711.6368628790526, 1878.9444530776534, 1767.191026386163, 1644.204432847549, 1112.9571451583454, 0.0, 0.0, 419.4523164771133, 1730.0941790666768, 1627.9000933064488, 28.218911220688565, 1529.7349893438786, 1115.40424380819, 51.31465071053409, 0.0, 0.0, 0.0, 162.384532241646, 1417.521435143732, 24.87544201976891, 0.0, 295.2138701677933, 0.0, 1748.522630394928, 0.0, 0.0, 0.0, 1370.9246290182393, 1698.1734454255497, 0.0, 533.4505495159053, 1712.539750416184, 1634.5028699690602, 1406.5100178929802, 0.0, 1225.9169138783607, 151.07723087758652, 0.0, 1492.7318450063758, 1714.1152707974045, 51.78149243878469, 1626.043932613116, 33.30781326924688, 1446.6245386180765, 1474.0278447444018, 0.0, 1661.4756645344255, 0.0, 1664.708847772207, 0.0, 2168.4954798510944, 1553.9811103625343, 1392.7315711650258, 1263.6749725552734, 1721.553917971492, 1496.1196983843136, 0.0, 1703.4049523029128, 1311.8765865793546, 67.61106784753208, 0.0, 0.0, 696.8832089101184, 0.0, 676.5220931156277, 62.51340797013899, 0.0, 614.9092218466361, 0.0, 638.2947744562218, 743.6286989013676, 713.1934309128505, 0.0, 779.9969620735162, 0.0, 0.0, 236.39660338115172, 600.3054960531313, 0.0, 542.9542298820827, 611.9010664509996, 0.0, 54.46447132162317, 0.0, 0.0, 0.0, 0.0, 0.0, 5.672705446447841, 0.0, 0.0, 0.0, 0.0, 0.0, 0.0, 0.0, 889.4998821452991, 0.0, 0.0, 0.0, 0.0, 0.0, 0.0, 0.0, 0.0, 33.03977057870219, 0.0, 0.0, 0.0, 0.0, 0.0, 34.18998931567935, 0.0, 0.0, 0.0, 0.0, 0.0, 0.0, 0.0, 2262.2248877671336, 0.0, 0.0, 0.0, 0.0, 0.0, 0.0, 0.0, 0.0, 35.60757021590382, 0.0, 0.0, 0.0, 0.0, 0.0, 0.0, 0.0, 0.0, 0.0, 0.0, 0.0, 0.0, 0.0, 2781.3516986588197, 0.0, 0.0, 0.0, 0.0, 0.0, 0.0, 0.0, 0.0, 0.0, 0.0, 0.0, 0.0, 0.0, 0.0, 0.0, 0.0, 0.0, 0.0, 0.0, 0.0, 0.0, 0.0, 301.13339873520425, 0.0, 0.0, 0.0, 0.0, 0.0, 0.0, 0.0, 0.0, 529.8999408576857, 0.0, 0.0, 0.0, 0.0, 0.0, 0.0, 0.0, 0.0, 0.0, 0.0, 0.0, 0.0, 0.0, 406.8263927727187, 0.0, 0.0, 0.0, 0.0, 0.0, 0.0, 0.0, 0.0, 964.7726231710707, 0.0, 0.0, 0.0, 592.3691996191944, 0.0, 805.4709646673089, 0.0, 0.0, 0.0, 0.0, 790.2167564422384, 0.0, 0.0, 1505.6387510833633, 0.0, 0.0, 0.0, 0.0, 0.0, 0.0, 0.0, 0.0, 1127.6696775360235, 0.0, 0.0, 0.0, 371.5654817799847, 0.0, 95.3220671230023, 0.0, 0.0, 0.0, 0.0, 0.0, 0.0, 0.0, 0.0, 0.0, 0.0, 0.0, 0.0, 0.0, 0.0, 0.0, 0.0, 996.4606963988437, 123.97988530873529, 0.0, 0.0, 169.92979362176305, 0.0, 660.8285447469956, 0.0, 0.0, 0.0, 495.13968615655614, 0.0, 0.0, 0.0, 0.0, 0.0, 0.0, 0.0, 0.0, 0.0, 0.0, 0.0, 0.0, 847.1521985086215, 303.1193819404232, 0.0, 0.0, 136.9168188055241, 0.0, 343.8919241646982, 0.0, 0.0, 0.0, 0.0, 0.0, 0.0, 0.0, 293.68202876677447, 0.0, 0.0, 0.0, 346.8702989031682, 0.0, 0.0, 0.0, 155.07562649963793, 417.5456065795409, 36.223012165140595, 883.2020716055226, 0.0, 481.65761571188, 0.0, 227.04041028607688, 1241.5151094299733, 0.0, 0.0, 1220.534756960816, 0.0, 0.0, 1121.3004121954507, 602.8277558404653, 0.0, 0.0, 1265.989940251167, 0.0, 192.6419913342463, 399.91172164108906, 1470.7239585284237, 0.0, 225.99907591720353, 0.0, 0.0, 0.0, 483.16489861691934, 0.0, 461.16451431060057, 177.59588173323272, 0.0, 0.0, 0.0, 682.8609563694016, 0.0, 2027.3478532901281, 1371.8614173805477, 0.0, 0.0, 0.0, 0.0, 0.0, 0.0, 0.0, 0.0, 343.9926422051953, 0.0, 0.0, 0.0, 622.2256336172509, 0.0, 1469.3047179740047, 0.0, 0.0, 0.0, 0.0, 0.0, 0.0, 0.0, 2460.570268959639, 0.0, 0.0, 1939.2776489715939, 0.0, 0.0, 0.0, 0.0, 0.0, 500.1914790145676, 0.0, 0.0, 0.0, 602.855019465449, 0.0, 2395.662042885532, 0.0, 0.0, 0.0, 1327.5753796361666, 186.15863272422533, 0.0, 0.0, 1085.199074558911, 0.0, 462.2820677371458, 0.0, 1827.068233708496, 1697.7763622392765, 318.2029504061792, 2075.194634002647, 0.0, 746.2407606591906, 0.0, 0.0, 0.0, 216.32648619523354, 0.0, 2590.5567253341433, 0.0, 0.0, 0.0, 0.0, 1105.850398557591, 0.0, 0.0, 678.8226648343505, 0.0, 839.081314854659, 0.0, 1993.6711541120035, 1873.6584808919336, 0.0, 0.0, 0.0, 750.9682136850269, 0.0, 0.0, 0.0, 187.254572575966, 1984.2336540555366, 2423.3883838995757, 0.0, 0.0, 1748.0577679639198, 0.0, 1350.8516681592023, 0.0, 0.0, 355.3514509793233, 0.0, 0.0, 1422.6907670598027, 1936.7219106629746, 1323.2173259296153, 0.0, 0.0, 761.8748070811627, 670.4271271250208, 0.0, 187.85949192700045, 2065.3369527036175, 99.38777975621593, 0.0, 1756.7241048846688, 1244.14549337827, 0.0, 0.0, 1829.3788714298107, 0.0, 1946.972433792093, 0.0, 242.7859405731933, 2076.561159101423, 0.0, 0.0, 0.0, 0.0, 0.0, 0.0, 0.0, 881.794525814454, 1744.90131410411, 0.0, 1923.8670435354913, 44.97132814224523, 1745.8924367257334, 800.1140664213247, 0.0, 0.0, 1763.240697622234, 1778.667704150743, 622.5126034733472, 1852.562910862805, 1982.185413118833, 576.5721619220104, 0.0, 0.0, 1310.1294248833892, 0.0, 1606.0146990130875, 0.0, 2012.4822993959338, 1274.962674857132, 868.1085263368637, 1672.0248663107839, 0.0, 664.2386412448426, 47.56328649862096, 0.0, 238.75475204184144, 0.0, 0.0, 1714.6142324731018, 0.0, 1174.5846767148555, 1740.6401501030077, 1868.933099680338, 0.0, 1878.8830783476415, 48.34024333662273, 0.0, 2005.818018585256, 0.0, 0.0, 1424.1146003045997, 1272.471147658166, 611.4709204213258, 1641.931016142613, 1273.1878084934149, 0.0, 95.84839979845707, 1626.782851860664, 72.07507174210147, 0.0, 0.0, 1693.9139875656435, 1701.2625462421472, 1716.8870700356028, 1650.601775749254, 0.0, 2.9541690121502207, 1797.0250684546002, 0.0, 959.8265932828544, 1955.8079695441986, 1661.533859776699, 0.0, 740.3735094706664, 1244.2384599907518, 379.0686780663321, 1615.0975111412113, 1378.805981613258, 1725.6005920934515, 162.66435656108476, 1605.5183921938135, 7.244042983664163, 0.0, 0.0, 0.0, 0.0, 1308.0650453168464, 1580.7109634941332, 1729.2015621239252, 157.40673023508072, 1724.4296792510968, 0.0, 0.0, 1920.9590946426338, 1624.402954642955, 0.0, 638.0872788750434, 1232.018594228833, 296.5760093398654, 1615.3159213148867, 0.0, 1715.0947235448887, 38.41823303352882, 1527.9053856463051, 156.90118351660544, 0.0, 0.0, 0.0, 1665.4716537223014, 1720.8592212786086, 1491.820279888228, 190.9466067351444, 3.8633534858274228, 1272.97545747217, 1280.461620256441, 0.0, 1866.191569562509, 0.0, 1406.125433827696, 1494.3061851432662, 0.0, 350.101352986583, 1671.5054849520598, 0.0, 1762.820974336372, 20.927235286140835, 0.0, 232.39016299540702, 0.0, 1046.8228215532397, 1699.8891206081973, 1708.2549230674388, 1699.7334575084672, 658.7153824806048, 0.0, 92.29447356964694, 0.0, 0.0, 663.4485323215678, 1534.0696930513247, 0.0, 0.0, 1385.4051479355303, 1375.5028863424175, 193.97822483940922, 0.0, 0.0, 1758.4745696855855, 299.45170504765906, 0.0, 121.07903453621132, 1465.5249828984306, 631.1416736185869, 1670.9998703228143, 1621.5479960300029, 1643.0597585274884, 1362.0016001436516, 1648.280592841209, 401.8191310568422, 1571.5796974242871, 0.0, 0.0, 1717.8131275525093, 0.0, 1665.9591167990445, 1737.7951568575604, 1473.4599492411432, 55.35664261278362, 0.0, 917.4932325022952, 874.2104596737825, 73.20636331353042, 633.8376607910045, 115.0997940737711, 0.0, 643.1831330568648, 0.0, 631.2763251021576, 601.2836277701006, 309.4105092343475, 615.4915624490766, 739.9039733233114, 156.9449316277865, 0.0, 613.6072657499118, 652.1582755743888, 630.7201887395115, 0.0, 712.4654242886585, 0.0, 0.0, 0.0, 0.0, 0.0, 0.2682978882838576, 0.0, 9.007204153752658, 0.0, 0.0, 0.0, 0.0, 0.0, 0.0, 0.0, 459.94472255938615, 0.0, 0.0, 0.0, 0.0, 0.0, 0.0, 0.0, 0.0, 0.0, 0.0, 0.0, 0.0, 0.0, 0.0, 5.648334062493353, 0.0, 0.0, 0.0, 0.0, 0.0, 0.0, 0.0, 847.8986328201365, 0.0, 0.0, 147.206599852932, 0.0, 0.0, 0.0, 0.0, 0.0, 0.0, 0.0, 0.0, 0.0, 0.0, 0.0, 47.217876360581364, 0.0, 0.0, 0.0, 0.0, 0.0, 0.0, 0.0, 1086.9963896928994, 0.0, 0.0, 0.0, 0.0, 0.0, 0.0, 0.0, 0.0, 0.0, 0.0, 0.0, 0.0, 44.660454764714004, 0.0, 144.8138702671243, 0.0, 0.0, 0.0, 0.0, 0.0, 0.0, 0.0, 624.8156779905928, 0.0, 0.0, 0.0, 0.0, 0.0, 0.0, 0.0, 0.0, 0.0, 0.0, 0.0, 0.0, 88.37905974531907, 0.0, 239.68028908768267, 0.0, 0.0, 0.0, 0.0, 0.0, 0.0, 0.0, 14.038427553419364, 0.0, 0.0, 0.0, 0.0, 0.0, 0.0, 0.0, 0.0, 0.0, 0.0, 0.0, 0.0, 70.96776875802085, 0.0, 1077.2688899243574, 0.0, 0.0, 0.0, 0.0, 0.0, 0.0, 0.0, 8.825928694040314, 0.0, 0.0, 0.0, 0.0, 0.0, 0.0, 0.0, 0.0, 0.0, 0.0, 0.0, 0.0, 8.669407414889076, 0.0, 510.02497091018375, 0.0, 0.0, 0.0, 0.0, 0.0, 0.0, 0.0, 132.71873095368662, 0.0, 0.0, 0.0, 0.0, 0.0, 0.0, 0.0, 0.0, 0.0, 0.0, 0.0, 0.0, 331.6329053706704, 0.0, 212.24617209936548, 0.0, 0.0, 0.0, 0.0, 0.0, 0.0, 0.0, 625.4871883045175, 0.0, 0.0, 0.0, 0.0, 0.0, 0.0, 0.0, 0.0, 0.0, 0.0, 0.0, 0.0, 512.6839186727203, 0.0, 152.091088956696, 0.0, 0.0, 0.0, 0.0, 1220.7219579716432, 0.0, 0.0, 1349.8319405321256, 0.0, 0.0, 0.0, 0.0, 0.0, 0.0, 0.0, 0.0, 904.9367498653654, 1311.1600835412553, 991.0363367462161, 0.0, 942.1070234283571, 0.0, 100.78945333078691, 0.0, 0.0, 0.0, 0.0, 1802.5717700883906, 0.0, 0.0, 1484.4698010066181, 861.6048054404025, 832.9965741568463, 0.0, 0.0, 1340.8145870396766, 0.0, 1399.2367737130642, 0.0, 899.5677297268352, 0.0, 0.0, 0.0, 641.9867428407615, 0.0, 254.5747575354236, 1562.0739159130023, 0.0, 0.0, 1972.8930428566966, 0.0, 1966.4438895151093, 0.0, 1687.2734016116356, 0.0, 0.0, 0.0, 0.0, 1940.5466249384774, 0.0, 0.0, 0.0, 1036.768328416733, 24.195113522025164, 0.0, 0.0, 585.2365504480576, 698.1177412968989, 164.95143868676627, 0.0, 0.0, 2002.0076327175216, 0.0, 135.36283890819226, 1954.7640429754917, 0.0, 1712.4848114531499, 2070.0415236264907, 0.0, 0.0, 0.0, 0.0, 0.0, 1110.3310311081113, 0.0, 0.0, 1856.3576300190166, 0.0, 0.0, 366.8762658818539, 0.0, 127.04428165603022, 0.0, 0.0, 0.0, 0.0, 0.0, 0.0, 0.0, 1580.5219311454018, 0.0, 0.0, 2040.7774439025263, 2073.3161463330425, 0.0, 0.0, 0.0, 0.0, 0.0, 0.0, 0.0, 0.0, 192.8507187010902, 0.0, 115.34605989070013, 0.0, 0.0, 1846.0214511563117, 0.0, 1908.5340105569971, 0.0, 0.0, 1530.8226053624987, 0.0, 0.0, 0.0, 0.0, 2024.1656965980537, 1593.4210978173335, 2496.392223505432, 686.8993329703687, 307.86129888572174, 0.0, 0.0, 0.0, 81.93365808193195, 1749.9185067408232, 132.84101320302312, 279.2897866703971, 528.1489441130951, 0.0, 0.0, 1831.9169246239153, 0.0, 0.0, 1552.1581083842407, 0.0, 0.0, 1205.0621713985413, 1950.72301496157, 1662.5385310124113, 1536.4498338794272, 1771.0644738947974, 1243.425074598067, 0.0, 0.0, 0.0, 1828.0676070154448, 89.93623380809052, 0.0, 178.49503782669586, 0.0, 0.0, 1775.999289065038, 0.0, 1871.066974717955, 0.0, 0.0, 1377.6077632647794, 1744.9858318922193, 0.0, 0.0, 0.0, 1702.013665476815, 0.0, 1671.8352995325913, 1312.898402597838, 1327.777141953814, 1705.5721403041575, 0.0, 1786.3167564037105, 162.643345280677, 1574.6886734897228, 160.99931892115936, 0.0, 0.0, 0.0, 0.0, 0.0, 1644.2665390618213, 0.0, 1353.5527912249283, 0.0, 0.0, 0.0, 0.0, 1728.8633171957895, 0.0, 1363.0549687804896, 1271.8558025333339, 0.0, 0.0, 0.0, 1742.726655854327, 218.91797668909018, 0.0, 91.49851182561643, 0.0, 0.0, 1682.794323521048, 1715.170833846461, 0.0, 0.0, 1650.1160635510228, 1336.8211083108497, 1613.9983008746697, 0.0, 1260.2816933023748, 1695.610344909536, 1697.6221377397644, 1220.3856268640625, 0.0, 1270.7540110862897, 0.0, 1453.209736918003, 428.0487938325828, 1728.9714347934719, 100.929344224028, 0.0, 11.997994041269411, 0.0, 0.0, 1684.0976829215604, 1671.1568046625353, 1770.6658615565502, 0.0, 1163.3514985275813, 1321.395792829317, 0.0, 0.0, 1177.961197982977, 0.0, 0.0, 0.0, 1314.5806263581128, 1166.444567290359, 1303.3946511123634, 0.0, 0.0, 0.0, 76.2790291419076, 1472.7150947441928, 45.112495024175146, 0.0, 1254.1616142772868, 0.0, 1644.681145832022, 1747.0317999634497, 117.29920618510559, 1534.6808607089688, 1326.7295787348978, 0.0, 0.0, 1043.0267126713093, 1671.0374714853547, 1678.4121324626353, 1213.4568812292212, 1455.1685922199858, 1233.5095731416998, 1328.2933851434254, 0.0, 1291.682954414711, 1122.6725349056517, 83.39317647705886, 1464.390259462446, 180.66251727928707, 0.0, 1324.69989862671, 0.0, 1619.0064520954295, 0.0, 1588.9091282167733, 1543.0927207793918, 1344.7715260867708, 0.0, 0.0, 0.0, 1635.3478578842723, 1696.3272526663075, 0.0, 0.0, 0.0, 0.0, 1665.8928880624321, 0.0, 0.0, 144.4584223514007, 1488.2270632234033, 366.37480232718184, 0.0, 0.0, 1546.8416958504465, 1659.8329848257492, 0.0, 0.0, 1539.01017451327, 1435.4104856837641, 1596.7609978796888, 0.0, 0.0, 1589.4972846991354, 0.0, 0.0, 0.0, 1375.099368205995, 334.31962715366257, 0.0, 1463.8755478019775, 1682.6406764306594, 265.2304965420601, 0.0, 534.3879758725602, 0.0, 458.8851700901573, 0.0, 1598.3532487153661, 1692.1240701526579, 0.0, 1415.5338698220846, 1452.4111171133065, 0.0, 0.0, 1326.0075556563131, 0.0, 1621.0594092897702, 0.0, 1676.817737631393, 1469.6903959458655, 87.03880375963251, 0.0, 0.0, 637.2556052264734, 254.5290771403671, 0.0, 276.20880548920917, 0.0, 0.0, 0.0, 624.9577002452595, 0.0, 0.0, 360.67464405335824, 151.07159623638387, 0.0, 531.946359125235, 0.0, 260.662112214646, 815.0924703007172, 0.0, 383.46663009639406, 643.4519351851342, 0.0, 0.0, 0.0, 0.0, 243.71086224069822, 126.54627516741463, 390.97672701287286, 0.0, 0.0, 0.0, 0.0, 0.0, 0.0, 0.0, 0.0, 0.0, 0.0, 0.0, 0.0, 0.0, 0.0, 0.0, 0.0, 0.0, 0.0, 0.0, 0.0, 0.0, 0.0, 105.71606118244893, 0.0, 0.0, 0.0, 0.0, 0.0, 0.0, 0.0, 0.0, 0.0, 0.0, 0.0, 0.0, 0.0, 0.0, 0.0, 0.0, 0.0, 0.0, 0.0, 0.0, 0.0, 0.0, 0.0, 0.0, 0.0, 0.0, 0.0, 0.0, 0.0, 0.0, 103.52038273320557, 0.0, 0.0, 0.0, 0.0, 0.0, 0.0, 0.0, 0.0, 0.0, 0.0, 0.0, 0.0, 0.0, 0.0, 0.0, 0.0, 0.0, 0.0, 0.0, 0.0, 0.0, 0.0, 0.0, 0.0, 0.0, 0.0, 0.0, 0.0, 0.0, 0.0, 0.0, 0.0, 0.0, 0.0, 0.0, 0.0, 0.0, 0.0, 0.0, 0.0, 0.0, 0.0, 0.0, 0.0, 0.0, 0.0, 0.0, 0.0, 0.0, 0.0, 0.0, 0.0, 0.0, 0.0, 10.162974225809952, 0.0, 0.0, 0.0, 366.299433928637, 0.0, 0.0, 0.0, 0.0, 0.0, 0.0, 0.0, 0.0, 0.0, 0.0, 0.0, 0.0, 0.0, 0.0, 0.0, 0.0, 0.0, 0.0, 388.6435373291066, 0.0, 0.0, 0.0, 286.0591404355188, 0.0, 366.1965467073671, 0.0, 0.0, 0.0, 0.0, 0.0, 0.0, 0.0, 0.0, 0.0, 0.0, 0.0, 0.0, 0.0, 0.0, 0.0, 21.494349478668546, 165.76575153971223, 0.0, 0.0, 0.0, 598.801883928653, 0.0, 531.0419082011432, 0.0, 0.0, 0.0, 0.0, 0.0, 0.0, 0.0, 464.6451562557215, 0.0, 0.0, 0.0, 0.0, 342.6259391146353, 0.0, 0.0, 0.0, 747.8676905036814, 0.0, 0.0, 0.0, 266.26315418785094, 0.0, 321.2993535079377, 0.0, 0.0, 1082.277378120107, 0.0, 0.0, 0.0, 0.0, 285.70603183239075, 0.0, 0.0, 0.0, 0.0, 642.8477374749591, 0.0, 0.0, 88.16682029342721, 1193.2055199131596, 0.0, 0.0, 0.0, 386.3142947693762, 500.33959488545145, 271.0461977875591, 426.84068333217533, 0.0, 1447.937390632656, 0.0, 0.0, 0.0, 0.0, 199.55953998191006, 0.0, 0.0, 0.0, 1196.1420838779331, 480.9046126925387, 787.6989382667131, 0.0, 352.71304663467765, 1612.9149249104314, 1955.016072263232, 0.0, 0.0, 444.8158667032791, 0.0, 250.28109813079976, 0.0, 0.0, 0.0, 0.0, 0.0, 0.0, 0.0, 519.6080712921182, 0.0, 0.0, 0.0, 0.0, 1566.0539232537524, 771.9254772383091, 0.0, 132.89588071663846, 1112.7706806779688, 1899.1153758377282, 0.0, 0.0, 325.5207494198236, 0.0, 49.599041385578936, 0.0, 1546.028984377358, 0.0, 0.0, 0.0, 1791.0186890269097, 0.0, 1044.1520921618148, 0.0, 0.0, 0.0, 0.0, 1941.4442720566055, 0.0, 0.0, 37.233690200823574, 0.0, 0.0, 0.0, 1869.5777276779645, 558.4602255457285, 2018.5806868030202, 8.394559451336708, 0.0, 332.3697674257339, 0.0, 0.0, 1986.3007234094941, 1520.6924312817434, 0.0, 1033.498607401861, 0.0, 0.0, 1690.0790455404176, 0.0, 0.0, 0.0, 0.0, 211.77337575723425, 815.5528490276678, 0.0, 0.0, 1960.338615929811, 284.47785018653093, 0.0, 47.719424981165446, 0.0, 0.0, 0.0, 0.0, 1986.2414600045902, 1744.948977654668, 0.0, 1009.9833267913199, 0.0, 0.0, 0.0, 205.34383129272138, 1873.9233486589096, 0.0, 0.0, 52.95812414161989, 682.6275780382329, 1329.4577059326807, 0.0, 1915.2819028923673, 231.03536073866837, 0.0, 180.48821722440647, 0.0, 0.0, 1367.9162220365026, 0.0, 1947.0164466056026, 0.0, 0.0, 859.0546209971033, 1488.1406935623743, 1050.9448049582334, 0.0, 1817.7092623267831, 0.0, 0.0, 0.0, 14.14552553736003, 0.0, 0.0, 1247.6703166878413, 0.0, 136.6928402576957, 1739.9309220229493, 8.587063611509885, 0.0, 0.0, 1837.958261620744, 1769.7347123734196, 1722.099312324022, 0.0, 0.0, 1055.591585954027, 1658.3232114501616, 0.0, 0.0, 0.0, 0.0, 0.0, 0.0, 168.1358811242761, 0.0, 0.0, 0.0, 0.0, 180.52109519961928, 0.0, 49.94228234284765, 0.0, 0.0, 0.0, 1678.663078670815, 0.0, 0.0, 0.0, 1275.1927984224305, 1606.863495805262, 0.0, 1093.4245655089876, 0.0, 1632.9892033025535, 0.0, 1434.537038356821, 155.93275063481494, 1310.6362475905512, 1653.7824170551555, 0.0, 0.0, 27.99072587034962, 1563.968243152204, 223.18603125402703, 1335.7402826994708, 0.0, 0.0, 0.0, 0.0, 0.0, 106.18607260815001, 1236.7809087618034, 0.0, 0.0, 561.0357595527759, 0.0, 0.0, 0.0, 1696.6462863162192, 259.939269180587, 1346.1054012907125, 0.0, 0.0, 1743.8678325447293, 152.39881489546156, 0.0, 298.6072132005007, 0.0, 0.0, 1657.6953043698618, 558.1097322647338, 1609.2562551532917, 1620.0487018728468, 0.0, 1211.5305777365002, 0.0, 0.0, 0.0, 0.0, 0.0, 1020.8222127077463, 0.0, 331.4675372366109, 848.0896248652728, 0.0, 0.0, 0.0, 218.25918372909825, 1512.3159050843055, 121.93560574295736, 0.0, 0.0, 0.0, 1579.6794358079287, 0.0, 0.0, 1451.0214163168284, 1200.6740506941985, 1477.8031560065547, 1164.6247335742478, 1373.391115153555, 0.0, 0.0, 1089.534777513899, 1608.6079702871334, 294.84074978910405, 1377.828618536975, 1613.1764879889954, 0.0, 1706.6825036899359, 392.53831239527125, 0.0, 78.61128126717003, 0.0, 0.0, 1620.0973793052606, 1562.4554140309795, 1547.9117234850694, 0.0, 1475.3851441929203, 1212.0436020653244, 0.0, 0.0, 0.0, 1576.0584231578641, 1581.3808389514231, 0.0, 1629.2400299644307, 506.578525461923, 793.0885577670832, 0.0, 88.88982565136328, 0.0, 567.8872299780743, 1533.3215728332077, 141.9621206137235, 0.0, 0.0, 0.0, 1582.1151074039176, 1226.9934636806165, 0.0, 1489.6134568253074, 1289.8293517730747, 0.0, 0.0, 0.0, 1522.5606727218112, 1578.9488252264273, 1137.2823230217318, 1656.546885968906, 253.51330507822453, 510.7248932389095, 0.0, 0.0, 0.0, 675.1077513659773, 1483.0323370649987, 250.710936187077, 0.0, 0.0, 1609.8789958208044, 1474.365590087285, 0.0, 0.0, 1430.9347186848408, 1305.0089576990315, 0.0, 0.0, 1267.0202321005193, 1443.5601379830905, 1461.4565599184384, 1339.772384315227, 1511.968291324907, 81.34746887832888, 297.84587810618024, 0.0, 481.1038553245311, 0.0, 581.7132479477781, 837.3293994817217, 0.0, 676.6080932600846, 0.0, 0.0, 544.2002052569503, 0.0, 0.0, 376.3726482447351, 565.1450698235765, 0.0, 739.797298833891, 0.0, 0.0, 861.5784595738993, 284.3174053408522, 350.3089879977721, 50.62587201635722, 0.0, 0.0, 0.0, 0.0, 180.59442201626487, 0.0, 0.0, 0.0, 0.0, 0.0, 0.0, 0.0, 0.0, 0.0, 108.59442086076754, 0.0, 0.0, 0.0, 0.0, 0.0, 0.0, 0.0, 0.0, 0.0, 0.0, 0.0, 0.0, 0.0, 0.0, 0.0, 0.0, 0.0, 0.0, 0.0, 0.0, 0.0, 0.0, 0.0, 0.0, 0.0, 0.0, 0.0, 0.0, 0.0, 0.0, 0.0, 0.0, 0.0, 0.0, 0.0, 0.0, 0.0, 0.0, 0.0, 0.0, 0.0, 0.0, 0.0, 0.0, 0.0, 0.0, 0.0, 0.0, 0.0, 0.0, 0.0, 0.0, 0.0, 0.0, 0.0, 0.0, 0.0, 0.0, 0.0, 0.0, 0.0, 0.0, 0.0, 0.0, 0.0, 0.0, 0.0, 0.0, 0.0, 0.0, 0.0, 0.0, 0.0, 0.0, 0.0, 0.0, 0.0, 0.0, 0.0, 0.0, 0.0, 82.10374737414001, 0.0, 0.0, 0.0, 0.0, 0.0, 0.0, 0.0, 0.0, 0.0, 0.0, 0.0, 0.0, 0.0, 0.0, 0.0, 0.0, 0.0, 0.0, 0.0, 0.0, 0.0, 0.0, 165.29336112238997, 0.0, 0.0, 0.0, 0.0, 0.0, 0.0, 0.0, 0.0, 0.0, 0.0, 0.0, 0.0, 0.0, 0.0, 0.0, 0.0, 0.0, 0.0, 0.0, 0.0, 0.0, 0.0, 448.40705180179685, 0.0, 0.0, 0.0, 0.0, 0.0, 0.0, 0.0, 0.0, 0.0, 0.0, 0.0, 0.0, 0.0, 0.0, 0.0, 0.0, 0.0, 0.0, 734.9811387391322, 0.0, 0.0, 0.0, 601.0468158946483, 0.0, 0.0, 0.0, 0.0, 0.0, 0.0, 0.0, 0.0, 0.0, 0.0, 0.0, 0.0, 0.0, 0.0, 0.0, 0.0, 0.0, 0.0, 0.0, 0.0, 0.0, 0.0, 902.3540636934613, 163.3078077324904, 0.0, 0.0, 0.0, 0.0, 0.0, 0.0, 0.0, 0.0, 515.4957724131198, 0.0, 0.0, 0.0, 0.0, 607.7008176847393, 0.0, 0.0, 0.0, 1468.8278384680696, 0.0, 0.0, 0.0, 1376.245757047985, 1102.2782545091902, 8.401322191386845, 0.0, 0.0, 0.0, 811.7925375874423, 760.9963751917522, 0.0, 0.0, 0.0, 0.0, 0.0, 0.0, 706.4731360417549, 0.0, 0.0, 0.0, 370.00341642724146, 1637.9700269459715, 0.0, 0.0, 995.9314953327676, 1492.6367666088424, 0.0, 7.328768632595898, 0.0, 0.0, 0.0, 0.0, 0.0, 0.0, 0.0, 258.3538532348384, 0.0, 0.0, 764.8310302787289, 0.0, 0.0, 35.242245505188826, 0.0, 830.235310605247, 1532.3698675718053, 0.0, 0.0, 0.0, 1000.2786246873517, 0.0, 8.605097584977036, 0.0, 0.0, 0.0, 0.0, 0.0, 0.0, 0.0, 0.0, 0.0, 0.0, 0.0, 1119.9590372890455, 0.0, 0.0, 0.0, 1381.8535997360866, 1436.4399885869095, 0.0, 1495.7669889559766, 0.0, 698.5966615436179, 0.0, 91.9691389869766, 1522.8554785957147, 0.0, 0.0, 0.0, 1515.0402357419332, 861.6226524792428, 0.0, 56.04325212619018, 0.0, 0.0, 0.0, 0.0, 1942.412230503566, 0.0, 0.0, 0.0, 1393.2643038681772, 0.0, 0.0, 0.0, 575.3807712833423, 0.0, 106.57559417166321, 524.090292802717, 564.8400188728424, 0.0, 0.0, 0.0, 0.0, 0.0, 0.0, 0.0, 0.0, 0.0, 1843.53071493773, 0.0, 0.0, 0.0, 0.0, 540.6646067653834, 0.0, 0.0, 0.0, 495.53884145884615, 0.0, 93.6470215797021, 0.0, 1231.153203064863, 0.0, 0.0, 0.0, 0.0, 0.0, 0.0, 1877.0194705965591, 0.0, 0.0, 0.0, 1787.1455885446107, 0.0, 0.0, 1322.942435433108, 415.04279729955243, 0.0, 0.0, 1952.2511341454615, 138.08443352162573, 0.0, 17.145119746829256, 0.0, 0.0, 1883.9723832576374, 0.0, 1954.8860445934795, 2008.17376607145, 0.0, 608.5179848649082, 0.0, 0.0, 1291.7652255433452, 1878.4920129298216, 0.0, 0.0, 538.744710903263, 229.1518711973543, 640.8846714103036, 1347.662164299895, 1200.43459369635, 0.0, 87.729836700493, 1782.14696713439, 12.878298637625017, 0.0, 0.0, 0.0, 0.0, 0.0, 0.0, 0.0, 910.494616329826, 0.0, 0.0, 1043.7703588791019, 0.0, 0.0, 0.0, 1649.755256698398, 1100.3093751438198, 411.03810679996747, 0.0, 0.0, 0.0, 124.2365961453465, 1704.7078074951567, 54.28243026869709, 0.0, 0.0, 0.0, 1618.0569043179853, 0.0, 1882.3127443085289, 0.0, 1340.7138529613223, 1645.7294887955325, 0.0, 1087.164139672511, 0.0, 1651.385550600444, 0.0, 1584.7115243949913, 0.0, 0.0, 1620.3022113235456, 0.0, 0.0, 235.80424086393225, 1669.9978108016237, 18.710885466771302, 0.0, 0.0, 1717.9599994039622, 1585.5143345919353, 1644.2112502784264, 1830.4749181101456, 1076.963453312097, 1375.1072042278133, 0.0, 0.0, 1334.4486634337384, 0.0, 0.0, 0.0, 1534.0083020675481, 0.0, 0.0, 1718.0947802578173, 0.0, 1694.4381746719268, 315.1673771994591, 1651.2618601101133, 97.84277011894378, 0.0, 0.0, 1687.9350704182984, 1566.6495149452774, 1478.5682257223682, 0.0, 1579.3282756128149, 1381.431271345408, 1540.8824122624976, 0.0, 0.0, 0.0, 202.0860260913013, 1193.7935807310055, 0.0, 0.0, 0.0, 1711.5222295347899, 0.0, 1674.1416291544704, 461.3086159665153, 1634.822734613558, 9.160577994138208, 0.0, 0.0, 1677.7554549971385, 1549.9094972929083, 0.0, 1808.873240512279, 1597.1131072979338, 1408.7283952497066, 1594.2374790210222, 1236.0088100329253, 1571.0612149467352, 1714.2797767008667, 0.0, 0.0, 1534.1354329769879, 0.0, 0.0, 1727.7929405931322, 0.0, 1716.1294582190906, 587.1825607972398, 0.0, 2.6829788828384844, 0.0, 0.0, 1728.723006620494, 1594.087650027426, 1703.829121671511, 1809.9857716435201, 1657.3677313037217, 1504.601520594071, 1132.8407693703846, 1324.2684526719904, 0.0, 1761.1565655388765, 0.0, 0.0, 0.0, 0.0, 0.0, 1589.1106346641516, 0.0, 1686.9999019731447, 610.8034932712058, 1659.409128485943, 0.0, 0.0, 0.0, 654.0743123226216, 1198.8605741827466, 1611.8862669255593, 1687.0208809467497, 1552.9191187120985, 1514.083314874591, 0.0, 0.0, 1396.8900067853785, 0.0, 1585.0588875424069, 0.0, 1482.3270735185984, 0.0, 189.7793713943578, 356.55339256860145, 0.0, 745.3490989449377, 264.9897174764973, 1018.208946651605, 0.0, 0.0, 0.0, 0.0, 925.4631767316605, 0.0, 599.7813138232509, 593.8366309536306, 329.53081286958957, 0.0, 0.0, 197.33971698629858, 0.0, 379.71221675842685, 0.0, 0.0, 0.0, 0.0, 0.0, 0.0, 0.0, 0.0, 0.0, 0.0, 0.0, 0.0, 0.0, 0.0, 0.0, 0.0, 0.0, 0.0, 0.0, 0.0, 0.0, 0.0, 0.7359174268964692, 0.0, 0.0, 0.0, 0.0, 0.0, 0.0, 0.0, 0.0, 0.0, 0.0, 0.0, 0.0, 0.0, 0.0, 0.0, 0.0, 0.0, 0.0, 0.0, 0.0, 0.0, 0.0, 0.0, 0.0, 0.0, 0.0, 0.0, 0.0, 0.0, 0.0, 0.0, 0.0, 0.0, 0.0, 0.0, 0.0, 0.0, 0.0, 0.0, 0.0, 0.0, 0.0, 0.0, 0.0, 0.0, 0.0, 0.0, 0.0, 0.0, 0.0, 0.0, 0.0, 0.0, 0.0, 0.0, 0.0, 0.0, 0.0, 0.0, 0.0, 0.0, 0.0, 0.0, 0.0, 0.0, 0.0, 0.0, 0.0, 0.0, 0.0, 0.0, 0.0, 0.0, 0.0, 0.0, 0.0, 0.0, 0.0, 0.0, 0.0, 0.0, 0.0, 0.0, 0.0, 0.0, 0.0, 0.0, 0.0, 0.0, 0.0, 0.0, 0.0, 0.0, 0.0, 0.0, 0.0, 0.0, 0.0, 0.0, 0.0, 0.0, 0.0, 0.0, 0.0, 0.0, 0.0, 0.0, 0.0, 0.0, 0.0, 0.0, 0.0, 0.0, 0.0, 0.0, 0.0, 0.0, 0.0, 0.0, 0.0, 0.0, 67.02873998375247, 0.0, 0.0, 0.0, 0.0, 0.0, 0.0, 0.0, 0.0, 0.0, 0.0, 0.0, 0.0, 0.0, 0.0, 0.0, 0.0, 0.0, 0.0, 0.0, 0.0, 0.0, 0.0, 0.0, 0.0, 0.0, 0.0, 0.0, 0.0, 0.0, 0.0, 0.0, 0.0, 0.0, 445.8223401811613, 0.0, 0.0, 0.0, 0.0, 0.0, 0.0, 0.0, 0.0, 754.6105383653752, 0.0, 0.0, 6.413021393344857, 378.53656126750525, 0.0, 0.0, 0.0, 0.0, 0.0, 403.1179318279306, 0.0, 384.5891346745152, 0.0, 758.6268679266157, 0.0, 0.0, 0.0, 0.0, 0.0, 0.0, 0.0, 0.0, 1606.5914716745658, 1242.3832394496503, 0.0, 1225.7647418376373, 1247.609594436849, 0.0, 55.001067098190944, 0.0, 0.0, 1500.2411456328787, 1024.8219531610384, 0.0, 1681.2791472318459, 0.0, 591.9029108193748, 1423.6369209423133, 826.5937958888206, 1114.0671164010687, 1375.594952363204, 1463.6898552909572, 0.0, 1215.4769512272985, 352.7130466346774, 1612.9526533897742, 0.0, 983.2867115914222, 0.0, 1642.7195344353872, 0.0, 8.839879503703528, 0.0, 0.0, 0.0, 2076.5800311012217, 0.0, 0.0, 0.0, 691.768590872478, 0.0, 1598.465771288092, 1972.4026953200055, 0.0, 1996.2977287037202, 0.0, 470.1694051647843, 0.0, 1516.511400521926, 0.0, 0.0, 0.0, 1635.0119672940657, 0.0, 24.95170361039875, 0.0, 0.0, 0.0, 0.0, 1414.6923124382183, 0.0, 0.0, 356.641262878849, 0.0, 0.0, 2091.9690005230486, 0.0, 2049.729007949942, 0.0, 1835.3280013962265, 0.0, 0.0, 0.0, 0.0, 0.0, 1712.791941930525, 1331.4070092179802, 0.0, 0.0, 0.0, 0.0, 252.63686524377746, 2004.9617383995308, 0.0, 1851.938124974242, 141.56537319744066, 0.0, 1309.7346765160514, 2036.58761285177, 0.0, 0.0, 0.0, 1777.884485497401, 0.0, 1355.8967185289766, 0.0, 0.0, 2055.6950765665465, 2281.34625879507, 2024.175857483782, 0.0, 0.0, 1477.6088779126158, 0.0, 0.0, 0.0, 0.0, 1770.7929680935295, 1459.411892604361, 301.1249882764453, 1127.294409262669, 1946.1646927372572, 1993.6471701803603, 0.0, 1415.80419449024, 1720.8825487387426, 0.0, 0.0, 0.0, 0.0, 1979.151127398174, 2439.971345563106, 0.0, 0.0, 0.0, 0.0, 0.0, 1899.7077499153954, 0.0, 0.0, 1712.5123657095307, 1185.2547067948055, 1896.2933110811132, 1317.97739331343, 1873.7651220309117, 0.0, 728.7887037442828, 0.0, 1675.8487463926474, 0.0]"
UA_2,0.0
TES_LCOE_IndustrialCharge,0
UA_3,0.0
powerPeak,0.0
cost_coldpump,0.0
x_TES,0.0
net_discharge_t,"[0.0, 0.0, 0.0, 0.0, 0.0, 0.0, 0.0, 0.0, 0.0, 0.0, 0.0, 0.0, 0.0, 0.0, 0.0, 0.0, 0.0, 0.0, 0.0, 0.0, 0.0, 0.0, 0.0, 0.0, 0.0, 0.0, 0.0, 0.0, 0.0, 0.0, 0.0, 0.0, 0.0, 0.0, 0.0, 0.0, 0.0, 0.0, 0.0, 0.0, 0.0, 0.0, 0.0, 0.0, 0.0, 0.0, 0.0, 0.0, 0.0, 0.0, 0.0, 0.0, 0.0, 0.0, 0.0, 0.0, 0.0, 0.0, 0.0, 0.0, 0.0, 0.0, 0.0, 0.0, 0.0, 0.0, 0.0, 0.0, 0.0, 0.0, 0.0, 0.0, 0.0, 0.0, 0.0, 0.0, 0.0, 0.0, 0.0, 0.0, 0.0, 0.0, 0.0, 0.0, 0.0, 0.0, 0.0, 0.0, 0.0, 0.0, 0.0, 0.0, 0.0, 0.0, 0.0, 0.0, 0.0, 0.0, 0.0, 0.0, 0.0, 0.0, 0.0, 0.0, 0.0, 0.0, 0.0, 0.0, 0.0, 0.0, 0.0, 0.0, 0.0, 0.0, 0.0, 0.0, 0.0, 0.0, 0.0, 0.0, 0.0, 0.0, 0.0, 0.0, 0.0, 0.0, 0.0, 0.0, 0.0, 0.0, 0.0, 0.0, 0.0, 0.0, 0.0, 0.0, 0.0, 0.0, 0.0, 0.0, 0.0, 0.0, 0.0, 0.0, 0.0, 0.0, 0.0, 0.0, 0.0, 0.0, 0.0, 0.0, 0.0, 0.0, 0.0, 0.0, 0.0, 0.0, 0.0, 0.0, 0.0, 0.0, 0.0, 0.0, 0.0, 0.0, 0.0, 0.0, 0.0, 0.0, 0.0, 0.0, 0.0, 0.0, 0.0, 0.0, 0.0, 0.0, 0.0, 0.0, 0.0, 0.0, 0.0, 0.0, 0.0, 0.0, 0.0, 0.0, 0.0, 0.0, 0.0, 0.0, 0.0, 0.0, 0.0, 0.0, 0.0, 0.0, 0.0, 0.0, 0.0, 0.0, 0.0, 0.0, 0.0, 0.0, 0.0, 0.0, 0.0, 0.0, 0.0, 0.0, 0.0, 0.0, 0.0, 0.0, 0.0, 0.0, 0.0, 0.0, 0.0, 0.0, 0.0, 0.0, 0.0, 0.0, 0.0, 0.0, 0.0, 0.0, 0.0, 0.0, 0.0, 0.0, 0.0, 0.0, 0.0, 0.0, 0.0, 0.0, 0.0, 0.0, 0.0, 0.0, 0.0, 0.0, 0.0, 0.0, 0.0, 0.0, 0.0, 0.0, 0.0, 0.0, 0.0, 0.0, 0.0, 0.0, 0.0, 0.0, 0.0, 0.0, 0.0, 0.0, 0.0, 0.0, 0.0, 0.0, 0.0, 0.0, 0.0, 0.0, 0.0, 0.0, 0.0, 0.0, 0.0, 0.0, 0.0, 0.0, 0.0, 0.0, 0.0, 0.0, 0.0, 0.0, 0.0, 0.0, 0.0, 0.0, 0.0, 0.0, 0.0, 0.0, 0.0, 0.0, 0.0, 0.0, 0.0, 0.0, 0.0, 0.0, 0.0, 0.0, 0.0, 0.0, 0.0, 0.0, 0.0, 0.0, 0.0, 0.0, 0.0, 0.0, 0.0, 0.0, 0.0, 0.0, 0.0, 0.0, 0.0, 0.0, 0.0, 0.0, 0.0, 0.0, 0.0, 0.0, 0.0, 0.0, 0.0, 0.0, 0.0, 0.0, 0.0, 0.0, 0.0, 0.0, 0.0, 0.0, 0.0, 0.0, 0.0, 0.0, 0.0, 0.0, 0.0, 0.0, 0.0, 0.0, 0.0, 0.0, 0.0, 0.0, 0.0, 0.0, 0.0, 0.0, 0.0, 0.0, 0.0, 0.0, 0.0, 0.0, 0.0, 0.0, 0.0, 0.0, 0.0, 0.0, 0.0, 0.0, 0.0, 0.0, 0.0, 0.0, 0.0, 0.0, 0.0, 0.0, 0.0, 0.0, 0.0, 0.0, 0.0, 0.0, 0.0, 0.0, 0.0, 0.0, 0.0, 0.0, 0.0, 0.0, 0.0, 0.0, 0.0, 0.0, 0.0, 0.0, 0.0, 0.0, 0.0, 0.0, 0.0, 0.0, 0.0, 0.0, 0.0, 0.0, 0.0, 0.0, 0.0, 0.0, 0.0, 0.0, 0.0, 0.0, 0.0, 0.0, 0.0, 0.0, 0.0, 0.0, 0.0, 0.0, 0.0, 0.0, 0.0, 0.0, 0.0, 0.0, 0.0, 0.0, 0.0, 0.0, 0.0, 0.0, 0.0, 0.0, 0.0, 0.0, 0.0, 0.0, 0.0, 0.0, 0.0, 0.0, 0.0, 0.0, 0.0, 0.0, 0.0, 0.0, 0.0, 0.0, 0.0, 0.0, 0.0, 0.0, 0.0, 0.0, 0.0, 0.0, 0.0, 0.0, 0.0, 0.0, 0.0, 0.0, 0.0, 0.0, 0.0, 0.0, 0.0, 0.0, 0.0, 0.0, 0.0, 0.0, 0.0, 0.0, 0.0, 0.0, 0.0, 0.0, 0.0, 0.0, 0.0, 0.0, 0.0, 0.0, 0.0, 0.0, 0.0, 0.0, 0.0, 0.0, 0.0, 0.0, 0.0, 0.0, 0.0, 0.0, 0.0, 0.0, 0.0, 0.0, 0.0, 0.0, 0.0, 0.0, 0.0, 0.0, 0.0, 0.0, 0.0, 0.0, 0.0, 0.0, 0.0, 0.0, 0.0, 0.0, 0.0, 0.0, 0.0, 0.0, 0.0, 0.0, 0.0, 0.0, 0.0, 0.0, 0.0, 0.0, 0.0, 0.0, 0.0, 0.0, 0.0, 0.0, 0.0, 0.0, 0.0, 0.0, 0.0, 0.0, 0.0, 0.0, 0.0, 0.0, 0.0, 0.0, 0.0, 0.0, 0.0, 0.0, 0.0, 0.0, 0.0, 0.0, 0.0, 0.0, 0.0, 0.0, 0.0, 0.0, 0.0, 0.0, 0.0, 0.0, 0.0, 0.0, 0.0, 0.0, 0.0, 0.0, 0.0, 0.0, 0.0, 0.0, 0.0, 0.0, 0.0, 0.0, 0.0, 0.0, 0.0, 0.0, 0.0, 0.0, 0.0, 0.0, 0.0, 0.0, 0.0, 0.0, 0.0, 0.0, 0.0, 0.0, 0.0, 0.0, 0.0, 0.0, 0.0, 0.0, 0.0, 0.0, 0.0, 0.0, 0.0, 0.0, 0.0, 0.0, 0.0, 0.0, 0.0, 0.0, 0.0, 0.0, 0.0, 0.0, 0.0, 0.0, 0.0, 0.0, 0.0, 0.0, 0.0, 0.0, 0.0, 0.0, 0.0, 0.0, 0.0, 0.0, 0.0, 0.0, 0.0, 0.0, 0.0, 0.0, 0.0, 0.0, 0.0, 0.0, 0.0, 0.0, 0.0, 0.0, 0.0, 0.0, 0.0, 0.0, 0.0, 0.0, 0.0, 0.0, 0.0, 0.0, 0.0, 0.0, 0.0, 0.0, 0.0, 0.0, 0.0, 0.0, 0.0, 0.0, 0.0, 0.0, 0.0, 0.0, 0.0, 0.0, 0.0, 0.0, 0.0, 0.0, 0.0, 0.0, 0.0, 0.0, 0.0, 0.0, 0.0, 0.0, 0.0, 0.0, 0.0, 0.0, 0.0, 0.0, 0.0, 0.0, 0.0, 0.0, 0.0, 0.0, 0.0, 0.0, 0.0, 0.0, 0.0, 0.0, 0.0, 0.0, 0.0, 0.0, 0.0, 0.0, 0.0, 0.0, 0.0, 0.0, 0.0, 0.0, 0.0, 0.0, 0.0, 0.0, 0.0, 0.0, 0.0, 0.0, 0.0, 0.0, 0.0, 0.0, 0.0, 0.0, 0.0, 0.0, 0.0, 0.0, 0.0, 0.0, 0.0, 0.0, 0.0, 0.0, 0.0, 0.0, 0.0, 0.0, 0.0, 0.0, 0.0, 0.0, 0.0, 0.0, 0.0, 0.0, 0.0, 0.0, 0.0, 0.0, 0.0, 0.0, 0.0, 0.0, 0.0, 0.0, 0.0, 0.0, 0.0, 0.0, 0.0, 0.0, 0.0, 0.0, 0.0, 0.0, 0.0, 0.0, 0.0, 0.0, 0.0, 0.0, 0.0, 0.0, 0.0, 0.0, 0.0, 0.0, 0.0, 0.0, 0.0, 0.0, 0.0, 0.0, 0.0, 0.0, 0.0, 0.0, 0.0, 0.0, 0.0, 0.0, 0.0, 0.0, 0.0, 0.0, 0.0, 0.0, 0.0, 0.0, 0.0, 0.0, 0.0, 0.0, 0.0, 0.0, 0.0, 0.0, 0.0, 0.0, 0.0, 0.0, 0.0, 0.0, 0.0, 0.0, 0.0, 0.0, 0.0, 0.0, 0.0, 0.0, 0.0, 0.0, 0.0, 0.0, 0.0, 0.0, 0.0, 0.0, 0.0, 0.0, 0.0, 0.0, 0.0, 0.0, 0.0, 0.0, 0.0, 0.0, 0.0, 0.0, 0.0, 0.0, 0.0, 0.0, 0.0, 0.0, 0.0, 0.0, 0.0, 0.0, 0.0, 0.0, 0.0, 0.0, 0.0, 0.0, 0.0, 0.0, 0.0, 0.0, 0.0, 0.0, 0.0, 0.0, 0.0, 0.0, 0.0, 0.0, 0.0, 0.0, 0.0, 0.0, 0.0, 0.0, 0.0, 0.0, 0.0, 0.0, 0.0, 0.0, 0.0, 0.0, 0.0, 0.0, 0.0, 0.0, 0.0, 0.0, 0.0, 0.0, 0.0, 0.0, 0.0, 0.0, 0.0, 0.0, 0.0, 0.0, 0.0, 0.0, 0.0, 0.0, 0.0, 0.0, 0.0, 0.0, 0.0, 0.0, 0.0, 0.0, 0.0, 0.0, 0.0, 0.0, 0.0, 0.0, 0.0, 0.0, 0.0, 0.0, 0.0, 0.0, 0.0, 0.0, 0.0, 0.0, 0.0, 0.0, 0.0, 0.0, 0.0, 0.0, 0.0, 0.0, 0.0, 0.0, 0.0, 0.0, 0.0, 0.0, 0.0, 0.0, 0.0, 0.0, 0.0, 0.0, 0.0, 0.0, 0.0, 0.0, 0.0, 0.0, 0.0, 0.0, 0.0, 0.0, 0.0, 0.0, 0.0, 0.0, 0.0, 0.0, 0.0, 0.0, 0.0, 0.0, 0.0, 0.0, 0.0, 0.0, 0.0, 0.0, 0.0, 0.0, 0.0, 0.0, 0.0, 0.0, 0.0, 0.0, 0.0, 0.0, 0.0, 0.0, 0.0, 0.0, 0.0, 0.0, 0.0, 0.0, 0.0, 0.0, 0.0, 0.0, 0.0, 0.0, 0.0, 0.0, 0.0, 0.0, 0.0, 0.0, 0.0, 0.0, 0.0, 0.0, 0.0, 0.0, 0.0, 0.0, 0.0, 0.0, 0.0, 0.0, 0.0, 0.0, 0.0, 0.0, 0.0, 0.0, 0.0, 0.0, 0.0, 0.0, 0.0, 0.0, 0.0, 0.0, 0.0, 0.0, 0.0, 0.0, 0.0, 0.0, 0.0, 0.0, 0.0, 0.0, 0.0, 0.0, 0.0, 0.0, 0.0, 0.0, 0.0, 0.0, 0.0, 0.0, 0.0, 0.0, 0.0, 0.0, 0.0, 0.0, 0.0, 0.0, 0.0, 0.0, 0.0, 0.0, 0.0, 0.0, 0.0, 0.0, 0.0, 0.0, 0.0, 0.0, 0.0, 0.0, 0.0, 0.0, 0.0, 0.0, 0.0, 0.0, 0.0, 0.0, 0.0, 0.0, 0.0, 0.0, 0.0, 0.0, 0.0, 0.0, 0.0, 0.0, 0.0, 0.0, 0.0, 0.0, 0.0, 0.0, 0.0, 0.0, 0.0, 0.0, 0.0, 0.0, 0.0, 0.0, 0.0, 0.0, 0.0, 0.0, 0.0, 0.0, 0.0, 0.0, 0.0, 0.0, 0.0, 0.0, 0.0, 0.0, 0.0, 0.0, 0.0, 0.0, 0.0, 0.0, 0.0, 0.0, 0.0, 0.0, 0.0, 0.0, 0.0, 0.0, 0.0, 0.0, 0.0, 0.0, 0.0, 0.0, 0.0, 0.0, 0.0, 0.0, 0.0, 0.0, 0.0, 0.0, 0.0, 0.0, 0.0, 0.0, 0.0, 0.0, 0.0, 0.0, 0.0, 0.0, 0.0, 0.0, 0.0, 0.0, 0.0, 0.0, 0.0, 0.0, 0.0, 0.0, 0.0, 0.0, 0.0, 0.0, 0.0, 0.0, 0.0, 0.0, 0.0, 0.0, 0.0, 0.0, 0.0, 0.0, 0.0, 0.0, 0.0, 0.0, 0.0, 0.0, 0.0, 0.0, 0.0, 0.0, 0.0, 0.0, 0.0, 0.0, 0.0, 0.0, 0.0, 0.0, 0.0, 0.0, 0.0, 0.0, 0.0, 0.0, 0.0, 0.0, 0.0, 0.0, 0.0, 0.0, 0.0, 0.0, 0.0, 0.0, 0.0, 0.0, 0.0, 0.0, 0.0, 0.0, 0.0, 0.0, 0.0, 0.0, 0.0, 0.0, 0.0, 0.0, 0.0, 0.0, 0.0, 0.0, 0.0, 0.0, 0.0, 0.0, 0.0, 0.0, 0.0, 0.0, 0.0, 0.0, 0.0, 0.0, 0.0, 0.0, 0.0, 0.0, 0.0, 0.0, 0.0, 0.0, 0.0, 0.0, 0.0, 0.0, 0.0, 0.0, 0.0, 0.0, 0.0, 0.0, 0.0, 0.0, 0.0, 0.0, 0.0, 0.0, 0.0, 0.0, 0.0, 0.0, 0.0, 0.0, 0.0, 0.0, 0.0, 0.0, 0.0, 0.0, 0.0, 0.0, 0.0, 0.0, 0.0, 0.0, 0.0, 0.0, 0.0, 0.0, 0.0, 0.0, 0.0, 0.0, 0.0, 0.0, 0.0, 0.0, 0.0, 0.0, 0.0, 0.0, 0.0, 0.0, 0.0, 0.0, 0.0, 0.0, 0.0, 0.0, 0.0, 0.0, 0.0, 0.0, 0.0, 0.0, 0.0, 0.0, 0.0, 0.0, 0.0, 0.0, 0.0, 0.0, 0.0, 0.0, 0.0, 0.0, 0.0, 0.0, 0.0, 0.0, 0.0, 0.0, 0.0, 0.0, 0.0, 0.0, 0.0, 0.0, 0.0, 0.0, 0.0, 0.0, 0.0, 0.0, 0.0, 0.0, 0.0, 0.0, 0.0, 0.0, 0.0, 0.0, 0.0, 0.0, 0.0, 0.0, 0.0, 0.0, 0.0, 0.0, 0.0, 0.0, 0.0, 0.0, 0.0, 0.0, 0.0, 0.0, 0.0, 0.0, 0.0, 0.0, 0.0, 0.0, 0.0, 0.0, 0.0, 0.0, 0.0, 0.0, 0.0, 0.0, 0.0, 0.0, 0.0, 0.0, 0.0, 0.0, 0.0, 0.0, 0.0, 0.0, 0.0, 0.0, 0.0, 0.0, 0.0, 0.0, 0.0, 0.0, 0.0, 0.0, 0.0, 0.0, 0.0, 0.0, 0.0, 0.0, 0.0, 0.0, 0.0, 0.0, 0.0, 0.0, 0.0, 0.0, 0.0, 0.0, 0.0, 0.0, 0.0, 0.0, 0.0, 0.0, 0.0, 0.0, 0.0, 0.0, 0.0, 0.0, 0.0, 0.0, 0.0, 0.0, 0.0, 0.0, 0.0, 0.0, 0.0, 0.0, 0.0, 0.0, 0.0, 0.0, 0.0, 0.0, 0.0, 0.0, 0.0, 0.0, 0.0, 0.0, 0.0, 0.0, 0.0, 0.0, 0.0, 0.0, 0.0, 0.0, 0.0, 0.0, 0.0, 0.0, 0.0, 0.0, 0.0, 0.0, 0.0, 0.0, 0.0, 0.0, 0.0, 0.0, 0.0, 0.0, 0.0, 0.0, 0.0, 0.0, 0.0, 0.0, 0.0, 0.0, 0.0, 0.0, 0.0, 0.0, 0.0, 0.0, 0.0, 0.0, 0.0, 0.0, 0.0, 0.0, 0.0, 0.0, 0.0, 0.0, 0.0, 0.0, 0.0, 0.0, 0.0, 0.0, 0.0, 0.0, 0.0, 0.0, 0.0, 0.0, 0.0, 0.0, 0.0, 0.0, 0.0, 0.0, 0.0, 0.0, 0.0, 0.0, 0.0, 0.0, 0.0, 0.0, 0.0, 0.0, 0.0, 0.0, 0.0, 0.0, 0.0, 0.0, 0.0, 0.0, 0.0, 0.0, 0.0, 0.0, 0.0, 0.0, 0.0, 0.0, 0.0, 0.0, 0.0, 0.0, 0.0, 0.0, 0.0, 0.0, 0.0, 0.0, 0.0, 0.0, 0.0, 0.0, 0.0, 0.0, 0.0, 0.0, 0.0, 0.0, 0.0, 0.0, 0.0, 0.0, 0.0, 0.0, 0.0, 0.0, 0.0, 0.0, 0.0, 0.0, 0.0, 0.0, 0.0, 0.0, 0.0, 0.0, 0.0, 0.0, 0.0, 0.0, 0.0, 0.0, 0.0, 0.0, 0.0, 0.0, 0.0, 0.0, 0.0, 0.0, 0.0, 0.0, 0.0, 0.0, 0.0, 0.0, 0.0, 0.0, 0.0, 0.0, 0.0, 0.0, 0.0, 0.0, 0.0, 0.0, 0.0, 0.0, 0.0, 0.0, 0.0, 0.0, 0.0, 0.0, 0.0, 0.0, 0.0, 0.0, 0.0, 0.0, 0.0, 0.0, 0.0, 0.0, 0.0, 0.0, 0.0, 0.0, 0.0, 0.0, 0.0, 0.0, 0.0, 0.0, 0.0, 0.0, 0.0, 0.0, 0.0, 0.0, 0.0, 0.0, 0.0, 0.0, 0.0, 0.0, 0.0, 0.0, 0.0, 0.0, 0.0, 0.0, 0.0, 0.0, 0.0, 0.0, 0.0, 0.0, 0.0, 0.0, 0.0, 0.0, 0.0, 0.0, 0.0, 0.0, 0.0, 0.0, 0.0, 0.0, 0.0, 0.0, 0.0, 0.0, 0.0, 0.0, 0.0, 0.0, 0.0, 0.0, 0.0, 0.0, 0.0, 0.0, 0.0, 0.0, 0.0, 0.0, 0.0, 0.0, 0.0, 0.0, 0.0, 0.0, 0.0, 0.0, 0.0, 0.0, 0.0, 0.0, 0.0, 0.0, 0.0, 0.0, 0.0, 0.0, 0.0, 0.0, 0.0, 0.0, 0.0, 0.0, 0.0, 0.0, 0.0, 0.0, 0.0, 0.0, 0.0, 0.0, 0.0, 0.0, 0.0, 0.0, 0.0, 0.0, 0.0, 0.0, 0.0, 0.0, 0.0, 0.0, 0.0, 0.0, 0.0, 0.0, 0.0, 0.0, 0.0, 0.0, 0.0, 0.0, 0.0, 0.0, 0.0, 0.0, 0.0, 0.0, 0.0, 0.0, 0.0, 0.0, 0.0, 0.0, 0.0, 0.0, 0.0, 0.0, 0.0, 0.0, 0.0, 0.0, 0.0, 0.0, 0.0, 0.0, 0.0, 0.0, 0.0, 0.0, 0.0, 0.0, 0.0, 0.0, 0.0, 0.0, 0.0, 0.0, 0.0, 0.0, 0.0, 0.0, 0.0, 0.0, 0.0, 0.0, 0.0, 0.0, 0.0, 0.0, 0.0, 0.0, 0.0, 0.0, 0.0, 0.0, 0.0, 0.0, 0.0, 0.0, 0.0, 0.0, 0.0, 0.0, 0.0, 0.0, 0.0, 0.0, 0.0, 0.0, 0.0, 0.0, 0.0, 0.0, 0.0, 0.0, 0.0, 0.0, 0.0, 0.0, 0.0, 0.0, 0.0, 0.0, 0.0, 0.0, 0.0, 0.0, 0.0, 0.0, 0.0, 0.0, 0.0, 0.0, 0.0, 0.0, 0.0, 0.0, 0.0, 0.0, 0.0, 0.0, 0.0, 0.0, 0.0, 0.0, 0.0, 0.0, 0.0, 0.0, 0.0, 0.0, 0.0, 0.0, 0.0, 0.0, 0.0, 0.0, 0.0, 0.0, 0.0, 0.0, 0.0, 0.0, 0.0, 0.0, 0.0, 0.0, 0.0, 0.0, 0.0, 0.0, 0.0, 0.0, 0.0, 0.0, 0.0, 0.0, 0.0, 0.0, 0.0, 0.0, 0.0, 0.0, 0.0, 0.0, 0.0, 0.0, 0.0, 0.0, 0.0, 0.0, 0.0, 0.0, 0.0, 0.0, 0.0, 0.0, 0.0, 0.0, 0.0, 0.0, 0.0, 0.0, 0.0, 0.0, 0.0, 0.0, 0.0, 0.0, 0.0, 0.0, 0.0, 0.0, 0.0, 0.0, 0.0, 0.0, 0.0, 0.0, 0.0, 0.0, 0.0, 0.0, 0.0, 0.0, 0.0, 0.0, 0.0, 0.0, 0.0, 0.0, 0.0, 0.0, 0.0, 0.0, 0.0, 0.0, 0.0, 0.0, 0.0, 0.0, 0.0, 0.0, 0.0, 0.0, 0.0, 0.0, 0.0, 0.0, 0.0, 0.0, 0.0, 0.0, 0.0, 0.0, 0.0, 0.0, 0.0, 0.0, 0.0, 0.0, 0.0, 0.0, 0.0, 0.0, 0.0, 0.0, 0.0, 0.0, 0.0, 0.0, 0.0, 0.0, 0.0, 0.0, 0.0, 0.0, 0.0, 0.0, 0.0, 0.0, 0.0, 0.0, 0.0, 0.0, 0.0, 0.0, 0.0, 0.0, 0.0, 0.0, 0.0, 0.0, 0.0, 0.0, 0.0, 0.0, 0.0, 0.0, 0.0, 0.0, 0.0, 0.0, 0.0, 0.0, 0.0, 0.0, 0.0, 0.0, 0.0, 0.0, 0.0, 0.0, 0.0, 0.0, 0.0, 0.0, 0.0, 0.0, 0.0, 0.0, 0.0, 0.0, 0.0, 0.0, 0.0, 0.0, 0.0, 0.0, 0.0, 0.0, 0.0, 0.0, 0.0, 0.0, 0.0, 0.0, 0.0, 0.0, 0.0, 0.0, 0.0, 0.0, 0.0, 0.0, 0.0, 0.0, 0.0, 0.0, 0.0, 0.0, 0.0, 0.0, 0.0, 0.0, 0.0, 0.0, 0.0, 0.0, 0.0, 0.0, 0.0, 0.0, 0.0, 0.0, 0.0, 0.0, 0.0, 0.0, 0.0, 0.0, 0.0, 0.0, 0.0, 0.0, 0.0, 0.0, 0.0, 0.0, 0.0, 0.0, 0.0, 0.0, 0.0, 0.0, 0.0, 0.0, 0.0, 0.0, 0.0, 0.0, 0.0, 0.0, 0.0, 0.0, 0.0, 0.0, 0.0, 0.0, 0.0, 0.0, 0.0, 0.0, 0.0, 0.0, 0.0, 0.0, 0.0, 0.0, 0.0, 0.0, 0.0, 0.0, 0.0, 0.0, 0.0, 0.0, 0.0, 0.0, 0.0, 0.0, 0.0, 0.0, 0.0, 0.0, 0.0, 0.0, 0.0, 0.0, 0.0, 0.0, 0.0, 0.0, 0.0, 0.0, 0.0, 0.0, 0.0, 0.0, 0.0, 0.0, 0.0, 0.0, 0.0, 0.0, 0.0, 0.0, 0.0, 0.0, 0.0, 0.0, 0.0, 0.0, 0.0, 0.0, 0.0, 0.0, 0.0, 0.0, 0.0, 0.0, 0.0, 0.0, 0.0, 0.0, 0.0, 0.0, 0.0, 0.0, 0.0, 0.0, 0.0, 0.0, 0.0, 0.0, 0.0, 0.0, 0.0, 0.0, 0.0, 0.0, 0.0, 0.0, 0.0, 0.0, 0.0, 0.0, 0.0, 0.0, 0.0, 0.0, 0.0, 0.0, 0.0, 0.0, 0.0, 0.0, 0.0, 0.0, 0.0, 0.0, 0.0, 0.0, 0.0, 0.0, 0.0, 0.0, 0.0, 0.0, 0.0, 0.0, 0.0, 0.0, 0.0, 0.0, 0.0, 0.0, 0.0, 0.0, 0.0, 0.0, 0.0, 0.0, 0.0, 0.0, 0.0, 0.0, 0.0, 0.0, 0.0, 0.0, 0.0, 0.0, 0.0, 0.0, 0.0, 0.0, 0.0, 0.0, 0.0, 0.0, 0.0, 0.0, 0.0, 0.0, 0.0, 0.0, 0.0, 0.0, 0.0, 0.0, 0.0, 0.0, 0.0, 0.0, 0.0, 0.0, 0.0, 0.0, 0.0, 0.0, 0.0, 0.0, 0.0, 0.0, 0.0, 0.0, 0.0, 0.0, 0.0, 0.0, 0.0, 0.0, 0.0, 0.0, 0.0, 0.0, 0.0, 0.0, 0.0, 0.0, 0.0, 0.0, 0.0, 0.0, 0.0, 0.0, 0.0, 0.0, 0.0, 0.0, 0.0, 0.0, 0.0, 0.0, 0.0, 0.0, 0.0, 0.0, 0.0, 0.0, 0.0, 0.0, 0.0, 0.0, 0.0, 0.0, 0.0, 0.0, 0.0, 0.0, 0.0, 0.0, 0.0, 0.0, 0.0, 0.0, 0.0, 0.0, 0.0, 0.0, 0.0, 0.0, 0.0, 0.0, 0.0, 0.0, 0.0, 0.0, 0.0, 0.0, 0.0, 0.0, 0.0, 0.0, 0.0, 0.0, 0.0, 0.0, 0.0, 0.0, 0.0, 0.0, 0.0, 0.0, 0.0, 0.0, 0.0, 0.0, 0.0, 0.0, 0.0, 0.0, 0.0, 0.0, 0.0, 0.0, 0.0, 0.0, 0.0, 0.0, 0.0, 0.0, 0.0, 0.0, 0.0, 0.0, 0.0, 0.0, 0.0, 0.0, 0.0, 0.0, 0.0, 0.0, 0.0, 0.0, 0.0, 0.0, 0.0, 0.0, 0.0, 0.0, 0.0, 0.0, 0.0, 0.0, 0.0, 0.0, 0.0, 0.0, 0.0, 0.0, 0.0, 0.0, 0.0, 0.0, 0.0, 0.0, 0.0, 0.0, 0.0, 0.0, 0.0, 0.0, 0.0, 0.0, 0.0, 0.0, 0.0, 0.0, 0.0, 0.0, 0.0, 0.0, 0.0, 0.0, 0.0, 0.0, 0.0, 0.0, 0.0, 0.0, 0.0, 0.0, 0.0, 0.0, 0.0, 0.0, 0.0, 0.0, 0.0, 0.0, 0.0, 0.0, 0.0, 0.0, 0.0, 0.0, 0.0, 0.0, 0.0, 0.0, 0.0, 0.0, 0.0, 0.0, 0.0, 0.0, 0.0, 0.0, 0.0, 0.0, 0.0, 0.0, 0.0, 0.0, 0.0, 0.0, 0.0, 0.0, 0.0, 0.0, 0.0, 0.0, 0.0, 0.0, 0.0, 0.0, 0.0, 0.0, 0.0, 0.0, 0.0, 0.0, 0.0, 0.0, 0.0, 0.0, 0.0, 0.0, 0.0, 0.0, 0.0, 0.0, 0.0, 0.0, 0.0, 0.0, 0.0, 0.0, 0.0, 0.0, 0.0, 0.0, 0.0, 0.0, 0.0, 0.0, 0.0, 0.0, 0.0, 0.0, 0.0, 0.0, 0.0, 0.0, 0.0, 0.0, 0.0, 0.0, 0.0, 0.0, 0.0, 0.0, 0.0, 0.0, 0.0, 0.0, 0.0, 0.0, 0.0, 0.0, 0.0, 0.0, 0.0, 0.0, 0.0, 0.0, 0.0, 0.0, 0.0, 0.0, 0.0, 0.0, 0.0, 0.0, 0.0, 0.0, 0.0, 0.0, 0.0, 0.0, 0.0, 0.0, 0.0, 0.0, 0.0, 0.0, 0.0, 0.0, 0.0, 0.0, 0.0, 0.0, 0.0, 0.0, 0.0, 0.0, 0.0, 0.0, 0.0, 0.0, 0.0, 0.0, 0.0, 0.0, 0.0, 0.0, 0.0, 0.0, 0.0, 0.0, 0.0, 0.0, 0.0, 0.0, 0.0, 0.0, 0.0, 0.0, 0.0, 0.0, 0.0, 0.0, 0.0, 0.0, 0.0, 0.0, 0.0, 0.0, 0.0, 0.0, 0.0, 0.0, 0.0, 0.0, 0.0, 0.0, 0.0, 0.0, 0.0, 0.0, 0.0, 0.0, 0.0, 0.0, 0.0, 0.0, 0.0, 0.0, 0.0, 0.0, 0.0, 0.0, 0.0, 0.0, 0.0, 0.0, 0.0, 0.0, 0.0, 0.0, 0.0, 0.0, 0.0, 0.0, 0.0, 0.0, 0.0, 0.0, 0.0, 0.0, 0.0, 0.0, 0.0, 0.0, 0.0, 0.0, 0.0, 0.0, 0.0, 0.0, 0.0, 0.0, 0.0, 0.0, 0.0, 0.0, 0.0, 0.0, 0.0, 0.0, 0.0, 0.0, 0.0, 0.0, 0.0, 0.0, 0.0, 0.0, 0.0, 0.0, 0.0, 0.0, 0.0, 0.0, 0.0, 0.0, 0.0, 0.0, 0.0, 0.0, 0.0, 0.0, 0.0, 0.0, 0.0, 0.0, 0.0, 0.0, 0.0, 0.0, 0.0, 0.0, 0.0, 0.0, 0.0, 0.0, 0.0, 0.0, 0.0, 0.0, 0.0, 0.0, 0.0, 0.0, 0.0, 0.0, 0.0, 0.0, 0.0, 0.0, 0.0, 0.0, 0.0, 0.0, 0.0, 0.0, 0.0, 0.0, 0.0, 0.0, 0.0, 0.0, 0.0, 0.0, 0.0, 0.0, 0.0, 0.0, 0.0, 0.0, 0.0, 0.0, 0.0, 0.0, 0.0, 0.0, 0.0, 0.0, 0.0, 0.0, 0.0, 0.0, 0.0, 0.0, 0.0, 0.0, 0.0, 0.0, 0.0, 0.0, 0.0, 0.0, 0.0, 0.0, 0.0, 0.0, 0.0, 0.0, 0.0, 0.0, 0.0, 0.0, 0.0, 0.0, 0.0, 0.0, 0.0, 0.0, 0.0, 0.0, 0.0, 0.0, 0.0, 0.0, 0.0, 0.0, 0.0, 0.0, 0.0, 0.0, 0.0, 0.0, 0.0, 0.0, 0.0, 0.0, 0.0, 0.0, 0.0, 0.0, 0.0, 0.0, 0.0, 0.0, 0.0, 0.0, 0.0, 0.0, 0.0, 0.0, 0.0, 0.0, 0.0, 0.0, 0.0, 0.0, 0.0, 0.0, 0.0, 0.0, 0.0, 0.0, 0.0, 0.0, 0.0, 0.0, 0.0, 0.0, 0.0, 0.0, 0.0, 0.0, 0.0, 0.0, 0.0, 0.0, 0.0, 0.0, 0.0, 0.0, 0.0, 0.0, 0.0, 0.0, 0.0, 0.0, 0.0, 0.0, 0.0, 0.0, 0.0, 0.0, 0.0, 0.0, 0.0, 0.0, 0.0, 0.0, 0.0, 0.0, 0.0, 0.0, 0.0, 0.0, 0.0, 0.0, 0.0, 0.0, 0.0, 0.0, 0.0, 0.0, 0.0, 0.0, 0.0, 0.0, 0.0, 0.0, 0.0, 0.0, 0.0, 0.0, 0.0, 0.0, 0.0, 0.0, 0.0, 0.0, 0.0, 0.0, 0.0, 0.0, 0.0, 0.0, 0.0, 0.0, 0.0, 0.0, 0.0, 0.0, 0.0, 0.0, 0.0, 0.0, 0.0, 0.0, 0.0, 0.0, 0.0, 0.0, 0.0, 0.0, 0.0, 0.0, 0.0, 0.0, 0.0, 0.0, 0.0, 0.0, 0.0, 0.0, 0.0, 0.0, 0.0, 0.0, 0.0, 0.0, 0.0, 0.0, 0.0, 0.0, 0.0, 0.0, 0.0, 0.0, 0.0, 0.0, 0.0, 0.0, 0.0, 0.0, 0.0, 0.0, 0.0, 0.0, 0.0, 0.0, 0.0, 0.0, 0.0, 0.0, 0.0, 0.0, 0.0, 0.0, 0.0, 0.0, 0.0, 0.0, 0.0, 0.0, 0.0, 0.0, 0.0, 0.0, 0.0, 0.0, 0.0, 0.0, 0.0, 0.0, 0.0, 0.0, 0.0, 0.0, 0.0, 0.0, 0.0, 0.0, 0.0, 0.0, 0.0, 0.0, 0.0, 0.0, 0.0, 0.0, 0.0, 0.0, 0.0, 0.0, 0.0, 0.0, 0.0, 0.0, 0.0, 0.0, 0.0, 0.0, 0.0, 0.0, 0.0, 0.0, 0.0, 0.0, 0.0, 0.0, 0.0, 0.0, 0.0, 0.0, 0.0, 0.0, 0.0, 0.0, 0.0, 0.0, 0.0, 0.0, 0.0, 0.0, 0.0, 0.0, 0.0, 0.0, 0.0, 0.0, 0.0, 0.0, 0.0, 0.0, 0.0, 0.0, 0.0, 0.0, 0.0, 0.0, 0.0, 0.0, 0.0, 0.0, 0.0, 0.0, 0.0, 0.0, 0.0, 0.0, 0.0, 0.0, 0.0, 0.0, 0.0, 0.0, 0.0, 0.0, 0.0, 0.0, 0.0, 0.0, 0.0, 0.0, 0.0, 0.0, 0.0, 0.0, 0.0, 0.0, 0.0, 0.0, 0.0, 0.0, 0.0, 0.0, 0.0, 0.0, 0.0, 0.0, 0.0, 0.0, 0.0, 0.0, 0.0, 0.0, 0.0, 0.0, 0.0, 0.0, 0.0, 0.0, 0.0, 0.0, 0.0, 0.0, 0.0, 0.0, 0.0, 0.0, 0.0, 0.0, 0.0, 0.0, 0.0, 0.0, 0.0, 0.0, 0.0, 0.0, 0.0, 0.0, 0.0, 0.0, 0.0, 0.0, 0.0, 0.0, 0.0, 0.0, 0.0, 0.0, 0.0, 0.0, 0.0, 0.0, 0.0, 0.0, 0.0, 0.0, 0.0, 0.0, 0.0, 0.0, 0.0, 0.0, 0.0, 0.0, 0.0, 0.0, 0.0, 0.0, 0.0, 0.0, 0.0, 0.0, 0.0, 0.0, 0.0, 0.0, 0.0, 0.0, 0.0, 0.0, 0.0, 0.0, 0.0, 0.0, 0.0, 0.0, 0.0, 0.0, 0.0, 0.0, 0.0, 0.0, 0.0, 0.0, 0.0, 0.0, 0.0, 0.0, 0.0, 0.0, 0.0, 0.0, 0.0, 0.0, 0.0, 0.0, 0.0, 0.0, 0.0, 0.0, 0.0, 0.0, 0.0, 0.0, 0.0, 0.0, 0.0, 0.0, 0.0, 0.0, 0.0, 0.0, 0.0, 0.0, 0.0, 0.0, 0.0, 0.0, 0.0, 0.0, 0.0, 0.0, 0.0, 0.0, 0.0, 0.0, 0.0, 0.0, 0.0, 0.0, 0.0, 0.0, 0.0, 0.0, 0.0, 0.0, 0.0, 0.0, 0.0, 0.0, 0.0, 0.0, 0.0, 0.0, 0.0, 0.0, 0.0, 0.0, 0.0, 0.0, 0.0, 0.0, 0.0, 0.0, 0.0, 0.0, 0.0, 0.0, 0.0, 0.0, 0.0, 0.0, 0.0, 0.0, 0.0, 0.0, 0.0, 0.0, 0.0, 0.0, 0.0, 0.0, 0.0, 0.0, 0.0, 0.0, 0.0, 0.0, 0.0, 0.0, 0.0, 0.0, 0.0, 0.0, 0.0, 0.0, 0.0, 0.0, 0.0, 0.0, 0.0, 0.0, 0.0, 0.0, 0.0, 0.0, 0.0, 0.0, 0.0, 0.0, 0.0, 0.0, 0.0, 0.0, 0.0, 0.0, 0.0, 0.0, 0.0, 0.0, 0.0, 0.0, 0.0, 0.0, 0.0, 0.0, 0.0, 0.0, 0.0, 0.0, 0.0, 0.0, 0.0, 0.0, 0.0, 0.0, 0.0, 0.0, 0.0, 0.0, 0.0, 0.0, 0.0, 0.0, 0.0, 0.0, 0.0, 0.0, 0.0, 0.0, 0.0, 0.0, 0.0, 0.0, 0.0, 0.0, 0.0, 0.0, 0.0, 0.0, 0.0, 0.0, 0.0, 0.0, 0.0, 0.0, 0.0, 0.0, 0.0, 0.0, 0.0, 0.0, 0.0, 0.0, 0.0, 0.0, 0.0, 0.0, 0.0, 0.0, 0.0, 0.0, 0.0, 0.0, 0.0, 0.0, 0.0, 0.0, 0.0, 0.0, 0.0, 0.0, 0.0, 0.0, 0.0, 0.0, 0.0, 0.0, 0.0, 0.0, 0.0, 0.0, 0.0, 0.0, 0.0, 0.0, 0.0, 0.0, 0.0, 0.0, 0.0, 0.0, 0.0, 0.0, 0.0, 0.0, 0.0, 0.0, 0.0, 0.0, 0.0, 0.0, 0.0, 0.0, 0.0, 0.0, 0.0, 0.0, 0.0, 0.0, 0.0, 0.0, 0.0, 0.0, 0.0, 0.0, 0.0, 0.0, 0.0, 0.0, 0.0, 0.0, 0.0, 0.0, 0.0, 0.0, 0.0, 0.0, 0.0, 0.0, 0.0, 0.0, 0.0, 0.0, 0.0, 0.0, 0.0, 0.0, 0.0, 0.0, 0.0, 0.0, 0.0, 0.0, 0.0, 0.0, 0.0, 0.0, 0.0, 0.0, 0.0, 0.0, 0.0, 0.0, 0.0, 0.0, 0.0, 0.0, 0.0, 0.0, 0.0, 0.0, 0.0, 0.0, 0.0, 0.0, 0.0, 0.0, 0.0, 0.0, 0.0, 0.0, 0.0, 0.0, 0.0, 0.0, 0.0, 0.0, 0.0, 0.0, 0.0, 0.0, 0.0, 0.0, 0.0, 0.0, 0.0, 0.0, 0.0, 0.0, 0.0, 0.0, 0.0, 0.0, 0.0, 0.0, 0.0, 0.0, 0.0, 0.0, 0.0, 0.0, 0.0, 0.0, 0.0, 0.0, 0.0, 0.0, 0.0, 0.0, 0.0, 0.0, 0.0, 0.0, 0.0, 0.0, 0.0, 0.0, 0.0, 0.0, 0.0, 0.0, 0.0, 0.0, 0.0, 0.0, 0.0, 0.0, 0.0, 0.0, 0.0, 0.0, 0.0, 0.0, 0.0, 0.0, 0.0, 0.0, 0.0, 0.0, 0.0, 0.0, 0.0, 0.0, 0.0, 0.0, 0.0, 0.0, 0.0, 0.0, 0.0, 0.0, 0.0, 0.0, 0.0, 0.0, 0.0, 0.0, 0.0, 0.0, 0.0, 0.0, 0.0, 0.0, 0.0, 0.0, 0.0, 0.0, 0.0, 0.0, 0.0, 0.0, 0.0, 0.0, 0.0, 0.0, 0.0, 0.0, 0.0, 0.0, 0.0, 0.0, 0.0, 0.0, 0.0, 0.0, 0.0, 0.0, 0.0, 0.0, 0.0, 0.0, 0.0, 0.0, 0.0, 0.0, 0.0, 0.0, 0.0, 0.0, 0.0, 0.0, 0.0, 0.0, 0.0, 0.0, 0.0, 0.0, 0.0, 0.0, 0.0, 0.0, 0.0, 0.0, 0.0, 0.0, 0.0, 0.0, 0.0, 0.0, 0.0, 0.0, 0.0, 0.0, 0.0, 0.0, 0.0, 0.0, 0.0, 0.0, 0.0, 0.0, 0.0, 0.0, 0.0, 0.0, 0.0, 0.0, 0.0, 0.0, 0.0, 0.0, 0.0, 0.0, 0.0, 0.0, 0.0, 0.0, 0.0, 0.0, 0.0, 0.0, 0.0, 0.0, 0.0, 0.0, 0.0, 0.0, 0.0, 0.0, 0.0, 0.0, 0.0, 0.0, 0.0, 0.0, 0.0, 0.0, 0.0, 0.0, 0.0, 0.0, 0.0, 0.0, 0.0, 0.0, 0.0, 0.0, 0.0, 0.0, 0.0, 0.0, 0.0, 0.0, 0.0, 0.0, 0.0, 0.0, 0.0, 0.0, 0.0, 0.0, 0.0, 0.0, 0.0, 0.0, 0.0, 0.0, 0.0, 0.0, 0.0, 0.0, 0.0, 0.0, 0.0, 0.0, 0.0, 0.0, 0.0, 0.0, 0.0, 0.0, 0.0, 0.0, 0.0, 0.0, 0.0, 0.0, 0.0, 0.0, 0.0, 0.0, 0.0, 0.0, 0.0, 0.0, 0.0, 0.0, 0.0, 0.0, 0.0, 0.0, 0.0, 0.0, 0.0, 0.0, 0.0, 0.0, 0.0, 0.0, 0.0, 0.0, 0.0, 0.0, 0.0, 0.0, 0.0, 0.0, 0.0, 0.0, 0.0, 0.0, 0.0, 0.0, 0.0, 0.0, 0.0, 0.0, 0.0, 0.0, 0.0, 0.0, 0.0, 0.0, 0.0, 0.0, 0.0, 0.0, 0.0, 0.0, 0.0, 0.0, 0.0, 0.0, 0.0, 0.0, 0.0, 0.0, 0.0, 0.0, 0.0, 0.0, 0.0, 0.0, 0.0, 0.0, 0.0, 0.0, 0.0, 0.0, 0.0, 0.0, 0.0, 0.0, 0.0, 0.0, 0.0, 0.0, 0.0, 0.0, 0.0, 0.0, 0.0, 0.0, 0.0, 0.0, 0.0, 0.0, 0.0, 0.0, 0.0, 0.0, 0.0, 0.0, 0.0, 0.0, 0.0, 0.0, 0.0, 0.0, 0.0, 0.0, 0.0, 0.0, 0.0, 0.0, 0.0, 0.0, 0.0, 0.0, 0.0, 0.0, 0.0, 0.0, 0.0, 0.0, 0.0, 0.0, 0.0, 0.0, 0.0, 0.0, 0.0, 0.0, 0.0, 0.0, 0.0, 0.0, 0.0, 0.0, 0.0, 0.0, 0.0, 0.0, 0.0, 0.0, 0.0, 0.0, 0.0, 0.0, 0.0, 0.0, 0.0, 0.0, 0.0, 0.0, 0.0, 0.0, 0.0, 0.0]"
Q,"[0.0, 0.0, 0.0, 0.0, 0.0, 0.0, 0.0, 0.0, 0.0, 0.0, 0.0, 0.0, 0.0, 0.0, 0.0, 0.0, 0.0, 0.0, 0.0, 0.0, 0.0, 0.0, 0.0, 0.0, 0.0, 0.0, 0.0, 0.0, 0.0, 0.0, 0.0, 0.0, 0.0, 0.0, 0.0, 0.0, 0.0, 0.0, 0.0, 0.0, 0.0, 0.0, 0.0, 0.0, 0.0, 0.0, 0.0, 0.0, 0.0, 0.0, 0.0, 0.0]"
fn_map,[6; 6; 20; 15; 20; 14; 2; 14; 2; 2; 2; 14; 2; 5; 5; 5; 5; 5; 5; 5; 5; 5; 3; 10; 19; 9; 12; 1; 19; 17; 4; 11; 13; 3; 21; 1; 13; 7; 7; 3; 3; 16; 18; 22; 2; 8; 8; 8; 22; 14; 8; 0;;]
CAPEX_TES_upgrade_costs,0.0
TES_revenue,0.0
cost_HX_1,0.0
powerTurbine,0.0
fname,/home/gridsan/spatel/MITEI_TES/CEM_eff/parameters/CEM_TES_eff40emissions70.csv
capCoal,500.0
steam_eff,0.4
TES_indheater_costs,0.0
TES_LCOE_Startup,0
CRF,0.1018
P_hotpump,0.0
TES_charge_dispatch,0.0
UA_1,0.0
flowSalt_charge_t,"[0.0, 0.0, 0.0, 0.0, 0.0, 0.0, 0.0, 0.0, 0.0, 0.0, 0.0, 0.0, 0.0, 0.0, 0.0, 0.0, 0.0, 0.0, 0.0, 0.0, 0.0, 0.0, 0.0, 0.0, 0.0, 0.0, 0.0, 0.0, 0.0, 0.0, 0.0, 0.0, 0.0, 0.0, 0.0, 0.0, 0.0, 0.0, 0.0, 0.0, 0.0, 0.0, 0.0, 0.0, 0.0, 0.0, 0.0, 0.0, 0.0, 0.0, 0.0, 0.0, 0.0, 0.0, 0.0, 0.0, 0.0, 0.0, 0.0, 0.0, 0.0, 0.0, 0.0, 0.0, 0.0, 0.0, 0.0, 0.0, 0.0, 0.0, 0.0, 0.0, 0.0, 0.0, 0.0, 0.0, 0.0, 0.0, 0.0, 0.0, 0.0, 0.0, 0.0, 0.0, 0.0, 0.0, 0.0, 0.0, 0.0, 0.0, 0.0, 0.0, 0.0, 0.0, 0.0, 0.0, 0.0, 0.0, 0.0, 0.0, 0.0, 0.0, 0.0, 0.0, 0.0, 0.0, 0.0, 0.0, 0.0, 0.0, 0.0, 0.0, 0.0, 0.0, 0.0, 0.0, 0.0, 0.0, 0.0, 0.0, 0.0, 0.0, 0.0, 0.0, 0.0, 0.0, 0.0, 0.0, 0.0, 0.0, 0.0, 0.0, 0.0, 0.0, 0.0, 0.0, 0.0, 0.0, 0.0, 0.0, 0.0, 0.0, 0.0, 0.0, 0.0, 0.0, 0.0, 0.0, 0.0, 0.0, 0.0, 0.0, 0.0, 0.0, 0.0, 0.0, 0.0, 0.0, 0.0, 0.0, 0.0, 0.0, 0.0, 0.0, 0.0, 0.0, 0.0, 0.0, 0.0, 0.0, 0.0, 0.0, 0.0, 0.0, 0.0, 0.0, 0.0, 0.0, 0.0, 0.0, 0.0, 0.0, 0.0, 0.0, 0.0, 0.0, 0.0, 0.0, 0.0, 0.0, 0.0, 0.0, 0.0, 0.0, 0.0, 0.0, 0.0, 0.0, 0.0, 0.0, 0.0, 0.0, 0.0, 0.0, 0.0, 0.0, 0.0, 0.0, 0.0, 0.0, 0.0, 0.0, 0.0, 0.0, 0.0, 0.0, 0.0, 0.0, 0.0, 0.0, 0.0, 0.0, 0.0, 0.0, 0.0, 0.0, 0.0, 0.0, 0.0, 0.0, 0.0, 0.0, 0.0, 0.0, 0.0, 0.0, 0.0, 0.0, 0.0, 0.0, 0.0, 0.0, 0.0, 0.0, 0.0, 0.0, 0.0, 0.0, 0.0, 0.0, 0.0, 0.0, 0.0, 0.0, 0.0, 0.0, 0.0, 0.0, 0.0, 0.0, 0.0, 0.0, 0.0, 0.0, 0.0, 0.0, 0.0, 0.0, 0.0, 0.0, 0.0, 0.0, 0.0, 0.0, 0.0, 0.0, 0.0, 0.0, 0.0, 0.0, 0.0, 0.0, 0.0, 0.0, 0.0, 0.0, 0.0, 0.0, 0.0, 0.0, 0.0, 0.0, 0.0, 0.0, 0.0, 0.0, 0.0, 0.0, 0.0, 0.0, 0.0, 0.0, 0.0, 0.0, 0.0, 0.0, 0.0, 0.0, 0.0, 0.0, 0.0, 0.0, 0.0, 0.0, 0.0, 0.0, 0.0, 0.0, 0.0, 0.0, 0.0, 0.0, 0.0, 0.0, 0.0, 0.0, 0.0, 0.0, 0.0, 0.0, 0.0, 0.0, 0.0, 0.0, 0.0, 0.0, 0.0, 0.0, 0.0, 0.0, 0.0, 0.0, 0.0, 0.0, 0.0, 0.0, 0.0, 0.0, 0.0, 0.0, 0.0, 0.0, 0.0, 0.0, 0.0, 0.0, 0.0, 0.0, 0.0, 0.0, 0.0, 0.0, 0.0, 0.0, 0.0, 0.0, 0.0, 0.0, 0.0, 0.0, 0.0, 0.0, 0.0, 0.0, 0.0, 0.0, 0.0, 0.0, 0.0, 0.0, 0.0, 0.0, 0.0, 0.0, 0.0, 0.0, 0.0, 0.0, 0.0, 0.0, 0.0, 0.0, 0.0, 0.0, 0.0, 0.0, 0.0, 0.0, 0.0, 0.0, 0.0, 0.0, 0.0, 0.0, 0.0, 0.0, 0.0, 0.0, 0.0, 0.0, 0.0, 0.0, 0.0, 0.0, 0.0, 0.0, 0.0, 0.0, 0.0, 0.0, 0.0, 0.0, 0.0, 0.0, 0.0, 0.0, 0.0, 0.0, 0.0, 0.0, 0.0, 0.0, 0.0, 0.0, 0.0, 0.0, 0.0, 0.0, 0.0, 0.0, 0.0, 0.0, 0.0, 0.0, 0.0, 0.0, 0.0, 0.0, 0.0, 0.0, 0.0, 0.0, 0.0, 0.0, 0.0, 0.0, 0.0, 0.0, 0.0, 0.0, 0.0, 0.0, 0.0, 0.0, 0.0, 0.0, 0.0, 0.0, 0.0, 0.0, 0.0, 0.0, 0.0, 0.0, 0.0, 0.0, 0.0, 0.0, 0.0, 0.0, 0.0, 0.0, 0.0, 0.0, 0.0, 0.0, 0.0, 0.0, 0.0, 0.0, 0.0, 0.0, 0.0, 0.0, 0.0, 0.0, 0.0, 0.0, 0.0, 0.0, 0.0, 0.0, 0.0, 0.0, 0.0, 0.0, 0.0, 0.0, 0.0, 0.0, 0.0, 0.0, 0.0, 0.0, 0.0, 0.0, 0.0, 0.0, 0.0, 0.0, 0.0, 0.0, 0.0, 0.0, 0.0, 0.0, 0.0, 0.0, 0.0, 0.0, 0.0, 0.0, 0.0, 0.0, 0.0, 0.0, 0.0, 0.0, 0.0, 0.0, 0.0, 0.0, 0.0, 0.0, 0.0, 0.0, 0.0, 0.0, 0.0, 0.0, 0.0, 0.0, 0.0, 0.0, 0.0, 0.0, 0.0, 0.0, 0.0, 0.0, 0.0, 0.0, 0.0, 0.0, 0.0, 0.0, 0.0, 0.0, 0.0, 0.0, 0.0, 0.0, 0.0, 0.0, 0.0, 0.0, 0.0, 0.0, 0.0, 0.0, 0.0, 0.0, 0.0, 0.0, 0.0, 0.0, 0.0, 0.0, 0.0, 0.0, 0.0, 0.0, 0.0, 0.0, 0.0, 0.0, 0.0, 0.0, 0.0, 0.0, 0.0, 0.0, 0.0, 0.0, 0.0, 0.0, 0.0, 0.0, 0.0, 0.0, 0.0, 0.0, 0.0, 0.0, 0.0, 0.0, 0.0, 0.0, 0.0, 0.0, 0.0, 0.0, 0.0, 0.0, 0.0, 0.0, 0.0, 0.0, 0.0, 0.0, 0.0, 0.0, 0.0, 0.0, 0.0, 0.0, 0.0, 0.0, 0.0, 0.0, 0.0, 0.0, 0.0, 0.0, 0.0, 0.0, 0.0, 0.0, 0.0, 0.0, 0.0, 0.0, 0.0, 0.0, 0.0, 0.0, 0.0, 0.0, 0.0, 0.0, 0.0, 0.0, 0.0, 0.0, 0.0, 0.0, 0.0, 0.0, 0.0, 0.0, 0.0, 0.0, 0.0, 0.0, 0.0, 0.0, 0.0, 0.0, 0.0, 0.0, 0.0, 0.0, 0.0, 0.0, 0.0, 0.0, 0.0, 0.0, 0.0, 0.0, 0.0, 0.0, 0.0, 0.0, 0.0, 0.0, 0.0, 0.0, 0.0, 0.0, 0.0, 0.0, 0.0, 0.0, 0.0, 0.0, 0.0, 0.0, 0.0, 0.0, 0.0, 0.0, 0.0, 0.0, 0.0, 0.0, 0.0, 0.0, 0.0, 0.0, 0.0, 0.0, 0.0, 0.0, 0.0, 0.0, 0.0, 0.0, 0.0, 0.0, 0.0, 0.0, 0.0, 0.0, 0.0, 0.0, 0.0, 0.0, 0.0, 0.0, 0.0, 0.0, 0.0, 0.0, 0.0, 0.0, 0.0, 0.0, 0.0, 0.0, 0.0, 0.0, 0.0, 0.0, 0.0, 0.0, 0.0, 0.0, 0.0, 0.0, 0.0, 0.0, 0.0, 0.0, 0.0, 0.0, 0.0, 0.0, 0.0, 0.0, 0.0, 0.0, 0.0, 0.0, 0.0, 0.0, 0.0, 0.0, 0.0, 0.0, 0.0, 0.0, 0.0, 0.0, 0.0, 0.0, 0.0, 0.0, 0.0, 0.0, 0.0, 0.0, 0.0, 0.0, 0.0, 0.0, 0.0, 0.0, 0.0, 0.0, 0.0, 0.0, 0.0, 0.0, 0.0, 0.0, 0.0, 0.0, 0.0, 0.0, 0.0, 0.0, 0.0, 0.0, 0.0, 0.0, 0.0, 0.0, 0.0, 0.0, 0.0, 0.0, 0.0, 0.0, 0.0, 0.0, 0.0, 0.0, 0.0, 0.0, 0.0, 0.0, 0.0, 0.0, 0.0, 0.0, 0.0, 0.0, 0.0, 0.0, 0.0, 0.0, 0.0, 0.0, 0.0, 0.0, 0.0, 0.0, 0.0, 0.0, 0.0, 0.0, 0.0, 0.0, 0.0, 0.0, 0.0, 0.0, 0.0, 0.0, 0.0, 0.0, 0.0, 0.0, 0.0, 0.0, 0.0, 0.0, 0.0, 0.0, 0.0, 0.0, 0.0, 0.0, 0.0, 0.0, 0.0, 0.0, 0.0, 0.0, 0.0, 0.0, 0.0, 0.0, 0.0, 0.0, 0.0, 0.0, 0.0, 0.0, 0.0, 0.0, 0.0, 0.0, 0.0, 0.0, 0.0, 0.0, 0.0, 0.0, 0.0, 0.0, 0.0, 0.0, 0.0, 0.0, 0.0, 0.0, 0.0, 0.0, 0.0, 0.0, 0.0, 0.0, 0.0, 0.0, 0.0, 0.0, 0.0, 0.0, 0.0, 0.0, 0.0, 0.0, 0.0, 0.0, 0.0, 0.0, 0.0, 0.0, 0.0, 0.0, 0.0, 0.0, 0.0, 0.0, 0.0, 0.0, 0.0, 0.0, 0.0, 0.0, 0.0, 0.0, 0.0, 0.0, 0.0, 0.0, 0.0, 0.0, 0.0, 0.0, 0.0, 0.0, 0.0, 0.0, 0.0, 0.0, 0.0, 0.0, 0.0, 0.0, 0.0, 0.0, 0.0, 0.0, 0.0, 0.0, 0.0, 0.0, 0.0, 0.0, 0.0, 0.0, 0.0, 0.0, 0.0, 0.0, 0.0, 0.0, 0.0, 0.0, 0.0, 0.0, 0.0, 0.0, 0.0, 0.0, 0.0, 0.0, 0.0, 0.0, 0.0, 0.0, 0.0, 0.0, 0.0, 0.0, 0.0, 0.0, 0.0, 0.0, 0.0, 0.0, 0.0, 0.0, 0.0, 0.0, 0.0, 0.0, 0.0, 0.0, 0.0, 0.0, 0.0, 0.0, 0.0, 0.0, 0.0, 0.0, 0.0, 0.0, 0.0, 0.0, 0.0, 0.0, 0.0, 0.0, 0.0, 0.0, 0.0, 0.0, 0.0, 0.0, 0.0, 0.0, 0.0, 0.0, 0.0, 0.0, 0.0, 0.0, 0.0, 0.0, 0.0, 0.0, 0.0, 0.0, 0.0, 0.0, 0.0, 0.0, 0.0, 0.0, 0.0, 0.0, 0.0, 0.0, 0.0, 0.0, 0.0, 0.0, 0.0, 0.0, 0.0, 0.0, 0.0, 0.0, 0.0, 0.0, 0.0, 0.0, 0.0, 0.0, 0.0, 0.0, 0.0, 0.0, 0.0, 0.0, 0.0, 0.0, 0.0, 0.0, 0.0, 0.0, 0.0, 0.0, 0.0, 0.0, 0.0, 0.0, 0.0, 0.0, 0.0, 0.0, 0.0, 0.0, 0.0, 0.0, 0.0, 0.0, 0.0, 0.0, 0.0, 0.0, 0.0, 0.0, 0.0, 0.0, 0.0, 0.0, 0.0, 0.0, 0.0, 0.0, 0.0, 0.0, 0.0, 0.0, 0.0, 0.0, 0.0, 0.0, 0.0, 0.0, 0.0, 0.0, 0.0, 0.0, 0.0, 0.0, 0.0, 0.0, 0.0, 0.0, 0.0, 0.0, 0.0, 0.0, 0.0, 0.0, 0.0, 0.0, 0.0, 0.0, 0.0, 0.0, 0.0, 0.0, 0.0, 0.0, 0.0, 0.0, 0.0, 0.0, 0.0, 0.0, 0.0, 0.0, 0.0, 0.0, 0.0, 0.0, 0.0, 0.0, 0.0, 0.0, 0.0, 0.0, 0.0, 0.0, 0.0, 0.0, 0.0, 0.0, 0.0, 0.0, 0.0, 0.0, 0.0, 0.0, 0.0, 0.0, 0.0, 0.0, 0.0, 0.0, 0.0, 0.0, 0.0, 0.0, 0.0, 0.0, 0.0, 0.0, 0.0, 0.0, 0.0, 0.0, 0.0, 0.0, 0.0, 0.0, 0.0, 0.0, 0.0, 0.0, 0.0, 0.0, 0.0, 0.0, 0.0, 0.0, 0.0, 0.0, 0.0, 0.0, 0.0, 0.0, 0.0, 0.0, 0.0, 0.0, 0.0, 0.0, 0.0, 0.0, 0.0, 0.0, 0.0, 0.0, 0.0, 0.0, 0.0, 0.0, 0.0, 0.0, 0.0, 0.0, 0.0, 0.0, 0.0, 0.0, 0.0, 0.0, 0.0, 0.0, 0.0, 0.0, 0.0, 0.0, 0.0, 0.0, 0.0, 0.0, 0.0, 0.0, 0.0, 0.0, 0.0, 0.0, 0.0, 0.0, 0.0, 0.0, 0.0, 0.0, 0.0, 0.0, 0.0, 0.0, 0.0, 0.0, 0.0, 0.0, 0.0, 0.0, 0.0, 0.0, 0.0, 0.0, 0.0, 0.0, 0.0, 0.0, 0.0, 0.0, 0.0, 0.0, 0.0, 0.0, 0.0, 0.0, 0.0, 0.0, 0.0, 0.0, 0.0, 0.0, 0.0, 0.0, 0.0, 0.0, 0.0, 0.0, 0.0, 0.0, 0.0, 0.0, 0.0, 0.0, 0.0, 0.0, 0.0, 0.0, 0.0, 0.0, 0.0, 0.0, 0.0, 0.0, 0.0, 0.0, 0.0, 0.0, 0.0, 0.0, 0.0, 0.0, 0.0, 0.0, 0.0, 0.0, 0.0, 0.0, 0.0, 0.0, 0.0, 0.0, 0.0, 0.0, 0.0, 0.0, 0.0, 0.0, 0.0, 0.0, 0.0, 0.0, 0.0, 0.0, 0.0, 0.0, 0.0, 0.0, 0.0, 0.0, 0.0, 0.0, 0.0, 0.0, 0.0, 0.0, 0.0, 0.0, 0.0, 0.0, 0.0, 0.0, 0.0, 0.0, 0.0, 0.0, 0.0, 0.0, 0.0, 0.0, 0.0, 0.0, 0.0, 0.0, 0.0, 0.0, 0.0, 0.0, 0.0, 0.0, 0.0, 0.0, 0.0, 0.0, 0.0, 0.0, 0.0, 0.0, 0.0, 0.0, 0.0, 0.0, 0.0, 0.0, 0.0, 0.0, 0.0, 0.0, 0.0, 0.0, 0.0, 0.0, 0.0, 0.0, 0.0, 0.0, 0.0, 0.0, 0.0, 0.0, 0.0, 0.0, 0.0, 0.0, 0.0, 0.0, 0.0, 0.0, 0.0, 0.0, 0.0, 0.0, 0.0, 0.0, 0.0, 0.0, 0.0, 0.0, 0.0, 0.0, 0.0, 0.0, 0.0, 0.0, 0.0, 0.0, 0.0, 0.0, 0.0, 0.0, 0.0, 0.0, 0.0, 0.0, 0.0, 0.0, 0.0, 0.0, 0.0, 0.0, 0.0, 0.0, 0.0, 0.0, 0.0, 0.0, 0.0, 0.0, 0.0, 0.0, 0.0, 0.0, 0.0, 0.0, 0.0, 0.0, 0.0, 0.0, 0.0, 0.0, 0.0, 0.0, 0.0, 0.0, 0.0, 0.0, 0.0, 0.0, 0.0, 0.0, 0.0, 0.0, 0.0, 0.0, 0.0, 0.0, 0.0, 0.0, 0.0, 0.0, 0.0, 0.0, 0.0, 0.0, 0.0, 0.0, 0.0, 0.0, 0.0, 0.0, 0.0, 0.0, 0.0, 0.0, 0.0, 0.0, 0.0, 0.0, 0.0, 0.0, 0.0, 0.0, 0.0, 0.0, 0.0, 0.0, 0.0, 0.0, 0.0, 0.0, 0.0, 0.0, 0.0, 0.0, 0.0, 0.0, 0.0, 0.0, 0.0, 0.0, 0.0, 0.0, 0.0, 0.0, 0.0, 0.0, 0.0, 0.0, 0.0, 0.0, 0.0, 0.0, 0.0, 0.0, 0.0, 0.0, 0.0, 0.0, 0.0, 0.0, 0.0, 0.0, 0.0, 0.0, 0.0, 0.0, 0.0, 0.0, 0.0, 0.0, 0.0, 0.0, 0.0, 0.0, 0.0, 0.0, 0.0, 0.0, 0.0, 0.0, 0.0, 0.0, 0.0, 0.0, 0.0, 0.0, 0.0, 0.0, 0.0, 0.0, 0.0, 0.0, 0.0, 0.0, 0.0, 0.0, 0.0, 0.0, 0.0, 0.0, 0.0, 0.0, 0.0, 0.0, 0.0, 0.0, 0.0, 0.0, 0.0, 0.0, 0.0, 0.0, 0.0, 0.0, 0.0, 0.0, 0.0, 0.0, 0.0, 0.0, 0.0, 0.0, 0.0, 0.0, 0.0, 0.0, 0.0, 0.0, 0.0, 0.0, 0.0, 0.0, 0.0, 0.0, 0.0, 0.0, 0.0, 0.0, 0.0, 0.0, 0.0, 0.0, 0.0, 0.0, 0.0, 0.0, 0.0, 0.0, 0.0, 0.0, 0.0, 0.0, 0.0, 0.0, 0.0, 0.0, 0.0, 0.0, 0.0, 0.0, 0.0, 0.0, 0.0, 0.0, 0.0, 0.0, 0.0, 0.0, 0.0, 0.0, 0.0, 0.0, 0.0, 0.0, 0.0, 0.0, 0.0, 0.0, 0.0, 0.0, 0.0, 0.0, 0.0, 0.0, 0.0, 0.0, 0.0, 0.0, 0.0, 0.0, 0.0, 0.0, 0.0, 0.0, 0.0, 0.0, 0.0, 0.0, 0.0, 0.0, 0.0, 0.0, 0.0, 0.0, 0.0, 0.0, 0.0, 0.0, 0.0, 0.0, 0.0, 0.0, 0.0, 0.0, 0.0, 0.0, 0.0, 0.0, 0.0, 0.0, 0.0, 0.0, 0.0, 0.0, 0.0, 0.0, 0.0, 0.0, 0.0, 0.0, 0.0, 0.0, 0.0, 0.0, 0.0, 0.0, 0.0, 0.0, 0.0, 0.0, 0.0, 0.0, 0.0, 0.0, 0.0, 0.0, 0.0, 0.0, 0.0, 0.0, 0.0, 0.0, 0.0, 0.0, 0.0, 0.0, 0.0, 0.0, 0.0, 0.0, 0.0, 0.0, 0.0, 0.0, 0.0, 0.0, 0.0, 0.0, 0.0, 0.0, 0.0, 0.0, 0.0, 0.0, 0.0, 0.0, 0.0, 0.0, 0.0, 0.0, 0.0, 0.0, 0.0, 0.0, 0.0, 0.0, 0.0, 0.0, 0.0, 0.0, 0.0, 0.0, 0.0, 0.0, 0.0, 0.0, 0.0, 0.0, 0.0, 0.0, 0.0, 0.0, 0.0, 0.0, 0.0, 0.0, 0.0, 0.0, 0.0, 0.0, 0.0, 0.0, 0.0, 0.0, 0.0, 0.0, 0.0, 0.0, 0.0, 0.0, 0.0, 0.0, 0.0, 0.0, 0.0, 0.0, 0.0, 0.0, 0.0, 0.0, 0.0, 0.0, 0.0, 0.0, 0.0, 0.0, 0.0, 0.0, 0.0, 0.0, 0.0, 0.0, 0.0, 0.0, 0.0, 0.0, 0.0, 0.0, 0.0, 0.0, 0.0, 0.0, 0.0, 0.0, 0.0, 0.0, 0.0, 0.0, 0.0, 0.0, 0.0, 0.0, 0.0, 0.0, 0.0, 0.0, 0.0, 0.0, 0.0, 0.0, 0.0, 0.0, 0.0, 0.0, 0.0, 0.0, 0.0, 0.0, 0.0, 0.0, 0.0, 0.0, 0.0, 0.0, 0.0, 0.0, 0.0, 0.0, 0.0, 0.0, 0.0, 0.0, 0.0, 0.0, 0.0, 0.0, 0.0, 0.0, 0.0, 0.0, 0.0, 0.0, 0.0, 0.0, 0.0, 0.0, 0.0, 0.0, 0.0, 0.0, 0.0, 0.0, 0.0, 0.0, 0.0, 0.0, 0.0, 0.0, 0.0, 0.0, 0.0, 0.0, 0.0, 0.0, 0.0, 0.0, 0.0, 0.0, 0.0, 0.0, 0.0, 0.0, 0.0, 0.0, 0.0, 0.0, 0.0, 0.0, 0.0, 0.0, 0.0, 0.0, 0.0, 0.0, 0.0, 0.0, 0.0, 0.0, 0.0, 0.0, 0.0, 0.0, 0.0, 0.0, 0.0, 0.0, 0.0, 0.0, 0.0, 0.0, 0.0, 0.0, 0.0, 0.0, 0.0, 0.0, 0.0, 0.0, 0.0, 0.0, 0.0, 0.0, 0.0, 0.0, 0.0, 0.0, 0.0, 0.0, 0.0, 0.0, 0.0, 0.0, 0.0, 0.0, 0.0, 0.0, 0.0, 0.0, 0.0, 0.0, 0.0, 0.0, 0.0, 0.0, 0.0, 0.0, 0.0, 0.0, 0.0, 0.0, 0.0, 0.0, 0.0, 0.0, 0.0, 0.0, 0.0, 0.0, 0.0, 0.0, 0.0, 0.0, 0.0, 0.0, 0.0, 0.0, 0.0, 0.0, 0.0, 0.0, 0.0, 0.0, 0.0, 0.0, 0.0, 0.0, 0.0, 0.0, 0.0, 0.0, 0.0, 0.0, 0.0, 0.0, 0.0, 0.0, 0.0, 0.0, 0.0, 0.0, 0.0, 0.0, 0.0, 0.0, 0.0, 0.0, 0.0, 0.0, 0.0, 0.0, 0.0, 0.0, 0.0, 0.0, 0.0, 0.0, 0.0, 0.0, 0.0, 0.0, 0.0, 0.0, 0.0, 0.0, 0.0, 0.0, 0.0, 0.0, 0.0, 0.0, 0.0, 0.0, 0.0, 0.0, 0.0, 0.0, 0.0, 0.0, 0.0, 0.0, 0.0, 0.0, 0.0, 0.0, 0.0, 0.0, 0.0, 0.0, 0.0, 0.0, 0.0, 0.0, 0.0, 0.0, 0.0, 0.0, 0.0, 0.0, 0.0, 0.0, 0.0, 0.0, 0.0, 0.0, 0.0, 0.0, 0.0, 0.0, 0.0, 0.0, 0.0, 0.0, 0.0, 0.0, 0.0, 0.0, 0.0, 0.0, 0.0, 0.0, 0.0, 0.0, 0.0, 0.0, 0.0, 0.0, 0.0, 0.0, 0.0, 0.0, 0.0, 0.0, 0.0, 0.0, 0.0, 0.0, 0.0, 0.0, 0.0, 0.0, 0.0, 0.0, 0.0, 0.0, 0.0, 0.0, 0.0, 0.0, 0.0, 0.0, 0.0, 0.0, 0.0, 0.0, 0.0, 0.0, 0.0, 0.0, 0.0, 0.0, 0.0, 0.0, 0.0, 0.0, 0.0, 0.0, 0.0, 0.0, 0.0, 0.0, 0.0, 0.0, 0.0, 0.0, 0.0, 0.0, 0.0, 0.0, 0.0, 0.0, 0.0, 0.0, 0.0, 0.0, 0.0, 0.0, 0.0, 0.0, 0.0, 0.0, 0.0, 0.0, 0.0, 0.0, 0.0, 0.0, 0.0, 0.0, 0.0, 0.0, 0.0, 0.0, 0.0, 0.0, 0.0, 0.0, 0.0, 0.0, 0.0, 0.0, 0.0, 0.0, 0.0, 0.0, 0.0, 0.0, 0.0, 0.0, 0.0, 0.0, 0.0, 0.0, 0.0, 0.0, 0.0, 0.0, 0.0, 0.0, 0.0, 0.0, 0.0, 0.0, 0.0, 0.0, 0.0, 0.0, 0.0, 0.0, 0.0, 0.0, 0.0, 0.0, 0.0, 0.0, 0.0, 0.0, 0.0, 0.0, 0.0, 0.0, 0.0, 0.0, 0.0, 0.0, 0.0, 0.0, 0.0, 0.0, 0.0, 0.0, 0.0, 0.0, 0.0, 0.0, 0.0, 0.0, 0.0, 0.0, 0.0, 0.0, 0.0, 0.0, 0.0, 0.0, 0.0, 0.0, 0.0, 0.0, 0.0, 0.0, 0.0, 0.0, 0.0, 0.0, 0.0, 0.0, 0.0, 0.0, 0.0, 0.0, 0.0, 0.0, 0.0, 0.0, 0.0, 0.0, 0.0, 0.0, 0.0, 0.0, 0.0, 0.0, 0.0, 0.0, 0.0, 0.0, 0.0, 0.0, 0.0, 0.0, 0.0, 0.0, 0.0, 0.0, 0.0, 0.0, 0.0, 0.0, 0.0, 0.0, 0.0, 0.0, 0.0, 0.0, 0.0, 0.0, 0.0, 0.0, 0.0, 0.0, 0.0, 0.0, 0.0, 0.0, 0.0, 0.0, 0.0, 0.0, 0.0, 0.0, 0.0, 0.0, 0.0, 0.0, 0.0, 0.0, 0.0, 0.0, 0.0, 0.0, 0.0, 0.0, 0.0, 0.0, 0.0, 0.0, 0.0, 0.0, 0.0, 0.0, 0.0, 0.0, 0.0, 0.0, 0.0, 0.0, 0.0, 0.0, 0.0, 0.0, 0.0, 0.0, 0.0, 0.0, 0.0, 0.0, 0.0, 0.0, 0.0, 0.0, 0.0, 0.0, 0.0, 0.0, 0.0, 0.0, 0.0, 0.0, 0.0, 0.0, 0.0, 0.0, 0.0, 0.0, 0.0, 0.0, 0.0, 0.0, 0.0, 0.0, 0.0, 0.0, 0.0, 0.0, 0.0, 0.0, 0.0, 0.0, 0.0, 0.0, 0.0, 0.0, 0.0, 0.0, 0.0, 0.0, 0.0, 0.0, 0.0, 0.0, 0.0, 0.0, 0.0, 0.0, 0.0, 0.0, 0.0, 0.0, 0.0, 0.0, 0.0, 0.0, 0.0, 0.0, 0.0, 0.0, 0.0, 0.0, 0.0, 0.0, 0.0, 0.0, 0.0, 0.0, 0.0, 0.0, 0.0, 0.0, 0.0, 0.0, 0.0, 0.0, 0.0, 0.0, 0.0, 0.0, 0.0, 0.0, 0.0, 0.0, 0.0, 0.0, 0.0, 0.0, 0.0, 0.0, 0.0, 0.0, 0.0, 0.0, 0.0, 0.0, 0.0, 0.0, 0.0, 0.0, 0.0, 0.0, 0.0, 0.0, 0.0, 0.0, 0.0, 0.0, 0.0, 0.0, 0.0, 0.0, 0.0, 0.0, 0.0, 0.0, 0.0, 0.0, 0.0, 0.0, 0.0, 0.0, 0.0, 0.0, 0.0, 0.0, 0.0, 0.0, 0.0, 0.0, 0.0, 0.0, 0.0, 0.0, 0.0, 0.0, 0.0, 0.0, 0.0, 0.0, 0.0, 0.0, 0.0, 0.0, 0.0, 0.0, 0.0, 0.0, 0.0, 0.0, 0.0, 0.0, 0.0, 0.0, 0.0, 0.0, 0.0, 0.0, 0.0, 0.0, 0.0, 0.0, 0.0, 0.0, 0.0, 0.0, 0.0, 0.0, 0.0, 0.0, 0.0, 0.0, 0.0, 0.0, 0.0, 0.0, 0.0, 0.0, 0.0, 0.0, 0.0, 0.0, 0.0, 0.0, 0.0, 0.0, 0.0, 0.0, 0.0, 0.0, 0.0, 0.0, 0.0, 0.0, 0.0, 0.0, 0.0, 0.0, 0.0, 0.0, 0.0, 0.0, 0.0, 0.0, 0.0, 0.0, 0.0, 0.0, 0.0, 0.0, 0.0, 0.0, 0.0, 0.0, 0.0, 0.0, 0.0, 0.0, 0.0, 0.0, 0.0, 0.0, 0.0, 0.0, 0.0, 0.0, 0.0, 0.0, 0.0, 0.0, 0.0, 0.0, 0.0, 0.0, 0.0, 0.0, 0.0, 0.0, 0.0, 0.0, 0.0, 0.0, 0.0, 0.0, 0.0, 0.0, 0.0, 0.0, 0.0, 0.0, 0.0, 0.0, 0.0, 0.0, 0.0, 0.0, 0.0, 0.0, 0.0, 0.0, 0.0, 0.0, 0.0, 0.0, 0.0, 0.0, 0.0, 0.0, 0.0, 0.0, 0.0, 0.0, 0.0, 0.0, 0.0, 0.0, 0.0, 0.0, 0.0, 0.0, 0.0, 0.0, 0.0, 0.0, 0.0, 0.0, 0.0, 0.0, 0.0, 0.0, 0.0, 0.0, 0.0, 0.0, 0.0, 0.0, 0.0, 0.0, 0.0, 0.0, 0.0, 0.0, 0.0, 0.0, 0.0, 0.0, 0.0, 0.0, 0.0, 0.0, 0.0, 0.0, 0.0, 0.0, 0.0, 0.0, 0.0, 0.0, 0.0, 0.0, 0.0, 0.0, 0.0, 0.0, 0.0, 0.0, 0.0, 0.0, 0.0, 0.0, 0.0, 0.0, 0.0, 0.0, 0.0, 0.0, 0.0, 0.0, 0.0, 0.0, 0.0, 0.0, 0.0, 0.0, 0.0, 0.0, 0.0, 0.0, 0.0, 0.0, 0.0, 0.0, 0.0, 0.0, 0.0, 0.0, 0.0, 0.0, 0.0, 0.0, 0.0, 0.0, 0.0, 0.0, 0.0, 0.0, 0.0, 0.0, 0.0, 0.0, 0.0, 0.0, 0.0, 0.0, 0.0, 0.0, 0.0, 0.0, 0.0, 0.0, 0.0, 0.0, 0.0, 0.0, 0.0, 0.0, 0.0, 0.0, 0.0, 0.0, 0.0, 0.0, 0.0, 0.0, 0.0, 0.0, 0.0, 0.0, 0.0, 0.0, 0.0, 0.0, 0.0, 0.0, 0.0, 0.0, 0.0, 0.0, 0.0, 0.0, 0.0, 0.0, 0.0, 0.0, 0.0, 0.0, 0.0, 0.0, 0.0, 0.0, 0.0, 0.0, 0.0, 0.0, 0.0, 0.0, 0.0, 0.0, 0.0, 0.0, 0.0, 0.0, 0.0, 0.0, 0.0, 0.0, 0.0, 0.0, 0.0, 0.0, 0.0, 0.0, 0.0, 0.0, 0.0, 0.0, 0.0, 0.0, 0.0, 0.0, 0.0, 0.0, 0.0, 0.0, 0.0, 0.0, 0.0, 0.0, 0.0, 0.0, 0.0, 0.0, 0.0, 0.0, 0.0, 0.0, 0.0, 0.0, 0.0, 0.0, 0.0, 0.0, 0.0, 0.0, 0.0, 0.0, 0.0, 0.0, 0.0, 0.0, 0.0, 0.0, 0.0, 0.0, 0.0, 0.0, 0.0, 0.0, 0.0, 0.0, 0.0, 0.0, 0.0, 0.0, 0.0, 0.0, 0.0, 0.0, 0.0, 0.0, 0.0, 0.0, 0.0, 0.0, 0.0, 0.0, 0.0, 0.0, 0.0, 0.0, 0.0, 0.0, 0.0, 0.0, 0.0, 0.0, 0.0, 0.0, 0.0, 0.0, 0.0, 0.0, 0.0, 0.0, 0.0, 0.0, 0.0, 0.0, 0.0, 0.0, 0.0, 0.0, 0.0, 0.0, 0.0, 0.0, 0.0, 0.0, 0.0, 0.0, 0.0, 0.0, 0.0, 0.0, 0.0, 0.0, 0.0, 0.0, 0.0, 0.0, 0.0, 0.0, 0.0, 0.0, 0.0, 0.0, 0.0, 0.0, 0.0, 0.0, 0.0, 0.0, 0.0, 0.0, 0.0, 0.0, 0.0, 0.0, 0.0, 0.0, 0.0, 0.0, 0.0, 0.0, 0.0, 0.0, 0.0, 0.0, 0.0, 0.0, 0.0, 0.0, 0.0, 0.0, 0.0, 0.0, 0.0, 0.0, 0.0, 0.0, 0.0, 0.0, 0.0, 0.0, 0.0, 0.0, 0.0, 0.0, 0.0, 0.0, 0.0, 0.0, 0.0, 0.0, 0.0, 0.0, 0.0, 0.0, 0.0, 0.0, 0.0, 0.0, 0.0, 0.0, 0.0, 0.0, 0.0, 0.0, 0.0, 0.0, 0.0, 0.0, 0.0, 0.0, 0.0, 0.0, 0.0, 0.0, 0.0, 0.0, 0.0, 0.0, 0.0, 0.0, 0.0, 0.0, 0.0, 0.0, 0.0, 0.0, 0.0, 0.0, 0.0, 0.0, 0.0, 0.0, 0.0, 0.0, 0.0, 0.0, 0.0, 0.0, 0.0, 0.0, 0.0, 0.0, 0.0, 0.0, 0.0, 0.0, 0.0, 0.0, 0.0, 0.0, 0.0, 0.0, 0.0, 0.0, 0.0, 0.0, 0.0, 0.0, 0.0, 0.0, 0.0, 0.0, 0.0, 0.0, 0.0, 0.0, 0.0, 0.0, 0.0, 0.0, 0.0, 0.0, 0.0, 0.0, 0.0, 0.0, 0.0, 0.0, 0.0, 0.0, 0.0, 0.0, 0.0, 0.0, 0.0, 0.0, 0.0, 0.0, 0.0, 0.0, 0.0, 0.0, 0.0, 0.0, 0.0, 0.0, 0.0, 0.0, 0.0, 0.0, 0.0, 0.0, 0.0, 0.0, 0.0, 0.0, 0.0, 0.0, 0.0, 0.0, 0.0, 0.0, 0.0, 0.0, 0.0, 0.0, 0.0, 0.0, 0.0, 0.0, 0.0, 0.0, 0.0, 0.0, 0.0, 0.0, 0.0, 0.0, 0.0, 0.0, 0.0, 0.0, 0.0, 0.0, 0.0, 0.0, 0.0, 0.0, 0.0, 0.0, 0.0, 0.0, 0.0, 0.0, 0.0, 0.0, 0.0, 0.0, 0.0, 0.0, 0.0, 0.0, 0.0, 0.0, 0.0, 0.0, 0.0, 0.0, 0.0, 0.0, 0.0, 0.0, 0.0, 0.0, 0.0, 0.0, 0.0, 0.0, 0.0, 0.0, 0.0, 0.0, 0.0, 0.0, 0.0, 0.0, 0.0, 0.0, 0.0, 0.0, 0.0, 0.0, 0.0, 0.0, 0.0, 0.0, 0.0, 0.0, 0.0, 0.0, 0.0, 0.0, 0.0, 0.0, 0.0, 0.0, 0.0, 0.0, 0.0, 0.0, 0.0, 0.0, 0.0, 0.0, 0.0, 0.0, 0.0, 0.0, 0.0, 0.0, 0.0, 0.0, 0.0, 0.0, 0.0, 0.0, 0.0, 0.0, 0.0, 0.0, 0.0, 0.0, 0.0, 0.0, 0.0, 0.0, 0.0, 0.0, 0.0, 0.0, 0.0, 0.0, 0.0, 0.0, 0.0, 0.0, 0.0, 0.0, 0.0, 0.0, 0.0, 0.0, 0.0, 0.0, 0.0, 0.0, 0.0, 0.0, 0.0, 0.0, 0.0, 0.0, 0.0, 0.0, 0.0, 0.0, 0.0, 0.0, 0.0, 0.0, 0.0, 0.0, 0.0, 0.0, 0.0, 0.0, 0.0, 0.0, 0.0, 0.0, 0.0, 0.0, 0.0, 0.0, 0.0, 0.0, 0.0, 0.0, 0.0, 0.0, 0.0, 0.0, 0.0, 0.0, 0.0, 0.0, 0.0, 0.0, 0.0, 0.0, 0.0, 0.0, 0.0, 0.0, 0.0, 0.0, 0.0, 0.0, 0.0, 0.0, 0.0, 0.0, 0.0, 0.0, 0.0, 0.0, 0.0, 0.0, 0.0, 0.0, 0.0, 0.0, 0.0, 0.0, 0.0, 0.0, 0.0, 0.0, 0.0, 0.0, 0.0, 0.0, 0.0, 0.0, 0.0, 0.0, 0.0, 0.0, 0.0, 0.0, 0.0, 0.0, 0.0, 0.0, 0.0, 0.0, 0.0, 0.0, 0.0, 0.0, 0.0, 0.0, 0.0, 0.0, 0.0, 0.0, 0.0, 0.0, 0.0, 0.0, 0.0, 0.0, 0.0, 0.0, 0.0, 0.0, 0.0, 0.0, 0.0, 0.0, 0.0, 0.0, 0.0, 0.0, 0.0, 0.0, 0.0, 0.0, 0.0, 0.0, 0.0, 0.0, 0.0, 0.0, 0.0, 0.0, 0.0, 0.0, 0.0, 0.0, 0.0, 0.0, 0.0, 0.0, 0.0, 0.0, 0.0, 0.0, 0.0, 0.0, 0.0, 0.0, 0.0, 0.0, 0.0, 0.0, 0.0, 0.0, 0.0, 0.0, 0.0, 0.0, 0.0, 0.0, 0.0, 0.0, 0.0, 0.0, 0.0, 0.0, 0.0, 0.0, 0.0, 0.0, 0.0, 0.0, 0.0, 0.0, 0.0, 0.0, 0.0, 0.0, 0.0, 0.0, 0.0, 0.0, 0.0, 0.0, 0.0, 0.0, 0.0, 0.0, 0.0, 0.0, 0.0, 0.0, 0.0, 0.0, 0.0, 0.0, 0.0, 0.0, 0.0, 0.0, 0.0, 0.0, 0.0, 0.0, 0.0, 0.0, 0.0, 0.0, 0.0, 0.0, 0.0, 0.0, 0.0, 0.0, 0.0, 0.0, 0.0, 0.0, 0.0, 0.0, 0.0, 0.0, 0.0, 0.0, 0.0, 0.0, 0.0, 0.0, 0.0, 0.0, 0.0, 0.0, 0.0, 0.0, 0.0, 0.0, 0.0, 0.0, 0.0, 0.0, 0.0, 0.0, 0.0, 0.0, 0.0, 0.0, 0.0, 0.0, 0.0, 0.0, 0.0, 0.0, 0.0, 0.0, 0.0, 0.0, 0.0, 0.0, 0.0, 0.0, 0.0, 0.0, 0.0, 0.0, 0.0, 0.0, 0.0, 0.0, 0.0, 0.0, 0.0, 0.0, 0.0, 0.0, 0.0, 0.0, 0.0, 0.0, 0.0, 0.0, 0.0, 0.0, 0.0, 0.0, 0.0, 0.0, 0.0, 0.0, 0.0, 0.0, 0.0, 0.0, 0.0, 0.0, 0.0, 0.0, 0.0, 0.0, 0.0, 0.0, 0.0, 0.0, 0.0, 0.0, 0.0, 0.0, 0.0, 0.0, 0.0, 0.0, 0.0, 0.0, 0.0, 0.0, 0.0, 0.0, 0.0, 0.0, 0.0, 0.0, 0.0, 0.0, 0.0, 0.0, 0.0, 0.0, 0.0, 0.0, 0.0, 0.0, 0.0, 0.0, 0.0, 0.0, 0.0, 0.0, 0.0, 0.0, 0.0, 0.0, 0.0, 0.0, 0.0, 0.0, 0.0, 0.0, 0.0, 0.0, 0.0, 0.0, 0.0, 0.0, 0.0, 0.0, 0.0, 0.0, 0.0, 0.0, 0.0, 0.0, 0.0, 0.0, 0.0, 0.0, 0.0, 0.0, 0.0, 0.0, 0.0, 0.0, 0.0, 0.0, 0.0, 0.0, 0.0, 0.0, 0.0, 0.0, 0.0, 0.0, 0.0, 0.0, 0.0, 0.0, 0.0, 0.0, 0.0, 0.0, 0.0, 0.0, 0.0, 0.0, 0.0, 0.0, 0.0, 0.0, 0.0, 0.0, 0.0, 0.0, 0.0, 0.0, 0.0, 0.0, 0.0, 0.0, 0.0, 0.0, 0.0, 0.0, 0.0, 0.0, 0.0, 0.0, 0.0, 0.0, 0.0, 0.0, 0.0, 0.0, 0.0, 0.0, 0.0, 0.0, 0.0, 0.0, 0.0, 0.0, 0.0, 0.0, 0.0, 0.0, 0.0, 0.0, 0.0, 0.0, 0.0, 0.0, 0.0, 0.0, 0.0, 0.0, 0.0, 0.0, 0.0, 0.0, 0.0, 0.0, 0.0, 0.0, 0.0, 0.0, 0.0, 0.0, 0.0, 0.0, 0.0, 0.0, 0.0, 0.0, 0.0, 0.0, 0.0, 0.0, 0.0, 0.0, 0.0, 0.0, 0.0, 0.0, 0.0, 0.0, 0.0, 0.0, 0.0, 0.0, 0.0, 0.0, 0.0, 0.0, 0.0, 0.0, 0.0, 0.0, 0.0, 0.0, 0.0, 0.0, 0.0, 0.0, 0.0, 0.0, 0.0, 0.0, 0.0, 0.0, 0.0, 0.0, 0.0, 0.0, 0.0, 0.0, 0.0, 0.0, 0.0, 0.0, 0.0, 0.0, 0.0, 0.0, 0.0, 0.0, 0.0, 0.0, 0.0, 0.0, 0.0, 0.0, 0.0, 0.0, 0.0, 0.0, 0.0, 0.0, 0.0, 0.0, 0.0, 0.0, 0.0, 0.0, 0.0, 0.0, 0.0, 0.0, 0.0, 0.0, 0.0, 0.0, 0.0, 0.0, 0.0, 0.0, 0.0, 0.0, 0.0, 0.0, 0.0, 0.0, 0.0, 0.0, 0.0, 0.0, 0.0, 0.0, 0.0, 0.0, 0.0, 0.0, 0.0, 0.0, 0.0, 0.0, 0.0, 0.0, 0.0, 0.0, 0.0, 0.0, 0.0, 0.0, 0.0, 0.0, 0.0, 0.0, 0.0, 0.0, 0.0, 0.0, 0.0, 0.0, 0.0, 0.0, 0.0, 0.0, 0.0, 0.0, 0.0, 0.0, 0.0, 0.0, 0.0, 0.0, 0.0, 0.0, 0.0, 0.0, 0.0, 0.0, 0.0, 0.0, 0.0, 0.0, 0.0, 0.0, 0.0, 0.0, 0.0, 0.0, 0.0, 0.0, 0.0, 0.0, 0.0, 0.0, 0.0, 0.0, 0.0, 0.0, 0.0, 0.0, 0.0, 0.0, 0.0, 0.0, 0.0, 0.0, 0.0, 0.0, 0.0, 0.0, 0.0, 0.0]"
pipes_valves_cost,0.0
TES_annualized_capex,0.0
OPEX_Wind,8553.4578353599
FOM_TES,6946.407233364936
capP_Li,2895.666725251874
capE_Li,17276.588319510698
OPEX_Solar,0.0
deltaT_salt,277.0
OPEX_Li,6401.446397435635
tank_energy_max,0.0
min_hours,0.0
y_binary_coal,"[-0.0, -0.0, -0.0, -0.0, 1.0, -0.0, 1.0, -0.0, -0.0, -0.0, -0.0, -0.0, -0.0, -0.0, -0.0, -0.0, -0.0, -0.0, -0.0, -0.0, -0.0, -0.0, -0.0, -0.0, -0.0, -0.0, -0.0, 1.0, -0.0, 1.0, -0.0, -0.0, -0.0, -0.0, -0.0, -0.0, -0.0, -0.0, -0.0, -0.0, -0.0, -0.0, -0.0, -0.0, -0.0, -0.0, -0.0, -0.0, -0.0, -0.0, 1.0, -0.0, 1.0, -0.0, -0.0, -0.0, -0.0, -0.0, -0.0, -0.0, -0.0, -0.0, -0.0, -0.0, -0.0, -0.0, -0.0, -0.0, -0.0, -0.0, -0.0, -0.0, -0.0, 1.0, -0.0, 1.0, -0.0, -0.0, -0.0, -0.0, -0.0, -0.0, -0.0, -0.0, -0.0, -0.0, -0.0, -0.0, -0.0, -0.0, -0.0, -0.0, -0.0, -0.0, -0.0, -0.0, 1.0, -0.0, 1.0, -0.0, -0.0, -0.0, -0.0, -0.0, -0.0, -0.0, -0.0, -0.0, -0.0, -0.0, -0.0, -0.0, -0.0, -0.0, -0.0, -0.0, -0.0, -0.0, -0.0, 1.0, -0.0, 1.0, -0.0, -0.0, -0.0, -0.0, -0.0, -0.0, -0.0, -0.0, -0.0, -0.0, -0.0, -0.0, -0.0, -0.0, -0.0, -0.0, -0.0, -0.0, -0.0, -0.0, 1.0, -0.0, 1.0, -0.0, -0.0, -0.0, -0.0, -0.0, -0.0, -0.0, -0.0, -0.0, -0.0, -0.0, -0.0, -0.0, -0.0, -0.0, -0.0, -0.0, -0.0, -0.0, -0.0, 1.0, -0.0, 1.0, -0.0, -0.0, -0.0, -0.0, -0.0, -0.0, -0.0, -0.0, -0.0, -0.0, -0.0, -0.0, -0.0, -0.0, -0.0, -0.0, -0.0, -0.0, -0.0, -0.0, 1.0, -0.0, -0.0, -0.0, -0.0, -0.0, -0.0, -0.0, -0.0, -0.0, -0.0, -0.0, -0.0, -0.0, -0.0, -0.0, -0.0, -0.0, -0.0, -0.0, -0.0, -0.0, -0.0, 1.0, -0.0, -0.0, -0.0, -0.0, -0.0, -0.0, -0.0, -0.0, -0.0, -0.0, -0.0, -0.0, -0.0, -0.0, -0.0, -0.0, -0.0, -0.0, -0.0, -0.0, -0.0, -0.0, -0.0, -0.0, -0.0, -0.0, -0.0, -0.0, -0.0, -0.0, -0.0, -0.0, -0.0, -0.0, -0.0, -0.0, -0.0, -0.0, -0.0, -0.0, -0.0, -0.0, -0.0, -0.0, -0.0, -0.0, -0.0, -0.0, -0.0, -0.0, -0.0, -0.0, -0.0, -0.0, -0.0, -0.0, -0.0, -0.0, -0.0, -0.0, -0.0, -0.0, -0.0, -0.0, -0.0, -0.0, -0.0, -0.0, -0.0, -0.0, -0.0, -0.0, -0.0, -0.0, -0.0, -0.0, -0.0, -0.0, -0.0, -0.0, -0.0, -0.0, -0.0, -0.0, -0.0, -0.0, -0.0, -0.0, -0.0, -0.0, -0.0, -0.0, -0.0, -0.0, -0.0, -0.0, -0.0, -0.0, -0.0, -0.0, -0.0, -0.0, -0.0, -0.0, -0.0, -0.0, -0.0, -0.0, -0.0, -0.0, -0.0, -0.0, -0.0, -0.0, -0.0, -0.0, -0.0, -0.0, -0.0, -0.0, -0.0, -0.0, -0.0, -0.0, -0.0, -0.0, -0.0, -0.0, -0.0, -0.0, -0.0, -0.0, -0.0, -0.0, -0.0, -0.0, -0.0, -0.0, -0.0, -0.0, -0.0, -0.0, -0.0, -0.0, -0.0, -0.0, -0.0, -0.0, -0.0, -0.0, -0.0, -0.0, -0.0, -0.0, -0.0, -0.0, -0.0, -0.0, -0.0, -0.0, -0.0, -0.0, -0.0, -0.0, -0.0, -0.0, -0.0, -0.0, -0.0, -0.0, -0.0, -0.0, -0.0, -0.0, -0.0, -0.0, -0.0, -0.0, -0.0, 1.0, -0.0, -0.0, -0.0, 1.0, -0.0, -0.0, -0.0, -0.0, -0.0, -0.0, -0.0, -0.0, -0.0, -0.0, -0.0, -0.0, 0.0, -0.0, -0.0, -0.0, -0.0, -0.0, 1.0, -0.0, -0.0, -0.0, 1.0, -0.0, -0.0, -0.0, -0.0, -0.0, -0.0, -0.0, -0.0, -0.0, -0.0, -0.0, -0.0, 0.0, -0.0, -0.0, -0.0, -0.0, -0.0, 1.0, -0.0, -0.0, -0.0, 1.0, -0.0, 0.0, -0.0, -0.0, -0.0, -0.0, -0.0, -0.0, -0.0, -0.0, -0.0, -0.0, -0.0, -0.0, -0.0, -0.0, -0.0, -0.0, 1.0, -0.0, -0.0, -0.0, 1.0, -0.0, 0.0, -0.0, -0.0, -0.0, -0.0, -0.0, -0.0, -0.0, -0.0, -0.0, -0.0, 1.0, -0.0, -0.0, -0.0, -0.0, -0.0, 1.0, -0.0, -0.0, -0.0, 1.0, -0.0, 0.0, -0.0, -0.0, -0.0, -0.0, -0.0, -0.0, -0.0, -0.0, -0.0, -0.0, 1.0, -0.0, -0.0, -0.0, -0.0, -0.0, 1.0, -0.0, -0.0, -0.0, 1.0, -0.0, 1.0, -0.0, -0.0, -0.0, -0.0, -0.0, -0.0, -0.0, -0.0, -0.0, -0.0, 1.0, -0.0, -0.0, -0.0, -0.0, -0.0, 1.0, -0.0, -0.0, -0.0, 1.0, -0.0, 1.0, -0.0, -0.0, -0.0, -0.0, -0.0, -0.0, -0.0, -0.0, -0.0, -0.0, 1.0, -0.0, -0.0, -0.0, -0.0, -0.0, 1.0, -0.0, -0.0, -0.0, 1.0, -0.0, 1.0, -0.0, -0.0, -0.0, -0.0, -0.0, -0.0, -0.0, -0.0, -0.0, -0.0, 1.0, -0.0, -0.0, -0.0, -0.0, -0.0, 1.0, -0.0, -0.0, -0.0, 1.0, -0.0, 1.0, -0.0, -0.0, -0.0, -0.0, -0.0, -0.0, -0.0, -0.0, -0.0, -0.0, 1.0, -0.0, -0.0, -0.0, -0.0, -0.0, 1.0, -0.0, -0.0, -0.0, 1.0, -0.0, 1.0, -0.0, -0.0, -0.0, -0.0, -0.0, -0.0, -0.0, -0.0, -0.0, -0.0, 1.0, -0.0, -0.0, -0.0, -0.0, -0.0, 1.0, -0.0, -0.0, -0.0, 1.0, -0.0, 1.0, -0.0, -0.0, -0.0, -0.0, -0.0, -0.0, -0.0, -0.0, -0.0, -0.0, 1.0, -0.0, -0.0, -0.0, -0.0, -0.0, 1.0, -0.0, -0.0, -0.0, 1.0, -0.0, 1.0, -0.0, -0.0, -0.0, -0.0, -0.0, -0.0, -0.0, -0.0, -0.0, -0.0, 1.0, -0.0, -0.0, -0.0, -0.0, -0.0, 1.0, -0.0, -0.0, -0.0, 1.0, -0.0, -0.0, -0.0, -0.0, -0.0, -0.0, -0.0, -0.0, -0.0, -0.0, -0.0, -0.0, 1.0, -0.0, -0.0, -0.0, -0.0, -0.0, 1.0, -0.0, -0.0, -0.0, 1.0, -0.0, -0.0, -0.0, -0.0, -0.0, -0.0, -0.0, -0.0, -0.0, -0.0, -0.0, -0.0, 1.0, -0.0, -0.0, -0.0, -0.0, -0.0, 1.0, -0.0, -0.0, -0.0, 1.0, -0.0, -0.0, -0.0, -0.0, -0.0, -0.0, -0.0, -0.0, -0.0, -0.0, -0.0, -0.0, 1.0, -0.0, -0.0, -0.0, -0.0, -0.0, 1.0, -0.0, -0.0, -0.0, 1.0, -0.0, -0.0, -0.0, -0.0, -0.0, -0.0, -0.0, -0.0, -0.0, -0.0, -0.0, -0.0, 1.0, -0.0, -0.0, -0.0, -0.0, -0.0, 1.0, -0.0, -0.0, -0.0, -0.0, -0.0, -0.0, -0.0, -0.0, -0.0, -0.0, -0.0, -0.0, -0.0, -0.0, -0.0, -0.0, -0.0, -0.0, -0.0, -0.0, -0.0, -0.0, 1.0, -0.0, -0.0, -0.0, -0.0, -0.0, -0.0, -0.0, -0.0, -0.0, -0.0, -0.0, -0.0, -0.0, -0.0, -0.0, -0.0, -0.0, -0.0, -0.0, -0.0, -0.0, -0.0, 1.0, -0.0, -0.0, -0.0, -0.0, -0.0, -0.0, -0.0, -0.0, -0.0, -0.0, -0.0, -0.0, -0.0, -0.0, -0.0, -0.0, -0.0, -0.0, -0.0, -0.0, -0.0, -0.0, 1.0, -0.0, -0.0, -0.0, -0.0, -0.0, -0.0, -0.0, -0.0, -0.0, -0.0, -0.0, -0.0, -0.0, -0.0, -0.0, -0.0, -0.0, -0.0, -0.0, -0.0, -0.0, -0.0, 1.0, -0.0, -0.0, -0.0, -0.0, -0.0, -0.0, -0.0, -0.0, -0.0, -0.0, -0.0, -0.0, -0.0, -0.0, -0.0, -0.0, -0.0, -0.0, -0.0, -0.0, -0.0, -0.0, 1.0, -0.0, -0.0, -0.0, -0.0, -0.0, -0.0, -0.0, -0.0, -0.0, -0.0, -0.0, -0.0, -0.0, -0.0, -0.0, -0.0, -0.0, -0.0, -0.0, -0.0, -0.0, -0.0, 1.0, -0.0, -0.0, -0.0, -0.0, -0.0, -0.0, -0.0, -0.0, -0.0, -0.0, -0.0, -0.0, -0.0, -0.0, -0.0, -0.0, -0.0, -0.0, -0.0, -0.0, -0.0, -0.0, 1.0, -0.0, -0.0, -0.0, 1.0, -0.0, -0.0, -0.0, -0.0, -0.0, -0.0, -0.0, -0.0, -0.0, -0.0, -0.0, -0.0, -0.0, -0.0, -0.0, -0.0, -0.0, -0.0, 1.0, -0.0, -0.0, -0.0, 1.0, -0.0, -0.0, -0.0, -0.0, -0.0, -0.0, -0.0, -0.0, -0.0, -0.0, -0.0, -0.0, -0.0, -0.0, -0.0, -0.0, -0.0, -0.0, 1.0, -0.0, -0.0, -0.0, 1.0, -0.0, 1.0, -0.0, -0.0, -0.0, -0.0, -0.0, -0.0, -0.0, -0.0, -0.0, -0.0, -0.0, -0.0, -0.0, -0.0, -0.0, -0.0, 1.0, -0.0, -0.0, -0.0, 1.0, -0.0, 1.0, -0.0, -0.0, -0.0, -0.0, -0.0, -0.0, -0.0, -0.0, -0.0, -0.0, -0.0, -0.0, -0.0, -0.0, -0.0, -0.0, 1.0, -0.0, -0.0, -0.0, 1.0, -0.0, 1.0, -0.0, -0.0, -0.0, -0.0, -0.0, -0.0, -0.0, -0.0, -0.0, -0.0, -0.0, -0.0, -0.0, -0.0, -0.0, -0.0, 1.0, -0.0, -0.0, -0.0, 1.0, -0.0, 1.0, -0.0, -0.0, -0.0, -0.0, -0.0, -0.0, -0.0, -0.0, -0.0, -0.0, -0.0, -0.0, -0.0, -0.0, -0.0, -0.0, 1.0, -0.0, -0.0, -0.0, 1.0, -0.0, 1.0, -0.0, -0.0, -0.0, -0.0, -0.0, -0.0, -0.0, -0.0, -0.0, -0.0, -0.0, -0.0, -0.0, -0.0, -0.0, -0.0, 1.0, -0.0, -0.0, -0.0, 1.0, -0.0, 1.0, -0.0, -0.0, -0.0, -0.0, -0.0, -0.0, -0.0, -0.0, -0.0, -0.0, -0.0, -0.0, -0.0, -0.0, -0.0, -0.0, 1.0, -0.0, -0.0, -0.0, 1.0, -0.0, 1.0, -0.0, -0.0, -0.0, -0.0, -0.0, -0.0, -0.0, -0.0, -0.0, -0.0, -0.0, -0.0, -0.0, -0.0, -0.0, -0.0, 1.0, -0.0, -0.0, -0.0, 1.0, -0.0, 1.0, -0.0, -0.0, -0.0, -0.0, -0.0, -0.0, -0.0, -0.0, -0.0, -0.0, -0.0, -0.0, -0.0, -0.0, -0.0, -0.0, 1.0, -0.0, -0.0, -0.0, 1.0, -0.0, 1.0, -0.0, -0.0, -0.0, -0.0, -0.0, -0.0, -0.0, -0.0, -0.0, -0.0, -0.0, -0.0, -0.0, -0.0, -0.0, -0.0, 1.0, -0.0, -0.0, -0.0, 1.0, -0.0, 1.0, -0.0, -0.0, -0.0, -0.0, -0.0, -0.0, -0.0, -0.0, -0.0, -0.0, -0.0, -0.0, -0.0, -0.0, -0.0, -0.0, 1.0, -0.0, -0.0, -0.0, 1.0, -0.0, 1.0, -0.0, -0.0, -0.0, -0.0, -0.0, -0.0, -0.0, -0.0, -0.0, -0.0, -0.0, -0.0, -0.0, -0.0, -0.0, -0.0, 1.0, -0.0, -0.0, -0.0, 1.0, -0.0, 1.0, -0.0, -0.0, -0.0, -0.0, -0.0, -0.0, -0.0, -0.0, -0.0, -0.0, -0.0, -0.0, -0.0, -0.0, -0.0, -0.0, 1.0, -0.0, -0.0, -0.0, 1.0, -0.0, 1.0, -0.0, -0.0, -0.0, -0.0, -0.0, -0.0, -0.0, -0.0, -0.0, -0.0, -0.0, -0.0, -0.0, -0.0, -0.0, -0.0, 1.0, -0.0, -0.0, -0.0, 1.0, -0.0, 1.0, -0.0, -0.0, -0.0, -0.0, -0.0, -0.0, -0.0, -0.0, -0.0, -0.0, -0.0, -0.0, -0.0, -0.0, -0.0, -0.0, -0.0, -0.0, -0.0, -0.0, -0.0, -0.0, 1.0, -0.0, -0.0, -0.0, -0.0, -0.0, -0.0, -0.0, -0.0, -0.0, -0.0, -0.0, -0.0, -0.0, -0.0, -0.0, -0.0, 0.0, -0.0, -0.0, -0.0, -0.0, -0.0, -0.0, -0.0, -0.0, -0.0, -0.0, -0.0, -0.0, -0.0, -0.0, -0.0, -0.0, -0.0, -0.0, -0.0, -0.0, -0.0, -0.0, -0.0, -0.0, -0.0, -0.0, -0.0, -0.0, 0.0, -0.0, -0.0, -0.0, -0.0, -0.0, -0.0, -0.0, -0.0, -0.0, -0.0, -0.0, -0.0, -0.0, -0.0, -0.0, -0.0, -0.0, -0.0, -0.0, -0.0, -0.0, -0.0, -0.0, -0.0, -0.0, -0.0, -0.0, -0.0, -0.0, -0.0, -0.0, -0.0, -0.0, -0.0, -0.0, -0.0, -0.0, -0.0, -0.0, -0.0, -0.0, -0.0, -0.0, -0.0, -0.0, -0.0, -0.0, -0.0, -0.0, -0.0, -0.0, -0.0, -0.0, -0.0, -0.0, -0.0, -0.0, -0.0, -0.0, -0.0, -0.0, -0.0, -0.0, -0.0, -0.0, -0.0, -0.0, -0.0, -0.0, -0.0, -0.0, -0.0, -0.0, -0.0, -0.0, -0.0, -0.0, -0.0, -0.0, -0.0, -0.0, -0.0, -0.0, -0.0, -0.0, -0.0, -0.0, -0.0, -0.0, -0.0, -0.0, -0.0, -0.0, -0.0, -0.0, -0.0, -0.0, -0.0, -0.0, -0.0, -0.0, -0.0, -0.0, -0.0, -0.0, -0.0, -0.0, -0.0, -0.0, -0.0, -0.0, -0.0, -0.0, -0.0, -0.0, -0.0, -0.0, -0.0, -0.0, -0.0, -0.0, -0.0, -0.0, -0.0, -0.0, -0.0, -0.0, -0.0, -0.0, -0.0, -0.0, -0.0, -0.0, -0.0, -0.0, 1.0, -0.0, -0.0, -0.0, -0.0, -0.0, -0.0, -0.0, -0.0, -0.0, -0.0, -0.0, -0.0, -0.0, -0.0, -0.0, -0.0, -0.0, -0.0, 0.0, -0.0, -0.0, -0.0, 1.0, -0.0, -0.0, -0.0, -0.0, -0.0, -0.0, -0.0, -0.0, -0.0, -0.0, -0.0, -0.0, -0.0, -0.0, -0.0, -0.0, -0.0, -0.0, 0.0, -0.0, -0.0, -0.0, 1.0, -0.0, 0.0, -0.0, -0.0, -0.0, -0.0, -0.0, -0.0, -0.0, -0.0, -0.0, -0.0, -0.0, -0.0, -0.0, -0.0, -0.0, -0.0, 0.0, -0.0, -0.0, -0.0, 1.0, -0.0, 0.0, -0.0, -0.0, -0.0, -0.0, -0.0, -0.0, -0.0, -0.0, -0.0, -0.0, -0.0, -0.0, -0.0, -0.0, -0.0, -0.0, 0.0, -0.0, -0.0, -0.0, 1.0, -0.0, 0.0, -0.0, -0.0, -0.0, -0.0, -0.0, -0.0, -0.0, -0.0, -0.0, -0.0, -0.0, -0.0, -0.0, -0.0, -0.0, -0.0, 0.0, -0.0, -0.0, -0.0, 1.0, -0.0, 0.0, -0.0, -0.0, -0.0, -0.0, -0.0, -0.0, -0.0, -0.0, -0.0, -0.0, -0.0, -0.0, -0.0, -0.0, -0.0, -0.0, 0.0, -0.0, -0.0, -0.0, 1.0, -0.0, 0.0, -0.0, -0.0, -0.0, -0.0, -0.0, -0.0, -0.0, -0.0, -0.0, -0.0, -0.0, -0.0, -0.0, -0.0, -0.0, -0.0, 0.0, -0.0, -0.0, -0.0, 1.0, -0.0, -0.0, -0.0, -0.0, -0.0, -0.0, -0.0, -0.0, -0.0, -0.0, -0.0, -0.0, -0.0, -0.0, -0.0, -0.0, -0.0, -0.0, 0.0, -0.0, -0.0, -0.0, 1.0, -0.0, 1.0, -0.0, -0.0, -0.0, -0.0, -0.0, -0.0, -0.0, -0.0, -0.0, -0.0, -0.0, -0.0, -0.0, -0.0, -0.0, -0.0, 0.0, -0.0, -0.0, -0.0, 1.0, -0.0, 1.0, -0.0, -0.0, -0.0, -0.0, -0.0, -0.0, -0.0, -0.0, -0.0, -0.0, -0.0, -0.0, -0.0, -0.0, -0.0, -0.0, 0.0, -0.0, -0.0, -0.0, 1.0, -0.0, 1.0, -0.0, -0.0, -0.0, -0.0, -0.0, -0.0, -0.0, -0.0, -0.0, -0.0, -0.0, -0.0, -0.0, -0.0, -0.0, -0.0, -0.0, -0.0, -0.0, -0.0, 1.0, -0.0, 1.0, -0.0, -0.0, -0.0, -0.0, -0.0, -0.0, -0.0, -0.0, -0.0, -0.0, -0.0, -0.0, -0.0, -0.0, -0.0, -0.0, 1.0, -0.0, -0.0, -0.0, 1.0, -0.0, 1.0, -0.0, -0.0, -0.0, -0.0, -0.0, -0.0, -0.0, -0.0, -0.0, -0.0, -0.0, -0.0, -0.0, -0.0, -0.0, -0.0, 1.0, -0.0, -0.0, -0.0, 1.0, -0.0, 1.0, -0.0, -0.0, -0.0, -0.0, -0.0, -0.0, -0.0, -0.0, -0.0, -0.0, -0.0, -0.0, -0.0, -0.0, -0.0, -0.0, 1.0, -0.0, -0.0, -0.0, 1.0, -0.0, 1.0, -0.0, -0.0, -0.0, -0.0, -0.0, -0.0, -0.0, -0.0, -0.0, -0.0, -0.0, -0.0, -0.0, -0.0, -0.0, -0.0, 1.0, -0.0, -0.0, -0.0, 1.0, -0.0, 1.0, -0.0, -0.0, -0.0, -0.0, -0.0, -0.0, -0.0, -0.0, -0.0, -0.0, -0.0, -0.0, -0.0, -0.0, -0.0, -0.0, 1.0, -0.0, -0.0, -0.0, 1.0, -0.0, 1.0, -0.0, -0.0, -0.0, -0.0, -0.0, -0.0, -0.0, -0.0, -0.0, -0.0, -0.0, -0.0, -0.0, -0.0, -0.0, -0.0, -0.0, -0.0, -0.0, -0.0, -0.0, -0.0, 1.0, -0.0, -0.0, -0.0, -0.0, -0.0, -0.0, -0.0, -0.0, -0.0, -0.0, -0.0, -0.0, -0.0, -0.0, -0.0, -0.0, -0.0, -0.0, -0.0, -0.0, -0.0, -0.0, -0.0, -0.0, -0.0, -0.0, -0.0, -0.0, -0.0, -0.0, -0.0, -0.0, -0.0, -0.0, -0.0, -0.0, -0.0, -0.0, -0.0, -0.0, -0.0, -0.0, -0.0, -0.0, -0.0, -0.0, -0.0, -0.0, -0.0, -0.0, -0.0, -0.0, -0.0, -0.0, -0.0, -0.0, -0.0, -0.0, -0.0, -0.0, -0.0, -0.0, -0.0, -0.0, -0.0, -0.0, -0.0, -0.0, -0.0, -0.0, -0.0, -0.0, -0.0, -0.0, -0.0, -0.0, -0.0, -0.0, -0.0, -0.0, -0.0, -0.0, -0.0, -0.0, -0.0, -0.0, -0.0, -0.0, -0.0, -0.0, -0.0, -0.0, -0.0, -0.0, -0.0, -0.0, -0.0, -0.0, -0.0, -0.0, -0.0, -0.0, -0.0, -0.0, -0.0, -0.0, -0.0, -0.0, -0.0, -0.0, -0.0, -0.0, -0.0, -0.0, -0.0, -0.0, -0.0, -0.0, -0.0, -0.0, -0.0, -0.0, -0.0, -0.0, -0.0, -0.0, -0.0, -0.0, -0.0, -0.0, -0.0, -0.0, -0.0, -0.0, -0.0, -0.0, -0.0, 1.0, -0.0, -0.0, -0.0, -0.0, -0.0, -0.0, -0.0, -0.0, -0.0, -0.0, -0.0, -0.0, -0.0, -0.0, -0.0, -0.0, -0.0, -0.0, -0.0, -0.0, -0.0, -0.0, 1.0, -0.0, -0.0, -0.0, -0.0, -0.0, -0.0, -0.0, -0.0, -0.0, -0.0, -0.0, -0.0, -0.0, -0.0, -0.0, -0.0, -0.0, -0.0, -0.0, -0.0, -0.0, -0.0, 1.0, -0.0, -0.0, -0.0, -0.0, -0.0, -0.0, -0.0, -0.0, -0.0, -0.0, -0.0, -0.0, -0.0, -0.0, -0.0, -0.0, -0.0, -0.0, -0.0, -0.0, 1.0, -0.0, 1.0, -0.0, -0.0, -0.0, -0.0, -0.0, -0.0, -0.0, -0.0, -0.0, -0.0, -0.0, -0.0, -0.0, -0.0, -0.0, -0.0, -0.0, -0.0, -0.0, -0.0, 1.0, -0.0, 1.0, -0.0, -0.0, -0.0, -0.0, -0.0, -0.0, -0.0, -0.0, -0.0, -0.0, -0.0, -0.0, -0.0, -0.0, -0.0, -0.0, -0.0, -0.0, -0.0, -0.0, 1.0, -0.0, 1.0, -0.0, -0.0, -0.0, -0.0, -0.0, -0.0, -0.0, -0.0, -0.0, -0.0, -0.0, -0.0, -0.0, -0.0, -0.0, -0.0, -0.0, -0.0, -0.0, -0.0, 1.0, -0.0, 1.0, -0.0, -0.0, -0.0, -0.0, -0.0, -0.0, -0.0, -0.0, -0.0, -0.0, -0.0, -0.0, -0.0, -0.0, -0.0, -0.0, -0.0, -0.0, -0.0, -0.0, 1.0, -0.0, 1.0, -0.0, -0.0, -0.0, -0.0, -0.0, -0.0, -0.0, -0.0, -0.0, -0.0, -0.0, -0.0, -0.0, -0.0, -0.0, -0.0, -0.0, -0.0, -0.0, -0.0, 1.0, -0.0, 1.0, -0.0, -0.0, -0.0, -0.0, -0.0, -0.0, -0.0, -0.0, -0.0, -0.0, -0.0, -0.0, -0.0, -0.0, -0.0, -0.0, -0.0, -0.0, -0.0, -0.0, 1.0, -0.0, 1.0, -0.0, -0.0, -0.0, -0.0, -0.0, -0.0, -0.0, -0.0, -0.0, -0.0, -0.0, -0.0, -0.0, -0.0, -0.0, -0.0, -0.0, -0.0, -0.0, -0.0, 1.0, -0.0, 1.0, -0.0, -0.0, -0.0, -0.0, -0.0, -0.0, -0.0, -0.0, -0.0, -0.0, -0.0, -0.0, -0.0, -0.0, -0.0, -0.0, -0.0, -0.0, -0.0, -0.0, 1.0, -0.0, 1.0, -0.0, -0.0, -0.0, -0.0, -0.0, -0.0, -0.0, -0.0, -0.0, -0.0, -0.0, -0.0, -0.0, -0.0, -0.0, -0.0, -0.0, -0.0, -0.0, -0.0, 1.0, -0.0, 1.0, -0.0, -0.0, -0.0, -0.0, -0.0, -0.0, -0.0, -0.0, -0.0, -0.0, -0.0, -0.0, -0.0, -0.0, -0.0, -0.0, -0.0, -0.0, -0.0, -0.0, 1.0, -0.0, 1.0, -0.0, -0.0, -0.0, -0.0, -0.0, -0.0, -0.0, -0.0, -0.0, -0.0, -0.0, -0.0, -0.0, -0.0, -0.0, -0.0, -0.0, -0.0, -0.0, -0.0, 1.0, -0.0, 1.0, -0.0, -0.0, -0.0, -0.0, -0.0, -0.0, -0.0, -0.0, -0.0, -0.0, -0.0, -0.0, -0.0, -0.0, -0.0, -0.0, -0.0, -0.0, -0.0, -0.0, 1.0, -0.0, 1.0, -0.0, -0.0, -0.0, -0.0, -0.0, -0.0, -0.0, -0.0, -0.0, -0.0, -0.0, -0.0, -0.0, -0.0, -0.0, -0.0, -0.0, -0.0, -0.0, -0.0, 1.0, -0.0, 1.0, -0.0, -0.0, -0.0, -0.0, -0.0, -0.0, -0.0, -0.0, -0.0, -0.0, -0.0, -0.0, -0.0, -0.0, -0.0, -0.0, -0.0, -0.0, -0.0, -0.0, -0.0, -0.0, -0.0, -0.0, -0.0, -0.0, -0.0, -0.0, -0.0, -0.0, -0.0, -0.0, -0.0, -0.0, -0.0, -0.0, -0.0, -0.0, -0.0, -0.0, -0.0, -0.0, -0.0, -0.0, -0.0, -0.0, -0.0, -0.0, -0.0, -0.0, -0.0, -0.0, -0.0, -0.0, -0.0, -0.0, -0.0, -0.0, -0.0, -0.0, -0.0, -0.0, -0.0, -0.0, -0.0, -0.0, -0.0, -0.0, -0.0, -0.0, -0.0, -0.0, -0.0, -0.0, -0.0, -0.0, -0.0, -0.0, -0.0, -0.0, -0.0, -0.0, -0.0, -0.0, -0.0, -0.0, -0.0, -0.0, -0.0, -0.0, -0.0, -0.0, -0.0, -0.0, -0.0, -0.0, -0.0, -0.0, -0.0, -0.0, -0.0, -0.0, -0.0, -0.0, -0.0, -0.0, -0.0, -0.0, -0.0, -0.0, -0.0, -0.0, -0.0, -0.0, -0.0, -0.0, -0.0, -0.0, -0.0, -0.0, -0.0, -0.0, -0.0, -0.0, -0.0, -0.0, -0.0, -0.0, -0.0, -0.0, -0.0, -0.0, -0.0, -0.0, -0.0, -0.0, -0.0, -0.0, -0.0, -0.0, -0.0, -0.0, -0.0, -0.0, -0.0, -0.0, -0.0, -0.0, -0.0, -0.0, -0.0, -0.0, -0.0, -0.0, -0.0, -0.0, -0.0, -0.0, -0.0, -0.0, -0.0, -0.0, -0.0, -0.0, -0.0, -0.0, -0.0, -0.0, -0.0, -0.0, -0.0, -0.0, -0.0, -0.0, -0.0, -0.0, -0.0, -0.0, -0.0, -0.0, -0.0, -0.0, -0.0, -0.0, -0.0, -0.0, -0.0, -0.0, -0.0, -0.0, -0.0, -0.0, -0.0, -0.0, -0.0, -0.0, -0.0, -0.0, -0.0, -0.0, -0.0, -0.0, -0.0, -0.0, -0.0, -0.0, -0.0, -0.0, -0.0, -0.0, -0.0, -0.0, -0.0, -0.0, -0.0, -0.0, -0.0, -0.0, -0.0, -0.0, -0.0, -0.0, -0.0, -0.0, -0.0, -0.0, -0.0, -0.0, -0.0, -0.0, -0.0, -0.0, -0.0, -0.0, -0.0, -0.0, -0.0, -0.0, -0.0, -0.0, -0.0, -0.0, -0.0, -0.0, -0.0, -0.0, -0.0, -0.0, -0.0, -0.0, 0.0, -0.0, 0.0, -0.0, -0.0, -0.0, -0.0, -0.0, -0.0, -0.0, -0.0, -0.0, -0.0, -0.0, -0.0, -0.0, -0.0, -0.0, -0.0, -0.0, -0.0, -0.0, -0.0, -0.0, -0.0, -0.0, -0.0, -0.0, -0.0, -0.0, -0.0, -0.0, -0.0, -0.0, -0.0, -0.0, -0.0, -0.0, -0.0, -0.0, -0.0, -0.0, -0.0, -0.0, -0.0, -0.0, 0.0, -0.0, 1.0, -0.0, -0.0, -0.0, -0.0, -0.0, -0.0, -0.0, -0.0, -0.0, -0.0, -0.0, -0.0, -0.0, -0.0, -0.0, -0.0, -0.0, -0.0, -0.0, -0.0, 0.0, -0.0, 1.0, -0.0, -0.0, -0.0, -0.0, -0.0, -0.0, -0.0, -0.0, -0.0, -0.0, -0.0, -0.0, -0.0, -0.0, -0.0, -0.0, -0.0, -0.0, -0.0, -0.0, 0.0, -0.0, 1.0, -0.0, -0.0, -0.0, -0.0, -0.0, -0.0, -0.0, -0.0, -0.0, -0.0, -0.0, -0.0, -0.0, -0.0, -0.0, -0.0, -0.0, -0.0, -0.0, -0.0, 0.0, -0.0, 1.0, -0.0, -0.0, -0.0, -0.0, -0.0, -0.0, -0.0, -0.0, -0.0, -0.0, -0.0, -0.0, -0.0, -0.0, -0.0, -0.0, -0.0, -0.0, -0.0, -0.0, 0.0, -0.0, 1.0, -0.0, -0.0, -0.0, -0.0, -0.0, -0.0, -0.0, -0.0, -0.0, -0.0, -0.0, -0.0, -0.0, -0.0, -0.0, -0.0, -0.0, -0.0, -0.0, -0.0, 0.0, -0.0, 1.0, -0.0, -0.0, -0.0, -0.0, -0.0, -0.0, -0.0, -0.0, -0.0, -0.0, -0.0, -0.0, -0.0, -0.0, -0.0, 1.0, -0.0, -0.0, -0.0, -0.0, 0.0, -0.0, 1.0, -0.0, -0.0, -0.0, -0.0, -0.0, -0.0, -0.0, -0.0, -0.0, -0.0, -0.0, -0.0, -0.0, -0.0, -0.0, 1.0, -0.0, -0.0, -0.0, -0.0, 1.0, -0.0, 1.0, -0.0, -0.0, -0.0, -0.0, -0.0, -0.0, -0.0, -0.0, -0.0, -0.0, -0.0, -0.0, -0.0, -0.0, -0.0, 1.0, -0.0, -0.0, -0.0, -0.0, 1.0, -0.0, 1.0, -0.0, -0.0, -0.0, -0.0, -0.0, -0.0, -0.0, -0.0, -0.0, -0.0, -0.0, -0.0, -0.0, -0.0, -0.0, 1.0, -0.0, -0.0, -0.0, -0.0, 1.0, -0.0, 1.0, -0.0, -0.0, -0.0, -0.0, -0.0, -0.0, -0.0, -0.0, -0.0, -0.0, -0.0, -0.0, -0.0, -0.0, -0.0, 0.0, -0.0, -0.0, -0.0, -0.0, 1.0, -0.0, 1.0, -0.0, -0.0, -0.0, -0.0, -0.0, -0.0, -0.0, -0.0, -0.0, -0.0, -0.0, -0.0, -0.0, -0.0, -0.0, 0.0, -0.0, -0.0, -0.0, -0.0, 1.0, -0.0, 1.0, -0.0, -0.0, -0.0, -0.0, -0.0, -0.0, -0.0, -0.0, -0.0, -0.0, -0.0, -0.0, -0.0, -0.0, -0.0, 0.0, -0.0, -0.0, -0.0, -0.0, -0.0, -0.0, -0.0, -0.0, -0.0, -0.0, -0.0, -0.0, -0.0, -0.0, -0.0, -0.0, -0.0, -0.0, -0.0, -0.0, -0.0, -0.0, 0.0, -0.0, -0.0, -0.0, -0.0, -0.0, -0.0, -0.0, -0.0, -0.0, -0.0, -0.0, -0.0, -0.0, -0.0, -0.0, -0.0, -0.0, -0.0, -0.0, -0.0, -0.0, -0.0, -0.0, -0.0, -0.0, -0.0, -0.0, -0.0, -0.0, -0.0, -0.0, -0.0, -0.0, -0.0, -0.0, -0.0, -0.0, -0.0, -0.0, -0.0, -0.0, -0.0, -0.0, -0.0, -0.0, -0.0, -0.0, -0.0, -0.0, -0.0, -0.0, -0.0, -0.0, -0.0, -0.0, -0.0, -0.0, -0.0, -0.0, -0.0, -0.0, -0.0, -0.0, -0.0, -0.0, -0.0, -0.0, -0.0, -0.0, -0.0, -0.0, -0.0, -0.0, -0.0, -0.0, -0.0, -0.0, -0.0, -0.0, -0.0, -0.0, -0.0, -0.0, -0.0, -0.0, -0.0, -0.0, -0.0, -0.0, -0.0, -0.0, -0.0, -0.0, -0.0, -0.0, -0.0, -0.0, -0.0, -0.0, -0.0, -0.0, -0.0, -0.0, -0.0, -0.0, -0.0, -0.0, -0.0, -0.0, -0.0, -0.0, -0.0, -0.0, -0.0, -0.0, -0.0, -0.0, -0.0, -0.0, -0.0, -0.0, -0.0, -0.0, -0.0, -0.0, -0.0, -0.0, -0.0, -0.0, -0.0, -0.0, -0.0, -0.0, -0.0, -0.0, -0.0, -0.0, -0.0, -0.0, -0.0, -0.0, -0.0, -0.0, -0.0, -0.0, -0.0, -0.0, -0.0, -0.0, -0.0, -0.0, -0.0, -0.0, -0.0, -0.0, -0.0, -0.0, -0.0, -0.0, -0.0, -0.0, -0.0, -0.0, -0.0, -0.0, -0.0, -0.0, -0.0, -0.0, -0.0, -0.0, -0.0, -0.0, -0.0, -0.0, -0.0, -0.0, -0.0, -0.0, -0.0, -0.0, -0.0, -0.0, -0.0, -0.0, -0.0, -0.0, -0.0, -0.0, -0.0, -0.0, -0.0, -0.0, -0.0, -0.0, -0.0, -0.0, -0.0, -0.0, -0.0, -0.0, -0.0, -0.0, -0.0, -0.0, -0.0, -0.0, -0.0, -0.0, -0.0, -0.0, 0.0, -0.0, -0.0, -0.0, -0.0, -0.0, -0.0, -0.0, -0.0, -0.0, -0.0, -0.0, -0.0, -0.0, -0.0, -0.0, -0.0, -0.0, -0.0, -0.0, -0.0, -0.0, -0.0, 0.0, -0.0, 1.0, -0.0, -0.0, -0.0, -0.0, -0.0, -0.0, -0.0, -0.0, -0.0, -0.0, -0.0, -0.0, -0.0, -0.0, -0.0, -0.0, -0.0, -0.0, -0.0, -0.0, 0.0, -0.0, 1.0, -0.0, -0.0, -0.0, -0.0, -0.0, -0.0, -0.0, -0.0, -0.0, -0.0, -0.0, -0.0, -0.0, -0.0, -0.0, -0.0, -0.0, -0.0, -0.0, -0.0, 0.0, -0.0, 1.0, -0.0, -0.0, -0.0, -0.0, -0.0, -0.0, -0.0, -0.0, -0.0, -0.0, -0.0, -0.0, -0.0, -0.0, -0.0, -0.0, -0.0, -0.0, -0.0, -0.0, -0.0, -0.0, 1.0, -0.0, -0.0, -0.0, -0.0, -0.0, -0.0, -0.0, -0.0, -0.0, -0.0, -0.0, -0.0, -0.0, -0.0, -0.0, -0.0, -0.0, -0.0, -0.0, -0.0, -0.0, -0.0, 1.0, -0.0, -0.0, -0.0, -0.0, -0.0, -0.0, -0.0, -0.0, -0.0, -0.0, -0.0, -0.0, -0.0, -0.0, -0.0, -0.0, -0.0, -0.0, -0.0, -0.0, -0.0, -0.0, 1.0, -0.0, -0.0, -0.0, -0.0, -0.0, -0.0, -0.0, -0.0, -0.0, -0.0, -0.0, -0.0, -0.0, -0.0, -0.0, -0.0, -0.0, -0.0, -0.0, -0.0, -0.0, -0.0, 1.0, -0.0, -0.0, -0.0, -0.0, -0.0, -0.0, -0.0, -0.0, -0.0, -0.0, -0.0, -0.0, -0.0, -0.0, -0.0, -0.0, -0.0, -0.0, -0.0, -0.0, 0.0, -0.0, 1.0, -0.0, -0.0, -0.0, -0.0, -0.0, -0.0, -0.0, -0.0, -0.0, -0.0, -0.0, -0.0, -0.0, -0.0, -0.0, -0.0, -0.0, -0.0, -0.0, -0.0, 0.0, -0.0, 1.0, -0.0, -0.0, -0.0, -0.0, -0.0, -0.0, -0.0, -0.0, -0.0, -0.0, -0.0, -0.0, -0.0, -0.0, -0.0, -0.0, -0.0, -0.0, -0.0, -0.0, 0.0, -0.0, 1.0, -0.0, -0.0, -0.0, -0.0, -0.0, -0.0, -0.0, -0.0, -0.0, -0.0, -0.0, -0.0, -0.0, -0.0, -0.0, -0.0, -0.0, -0.0, -0.0, -0.0, 0.0, -0.0, 1.0, -0.0, -0.0, -0.0, -0.0, -0.0, -0.0, -0.0, -0.0, -0.0, -0.0, -0.0, -0.0, -0.0, -0.0, -0.0, -0.0, -0.0, -0.0, -0.0, -0.0, 0.0, -0.0, 1.0, -0.0, -0.0, -0.0, -0.0, -0.0, -0.0, -0.0, -0.0, -0.0, -0.0, -0.0, -0.0, -0.0, -0.0, -0.0, -0.0, -0.0, -0.0, -0.0, -0.0, 0.0, -0.0, 1.0, -0.0, -0.0, -0.0, -0.0, -0.0, -0.0, -0.0, -0.0, -0.0, -0.0, -0.0, -0.0, -0.0, -0.0, -0.0, -0.0, -0.0, -0.0, -0.0, -0.0, 0.0, -0.0, -0.0, -0.0, -0.0, -0.0, -0.0, -0.0, -0.0, -0.0, -0.0, -0.0, -0.0, -0.0, -0.0, -0.0, -0.0, -0.0, -0.0, -0.0, -0.0, -0.0, -0.0, -0.0, -0.0, -0.0, -0.0, -0.0, -0.0, -0.0, -0.0, -0.0, -0.0, -0.0, -0.0, -0.0, -0.0, -0.0, -0.0, -0.0, -0.0, -0.0, -0.0, -0.0, -0.0, -0.0, -0.0, -0.0, -0.0, -0.0, -0.0, -0.0, -0.0, -0.0, -0.0, -0.0, -0.0, -0.0, -0.0, -0.0, -0.0, -0.0, -0.0, -0.0, -0.0, -0.0, -0.0, -0.0, -0.0, -0.0, -0.0, -0.0, -0.0, -0.0, -0.0, -0.0, -0.0, -0.0, -0.0, -0.0, -0.0, -0.0, -0.0, -0.0, -0.0, -0.0, -0.0, -0.0, -0.0, -0.0, -0.0, -0.0, -0.0, -0.0, -0.0, -0.0, -0.0, -0.0, -0.0, -0.0, -0.0, -0.0, -0.0, -0.0, -0.0, -0.0, -0.0, -0.0, -0.0, -0.0, -0.0, -0.0, -0.0, -0.0, -0.0, -0.0, -0.0, -0.0, -0.0, -0.0, -0.0, -0.0, -0.0, -0.0, -0.0, -0.0, -0.0, -0.0, -0.0, -0.0, -0.0, -0.0, -0.0, -0.0, -0.0, -0.0, -0.0, -0.0, -0.0, -0.0, -0.0, -0.0, -0.0, -0.0, -0.0, -0.0, -0.0, -0.0, -0.0, -0.0, -0.0, -0.0, -0.0, -0.0, -0.0, -0.0, -0.0, -0.0, -0.0, -0.0, -0.0, -0.0, -0.0, -0.0, -0.0, -0.0, -0.0, -0.0, -0.0, -0.0, -0.0, -0.0, -0.0, -0.0, -0.0, -0.0, -0.0, -0.0, -0.0, -0.0, -0.0, -0.0, -0.0, -0.0, -0.0, -0.0, -0.0, -0.0, -0.0, -0.0, -0.0, -0.0, -0.0, -0.0, -0.0, -0.0, -0.0, -0.0, -0.0, -0.0, -0.0, -0.0, -0.0, -0.0, -0.0, -0.0, -0.0, -0.0, -0.0, -0.0, -0.0, -0.0, -0.0, -0.0, -0.0, -0.0, -0.0, -0.0, -0.0, -0.0, -0.0, -0.0, -0.0, -0.0, -0.0, -0.0, -0.0, -0.0, -0.0, -0.0, 0.0, -0.0, -0.0, -0.0, -0.0, -0.0, -0.0, -0.0, -0.0, -0.0, -0.0, -0.0, -0.0, -0.0, -0.0, -0.0, -0.0, -0.0, -0.0, -0.0, -0.0, -0.0, -0.0, 0.0, -0.0, 1.0, -0.0, -0.0, -0.0, -0.0, -0.0, -0.0, -0.0, -0.0, -0.0, -0.0, -0.0, -0.0, -0.0, -0.0, -0.0, -0.0, -0.0, -0.0, -0.0, -0.0, 0.0, -0.0, 1.0, -0.0, -0.0, -0.0, -0.0, -0.0, -0.0, -0.0, -0.0, -0.0, -0.0, -0.0, -0.0, -0.0, -0.0, -0.0, -0.0, -0.0, -0.0, -0.0, -0.0, 0.0, -0.0, 1.0, -0.0, -0.0, -0.0, -0.0, -0.0, -0.0, -0.0, -0.0, -0.0, -0.0, -0.0, -0.0, -0.0, -0.0, -0.0, -0.0, -0.0, -0.0, -0.0, -0.0, 0.0, -0.0, 1.0, -0.0, -0.0, -0.0, -0.0, -0.0, -0.0, -0.0, -0.0, -0.0, -0.0, -0.0, -0.0, -0.0, -0.0, -0.0, -0.0, -0.0, -0.0, -0.0, -0.0, 0.0, -0.0, 1.0, -0.0, -0.0, -0.0, -0.0, -0.0, -0.0, -0.0, -0.0, -0.0, -0.0, -0.0, -0.0, -0.0, -0.0, -0.0, -0.0]"
FOM_Wind,28037.538067373087
TES_LCOE_Revenue,0
upgrade_cost,0.0
