first,second
Q_TES_heater_peak,0.0
p_coal_t,"[0.0, 0.0, 0.0, 0.0, 0.0, 0.0, 0.0, 0.0, 0.0, 0.0, 0.0, 0.0, 0.0, 0.0, 0.0, 0.0, 0.0, 0.0, 0.0, 0.0, 0.0, 0.0, 0.0, 0.0, 0.0, 0.0, 0.0, 0.0, 0.0, 0.0, 0.0, 0.0, 0.0, 0.0, 0.0, 0.0, 0.0, 0.0, 0.0, 0.0, 0.0, 0.0, 0.0, 0.0, 0.0, 0.0, 0.0, 0.0, 0.0, 0.0, 0.0, 0.0, 0.0, 0.0, 0.0, 0.0, 0.0, 0.0, 0.0, 0.0, 0.0, 0.0, 0.0, 0.0, 0.0, 0.0, 0.0, 0.0, 0.0, 0.0, 0.0, 0.0, 0.0, 0.0, 0.0, 0.0, 0.0, 0.0, 0.0, 0.0, 0.0, 0.0, 0.0, 0.0, 0.0, 0.0, 0.0, 0.0, 0.0, 0.0, 0.0, 0.0, 0.0, 0.0, 0.0, 0.0, 0.0, 0.0, 0.0, 0.0, 0.0, 0.0, 0.0, 0.0, 0.0, 0.0, 0.0, 0.0, 0.0, 0.0, 0.0, 0.0, 0.0, 0.0, 0.0, 0.0, 0.0, 0.0, 0.0, 0.0, 0.0, 0.0, 0.0, 0.0, 0.0, 0.0, 0.0, 0.0, 0.0, 0.0, 0.0, 0.0, 0.0, 0.0, 0.0, 0.0, 0.0, 0.0, 0.0, 0.0, 0.0, 0.0, 0.0, 0.0, 0.0, 0.0, 0.0, 0.0, 0.0, 0.0, 0.0, 0.0, 0.0, 0.0, 0.0, 0.0, 0.0, 0.0, 0.0, 0.0, 0.0, 0.0, 0.0, 0.0, 0.0, 0.0, 0.0, 0.0, 0.0, 0.0, 0.0, 0.0, 0.0, 0.0, 0.0, 0.0, 0.0, 0.0, 0.0, 0.0, 0.0, 0.0, 0.0, 0.0, 0.0, 0.0, 0.0, 0.0, 0.0, 0.0, 0.0, 0.0, 0.0, 0.0, 0.0, 0.0, 0.0, 0.0, 0.0, 0.0, 0.0, 0.0, 0.0, 0.0, 0.0, 0.0, 0.0, 0.0, 0.0, 0.0, 0.0, 0.0, 0.0, 0.0, 0.0, 0.0, 0.0, 0.0, 0.0, 0.0, 0.0, 0.0, 0.0, 0.0, 0.0, 0.0, 0.0, 0.0, 0.0, 0.0, 0.0, 0.0, 0.0, 0.0, 0.0, 0.0, 0.0, 0.0, 0.0, 0.0, 0.0, 0.0, 0.0, 0.0, 0.0, 0.0, 0.0, 0.0, 0.0, 0.0, 0.0, 0.0, 0.0, 0.0, 0.0, 0.0, 0.0, 0.0, 0.0, 0.0, 0.0, 0.0, 0.0, 0.0, 0.0, 0.0, 0.0, 0.0, 0.0, 0.0, 0.0, 0.0, 0.0, 0.0, 0.0, 0.0, 0.0, 0.0, 0.0, 0.0, 0.0, 0.0, 0.0, 0.0, 0.0, 0.0, 0.0, 0.0, 0.0, 0.0, 0.0, 0.0, 0.0, 0.0, 0.0, 0.0, 0.0, 0.0, 0.0, 0.0, 0.0, 0.0, 0.0, 0.0, 0.0, 0.0, 0.0, 0.0, 0.0, 0.0, 0.0, 0.0, 0.0, 0.0, 0.0, 0.0, 0.0, 0.0, 0.0, 0.0, 0.0, 0.0, 0.0, 0.0, 0.0, 0.0, 0.0, 0.0, 0.0, 0.0, 0.0, 0.0, 0.0, 0.0, 0.0, 0.0, 0.0, 0.0, 0.0, 0.0, 0.0, 0.0, 0.0, 0.0, 0.0, 0.0, 0.0, 0.0, 0.0, 0.0, 0.0, 0.0, 0.0, 0.0, 0.0, 0.0, 0.0, 0.0, 0.0, 0.0, 0.0, 0.0, 0.0, 0.0, 0.0, 0.0, 0.0, 0.0, 0.0, 0.0, 0.0, 0.0, 0.0, 0.0, 0.0, 0.0, 0.0, 0.0, 0.0, 0.0, 0.0, 0.0, 0.0, 0.0, 0.0, 0.0, 0.0, 0.0, 0.0, 0.0, 0.0, 0.0, 0.0, 0.0, 0.0, 0.0, 0.0, 0.0, 0.0, 0.0, 0.0, 0.0, 0.0, 0.0, 0.0, 0.0, 0.0, 0.0, 0.0, 0.0, 0.0, 0.0, 0.0, 0.0, 0.0, 0.0, 0.0, 0.0, 0.0, 0.0, 0.0, 0.0, 0.0, 0.0, 0.0, 0.0, 0.0, 0.0, 0.0, 0.0, 0.0, 0.0, 0.0, 0.0, 0.0, 0.0, 0.0, 0.0, 0.0, 0.0, 0.0, 0.0, 0.0, 0.0, 0.0, 0.0, 0.0, 0.0, 0.0, 0.0, 0.0, 0.0, 0.0, 0.0, 0.0, 0.0, 0.0, 0.0, 0.0, 0.0, 0.0, 0.0, 0.0, 0.0, 0.0, 0.0, 0.0, 0.0, 0.0, 0.0, 0.0, 0.0, 0.0, 0.0, 0.0, 0.0, 0.0, 0.0, 0.0, 0.0, 0.0, 0.0, 0.0, 0.0, 0.0, 0.0, 0.0, 0.0, 0.0, 0.0, 0.0, 0.0, 0.0, 0.0, 0.0, 0.0, 0.0, 0.0, 0.0, 0.0, 0.0, 0.0, 0.0, 0.0, 0.0, 0.0, 0.0, 0.0, 0.0, 0.0, 0.0, 0.0, 0.0, 0.0, 0.0, 0.0, 0.0, 0.0, 0.0, 0.0, 0.0, 0.0, 0.0, 0.0, 0.0, 0.0, 0.0, 0.0, 0.0, 0.0, 0.0, 0.0, 0.0, 0.0, 0.0, 0.0, 0.0, 0.0, 0.0, 0.0, 0.0, 0.0, 0.0, 0.0, 0.0, 0.0, 0.0, 0.0, 0.0, 0.0, 0.0, 0.0, 0.0, 0.0, 0.0, 0.0, 0.0, 0.0, 0.0, 0.0, 0.0, 0.0, 0.0, 0.0, 0.0, 0.0, 0.0, 0.0, 0.0, 0.0, 0.0, 0.0, 0.0, 0.0, 0.0, 0.0, 0.0, 0.0, 0.0, 0.0, 0.0, 0.0, 0.0, 0.0, 0.0, 0.0, 0.0, 0.0, 0.0, 0.0, 0.0, 0.0, 0.0, 0.0, 0.0, 0.0, 0.0, 0.0, 0.0, 0.0, 0.0, 0.0, 0.0, 0.0, 0.0, 0.0, 0.0, 0.0, 0.0, 0.0, 0.0, 0.0, 0.0, 0.0, 0.0, 0.0, 0.0, 0.0, 0.0, 0.0, 0.0, 0.0, 0.0, 0.0, 0.0, 0.0, 0.0, 0.0, 0.0, 0.0, 0.0, 0.0, 0.0, 0.0, 0.0, 0.0, 0.0, 0.0, 0.0, 0.0, 0.0, 0.0, 0.0, 0.0, 0.0, 0.0, 0.0, 0.0, 0.0, 0.0, 0.0, 0.0, 0.0, 0.0, 0.0, 0.0, 0.0, 0.0, 0.0, 0.0, 0.0, 0.0, 0.0, 0.0, 0.0, 0.0, 0.0, 0.0, 0.0, 0.0, 0.0, 0.0, 0.0, 0.0, 0.0, 0.0, 0.0, 0.0, 0.0, 0.0, 0.0, 0.0, 0.0, 0.0, 0.0, 0.0, 0.0, 0.0, 0.0, 0.0, 0.0, 0.0, 0.0, 0.0, 0.0, 0.0, 0.0, 0.0, 0.0, 0.0, 0.0, 0.0, 0.0, 0.0, 0.0, 0.0, 0.0, 0.0, 0.0, 0.0, 0.0, 0.0, 0.0, 0.0, 0.0, 0.0, 0.0, 0.0, 0.0, 0.0, 0.0, 0.0, 0.0, 0.0, 0.0, 0.0, 0.0, 0.0, 0.0, 0.0, 0.0, 0.0, 0.0, 0.0, 0.0, 0.0, 0.0, 0.0, 0.0, 0.0, 0.0, 0.0, 0.0, 0.0, 0.0, 0.0, 0.0, 0.0, 0.0, 0.0, 0.0, 0.0, 0.0, 0.0, 0.0, 0.0, 0.0, 0.0, 0.0, 0.0, 0.0, 0.0, 0.0, 0.0, 0.0, 0.0, 0.0, 0.0, 0.0, 0.0, 0.0, 0.0, 0.0, 0.0, 0.0, 0.0, 0.0, 0.0, 0.0, 0.0, 0.0, 0.0, 0.0, 0.0, 0.0, 0.0, 0.0, 0.0, 0.0, 0.0, 0.0, 0.0, 0.0, 0.0, 0.0, 0.0, 0.0, 0.0, 0.0, 0.0, 0.0, 0.0, 0.0, 0.0, 0.0, 0.0, 0.0, 0.0, 0.0, 0.0, 0.0, 0.0, 0.0, 0.0, 0.0, 0.0, 0.0, 0.0, 0.0, 0.0, 0.0, 0.0, 0.0, 0.0, 0.0, 0.0, 0.0, 0.0, 0.0, 0.0, 0.0, 0.0, 0.0, 0.0, 0.0, 0.0, 0.0, 0.0, 0.0, 0.0, 0.0, 0.0, 0.0, 0.0, 0.0, 0.0, 0.0, 0.0, 0.0, 0.0, 0.0, 0.0, 0.0, 0.0, 0.0, 0.0, 0.0, 0.0, 0.0, 0.0, 0.0, 0.0, 0.0, 0.0, 0.0, 0.0, 0.0, 0.0, 0.0, 0.0, 0.0, 0.0, 0.0, 0.0, 0.0, 0.0, 0.0, 0.0, 0.0, 0.0, 0.0, 0.0, 0.0, 0.0, 0.0, 0.0, 0.0, 0.0, 0.0, 0.0, 0.0, 0.0, 0.0, 0.0, 0.0, 0.0, 0.0, 249.99999999999997, 0.0, 0.0, 0.0, 0.0, 0.0, 0.0, 0.0, 0.0, 0.0, 0.0, 0.0, 0.0, 0.0, 0.0, 0.0, 0.0, 0.0, 0.0, 0.0, 0.0, 0.0, 0.0, 337.7445391699325, 0.0, 0.0, 0.0, 249.99999999999997, 0.0, 0.0, 0.0, 0.0, 0.0, 0.0, 0.0, 0.0, 0.0, 0.0, 0.0, 0.0, 0.0, 0.0, 0.0, 0.0, 0.0, 0.0, 337.7445391699325, 0.0, 0.0, 0.0, 482.8886947471637, 0.0, 0.0, 0.0, 0.0, 0.0, 0.0, 0.0, 0.0, 0.0, 0.0, 0.0, 0.0, 0.0, 0.0, 0.0, 0.0, 0.0, 0.0, 337.7445391699325, 0.0, 0.0, 0.0, 482.8886947471637, 0.0, 0.0, 0.0, 0.0, 0.0, 0.0, 0.0, 0.0, 0.0, 0.0, 0.0, 0.0, 0.0, 0.0, 0.0, 0.0, 0.0, 0.0, 337.7445391699325, 0.0, 0.0, 0.0, 482.8886947471637, 0.0, 0.0, 0.0, 0.0, 0.0, 0.0, 0.0, 0.0, 0.0, 0.0, 0.0, 0.0, 0.0, 0.0, 0.0, 0.0, 0.0, 0.0, 337.7445391699325, 0.0, 0.0, 0.0, 482.8886947471637, 0.0, 0.0, 0.0, 0.0, 0.0, 0.0, 0.0, 0.0, 0.0, 0.0, 0.0, 0.0, 0.0, 0.0, 0.0, 0.0, 0.0, 0.0, 337.7445391699325, 0.0, 0.0, 0.0, 482.8886947471637, 0.0, 0.0, 0.0, 0.0, 0.0, 0.0, 0.0, 0.0, 0.0, 0.0, 0.0, 0.0, 0.0, 0.0, 0.0, 0.0, 0.0, 0.0, 337.7445391699325, 0.0, 0.0, 0.0, 482.8886947471637, 0.0, 0.0, 0.0, 0.0, 0.0, 0.0, 0.0, 0.0, 0.0, 0.0, 0.0, 0.0, 0.0, 0.0, 0.0, 0.0, 0.0, 0.0, 337.7445391699325, 0.0, 0.0, 0.0, 482.8886947471637, 0.0, 0.0, 0.0, 0.0, 0.0, 0.0, 0.0, 0.0, 0.0, 0.0, 0.0, 0.0, 0.0, 0.0, 0.0, 0.0, 0.0, 0.0, 337.7445391699325, 0.0, 0.0, 0.0, 482.8886947471637, 0.0, 0.0, 0.0, 0.0, 0.0, 0.0, 0.0, 0.0, 0.0, 0.0, 0.0, 0.0, 0.0, 0.0, 0.0, 0.0, 0.0, 0.0, 337.7445391699325, 0.0, 0.0, 0.0, 482.8886947471637, 0.0, 0.0, 0.0, 0.0, 0.0, 0.0, 0.0, 0.0, 0.0, 0.0, 0.0, 0.0, 0.0, 0.0, 0.0, 0.0, 0.0, 0.0, 337.7445391699325, 0.0, 0.0, 0.0, 482.8886947471637, 0.0, 0.0, 0.0, 0.0, 0.0, 0.0, 0.0, 0.0, 0.0, 0.0, 0.0, 0.0, 0.0, 0.0, 0.0, 0.0, 0.0, 0.0, 337.7445391699325, 0.0, 0.0, 0.0, 482.8886947471637, 0.0, 0.0, 0.0, 0.0, 0.0, 0.0, 0.0, 0.0, 0.0, 0.0, 0.0, 0.0, 0.0, 0.0, 0.0, 0.0, 0.0, 0.0, 337.7445391699325, 0.0, 0.0, 0.0, 482.8886947471637, 0.0, 0.0, 0.0, 0.0, 0.0, 0.0, 0.0, 0.0, 0.0, 0.0, 0.0, 0.0, 0.0, 0.0, 0.0, 0.0, 0.0, 0.0, 337.7445391699325, 0.0, 0.0, 0.0, 482.8886947471637, 0.0, 0.0, 0.0, 0.0, 0.0, 0.0, 0.0, 0.0, 0.0, 0.0, 0.0, 0.0, 0.0, 0.0, 0.0, 0.0, 0.0, 0.0, 337.7445391699325, 0.0, 0.0, 0.0, 482.8886947471637, 0.0, 0.0, 0.0, 0.0, 0.0, 0.0, 0.0, 0.0, 0.0, 0.0, 0.0, 0.0, 0.0, 0.0, 0.0, 0.0, 0.0, 0.0, 168.87226958496626, 0.0, 0.0, 0.0, 241.44434737358185, 0.0, 0.0, 0.0, 0.0, 0.0, 0.0, 0.0, 0.0, 0.0, 0.0, 0.0, 0.0, 0.0, 0.0, 0.0, 0.0, 0.0, 0.0, 0.0, 0.0, 0.0, 0.0, 0.0, 0.0, 0.0, 0.0, 0.0, 0.0, 0.0, 0.0, 0.0, 0.0, 0.0, 0.0, 0.0, 0.0, 0.0, 0.0, 0.0, 0.0, 0.0, 0.0, 0.0, 0.0, 0.0, 0.0, 0.0, 0.0, 0.0, 0.0, 0.0, 0.0, 0.0, 0.0, 0.0, 0.0, 0.0, 0.0, 0.0, 0.0, 0.0, 0.0, 0.0, 0.0, 0.0, 0.0, 0.0, 0.0, 0.0, 0.0, 0.0, 0.0, 0.0, 0.0, 0.0, 0.0, 0.0, 0.0, 0.0, 0.0, 0.0, 0.0, 0.0, 0.0, 0.0, 0.0, 0.0, 0.0, 0.0, 0.0, 0.0, 0.0, 0.0, 0.0, 0.0, 0.0, 0.0, 0.0, 0.0, 0.0, 0.0, 0.0, 0.0, 0.0, 0.0, 0.0, 0.0, 0.0, 0.0, 0.0, 0.0, 0.0, 0.0, 0.0, 0.0, 0.0, 0.0, 0.0, 0.0, 0.0, 0.0, 0.0, 0.0, 0.0, 0.0, 0.0, 0.0, 0.0, 0.0, 0.0, 0.0, 0.0, 0.0, 0.0, 0.0, 0.0, 0.0, 0.0, 0.0, 0.0, 0.0, 0.0, 0.0, 0.0, 0.0, 0.0, 0.0, 0.0, 0.0, 0.0, 0.0, 0.0, 0.0, 0.0, 0.0, 0.0, 0.0, 0.0, 0.0, 0.0, 0.0, 0.0, 0.0, 0.0, 0.0, 0.0, 0.0, 0.0, 0.0, 0.0, 0.0, 0.0, 0.0, 0.0, 0.0, 0.0, 0.0, 0.0, 0.0, 0.0, 0.0, 0.0, 0.0, 0.0, 0.0, 0.0, 0.0, 0.0, 0.0, 0.0, 0.0, 0.0, 0.0, 0.0, 0.0, 0.0, 0.0, 0.0, 0.0, 0.0, 0.0, 0.0, 0.0, 0.0, 0.0, 0.0, 0.0, 0.0, 0.0, 0.0, 0.0, 0.0, 0.0, 0.0, 0.0, 0.0, 0.0, 0.0, 0.0, 0.0, 0.0, 0.0, 0.0, 0.0, 0.0, 0.0, 0.0, 0.0, 0.0, 0.0, 0.0, 0.0, 0.0, 0.0, 0.0, 0.0, 0.0, 0.0, 0.0, 0.0, 0.0, 0.0, 0.0, 0.0, 0.0, 0.0, 0.0, 0.0, 0.0, 0.0, 0.0, 0.0, 0.0, 0.0, 0.0, 0.0, 0.0, 0.0, 0.0, 0.0, 0.0, 0.0, 0.0, 0.0, 0.0, 0.0, 0.0, 0.0, 0.0, 0.0, 0.0, 0.0, 0.0, 0.0, 0.0, 0.0, 0.0, 0.0, 0.0, 0.0, 0.0, 0.0, 0.0, 0.0, 0.0, 0.0, 0.0, 0.0, 0.0, 0.0, 0.0, 0.0, 0.0, 0.0, 0.0, 0.0, 0.0, 0.0, 0.0, 0.0, 0.0, 0.0, 0.0, 0.0, 0.0, 0.0, 0.0, 0.0, 0.0, 0.0, 0.0, 0.0, 0.0, 0.0, 0.0, 0.0, 0.0, 0.0, 0.0, 0.0, 0.0, 0.0, 0.0, 0.0, 0.0, 0.0, 0.0, 0.0, 0.0, 0.0, 0.0, 0.0, 0.0, 0.0, 0.0, 0.0, 0.0, 0.0, 0.0, 0.0, 0.0, 0.0, 0.0, 0.0, 0.0, 0.0, 0.0, 0.0, 0.0, 0.0, 0.0, 0.0, 0.0, 0.0, 0.0, 0.0, 0.0, 0.0, 0.0, 0.0, 0.0, 0.0, 0.0, 0.0, 0.0, 0.0, 0.0, 0.0, 0.0, 0.0, 0.0, 0.0, 0.0, 0.0, 0.0, 0.0, 0.0, 0.0, 0.0, 0.0, 0.0, 0.0, 0.0, 0.0, 0.0, 0.0, 0.0, 0.0, 0.0, 0.0, 0.0, 0.0, 0.0, 0.0, 0.0, 0.0, 0.0, 0.0, 0.0, 0.0, 0.0, 0.0, 0.0, 0.0, 0.0, 0.0, 0.0, 0.0, 0.0, 0.0, 0.0, 0.0, 0.0, 0.0, 0.0, 0.0, 0.0, 0.0, 0.0, 0.0, 0.0, 0.0, 0.0, 0.0, 0.0, 0.0, 0.0, 0.0, 0.0, 0.0, 0.0, 0.0, 0.0, 0.0, 0.0, 0.0, 0.0, 0.0, 0.0, 0.0, 0.0, 0.0, 0.0, 0.0, 0.0, 0.0, 0.0, 0.0, 0.0, 0.0, 0.0, 0.0, 0.0, 0.0, 0.0, 0.0, 0.0, 0.0, 0.0, 0.0, 0.0, 0.0, 0.0, 0.0, 0.0, 0.0, 0.0, 0.0, 0.0, 0.0, 0.0, 0.0, 0.0, 0.0, 0.0, 0.0, 0.0, 0.0, 0.0, 0.0, 0.0, 0.0, 182.21200331081528, 0.0, 0.0, 0.0, 0.0, 0.0, 0.0, 0.0, 0.0, 0.0, 0.0, 0.0, 0.0, 0.0, 0.0, 0.0, 0.0, 0.0, 0.0, 0.0, 0.0, 0.0, 0.0, 182.21200331081528, 0.0, 0.0, 0.0, 0.0, 0.0, 0.0, 0.0, 0.0, 0.0, 0.0, 0.0, 0.0, 0.0, 0.0, 0.0, 0.0, 0.0, 0.0, 0.0, 0.0, 0.0, 0.0, 182.21200331081528, 0.0, 0.0, 0.0, 0.0, 0.0, 0.0, 0.0, 0.0, 0.0, 0.0, 0.0, 0.0, 0.0, 0.0, 0.0, 0.0, 0.0, 0.0, 0.0, 0.0, 0.0, 0.0, 91.10600165540764, 0.0, 0.0, 0.0, 0.0, 0.0, 0.0, 0.0, 0.0, 0.0, 0.0, 0.0, 0.0, 0.0, 0.0, 0.0, 0.0, 0.0, 0.0, 0.0, 0.0, 0.0, 0.0, 0.0, 0.0, 0.0, 0.0, 0.0, 0.0, 0.0, 0.0, 0.0, 0.0, 0.0, 0.0, 0.0, 0.0, 0.0, 0.0, 0.0, 0.0, 0.0, 0.0, 0.0, 0.0, 0.0, 0.0, 0.0, 0.0, 0.0, 0.0, 0.0, 0.0, 0.0, 0.0, 0.0, 0.0, 0.0, 0.0, 0.0, 0.0, 0.0, 0.0, 0.0, 0.0, 0.0, 0.0, 0.0, 0.0, 0.0, 0.0, 0.0, 0.0, 0.0, 0.0, 0.0, 0.0, 0.0, 0.0, 0.0, 0.0, 0.0, 0.0, 0.0, 0.0, 0.0, 0.0, 0.0, 0.0, 0.0, 0.0, 0.0, 0.0, 0.0, 0.0, 0.0, 0.0, 0.0, 0.0, 0.0, 0.0, 0.0, 0.0, 0.0, 0.0, 0.0, 0.0, 0.0, 0.0, 0.0, 0.0, 0.0, 0.0, 0.0, 0.0, 0.0, 0.0, 0.0, 0.0, 0.0, 0.0, 0.0, 0.0, 0.0, 0.0, 0.0, 0.0, 0.0, 0.0, 0.0, 0.0, 0.0, 0.0, 0.0, 0.0, 0.0, 0.0, 0.0, -2.2579342839890156e-9, 0.0, 0.0, 0.0, 0.0, 0.0, 0.0, 0.0, 0.0, 0.0, 0.0, 0.0, 0.0, 0.0, 0.0, 0.0, 0.0, 0.0, 0.0, 0.0, 0.0, 0.0, 0.0, -2.2579342839890156e-9, 0.0, 0.0, 0.0, 0.0, 0.0, 0.0, 0.0, 0.0, 0.0, 0.0, 0.0, 0.0, 0.0, 0.0, 0.0, 0.0, 0.0, 0.0, 0.0, 0.0, 0.0, 0.0, -2.2579342839890156e-9, 0.0, 0.0, 0.0, 0.0, 0.0, 0.0, 0.0, 0.0, 0.0, 0.0, 0.0, 0.0, 0.0, 0.0, 0.0, 0.0, 0.0, 0.0, 0.0, 0.0, 0.0, 0.0, -2.2579342839890156e-9, 0.0, 238.9817966413772, 0.0, 0.0, 0.0, 0.0, 0.0, 0.0, 0.0, 0.0, 0.0, 0.0, 0.0, 0.0, 0.0, 0.0, 0.0, 0.0, 0.0, 0.0, 0.0, 0.0, -2.2579342839890156e-9, 0.0, 85.0, 0.0, 0.0, 0.0, 0.0, 0.0, 0.0, 0.0, 0.0, 0.0, 0.0, 0.0, 0.0, 0.0, 0.0, 0.0, 0.0, 0.0, 0.0, 0.0, 0.0, 0.0, 0.0, 335.0, 0.0, 0.0, 0.0, 0.0, 0.0, 0.0, 0.0, 0.0, 0.0, 0.0, 0.0, 0.0, 0.0, 0.0, 0.0, 0.0, 0.0, 0.0, 0.0, 0.0, 0.0, 0.0, 500.0, 0.0, 0.0, 0.0, 0.0, 0.0, 0.0, 0.0, 0.0, 0.0, 0.0, 0.0, 0.0, 0.0, 0.0, 0.0, 0.0, 0.0, 0.0, 0.0, 0.0, 0.0, 0.0, 500.0, 0.0, 0.0, 0.0, 0.0, 0.0, 0.0, 0.0, 0.0, 0.0, 0.0, 0.0, 0.0, 0.0, 0.0, 0.0, 0.0, 0.0, 0.0, 0.0, 0.0, 0.0, 0.0, 448.2305469306024, 0.0, 0.0, 0.0, 0.0, 0.0, 0.0, 0.0, 0.0, 0.0, 0.0, 0.0, 0.0, 0.0, 0.0, 0.0, 0.0, 0.0, 0.0, 0.0, 0.0, 0.0, 0.0, 500.0, 0.0, 0.0, 0.0, 0.0, 0.0, 0.0, 0.0, 0.0, 0.0, 0.0, 0.0, 0.0, 0.0, 0.0, 0.0, 0.0, 0.0, 0.0, 0.0, 0.0, 0.0, 0.0, 250.0000000000001, 0.0, 0.0, 0.0, 0.0, 0.0, 0.0, 0.0, 0.0, 0.0, 0.0, 0.0, 0.0, 0.0, 0.0, 0.0, 0.0, 0.0, 0.0, 0.0, 0.0, 0.0, 0.0, 0.0, 0.0, 0.0, 0.0, 0.0, 0.0, 0.0, 0.0, 0.0, 0.0, 0.0, 0.0, 0.0, 0.0, 0.0, 0.0, 0.0, 0.0, 0.0, 0.0, 0.0, 0.0, 0.0, 0.0, 0.0, 0.0, 0.0, 0.0, 0.0, 0.0, 0.0, 0.0, 0.0, 0.0, 0.0, 0.0, 0.0, 0.0, 0.0, 0.0, 0.0, 0.0, 0.0, 0.0, 0.0, 0.0, 0.0, 0.0, 0.0, 0.0, 0.0, 0.0, 0.0, 0.0, 0.0, 0.0, 0.0, 0.0, 0.0, 0.0, 0.0, 0.0, 0.0, 0.0, 0.0, 0.0, 0.0, 0.0, 0.0, 0.0, 0.0, 0.0, 0.0, 0.0, 0.0, 0.0, 0.0, 0.0, 0.0, 0.0, 0.0, 0.0, 0.0, 0.0, 0.0, 0.0, 0.0, 0.0, 0.0, 0.0, 0.0, 0.0, 0.0, 0.0, 0.0, 0.0, 0.0, 0.0, 0.0, 0.0, 0.0, 0.0, 0.0, 0.0, 0.0, 0.0, 0.0, 0.0, 0.0, 0.0, 0.0, 0.0, 0.0, 0.0, 0.0, 0.0, 0.0, 0.0, 0.0, 0.0, 0.0, 0.0, 0.0, 0.0, 0.0, 0.0, 0.0, 0.0, 0.0, 0.0, 0.0, 0.0, 0.0, 0.0, 0.0, 0.0, 0.0, 0.0, 0.0, 0.0, 0.0, 0.0, 0.0, 0.0, 0.0, 0.0, 0.0, 0.0, 0.0, 0.0, 0.0, 0.0, 0.0, 0.0, 0.0, 0.0, 0.0, 0.0, 0.0, 2.3737811716273423e-9, 0.0, 0.0, 0.0, 0.0, 0.0, 0.0, 0.0, 0.0, 0.0, 0.0, 0.0, 0.0, 0.0, 0.0, 0.0, 0.0, 0.0, 0.0, 0.0, 0.0, 0.0, 0.0, 0.0, 0.0, 0.0, 0.0, 0.0, 0.0, 0.0, 0.0, 0.0, 0.0, 0.0, 0.0, 0.0, 0.0, 0.0, 0.0, 0.0, 0.0, 0.0, 0.0, 0.0, 0.0, 0.0, 0.0, 0.0, 0.0, 0.0, 0.0, 0.0, 0.0, 0.0, 0.0, 0.0, 0.0, 0.0, 0.0, 0.0, 0.0, 0.0, 0.0, 0.0, 0.0, 0.0, 0.0, 0.0, 0.0, 0.0, 0.0, 0.0, 0.0, 0.0, 0.0, 0.0, 0.0, 0.0, 0.0, 0.0, 0.0, 0.0, 0.0, 0.0, 0.0, 0.0, 0.0, 0.0, 0.0, 0.0, 0.0, 0.0, 0.0, 0.0, 0.0, 0.0, 0.0, 0.0, 0.0, 0.0, 0.0, 0.0, 0.0, 0.0, 0.0, 0.0, 0.0, 0.0, 0.0, 0.0, 0.0, 0.0, 0.0, 0.0, 0.0, 0.0, 0.0, 0.0, 0.0, 0.0, 0.0, 0.0, 0.0, 0.0, 0.0, 0.0, 0.0, 0.0, 0.0, 0.0, 0.0, 0.0, 0.0, 0.0, 0.0, 0.0, 0.0, 0.0, 0.0, 0.0, 0.0, 0.0, 0.0, 0.0, 0.0, 0.0, 0.0, 0.0, 0.0, 0.0, 0.0, 0.0, 0.0, 0.0, 0.0, 0.0, 0.0, 0.0, 0.0, 0.0, 0.0, 0.0, 0.0, 0.0, 0.0, 0.0, 0.0, 0.0, 0.0, 0.0, 0.0, 0.0, 0.0, 0.0, 0.0, 0.0, 0.0, 0.0, 0.0, 0.0, 0.0, 0.0, 0.0, 0.0, 0.0, 0.0, 0.0, 0.0, 0.0, 0.0, 0.0, 0.0, 0.0, 0.0, 0.0, 0.0, 0.0, 0.0, 0.0, 0.0, 0.0, 0.0, 0.0, 0.0, 0.0, 0.0, 0.0, 0.0, 0.0, 0.0, 0.0, 0.0, 0.0, 0.0, 0.0, 0.0, 0.0, 0.0, 0.0, 0.0, 0.0, 0.0, 0.0, 0.0, 0.0, 0.0, 0.0, 0.0, 0.0, 0.0, 0.0, 0.0, 0.0, 0.0, 0.0, 0.0, 0.0, 0.0, 0.0, 0.0, 0.0, 0.0, 0.0, 0.0, 0.0, 0.0, 0.0, 0.0, 0.0, 0.0, 0.0, 0.0, 0.0, 0.0, 0.0, 0.0, 0.0, 0.0, 0.0, 0.0, 0.0, 0.0, 0.0, 0.0, 0.0, 0.0, 0.0, 0.0, 0.0, 0.0, 0.0, 0.0, 0.0, 0.0, 0.0, 0.0, 0.0, 0.0, 0.0, 0.0, 0.0, 0.0, 0.0, 0.0, 0.0, 0.0, 0.0, 0.0, 0.0, 0.0, 0.0, 0.0, 0.0, 0.0, 0.0, 0.0, 0.0, 0.0, 0.0, 0.0, 0.0, 0.0, 0.0, 0.0, 0.0, 0.0, 0.0, 0.0, 0.0, 0.0, 0.0, 0.0, 0.0, 0.0, 0.0, 0.0, 0.0, 0.0, 0.0, 0.0, 0.0, 0.0, 0.0, 0.0, 0.0, 0.0, 0.0, 0.0, 0.0, 0.0, 0.0, 0.0, 0.0, 0.0, 0.0, 0.0, 0.0, 0.0, 0.0, 0.0, 0.0, 0.0, 0.0, 0.0, 0.0, 0.0, 0.0, 0.0, 0.0, 0.0, 0.0, 0.0, 0.0, 0.0, 0.0, 0.0, 0.0, 0.0, 0.0, 0.0, 0.0, 0.0, 0.0, 0.0, 0.0, 0.0, 0.0, 0.0, 0.0, 0.0, 0.0, 0.0, 0.0, 0.0, 0.0, 0.0, 0.0, 0.0, 0.0, 0.0, 0.0, 0.0, 0.0, 0.0, 0.0, 0.0, 0.0, 0.0, 0.0, 0.0, 0.0, 0.0, 0.0, 0.0, 0.0, 0.0, 0.0, 0.0, 0.0, 0.0, 0.0, 0.0, 0.0, 0.0, 0.0, 0.0, 0.0, 0.0, 0.0, 0.0, 0.0, 0.0, 0.0, 0.0, 0.0, 0.0, 0.0, 0.0, 0.0, 0.0, 0.0, 0.0, 0.0, 0.0, 0.0, 0.0, 0.0, 0.0, 0.0, 0.0, 0.0, 0.0, 0.0, 0.0, 0.0, 0.0, 0.0, 0.0, 0.0, 0.0, 0.0, 0.0, 0.0, 0.0, 0.0, 0.0, 0.0, 0.0, 0.0, 0.0, 0.0, 0.0, 0.0, 0.0, 0.0, 0.0, 0.0, 0.0, 0.0, 0.0, 0.0, 0.0, 0.0, 0.0, 0.0, 0.0, 0.0, 0.0, 0.0, 0.0, 0.0, 0.0, 0.0, 0.0, 0.0, 0.0, 0.0, 0.0, 0.0, 0.0, 0.0, 0.0, 0.0, 0.0, 0.0, 0.0, 0.0, 0.0, 0.0, 0.0, 0.0, 0.0, 0.0, 0.0, 0.0, 0.0, 0.0, 0.0, 0.0, 0.0, 0.0, 0.0, 0.0, 0.0, 0.0, 0.0, 0.0, 0.0, 0.0, 0.0, 0.0, 0.0, 0.0, 0.0, 0.0, 0.0, 0.0, 0.0, 0.0, 0.0, 0.0, 0.0, 0.0, 0.0, 0.0, 0.0, 0.0, 0.0, 0.0, 0.0, 0.0, 0.0, 0.0, 0.0, 0.0, 0.0, 0.0, 0.0, 0.0, 0.0, 0.0, 0.0, 0.0, 0.0, 0.0, 0.0, 0.0, 0.0, 0.0, 0.0, 0.0, 0.0, 0.0, 0.0, 0.0, 0.0, 0.0, 0.0, 0.0, 0.0, 0.0, 0.0, 0.0, 0.0, 0.0, 0.0, 0.0, 0.0, 0.0, 0.0, 0.0, 0.0, 0.0, 0.0, 0.0, 0.0, 0.0, 0.0, 0.0, 0.0, 0.0, 0.0, 0.0, 0.0, 0.0, 0.0, 0.0, 0.0, 0.0, 0.0, 0.0, 0.0, 0.0, 0.0, 0.0, 0.0, 0.0, 0.0, 0.0, 0.0, 0.0, 0.0, 0.0, 0.0, 0.0, 0.0, 0.0, 0.0, 0.0, 0.0, 0.0, 0.0, 0.0, 0.0, 0.0, 0.0, 0.0, 0.0, 0.0, 0.0, 0.0, 0.0, 0.0, 0.0, 0.0, 0.0, 0.0, 0.0, 0.0, 0.0, 0.0, 0.0, 0.0, 0.0, 0.0, 0.0, 0.0, 0.0, 0.0, 0.0, 0.0, 0.0, 0.0, 0.0, 0.0, 0.0, 0.0, 0.0, 0.0, 0.0, 0.0, 0.0, 0.0, 0.0, 0.0, 0.0, 0.0, 0.0, 0.0, 0.0, 0.0, 0.0, 0.0, 0.0, 0.0, 0.0, 0.0, 0.0, 0.0, 0.0, 0.0, 0.0, 0.0, 0.0, 0.0, 0.0, 0.0, 0.0, 0.0, 0.0, 0.0, 0.0, 0.0, 0.0, 0.0, 0.0, 0.0, 0.0, 0.0, 0.0, 0.0, 0.0, 0.0, 0.0, 0.0, 0.0, 0.0, 0.0, 0.0, 0.0, 0.0, 0.0, 0.0, 0.0, 0.0, 0.0, 0.0, 0.0, 0.0, 0.0, 0.0, 0.0, 0.0, 0.0, 0.0, 0.0, 0.0, 0.0, 0.0, 0.0, 0.0, 0.0, 0.0, 0.0, 0.0, 0.0, 0.0, 0.0, 0.0, 0.0, 0.0, 0.0, 0.0, 0.0, 0.0, 0.0, 0.0, 0.0, 0.0, 0.0, 0.0, 0.0, 0.0, 0.0, 0.0, 0.0, 0.0, 0.0, 0.0, 0.0, 0.0, 0.0, 0.0, 0.0, 0.0, 0.0, 0.0, 0.0, 0.0, 0.0, 0.0, 0.0, 0.0, 0.0, 0.0, 0.0, 0.0, 0.0, 0.0, 0.0, 0.0, 0.0, 0.0, 0.0, 0.0, 0.0, 0.0, 0.0, 0.0, 0.0, 0.0, 0.0, 0.0, 0.0, 0.0, 0.0, 0.0, 0.0, 0.0, 0.0, 0.0, 0.0, 0.0, 0.0, 0.0, 0.0, 0.0, 0.0, 0.0, 0.0, 0.0, 0.0, 0.0, 0.0, 0.0, 0.0, 0.0, 0.0, 0.0, 0.0, 0.0, 0.0, 0.0, 0.0, 0.0, 0.0, 0.0, 0.0, 0.0, 0.0, 0.0, 0.0, 0.0, 0.0, 0.0, 0.0, 0.0, 0.0, 0.0, 0.0, 0.0, 0.0, 0.0, 0.0, 0.0, 0.0, 0.0, 0.0, 0.0, 0.0, 0.0, 0.0, 0.0, 0.0, 0.0, 0.0, 0.0, 0.0, 0.0, 0.0, 0.0, 0.0, 0.0, 0.0, 0.0, 0.0, 0.0, 0.0, 0.0, 0.0, 0.0, 0.0, 0.0, 0.0, 0.0, 0.0, 0.0, 0.0, 0.0, 0.0, 0.0, 0.0, 0.0, 0.0, 0.0, 0.0, 0.0, 0.0, 0.0, 0.0, 0.0, 0.0, 0.0, 0.0, 0.0, 0.0, 0.0, 0.0, 0.0, 0.0, 0.0, 0.0, 0.0, 0.0, 0.0, 0.0, 0.0, 0.0, 0.0, 0.0, 0.0, 0.0, 0.0, 0.0, 0.0, 0.0, 0.0, 0.0, 0.0, 0.0, 0.0, 0.0, 0.0, 0.0, 0.0, 0.0, 0.0, 0.0, 0.0, 0.0, 0.0, 0.0, 0.0, 0.0, 0.0, 0.0, 0.0, 0.0, 0.0, 0.0, 0.0, 0.0, 0.0, 0.0, 0.0, 0.0, 0.0, 0.0, 0.0, 0.0, 0.0, 0.0, 0.0, 0.0, 0.0, 0.0, 0.0, 0.0, 0.0, 0.0, 0.0, 0.0, 0.0, 0.0, 0.0, 0.0, 0.0, 0.0, 0.0, 0.0, 0.0, 0.0, 0.0, 0.0, 0.0, 0.0, 0.0, 0.0, 0.0, 0.0, 0.0, 0.0, 0.0, 0.0, 0.0, 0.0, 0.0, 0.0, 0.0, 0.0, 0.0, 0.0, 0.0, 0.0, 0.0, 0.0, 0.0, 0.0, 0.0, 0.0, 0.0, 0.0, 0.0, 0.0, 0.0, 0.0, 0.0, 0.0, 0.0, 0.0, 0.0, 0.0, 0.0, 0.0, 0.0, 0.0, 0.0, 0.0, 0.0, 0.0, 0.0, 0.0, 0.0, 0.0, 0.0, 0.0, 0.0, 0.0, 0.0, 0.0, 0.0, 0.0, 0.0, 0.0, 0.0, 0.0, 0.0, 0.0, 0.0, 0.0, 0.0, 0.0, 0.0, 0.0, 0.0, 0.0, 0.0, 0.0, 0.0, 0.0, 0.0, 0.0, 0.0, 0.0, 0.0, 0.0, 0.0, 0.0, 0.0, 0.0, 0.0, 0.0, 0.0, 0.0, 0.0, 0.0, 0.0, 0.0, 0.0, 0.0, 0.0, 0.0, 0.0, 0.0, 0.0, 0.0, 0.0, 0.0, 0.0, 0.0, 0.0, 0.0, 0.0, 0.0, 0.0, 0.0, 0.0, 0.0, 0.0, 0.0, 0.0, 0.0, 0.0, 0.0, 0.0, 0.0, 0.0, 0.0, 0.0, 0.0, 0.0, 0.0, 0.0, 0.0, 0.0, 0.0, 0.0, 0.0, 0.0, 0.0, 0.0, 0.0, 0.0, 0.0, 0.0, 0.0, 0.0, 0.0, 0.0, 0.0, 0.0, 0.0, 0.0, 0.0, 0.0, 0.0, 0.0, 0.0, 0.0, 0.0, 0.0, 0.0, 0.0, 0.0, 0.0, 0.0, 0.0, 0.0, 0.0, 0.0, 0.0, 0.0, 0.0, 0.0, 0.0, 0.0, 0.0, 0.0, 0.0, 0.0, 0.0, 0.0, 0.0, 0.0, 0.0, 0.0, 0.0, 0.0, 0.0, 0.0, 0.0, 0.0, 0.0, 0.0, 0.0, 0.0, 0.0, 0.0, 0.0, 0.0, 0.0, 0.0, 0.0, 0.0, 0.0, 0.0, 0.0, 0.0, 0.0, 0.0, 0.0, 0.0, 0.0, 0.0, 0.0, 0.0, 0.0, 0.0, 0.0, 0.0, 0.0, 0.0, 0.0, 0.0, 0.0, 0.0, 0.0, 0.0, 0.0, 0.0, 0.0, 0.0, 0.0, 0.0, 0.0, 0.0, 0.0, 0.0, 0.0, 0.0, 0.0, 0.0, 0.0, 0.0, 0.0, 0.0, 0.0, 0.0, 0.0, 0.0, 0.0, 0.0, 0.0, 0.0, 0.0, 0.0, 0.0, 0.0, 0.0, 0.0, 0.0, 0.0, 0.0, 0.0, 0.0, 0.0, 0.0, 0.0, 0.0, 0.0, 0.0, 0.0, 0.0, 0.0, 0.0, 0.0, 0.0, 0.0, 0.0, 0.0, 0.0, 0.0, 0.0, 0.0, 0.0, 0.0, 0.0, 0.0, 0.0, 0.0, 0.0, 0.0, 0.0, 0.0, 0.0, 0.0, 0.0, 0.0, 0.0, 0.0, 0.0, 0.0, 0.0, 0.0, 0.0, 0.0, 0.0, 0.0, 0.0, 0.0, 0.0, 0.0, 0.0, 0.0, 0.0, 0.0, 0.0, 0.0, 0.0, 0.0, 0.0, 0.0, 0.0, 0.0, 0.0, 0.0, 0.0, 0.0, 0.0, 0.0, 0.0, 0.0, 0.0, 0.0, 0.0, 0.0, 0.0, 0.0, 0.0, 0.0, 0.0, 0.0, 0.0, 0.0, 0.0, 0.0, 0.0, 0.0, 0.0, 0.0, 0.0, 0.0, 0.0, 0.0, 0.0, 0.0, 0.0, 0.0, 0.0, 0.0, 0.0, 0.0, 0.0, 0.0, 0.0, 0.0, 0.0, 0.0, 0.0, 0.0, 0.0, 0.0, 0.0, 0.0, 0.0, 0.0, 0.0, 0.0, 0.0, 0.0, 0.0, 0.0, 0.0, 0.0, 0.0, 0.0, 0.0, 0.0, 0.0, 0.0, 0.0, 0.0, 0.0, 0.0, 0.0, 0.0, 0.0, 0.0, 0.0, 0.0, 0.0, 0.0, 0.0, 0.0, 0.0, 0.0, 0.0, 0.0, 0.0, 0.0, 0.0, 0.0, 0.0, 0.0, 0.0, 0.0, 0.0, 0.0, 0.0, 0.0, 0.0, 0.0, 0.0, 0.0, 0.0, 0.0, 0.0, 0.0, 0.0, 0.0, 0.0, 0.0, 0.0, 0.0, 0.0, 0.0, 0.0, 0.0, 0.0, 0.0, 0.0, 0.0, 0.0, 0.0, 0.0, 0.0, 0.0, 0.0, 0.0, 0.0, 0.0, 0.0, 0.0, 0.0, 0.0, 0.0, 0.0, 0.0, 0.0, 0.0, 0.0, 0.0, 0.0, 0.0, 0.0, 0.0, 0.0, 0.0, 0.0, 0.0, 0.0, 0.0, 0.0, 0.0, 0.0, 0.0, 0.0, 0.0, 0.0, 0.0, 0.0, 0.0, 0.0, 0.0, 0.0, 0.0, 0.0, 0.0, 0.0, 0.0, 0.0, 0.0, 0.0, 0.0, 0.0, 0.0, 0.0, 0.0, 0.0, 0.0, 0.0, 0.0, 0.0, 0.0, 0.0, 0.0, 0.0, 0.0, 0.0, 0.0, 0.0, 0.0, 0.0, 0.0, 0.0, 0.0, 0.0, 0.0, 0.0, 0.0, 0.0, 0.0, 0.0, 0.0, 0.0, 0.0, 0.0, 0.0, 0.0, 0.0, 0.0]"
x_retire,0.0
subsidy,0.0
TES_LCOE_Capex,0
lifetime,25.0
Q_ind,0.0
CAPEX_TES_HEN,0.0
P_coldpump,0.0
demand_t,"Any[[1729.0762762089641, 1583.9861245487734, 1482.3378860633102, 1429.1917927839966, 1399.0652507249579, 1459.1858756491695, 1550.7862640961955, 1553.114670301336, 1609.1634180764656, 1671.7595661539376, 1731.958705056238, 1731.6210027115937, 1760.996094497648, 1753.7568926209765, 1744.3708397435125, 1763.300334131619, 1844.4200707683233, 1904.0068464177746, 2037.9873205613264, 2221.907040502464, 1967.7490027314518, 1862.9980336525327, 1740.3492312940618, 1625.9158185586437, 1528.7260006610527, 1448.2707362363449, 1398.4348404374673, 1377.8888234119977, 1362.731648312118, 1431.6411092943893, 1518.9355766083204, 1489.6126409575606, 1511.4792542226426, 1561.6937313004562, 1611.4203070311735, 1609.7482647999293, 1661.2459106066212, 1685.716910685935, 1730.1999084320696, 1817.6436139413106, 1896.7201650116726, 1902.9987835497875, 1955.418908166014, 2063.682031234232, 2028.2651913391667, 2003.1647439405963, 1964.610309119054, 1891.9405366857668, 1841.2833666732304, 1695.2223858755683, 1580.1555543673605, 1503.327675643326, 1440.3885845634604, 1469.9405672223802, 1529.6003948196792, 1487.103946832344, 1510.8589671788989, 1583.4614449186681, 1658.6573852823205, 1670.7014618158325, 1728.5914920287894, 1759.2414104585694, 1788.8554688953095, 1797.0979440401766, 1813.532151580335, 1824.216793719193, 1946.1257737218098, 2123.25878398324, 1754.532094065932, 1669.0671257338397, 1610.0563024601972, 1569.9110816930393, 1477.5352657035714, 1462.3415800748253, 1443.033029504208, 1434.5839740678944, 1438.2205414350508, 1463.6548069589885, 1558.9067053764916, 1579.8426493368509, 1608.4029179005288, 1613.8529179045502, 1615.4800398454101, 1654.9939127390774, 1653.7882970614648, 1643.0559042094387, 1695.9701868224554, 1700.1361809744446, 1689.1385268433944, 1683.3270245197525, 1771.9074230961332, 1768.4562495505247, 1654.0759840462617, 1548.2024612535336, 1509.3834449597753, 1487.0441747134137, 1344.775298068202, 1327.777141953814, 1310.3257786621787, 1301.052125776753, 1303.3946511123634, 1328.2933851434254, 1417.197263659348, 1433.6727615342113, 1458.0807177583092, 1463.778430649686, 1464.653226609899, 1508.8959511122644, 1513.0020422020455, 1500.1063574388816, 1540.2895685223205, 1542.639762802586, 1523.719993910187, 1525.733547154129, 1616.4814761695955, 1612.9149249104314, 1497.1756928188743, 1407.214911757715, 1363.4144376526187, 1340.3452385214366, 1372.0157493665604, 1363.944390192158, 1351.1770362469974, 1346.1054012907125, 1351.410798148976, 1377.828618536975, 1471.3589696879505, 1489.2439658877154, 1510.9987578311689, 1509.629340111386, 1502.4822237032058, 1531.3100567750666, 1516.1321543981655, 1491.1241268382194, 1533.8434260919428, 1540.9927620888825, 1525.828001859919, 1532.9099324308331, 1630.0966108328198, 1637.9700269459715, 1532.3698675718053, 1436.4399885869095, 1393.2643038681772, 1373.2738831734864, 1324.4860848866563, 1312.2379460211173, 1295.9449126272598, 1289.5780964468063, 1294.5547454009527, 1320.3649338461946, 1410.2354751028736, 1429.2837374915193, 1456.1524767998676, 1461.6248878414326, 1456.0490936755689, 1496.4637038219573, 1503.246940131838, 1503.072527458563, 1556.7169963661738, 1569.96852032496, 1549.744665952887, 1548.369227501303, 1622.4843041600461, 1612.9526533897742, 1516.511400521926, 1415.727366659864, 1355.8967185289766, 1334.5594585939857], [2049.229877917985, 1932.7054235559206, 1830.6782894896235, 1763.2310364702853, 1680.1736864291668, 1634.753909031534, 1652.8305744348907, 1624.6344888023843, 1644.426992276861, 1731.5534564200213, 1822.759871708016, 1870.8962452330375, 1893.8309901156986, 1883.595131053401, 1941.937073287795, 1955.5295039944426, 1945.4787871047472, 1923.3119377373107, 1966.5442964308813, 2085.8675995082976, 1935.1270541160861, 1929.0094504951592, 1926.1258164845228, 1910.1845290080335, 1919.7469942509977, 1810.867940505871, 1767.9043696326567, 1745.949034892616, 1700.780018897203, 1677.1926172037424, 1703.741050898265, 1668.0478182187553, 1674.5114744922946, 1733.9969568285426, 1793.0510475964024, 1823.7633884851032, 1835.0323372513571, 1826.4894767260128, 1881.7895995460347, 1883.7860317585169, 1854.1243156911373, 1826.3990493196968, 1855.758304053674, 1922.2847947370121, 1996.6605364300162, 1965.513525314165, 1933.0391540831101, 1876.0737458274832, 1902.0371111898412, 1826.4009885173512, 1793.3917810880673, 1787.788649087016, 1761.109877959184, 1746.3738608631752, 1786.9441817254483, 1771.8292655390628, 1797.9310707693292, 1861.5781150719386, 1922.3884844568881, 1966.26653780301, 1998.2973150765686, 1992.5947678025286, 2044.1563733534567, 2064.9544981546487, 2078.7982810228, 2063.6920472763964, 2057.996131034414, 2102.444425676583, 2417.6323582326827, 2377.9130614157384, 2304.074946056841, 2177.879021720412, 1861.3247392935402, 1744.90131410411, 1672.0248663107839, 1641.931016142613, 1615.0975111412113, 1615.3159213148867, 1671.5054849520598, 1685.3370189225104, 1735.2893884950852, 1803.9209994316775, 1868.299984312753, 1903.0926225187561, 1913.5969449327047, 1898.920125182568, 1935.68316479971, 1951.7258384769787, 1989.8528790056712, 2014.1178408399387, 2055.474404944578, 2141.3727319674254, 1902.150523292275, 1856.3576300190166, 1815.849132618041, 1758.1885503429794, 1777.2091001329595, 1705.5721403041575, 1676.0941897553635, 1670.4847496677623, 1642.3287137393213, 1630.0450675849931, 1665.8928880624321, 1649.339727421143, 1668.0514128031332, 1720.8254106340353, 1771.424621435652, 1805.8097277111624, 1826.0226621390252, 1816.288800519302, 1866.799488528721, 1890.0609108350432, 1907.976400932359, 1903.457678866628, 1907.8331102679697, 1955.016072263232, 1899.1153758377282, 1874.2281705521134, 1846.2742615572645, 1794.1637350372184, 1752.334841320446, 1682.1185092908695, 1653.7824170551555, 1626.227681563167, 1591.5771978561168, 1613.1764879889954, 1633.989633021728, 1593.2495516166325, 1601.1117795957673, 1639.7150424054978, 1673.334009707951, 1691.7285150645926, 1676.317097381287, 1698.6142439200773, 1714.9932007602506, 1726.0874002774087, 1751.19304959577, 1739.0852766853748, 1784.6707832604693, 1939.1349864938827, 2204.5226131402333, 2200.514936608805, 2169.487421432576, 2113.9631180893743, 2106.0805853520233, 1995.172300227163, 1893.9248410800078, 1803.2107232713686, 1718.0947802578173, 1711.5222295347899, 1727.7929405931322, 1687.9993701293618, 1711.8588295248296, 1802.9344040443473, 1892.8392542916874, 1934.0937867611467, 1915.5552777784017, 1946.9995665578836, 1986.2660037554915, 2004.1977144281254, 2014.1110709944942, 1990.260992245142, 2059.098242175716, 2278.2242478994144, 2339.4062491354184, 2296.92223116503, 2245.645573290191, 2190.5012721108233], [1199.159075089353, 1210.2789985654526, 1175.814313916525, 1155.2330763836253, 1138.6298611177845, 1154.5767026676535, 1222.256328979542, 1305.3913446529418, 1356.7553802088994, 1349.7859360265716, 1395.88637033071, 1404.1654189600426, 1407.0060991427092, 1419.0777997556863, 1427.475745249849, 1424.5306688707055, 1446.7716011709088, 1426.3366183903263, 1489.0663350608993, 1505.265194938515, 1448.9211257581517, 1372.2139557356613, 1331.217299767432, 1282.736711314076, 1295.110496225893, 1312.122184199079, 1280.0853521287286, 1264.1638161417136, 1250.190190019493, 1272.6521125521126, 1356.1550333650164, 1458.99873797011, 1525.1988182042214, 1522.8593729798174, 1576.262169657191, 1591.2413913281757, 1605.9078381582042, 1633.4794027321948, 1651.1840418405345, 1647.1052506767983, 1669.49395144718, 1649.6648907539413, 1701.631135067261, 1695.8648487535909, 1574.2746444921345, 1492.8321413372698, 1452.096138774784, 1392.8272040780694, 1329.6592105625155, 1349.0288473535818, 1317.8000704350832, 1301.7814685063447, 1285.760143923861, 1308.5021651997542, 1392.7201980011748, 1492.7318450063758, 1551.2658879976848, 1542.8105845968998, 1590.2326143988946, 1606.3743093815776, 1616.9233115572256, 1627.7352875227239, 1629.2294720913992, 1626.2694822659453, 1646.9262771247445, 1630.6411466833047, 1695.5023986411773, 1702.1607494671066, 1585.2155711241917, 1513.3523695038323, 1483.9251434984694, 1427.3580218810503, 1430.2456778661385, 1448.240935978762, 1413.0366502879215, 1395.2725179633353, 1378.805981613258, 1401.218573478233, 1485.8604550909565, 1587.9195378155794, 1654.74407280096, 1645.2381374001254, 1697.2931168702103, 1701.3662890740627, 1696.9899183068899, 1696.9556234033014, 1700.3638563831362, 1691.7566639797094, 1721.9028898365298, 1696.2068304233387, 1773.3168690870748, 1790.496074313052, 1733.1642112577533, 1644.3376401777127, 1590.9855751683922, 1532.323848175425, 1325.888524650504, 1343.8506385080993, 1309.5904126862945, 1290.2967511931884, 1272.2640416123495, 1291.682954414711, 1369.311218511727, 1463.8755478019775, 1519.4680289193154, 1508.2671572030113, 1554.2140344049992, 1572.3911305342872, 1589.4210886023945, 1614.0646716086842, 1628.0752328719182, 1634.5519804743174, 1658.5204273618806, 1655.768133255401, 1729.0444417511571, 1723.7759808397686, 1569.7617481613322, 1499.7205502630302, 1471.1764570500075, 1419.2734505012888, 1247.6703166878413, 1173.4071700252214, 1133.2360909060228, 1090.833946775362, 1052.546207000993, 1006.2969467556034, 1134.9100486844247, 1251.692298394542, 1362.2731231306, 1370.6157852677024, 1392.050043253486, 1375.2995530529377, 1382.917279121793, 1389.869190843613, 1412.5738716431067, 1415.7224380039056, 1428.1698319667835, 1456.652994845834, 1529.8679888962577, 1639.2444334755753, 1576.8672097152564, 1495.7669889559766, 1464.9027755644934, 1416.9890862914333, 1238.8285826699382, 1256.9992052715422, 1228.0473558716817, 1215.122944558858, 1203.6415716062695, 1227.844950229707, 1310.487877591553, 1407.3847844156392, 1468.58927685968, 1464.450840650414, 1513.3995484532215, 1529.0585047774746, 1542.5365323480203, 1551.8117114579254, 1551.4237379619697, 1549.0237190715955, 1569.3760161187392, 1551.8380624357847, 1611.2650170952306, 1605.1643517841608, 1513.855142668147, 1435.3515788086079, 1398.3445131178698, 1344.154517281851], [1730.699984428894, 1664.9124027983678, 1601.1378282752776, 1569.5562775324647, 1548.9283100358136, 1529.5782680034752, 1570.1088322232602, 1602.505248445888, 1650.5024547954133, 1697.9102447276514, 1712.8497006954033, 1735.48590602638, 1765.5162695618128, 1771.0053410704868, 1771.1870593486506, 1805.8525664327733, 1856.5036352223656, 1893.9627380157021, 1903.1505055812095, 1972.1523887815972, 2051.172540693455, 2042.7445015490364, 1961.472214250597, 1878.686341200302, 1803.0294284605695, 1729.7605445744719, 1653.6918025406403, 1615.509771546795, 1592.5552996146864, 1569.292919002969, 1610.5663882446402, 1642.3983476493534, 1685.5187514038107, 1730.8917043140777, 1753.8802311397083, 1785.7483659867285, 1822.4505034094748, 1831.280877080111, 1826.4249070961523, 1850.566232501246, 1893.7003672982946, 1920.1425401557858, 1927.5333268885972, 2014.8648920943187, 2095.0251121179813, 2084.6714801334942, 1994.105365071584, 1907.5246450056218, 1991.5338033130643, 1878.5054236948174, 1774.367979414047, 1734.8199361061345, 1712.1468074738098, 1702.3253316933474, 1746.5680197755953, 1788.281822396312, 1863.2405263167486, 1912.7853099691679, 2031.308099758749, 2039.485701061452, 2063.7811680382238, 2068.752622379042, 2076.307548663592, 2122.0346918378746, 2163.549099549627, 2183.1834851619615, 2185.457905858682, 2271.9234060369868, 2628.3067103124063, 2560.918824372048, 2407.71204671648, 2297.1565621933723, 2065.3369527036175, 1923.8670435354913, 1798.9158352719412, 1752.1506081249759, 1725.6005920934515, 1715.0947235448887, 1762.820974336372, 1810.5677428324373, 1893.1176090206798, 1935.4819272214363, 2043.870813469673, 2044.6111335891471, 2059.611384845927, 2055.728268259563, 2064.021807679169, 2137.625653381644, 2223.5685676517646, 2291.5580647941533, 2336.9030396455273, 2453.7851304383817, 2204.2584535782617, 2162.516999822275, 2077.169279773195, 2046.5312855101013, 1828.0676070154448, 1786.3167564037105, 1742.726655854327, 1728.9714347934719, 1720.1143826467649, 1707.5376385632537, 1751.9312531732332, 1770.9341902388828, 1804.4958577711861, 1850.4081333671502, 1872.414731994293, 1894.6305457313638, 1924.5081757707965, 1932.4725837321305, 1930.0460771089822, 1944.0241510553558, 1946.315018884655, 1937.7903455729274, 1917.6297137876027, 1977.9932498895314, 2034.9461261695567, 2032.7757778210014, 1960.338615929811, 1915.2819028923673, 1853.3558116119814, 1808.9712916387073, 1762.7800926306159, 1743.8678325447293, 1728.969525011333, 1706.6825036899359, 1741.4438105249687, 1752.8768191054749, 1779.0435227627268, 1818.8080350830633, 1831.9881184949713, 1861.1533489615883, 1900.1248808728576, 1911.5520785381227, 1906.7181961299839, 1929.0667071502771, 1945.649187108628, 1941.2681250460066, 1916.5394564994685, 1974.1812195086536, 2328.184718393018, 2330.386092175269, 2231.3275964800214, 2132.2623798422997, 1952.2511341454615, 1861.5968960637738, 1766.3920389051673, 1719.8524092496161, 1694.4381746719268, 1674.1416291544704, 1716.1294582190906, 1747.0394913627365, 1795.1589781247133, 1847.598542046912, 1871.2344478975, 1909.4478791053002, 1964.2774447771567, 1984.212777921762, 1986.85079372092, 2022.7300708358994, 2076.4811095393875, 2118.393871686047, 2129.007388095762, 2213.749446653441, 2154.1309825864437, 2141.497847538336, 2055.6950765665465, 1979.151127398174], [1649.985877678035, 1531.1802259216274, 1432.768365225784, 1402.0983389787464, 1378.1571373240906, 1435.966743547785, 1557.5129429715028, 1520.657800672981, 1556.4037556696978, 1578.069235489628, 1642.9807017619974, 1675.9630609304147, 1710.868665698806, 1729.0562311837127, 1758.824103720604, 1762.5967442892756, 1847.5908678718245, 1887.024712144003, 2055.1391828385554, 2248.3378143753202, 2249.3438036487005, 2137.8953324343634, 2004.8150633533066, 1890.3339591882727, 1582.597098904212, 1464.4123925688953, 1362.8827551609797, 1324.022379409506, 1299.6660820969016, 1355.7995877213766, 1479.9835147207696, 1472.7518202654512, 1531.9196963170918, 1568.3088572798708, 1640.9511212064647, 1680.384805656094, 1726.4894438738513, 1734.4418002983589, 1747.8916191807002, 1744.7821027680473, 1829.0833086000628, 1866.0150175152223, 2016.9712857294278, 2197.0605721436564, 1823.3529021298505, 1749.362273947129, 1664.2768562497254, 1611.8993974459706, 1552.8526934777672, 1459.2806418999403, 1383.2365809365613, 1360.8719919327427, 1333.2437877989455, 1383.3428762099204, 1486.8855808212782, 1423.4269720541395, 1438.814114795507, 1461.7035083571136, 1536.319661042136, 1575.0545764995734, 1622.2071475569005, 1646.0010834762193, 1678.107531452112, 1660.8118672873652, 1675.0543496416826, 1656.6556703909087, 1795.922882977742, 1970.4635757840738, 2131.668192393401, 2045.6007098656003, 1930.700284470688, 1825.2806193595995, 1683.3978298411357, 1561.964318875817, 1459.8741123600566, 1427.104997988311, 1403.8168733715304, 1462.5490699529935, 1591.6708458000653, 1566.9359555365768, 1614.694575239336, 1651.4805587460712, 1739.713544129686, 1789.2651260446387, 1841.9568265448422, 1848.6440915732337, 1847.0614843659812, 1821.2258006052134, 1873.6478720690218, 1883.6942576525137, 2036.0065119774133, 2236.2637055095047, 2140.6321989441203, 2072.3178132553116, 1993.5874805348947, 1943.5092374465082, 1734.40880170971, 1591.9427901208633, 1505.3716014379731, 1447.9059278176603, 1396.5475996489981, 1433.284080927235, 1497.319884681362, 1453.3349063461194, 1466.7238241616571, 1518.8467247514686, 1573.6826901289155, 1568.6802255344674, 1609.7480743647686, 1619.4859549164173, 1627.6764318128521, 1628.8433823834105, 1634.188182193028, 1643.1682091215444, 1772.6077149440537, 1942.6215395102545, 1784.230506761655, 1726.2218373256546, 1669.57601302784, 1606.0065530942863, 1496.1415189993595, 1425.3462874922236, 1376.240063104166, 1351.9191024746594, 1329.3263631516747, 1378.1484431337637, 1442.888987917189, 1406.400756749977, 1421.784766001912, 1458.5792196503244, 1490.34795417321, 1474.3240393944495, 1515.1856709625104, 1523.2878711754843, 1522.3509777494035, 1536.4969516388542, 1578.2528033033714, 1587.3014655081265, 1663.738081515309, 1787.3330274091225, 1914.9812852274345, 1919.08191641549, 1891.7389044925608, 1833.7196265187852, 1701.2843727512416, 1588.9600183041246, 1482.2829705979093, 1413.304178228333, 1360.7764994406243, 1400.7531803335066, 1464.047279581568, 1427.9902461571867, 1451.1019566723605, 1512.14433850736, 1577.9445765588725, 1582.382480353748, 1624.5788015406026, 1626.6061061087498, 1621.1767742152226, 1605.4503200197453, 1610.2177321085549, 1598.7529220971517, 1692.0586954889777, 1863.546661725361, 2132.0902582004737, 2063.500471054166, 1963.7710408561536, 1830.6526893451767], [1970.565477159565, 1901.0148849955658, 1832.8710615632074, 1799.0252748588925, 1778.2557308854516, 1752.738789810276, 1790.6131016481631, 1810.4205925342646, 1849.4759106352096, 1913.827962212918, 1928.752245889832, 1980.6406118041689, 2036.006846348225, 2063.7747436183195, 2073.8208342177704, 2094.568665449118, 2119.8332622078638, 2143.5787045878815, 2138.788431604914, 2212.2609632678586, 2143.926133658747, 2118.5650456755943, 2030.8452169928619, 1961.7832010963862, 1865.7709440205217, 1810.7279992784654, 1759.597150430714, 1742.4778062492667, 1725.5072137772247, 1704.6909358666073, 1741.4712348061473, 1756.7061877728152, 1791.6756226252803, 1843.1345282164993, 1873.1268290222679, 1916.5236214073855, 1967.3441685617533, 1989.2860075030308, 2011.0250413141998, 2047.0312307277663, 2065.403801454541, 2068.9295519462453, 2043.0416970482538, 2094.0017767847435, 2207.549143208409, 2184.751131426711, 2100.3704646156093, 2028.8708442002624, 1761.1120949149818, 1701.1854189104167, 1642.7998175471173, 1615.6583864362294, 1600.2045561506127, 1584.6166891670446, 1627.8617535784008, 1664.0101435506522, 1718.385556052663, 1785.7951403492812, 1831.4379862893506, 1881.9091168231287, 1941.0372207390496, 1966.2588888932942, 1965.3725500265296, 1987.3314189205323, 2005.4073934634105, 2008.4333451171499, 1985.3957235401797, 2027.5881550816187, 2259.001248509715, 2226.382316286819, 2101.6244141399334, 1984.2336540555366, 1831.4065692447593, 1745.8924367257334, 1664.8914560119883, 1626.782851860664, 1605.5183921938135, 1584.5894887812537, 1626.2104687845065, 1660.4280143903334, 1711.0185292513293, 1761.7497860307355, 1780.6081871935419, 1815.5749535808043, 1857.594017202033, 1868.1562862343537, 1862.6955563829883, 1899.3646077092951, 1955.9606530892002, 2005.0976828377, 2022.7833276395354, 2104.143766281847, 1876.1351174138676, 1867.121115823226, 1795.9886619030535, 1749.9185067408232, 1645.6909335578862, 1574.6886734897228, 1509.0225272806354, 1489.2268149445813, 1472.7150947441928, 1464.390259462446, 1488.2270632234033, 1496.8837502364142, 1537.9897711985466, 1560.4329394129616, 1645.948414054344, 1642.8617340807216, 1653.0993205156954, 1660.3439514070683, 1675.662230803728, 1713.9309263371867, 1728.7115017957346, 1727.064592479771, 1717.5464846432083, 1779.4116842232684, 2052.913236980044, 2018.5806868030202, 1930.7385094289589, 1883.7488272527987, 1739.9309220229493, 1651.0525962417232, 1563.968243152204, 1533.4528277435968, 1512.3159050843055, 1505.6843587954936, 1533.3215728332077, 1550.1354075592485, 1602.834164199018, 1626.6216330575348, 1708.803861795538, 1702.9266262533451, 1711.1781677237373, 1712.0478182775214, 1725.2082810782092, 1770.7482372712755, 1808.9013894227467, 1832.9381538459936, 1843.060835360184, 1923.3317575079147, 2191.0349948438443, 2149.82187009454, 2044.9082573552687, 1980.6309354320592, 1861.185696175227, 1782.14696713439, 1704.7078074951567, 1669.9978108016237, 1651.2618601101133, 1634.822734613558, 1675.6887491235332, 1704.438820528137, 1749.279240983694, 1795.4672094145974, 1810.0936316354496, 1849.336409894488, 1894.9783714943037, 1911.9772910383606, 1926.1254358438075, 1971.8759594639114, 2031.537845092002, 2073.424169390334, 2073.187373038074, 2149.8255918307714, 2063.179563793416, 2075.883949399831, 2024.175857483782, 1989.2090232575242], [1562.1290571461225, 1466.9877590866722, 1386.689178390047, 1364.611781038841, 1346.5868673661573, 1404.4571217974594, 1526.0018722606028, 1490.9260707622332, 1527.0495169805204, 1542.1280679956005, 1600.3099735461722, 1632.125702780374, 1678.5904695631534, 1681.2003299982205, 1688.5906895785993, 1672.7334740675192, 1727.0533669175434, 1736.2203866931063, 1873.2021614819837, 2049.357411205286, 2205.887408076496, 2122.8265469234516, 1997.481743029958, 1871.8896840107873, 1813.6317732295686, 1684.2036359161652, 1582.6278379214168, 1525.9210932301528, 1489.953481732236, 1541.595654802845, 1621.2271249754024, 1604.7198913814211, 1645.0472429808622, 1703.6087981409653, 1757.483201546552, 1754.3145655877504, 1804.9726868161222, 1813.8702300571572, 1806.130119686743, 1825.1025639125774, 1908.9264736192065, 1964.104126030749, 2095.0726849595517, 2269.167896395443, 2212.8204704462055, 2153.5865500933837, 2068.2036692779043, 1945.3397304016858, 1889.8459775716071, 1763.3508320197777, 1664.4827693432967, 1607.8659035186254, 1570.0642880207547, 1624.6671588080194, 1703.7636409571444, 1677.4728389870418, 1710.3139671310014, 1765.900077625112, 1816.2330856538706, 1808.6154644821074, 1859.4111484292139, 1865.4585150538335, 1859.767286350241, 1872.1480926023073, 1949.121191573589, 1999.0752948411682, 2130.3049426302086, 2310.881035538435, 2111.305476426231, 2017.606633833172, 1928.8624978595299, 1840.8251771029013, 1709.4478043877207, 1621.5304983439844, 1570.8991684516154, 1548.1364749111106, 1530.358847657531, 1603.670549839932, 1697.8547083810133, 1670.381847193149, 1691.7220880181078, 1748.55420427313, 1807.1736814063609, 1807.0785510139308, 1863.196317001972, 1886.7148492688987, 1922.8412739239209, 1971.6604781437934, 2024.3058231158673, 2023.9835652517918, 2094.015023266997, 2203.686778661397, 2130.554976832357, 2022.7944500829913, 1920.2298810751722, 1823.8671146407214, 1475.4086260948507, 1385.719662115057, 1321.821260664013, 1313.863492481391, 1302.6601307016347, 1369.3506196389988, 1488.7651170221013, 1432.2097969908325, 1445.4189376200034, 1458.5596535554935, 1511.7093286672166, 1532.4406823210304, 1567.7123762845845, 1591.0069921035365, 1654.029734013665, 1664.5118858870248, 1714.303025008195, 1729.659791034654, 1859.7963893236947, 2005.5623773334767, 1949.3788991437054, 1867.2507023097833, 1763.075304181196, 1681.9265277767013, 1583.907489490612, 1488.5875390234496, 1421.8045223241106, 1387.3956993338095, 1360.8928131144637, 1410.3764493641695, 1480.5207460035665, 1453.4296033845042, 1479.3584351241686, 1521.7042221602492, 1555.6745102004595, 1548.0290329059121, 1592.1567766150304, 1597.8710549282273, 1592.6988141791726, 1611.8770738655135, 1672.0636048646395, 1700.7082727224815, 1793.65571711893, 1934.1795456114294, 1924.874979617656, 1908.8388429818322, 1881.8254934498307, 1813.5266935600807, 1697.1234908975966, 1600.1658059000044, 1498.8388893220524, 1431.823714691958, 1372.7165802464283, 1399.7294214132967, 1456.6114910179706, 1414.6499763486443, 1430.5690881433068, 1490.8748071872162, 1554.5982451258014, 1557.3117178003981, 1604.7135010451457, 1616.6161280640517, 1619.1289783119546, 1625.7262131986515, 1643.0845262878647, 1628.87273146592, 1719.0395839554842, 1887.0119420717774, 1998.8783650602106, 1926.9051600661699, 1834.6461752158614, 1723.6624581740534], [1324.7580554743786, 1341.8278567939713, 1309.2151457094433, 1292.1232087218186, 1278.1979223426304, 1301.971136497542, 1386.2071307252438, 1487.4118099747207, 1548.945164333021, 1540.838691560452, 1591.4018956004597, 1604.8446083393817, 1621.04807653961, 1641.60524019696, 1648.6489101442942, 1640.7051796227527, 1662.529225414568, 1637.9217528087042, 1698.3380408251796, 1702.4252684682651, 1593.7362661846955, 1511.3253609465671, 1473.3203194856842, 1413.6619014795374, 1326.9377616080242, 1352.031287810059, 1321.4327170284234, 1306.1952858052005, 1292.062581140432, 1314.2755619364593, 1397.4126614828785, 1496.835262468554, 1555.0332722201078, 1544.7626328390622, 1593.147354352554, 1602.30259310658, 1614.5690148605688, 1631.5060088491152, 1636.0133736717787, 1631.864258270076, 1662.7791823196842, 1638.8065524826095, 1700.2280147279066, 1703.7345735292, 1669.7170215936187, 1617.4531083591546, 1595.9189261589586, 1540.023192823761, 1453.722129950408, 1343.8292782719311, 1275.7479259725887, 1223.844381594368, 1185.7361351906502, 1152.4918327323103, 1306.8300320926753, 1446.6245386180765, 1578.1920634723124, 1595.0974971418339, 1615.7193915791868, 1585.8937304338385, 1574.0572604415634, 1564.6355733501373, 1582.8944237415176, 1569.490801058542, 1574.9110690885577, 1611.6660115578782, 1727.1294353752016, 1876.594925787631, 1721.1637953142722, 1637.0495582544158, 1614.0810147491243, 1555.9646413356252, 1244.14549337827, 1258.1596665237591, 1226.9079577419018, 1212.036852309346, 1199.0925022337933, 1237.3311307066174, 1347.087588099298, 1465.5249828984306, 1538.375922562241, 1552.9531491722835, 1604.5042945297525, 1601.944368510815, 1582.904792084732, 1543.2762696915847, 1512.1052668110226, 1482.336714743376, 1491.7997786952908, 1470.7482363536717, 1538.8698904412768, 1562.0739159130023, 1484.0854269986128, 1418.4413190102562, 1391.575986780372, 1334.558044146504, 1179.9381236564732, 1200.300387244508, 1176.4587782417084, 1169.9411665890204, 1162.9212155129874, 1195.2403949787217, 1290.2419841490134, 1400.958363149621, 1473.7728691191662, 1479.6502152065534, 1516.8226874828854, 1507.719830358098, 1482.6886701816154, 1448.2005767715093, 1418.7387019727234, 1389.546699252152, 1395.0468086233511, 1373.6114758202245, 1436.8921171355676, 1458.437114516588, 1393.1300844059222, 1329.8465495172272, 1308.088455225838, 1261.6269665536154, 1340.3650853725687, 1365.838455141995, 1335.7402826994708, 1321.037042258983, 1306.6578583990351, 1326.923409627101, 1403.3247994027154, 1496.854841534883, 1554.2456205138246, 1536.3707541172273, 1580.2924581997124, 1573.2485774324211, 1555.8125741319768, 1551.9139457517454, 1552.015335040947, 1541.0608775698347, 1572.5816923625985, 1551.0988932157427, 1628.7314654575125, 1658.0704193456427, 1595.032813119678, 1522.8554785957147, 1486.9819102080821, 1434.4148886777045, 1182.2965725522474, 1198.2911122248158, 1167.3908644686917, 1146.906487845807, 1134.3796079478677, 1153.6670155330564, 1223.9374687010998, 1308.0951513283176, 1361.5673815016855, 1357.8777198115456, 1403.0783653674798, 1418.5487289735647, 1434.9646231524082, 1459.5103304050995, 1466.720393589302, 1471.481713101694, 1485.14966067102, 1468.9553588400615, 1526.5295811085296, 1535.0901177858489, 1515.3503534992622, 1466.2090297594216, 1430.5982839742358, 1378.3068821366207], [1231.4185023410653, 1179.0500994087274, 1163.727548109918, 1147.8863314789603, 1143.8766280176997, 1204.7067894493846, 1320.3255692406249, 1416.85633773796, 1397.8005730653063, 1391.687676900475, 1394.6422777255082, 1400.4095430572356, 1402.1257871535308, 1410.5976964097692, 1425.7916297582747, 1398.0913732855292, 1403.87429876431, 1398.7841811058568, 1444.607490169924, 1526.9761161658514, 1445.3788656626612, 1377.8015838167316, 1301.1902088571628, 1241.7111269371774, 1358.1526150230095, 1303.7183313865473, 1290.1054664488427, 1272.6570740696445, 1268.0037557578003, 1333.3518635503792, 1459.8091072269476, 1566.641500092346, 1549.6224711417042, 1543.2012886413472, 1544.9873661723045, 1555.897834878619, 1565.2379480118002, 1582.9187489761907, 1600.8724742423963, 1571.1057201263836, 1576.2245716525563, 1567.013707121998, 1604.8253467508755, 1682.5819534692898, 1594.047994032763, 1524.0098848571504, 1447.5822572140487, 1382.5307160603866, 1342.9884719042684, 1181.493663308006, 1149.4331728460552, 1081.8791826999284, 1033.896530328496, 1101.5740614072456, 1258.3407897335157, 1474.0278447444018, 1502.2590356192807, 1491.8994114033435, 1509.5773565794511, 1553.8386041677206, 1563.1507270107854, 1564.522763329154, 1550.6537634042909, 1571.0210746954772, 1565.5003483062117, 1596.0908647415972, 1671.5747284972924, 1758.238236651578, 1683.6428204079784, 1573.5401205231278, 1467.3797738246105, 1444.4309650415964, 1335.6742924407843, 1172.2060559862168, 1143.636409236435, 1074.6334770478472, 1023.359737201051, 1087.8503142467755, 1242.6645490540577, 1455.5212517608402, 1493.4496710300555, 1484.2261414093666, 1503.438487838496, 1559.2655588702407, 1579.9078754128286, 1593.3816133250612, 1575.4530023007173, 1600.9158426593522, 1586.2632190492918, 1613.7815775790002, 1677.3784119602694, 1761.1552421734139, 1691.777924799557, 1579.0182514978806, 1467.7034921215568, 1444.019896560035, 1332.191154494314, 1279.2992809650575, 1266.8310254594464, 1254.2027193833746, 1254.1616142772868, 1324.69989862671, 1449.5591550437491, 1553.9947151090853, 1533.0258788047372, 1524.9813696210563, 1521.6955158847923, 1535.189895021033, 1548.4919919613467, 1572.1666905308896, 1595.9571023878113, 1571.239839669994, 1573.1786682119528, 1573.5762230794585, 1612.063687233919, 1681.4830254765243, 1546.028984377358, 1478.070557512908, 1403.4553257263838, 1342.2849983366239, 1215.8493214416162, 1165.7608120966213, 1153.8654797697761, 1139.960744400676, 1138.9669917021993, 1204.7562219588028, 1320.749815637835, 1412.734613355579, 1385.7987151213863, 1375.8392862766955, 1375.6366470271505, 1380.3796448848695, 1377.2410422480846, 1379.5443721254624, 1393.2487663084773, 1362.199579841214, 1369.197702910136, 1374.0413918192307, 1421.473576367078, 1510.144500554076, 1442.009125428852, 1368.9160593378424, 1289.3838747005732, 1231.153203064863, 1289.9321364753011, 1237.2894753546052, 1224.7995498772834, 1209.7829658066469, 1208.6965026912633, 1278.5549043896758, 1405.251716607638, 1508.9461844863058, 1488.6753134504083, 1484.5144380200834, 1487.9538261000355, 1505.9333830322116, 1521.8230041544848, 1541.7188758568664, 1559.1850008944027, 1532.8149482840927, 1536.0200861330893, 1537.750911513003, 1569.835135439057, 1640.8506783699493, 1585.3603022021632, 1548.391989357556, 1477.6088779126158, 1411.872183643112], [1792.2204299997832, 1716.3672198689032, 1662.1027374598127, 1628.9596631618722, 1606.9001903504748, 1565.2658594895022, 1518.531328789925, 1517.335205990193, 1513.9433048337503, 1547.8463737444106, 1591.3025289242628, 1623.8125075425762, 1635.3626291726325, 1632.9014195569837, 1657.338861221275, 1680.9738927062608, 1673.6528435989765, 1665.0011697375653, 1777.5765665435551, 1842.232173214514, 2011.8483496250467, 1987.5321799242447, 1914.6623943839231, 1817.8301068387616, 1860.2193479251623, 1777.7554956726713, 1711.2780816764932, 1673.1934890985287, 1656.7731070798993, 1625.565870352416, 1590.7172039986629, 1621.0484420060793, 1639.6149835737333, 1660.9623691547893, 1678.471378143542, 1702.9658774163631, 1716.4580269369953, 1713.6881065665489, 1750.3846406476273, 1788.3437140656133, 1839.3027644493054, 1869.4212752663705, 1973.8878215174811, 2040.9047026196959, 1919.6262221189957, 1909.0780970375324, 1855.6267987880694, 1778.3772927626296, 1902.9886325423633, 1821.743479573407, 1785.9763951694308, 1776.1109560581242, 1750.3322032485362, 1730.5844361489924, 1770.164348937553, 1751.0846049222387, 1772.7777517956508, 1832.4094774527964, 1887.340315863895, 1922.8183805873186, 1939.3778154326706, 1923.4239900852724, 1975.7981797512714, 1987.2847474028802, 2001.228137759888, 2003.436950980539, 2014.9928441622112, 2079.9749910171886, 2363.8861239091857, 2248.9123336712096, 2154.012230644187, 2046.4336591830358, 1837.1766079501501, 1763.240697622234, 1714.6142324731018, 1693.9139875656435, 1696.0033929163712, 1700.3026471216656, 1699.8891206081973, 1731.0394597124061, 1737.3136196319044, 1765.3803047687945, 1806.1986195596546, 1831.1881614879194, 1822.6543374111072, 1834.355635977675, 1944.1577345316446, 2041.5001845830373, 2107.3199817722193, 2130.884189043459, 2229.462025415314, 2268.222016913949, 2002.0076327175216, 1951.6397530922466, 1850.7081301314252, 1752.6186170232208, 1775.999289065038, 1702.9587056164014, 1682.794323521048, 1684.0976829215604, 1668.0659234995744, 1668.5510598927135, 1712.3524316410294, 1682.9687000588206, 1694.9365132783093, 1748.8015552619413, 1795.6066679208413, 1824.3257033426532, 1836.9042773006754, 1836.48279190252, 1928.569372707344, 1990.9275598835197, 2022.7620503989324, 2027.0179758680965, 2035.0892574573413, 2066.6694483268957, 2159.413992478204, 2127.5403973199923, 2076.523733541761, 1986.1403634826095, 1837.958261620744, 1733.497983943856, 1679.453686575363, 1657.6953043698618, 1626.0258597651905, 1620.0973793052606, 1680.699505356927, 1669.9185852103963, 1702.4664502033813, 1758.6436825118633, 1808.8284475504045, 1837.552639853618, 1848.7815238392138, 1832.3768657011292, 1880.8633471162286, 1899.1425374758837, 1936.7151236036375, 1959.3662467045972, 1973.4061128805693, 2047.1014999198321, 2077.667854226655, 2041.89530145625, 1999.658542181078, 1920.1071992009943, 1883.9723832576374, 1791.8253836347014, 1738.0947606977777, 1717.9599994039622, 1687.9350704182984, 1677.7554549971385, 1728.723006620494, 1733.5540491268216, 1770.608414269793, 1828.4971701924771, 1887.256280696673, 1925.9575243590577, 1956.416531381294, 1952.9873748616294, 2000.643413551735, 2039.2641116352931, 2081.913772545419, 2085.5413996196125, 2091.807688147975, 2142.106145743995, 2193.489732979187, 2149.944546350723, 2088.9066215395464, 1990.9808403639101], [1853.2502400896085, 1813.3659746521878, 1771.3204863249327, 1757.2414583123978, 1744.8007962295371, 1726.6886928588196, 1767.6518421752203, 1789.789887818156, 1829.699552315521, 1883.822203110944, 1915.4496775328937, 1954.4384490312614, 1998.1162886911306, 2006.3764381572307, 2005.6502218778214, 2034.6197473232814, 2048.812165492572, 2039.8731034215427, 2007.0755412996743, 2056.2257204978523, 2432.592769471474, 2409.710128315782, 2283.8838738825752, 2169.892511432919, 1961.9774649196743, 1827.2575662861661, 1707.2256330759649, 1659.3751847674112, 1630.9850121636885, 1621.0615005212192, 1661.4828719263242, 1704.7063019670668, 1778.5255971148433, 1806.7111508721794, 1901.5550992558115, 1915.355676570902, 1937.8211180014755, 1939.3118841596176, 1944.3124858559918, 2006.4363599671863, 2079.5261257885522, 2130.0777149931178, 2155.7128169219654, 2258.1058696419514, 2292.5233432856394, 2267.0713950071054, 2178.583639112819, 2113.736491764331, 2027.2340647814829, 1915.8797487566576, 1799.9994741558207, 1750.2897242566712, 1721.8876159703852, 1711.6368628790526, 1748.522630394928, 1778.0231027612804, 1839.9694973861415, 1861.2824429844165, 1955.8492146274987, 1956.61133387177, 1977.7476167792179, 1994.9094283004067, 2008.004742072252, 2058.8815361027396, 2112.6768591232076, 2135.944461279068, 2143.2019762567497, 2235.964972722179, 2301.2612999288262, 2264.365465476163, 2176.258791862939, 2134.0312505186735, 1829.3788714298107, 1778.667704150743, 1727.1547226526882, 1701.2625462421472, 1683.805790871614, 1665.4716537223014, 1708.2549230674388, 1738.0954342568577, 1781.7408100233076, 1842.9897418199168, 1860.7624349890586, 1910.9116265709697, 1957.0914687619616, 1969.7828618233173, 1968.6845088153025, 1986.6452115112313, 2010.6226728654226, 2021.869388733571, 2007.7040091277338, 2071.419847475282, 2329.884325667867, 2320.4350942563947, 2203.107922631294, 2079.273405591176, 1913.0226166373584, 1808.144271102853, 1715.170833846461, 1671.1568046625353, 1644.681145832022, 1619.0064520954295, 1659.8329848257492, 1687.5296976616717, 1731.2754282622977, 1784.3088841333533, 1819.208884579109, 1865.336377395173, 1903.7787471079484, 1902.5013161984032, 1896.4642633288938, 1925.4628202495403, 1975.5106092497952, 2024.033840988076, 2057.5036534655446, 2174.246755542585, 1879.0952984605872, 1877.3481752159523, 1820.713155808261, 1807.567558002944, 1769.7347123734196, 1678.663078670815, 1618.273271001708, 1600.954829583963, 1579.6794358079287, 1562.4554140309795, 1582.1151074039176, 1577.6690012429065, 1604.6053060937127, 1620.807877121587, 1708.897915589195, 1700.6804943782809, 1707.591670090983, 1707.6288940060151, 1719.6237947942702, 1754.0644308209255, 1747.0367267369559, 1735.5428655992548, 1744.1720434022807, 1815.190768473757, 2276.5525729912697, 2227.939251310674, 2121.606751112427, 2053.238899024595, 1753.7271711286353, 1685.1068421091613, 1618.0569043179853, 1585.5143345919353, 1566.6495149452774, 1549.9094972929083, 1594.087650027426, 1635.3296950196984, 1693.6167468632034, 1752.834112705163, 1780.3900103149083, 1811.7681046462646, 1844.0995919239733, 1850.6213510798532, 1857.5511286081019, 1897.3629572135806, 1959.5013657982652, 2000.347596618691, 2005.7628915703997, 2076.5800311012217, 2104.6317993469884, 2088.4067445798582, 1993.0041775907118, 1899.7077499153954], [1834.1916576136298, 1752.1620232450978, 1713.3149779026437, 1699.3152951075813, 1671.0065167052244, 1653.4159841405933, 1689.1447431819522, 1669.788921735432, 1687.7028225063254, 1732.3706445252105, 1773.822142514719, 1801.306557016353, 1818.8120279796904, 1815.830669418988, 1872.4847353882806, 1902.0594192678832, 1935.0125157554016, 1944.971426121062, 1960.6743119919347, 2013.7879355991474, 1948.5135366385769, 1900.6043963198254, 1858.4021343534032, 1804.5070927890313, 1681.9667777876502, 1623.8882650995954, 1609.5189771285254, 1614.3280447150687, 1596.8193751127162, 1593.550321195177, 1633.1095903982807, 1598.244777841712, 1595.4063695624861, 1641.1316298811573, 1689.2212983896275, 1718.94978211712, 1736.6164912253373, 1738.6030262546933, 1824.1051274883073, 1870.147609980669, 1880.2757396597738, 1858.6236359975899, 1846.6204173572853, 1875.0298392129096, 2148.7578760733413, 2046.4494899639362, 1947.3189558029271, 1843.592776902983, 1980.2690882611619, 1914.2020446077981, 1871.2565379247255, 1855.618312868669, 1866.0690374013832, 1878.9444530776534, 1880.4083922869418, 1902.6867835097867, 1890.5614432701886, 1898.5043091399712, 1928.8837939986727, 1946.050527013428, 1939.3605283096877, 1954.9764750020631, 2067.82390124723, 2176.7003885632225, 2237.369961447321, 2239.676296473947, 2312.891007911309, 2338.515267657077, 2096.2167979217998, 2044.7949478211633, 1976.65017316736, 1902.1623313584, 1839.8470688787027, 1771.5052979105508, 1730.2863213009057, 1716.8870700356028, 1723.1927401151784, 1720.8592212786086, 1699.7334575084672, 1703.0993479170802, 1698.7720044063167, 1728.7541057425112, 1760.517903345251, 1785.2796793292114, 1804.1080466923474, 1846.1943968557339, 1959.1682871318253, 2007.5090843058144, 2025.535605379984, 2046.2663120785314, 2116.0137441075835, 2119.3530490411194, 1983.9235216344687, 1964.5552230208139, 1908.5340105569971, 1831.9169246239153, 1871.066974717955, 1802.373114317126, 1775.1651054831898, 1770.6658615565502, 1747.0317999634497, 1737.3795793793793, 1775.5753920137565, 1752.1636595422497, 1770.5533631674714, 1826.8200612411479, 1879.7002214876418, 1910.481715436324, 1922.0472049736752, 1910.692489355881, 1962.8365568329657, 1963.0139556942854, 1957.9854570963173, 1936.9523775396142, 1934.6036550882554, 1986.880044962837, 1989.2720569211972, 1986.3007234094941, 1986.2414600045902, 1947.0164466056026, 1722.099312324022, 1647.2883789505358, 1619.388605340096, 1609.2562551532917, 1574.6792907174088, 1547.9117234850694, 1567.9197024332273, 1528.8712202248832, 1528.0199378325449, 1576.488622362878, 1623.4305019300925, 1646.3126494166972, 1660.3634805176355, 1652.6125426307574, 1703.1085403489624, 1708.5329987699981, 1691.0537887679695, 1679.0615605813757, 1706.6199080778242, 1756.0515444582027, 1915.3286689252081, 1940.502633777034, 1953.5590987913317, 1907.1896699165575, 1954.8860445934795, 1887.8998412829628, 1813.9261942882986, 1772.9266080825053, 1716.5546791610918, 1679.9545674190138, 1703.829121671511, 1671.9258563151511, 1692.8696690571098, 1774.6458858650267, 1853.9072158190604, 1898.1140187706246, 1922.8945109708309, 1908.7113654427835, 1953.9565166272519, 1958.658956345448, 1947.7922840221659, 1899.5209435795136, 1887.742560150764, 1978.6671499240597, 2011.713916241463, 2004.9617383995308, 1974.573158226415, 1927.0795932413178], [2037.5879071351226, 1962.9815831163485, 1868.6184960018304, 1784.353057492326, 1708.4441034629535, 1702.2228080320326, 1683.282500542705, 1700.4444928917874, 1728.3425077616014, 1798.6413688915434, 1850.6949898842747, 1904.7095181772488, 1925.0542306073125, 1938.6305213591547, 1980.491892811446, 2001.4682088535264, 1985.4998847436968, 1963.9101930881739, 1979.9929449766353, 2030.970413672777, 2071.978633699245, 2058.83955254833, 2025.2827871346817, 1961.0554542046561, 1982.969291225965, 1926.3005192518326, 1844.0017689539768, 1775.5259895127997, 1729.9864478653556, 1650.265116483314, 1669.6819842828095, 1748.3296734185656, 1748.335034725162, 1787.2467539364964, 1833.7146583687731, 1885.9369351243954, 1925.5689360593763, 1942.1581787954967, 1977.458108491182, 2040.597591329743, 2084.708413087051, 2097.536310962198, 2105.968534955172, 2126.351704516175, 2300.0205428944364, 2206.118176241099, 2081.08781244924, 2004.0280678240374, 1996.0917915519751, 1958.377536812858, 1901.092896153613, 1859.535566072855, 1830.7396604687435, 1767.191026386163, 1785.6294029489784, 1836.8811996982427, 1807.1500669967377, 1834.6085925862649, 1871.1453941469672, 1912.5882910862551, 1921.0130324400059, 1936.3362953918147, 2001.2777264888286, 2133.9629077560753, 2206.6350239316193, 2212.9330742552647, 2228.6754286435944, 2240.4473052636954, 2445.2790453639955, 2430.1238250912543, 2402.366209854096, 2372.018755538004, 1946.972433792093, 1852.562910862805, 1740.6401501030077, 1650.601775749254, 1580.7109634941332, 1491.820279888228, 1487.6612509056113, 1527.1104709650292, 1511.0852321642672, 1563.3660663385833, 1628.6342320251674, 1675.9909584870936, 1686.990008137222, 1689.2930871142994, 1713.6314848574723, 1755.7330697214202, 1768.7749966958936, 1788.965518383785, 1870.2116301989363, 1966.4438895151093, 1954.7640429754917, 1864.6666543585588, 1819.1645957547798, 1799.1091453090964, 1688.9130907141016, 1644.2665390618213, 1610.4757701199233, 1580.2745813809508, 1555.929310611224, 1588.9091282167733, 1598.1720806101152, 1617.1375666258093, 1625.6234423963256, 1659.5302325239766, 1679.486580742812, 1721.9789308591849, 1722.51997982957, 1733.3358520046088, 1804.0862422290108, 1848.979421464611, 1859.6799703338183, 1867.8486138984179, 1858.736413634111, 1854.8525482939565, 1791.0186890269097, 1773.3696100623345, 1744.948977654668, 1709.430559594556, 1719.7376226304707, 1681.5586854591093, 1649.0029098333305, 1620.0487018728468, 1588.586456589206, 1603.56934228353, 1590.2251693612284, 1601.461782124958, 1608.263880482829, 1638.1909873150614, 1653.2605974353933, 1700.0098774989374, 1709.7861748507999, 1712.9605706331583, 1749.7840865784924, 1788.8266056798045, 1799.75433523561, 1794.8258954051162, 1792.5354431830187, 1794.6494386517882, 2083.9152071648227, 2059.4532002704755, 2012.501021712837, 1937.4001315602113, 2008.17376607145, 1944.6721301632458, 1882.3127443085289, 1830.4749181101456, 1789.7057178928942, 1808.873240512279, 1809.9857716435201, 1852.1297517681273, 1887.1007451471473, 1934.1708260169723, 1956.5371359175977, 2011.7590361507328, 2024.48593217369, 2025.7545934402456, 2055.2300552231463, 2101.6945029844533, 2143.7318685923096, 2160.1716973578864, 2166.893473177074, 2181.858159675868, 2323.3626037397253, 2297.122160817644, 2243.000461843473, 2159.3064667426365], [2013.0863089244435, 1911.9892809666178, 1851.2704640106408, 1792.6637418285652, 1732.8889415925958, 1733.7036618820673, 1720.5693583074258, 1734.431046949053, 1751.1109567109056, 1808.8830156300921, 1852.957664680606, 1914.3816074890542, 1926.3355919168555, 1930.9710321589505, 1971.639437713512, 2006.6136576464426, 1999.1841844092155, 1986.0117384949428, 2023.8106054980487, 2052.8898749920245, 2263.574498509271, 2236.716776480227, 2179.0301376898096, 2089.3287867673953, 1959.9044674485701, 1880.8764342243442, 1810.0623865574844, 1755.5581630396457, 1714.2660375160622, 1732.6957465956143, 1739.43636810877, 1789.0956057443004, 1833.7770762392392, 1890.473060852516, 1927.7956334878115, 1989.0282385054443, 2009.2566672992373, 2007.0326934368065, 2031.3636045841095, 2077.9316957333003, 2118.9945732986885, 2137.998982282927, 2151.3131416153515, 2173.079426085248, 2184.50344639895, 2130.0833956768106, 2029.3070839317977, 1923.1885096999865, 1748.755336393911, 1703.6763844467325, 1668.8103274964772, 1639.109745795347, 1611.7427705949112, 1644.204432847549, 1652.48970807627, 1667.6004507415694, 1676.7815280995494, 1717.574200095706, 1742.8792282822396, 1792.921142486078, 1808.7229333947107, 1822.1968669737046, 1892.7506607778719, 2000.9052226999772, 2061.8178497046188, 2049.628791052766, 2028.9577341439867, 2027.3478532901281, 2393.2995376386816, 2365.725119578968, 2296.920022740253, 2168.532729877576, 2109.4120484557466, 1982.185413118833, 1868.933099680338, 1785.96256336203, 1729.2015621239252, 1738.769799160385, 1745.0836894566676, 1792.1990203486132, 1837.4737935548874, 1886.550193517034, 1914.7006044221189, 1968.457522321046, 1982.1935699030719, 1997.4936416081775, 2033.0708513753882, 2083.1804591182977, 2164.3013416023596, 2238.2727136684543, 2307.771698496323, 2377.2870741835886, 2152.472132626004, 2170.769556884499, 2181.811173161207, 2137.2704959940133, 1824.0621271938749, 1723.966077133583, 1650.1160635510228, 1587.1669450242139, 1534.6808607089688, 1543.0927207793918, 1539.01017451327, 1553.271751362913, 1575.5933940545112, 1630.4757364158993, 1672.1072924298032, 1721.1646475886096, 1732.2784644501419, 1739.0038935446028, 1772.8025722292055, 1785.57861717375, 1761.2204539247973, 1757.5226179240694, 1797.8546104420714, 1827.6927680578863, 1775.896606756579, 1763.0296407684812, 1742.2428030969934, 1702.7531595673042, 1750.07419408092, 1712.7824487580835, 1650.3494713209473, 1594.8731756162485, 1552.1284197004227, 1475.3851441929203, 1489.6134568253074, 1541.30161094512, 1517.1248466469806, 1533.9723001040352, 1563.081682779856, 1592.515424399384, 1599.3365467574038, 1599.1043707073486, 1631.6967593048698, 1684.0900850238543, 1706.5883473251429, 1712.367447363938, 1731.095041913554, 1771.0696954468958, 2083.236164508964, 1983.225283808323, 1904.5789468754108, 1865.6329221978415, 1668.7217404063304, 1624.48700785702, 1584.2867448956197, 1575.0058446830333, 1579.3282756128149, 1597.1131072979338, 1657.3677313037217, 1663.2860109723777, 1682.4956562090244, 1728.3941575641907, 1750.0006274532147, 1766.8468276590245, 1793.9061797246347, 1832.6615278514093, 1909.4995116746607, 1957.8746901085578, 1974.938309392406, 1999.1364522553117, 1979.9339479739892, 1991.781380961142, 1864.1842563474254, 1851.938124974242, 1770.7929680935295, 1712.5123657095307], [1385.7811160350007, 1358.5366300478881, 1338.074158152083, 1320.5212187589527, 1320.7558879799847, 1336.3739537993963, 1428.8370965460301, 1469.698404332725, 1477.2400080671748, 1455.5980890647882, 1456.2594528654568, 1514.0123654615766, 1505.3998121648585, 1535.2968395653909, 1602.5559313666004, 1624.3429349461146, 1614.5729969658807, 1668.1971831553367, 1782.3561276603962, 1783.2627751612092, 1656.8960288498017, 1525.284025184238, 1481.5131988214632, 1494.0488194708907, 1426.8781281443928, 1384.2897910187883, 1347.4193690948546, 1321.4246946625067, 1313.595287479768, 1325.874672478219, 1408.2211526182841, 1443.6067595308912, 1447.8456275516858, 1422.5496653923321, 1421.6291044344086, 1464.1588581104638, 1425.831709598195, 1431.2251167459528, 1489.9217972112308, 1493.2327378493005, 1484.4282935486829, 1550.8491135294385, 1708.303245890824, 1755.6535636303063, 1732.7165765525544, 1620.0455596018774, 1571.6657918217766, 1579.7485786034886, 1409.1376834532557, 1352.3624898122482, 1298.8169410118826, 1272.7897370294756, 1264.1071076314727, 1287.435147570242, 1377.2298028385492, 1422.2103841392789, 1435.1348345305335, 1413.0804190280635, 1406.2047542617574, 1436.0553898259882, 1390.6753591286802, 1387.76733118208, 1436.1082704546616, 1442.161957836128, 1428.6827688414726, 1493.4791767509305, 1658.4399722982114, 1719.4146421147786, 1602.80799772052, 1478.0084327949546, 1432.4424049187667, 1454.6563701271039, 1571.7648972145355, 1522.072015796231, 1475.2154438461664, 1440.6461147461055, 1424.796998389144, 1438.2220166303712, 1533.8035725823877, 1568.93252670368, 1565.4483274301997, 1526.530369362724, 1516.0402715487896, 1562.865181800723, 1510.3985907327378, 1512.0327352350776, 1560.4276683460491, 1574.4950480243228, 1563.4002137013288, 1643.1949072884906, 1829.311213436854, 1899.6161800032728, 1732.4791080829286, 1580.5219311454018, 1530.8226053624987, 1552.1581083842407, 1377.6077632647794, 1353.5527912249283, 1336.8211083108497, 1321.395792829317, 1326.7295787348978, 1344.7715260867708, 1435.4104856837641, 1476.250365841527, 1481.6548493263094, 1453.6142352308718, 1443.2418569785623, 1492.3773549365585, 1478.7962550262434, 1508.6185987096567, 1579.1860209803892, 1605.8085304085973, 1591.5695831720009, 1637.8418724917315, 1760.7104304960603, 1755.3075058752074, 1653.0272828080895, 1529.8842029422442, 1489.2556071213207, 1511.321281732787, 1315.6833444726203, 1275.1927984224305, 1236.7809087618034, 1211.5305777365002, 1200.6740506941985, 1212.0436020653244, 1289.8293517730747, 1321.7847253225939, 1320.9375480219683, 1289.9616356147958, 1277.5512226059193, 1308.03796739472, 1263.6940830453873, 1259.9577885687977, 1305.1604416053985, 1311.0611005988405, 1305.2522183341966, 1368.6987281493987, 1521.9952440130148, 1579.6545130571715, 1451.029036122656, 1324.0922261946305, 1277.8393429867667, 1296.877777063146, 1399.3317160185, 1391.4791534996511, 1378.711147578861, 1375.1072042278133, 1381.431271345408, 1408.7283952497066, 1504.601520594071, 1522.9126662554133, 1547.0983682849894, 1549.6224055952557, 1546.0107401919095, 1581.0405847393129, 1571.8946576397182, 1553.8548782070518, 1589.745548613243, 1600.407936657038, 1583.92573316916, 1584.6059792014444, 1666.7488306477555, 1675.686266834871, 1582.8647276742015, 1520.0726136503401, 1499.998873587998, 1477.1487227481246], [1866.6557647098066, 1771.223869498174, 1687.1197875930543, 1616.6341409495512, 1585.6087185917615, 1636.8419072856523, 1646.682421993841, 1647.9098022018663, 1663.0606302386948, 1703.6497800939285, 1663.4435844680534, 1726.7800973840656, 1735.3423238186188, 1769.435789708016, 1774.8020691862853, 1817.7799703652533, 1876.6681742311985, 1909.7085619042846, 2003.5827839563374, 2083.2739031701885, 2201.3453034557156, 2111.7002027156364, 2038.2909657850562, 1925.460171560211, 1731.5437104398745, 1637.559511212938, 1588.959497683335, 1547.9975871540873, 1510.6424288275562, 1532.3247256779061, 1564.73047070031, 1558.0726725579518, 1598.1497128623296, 1655.044993942983, 1697.79620716121, 1724.686824393445, 1721.1874966219943, 1736.57679978055, 1749.0644993302283, 1762.7685830863468, 1811.0610306927158, 1830.8736997271033, 1888.7441161594907, 2031.7419046692166, 2153.653079149219, 2099.222506359399, 2013.9283358839564, 1914.1285912396838, 1930.3433220568916, 1813.1046646593002, 1742.0889085668268, 1684.2273827052443, 1639.4190232618334, 1662.3677691230407, 1698.1734454255497, 1696.133667593774, 1740.997883839785, 1803.635960805826, 1857.001409794767, 1885.1075657925387, 1879.1304350170744, 1903.6172086612307, 1913.274656430106, 1933.7882780414027, 2003.8059631431784, 2039.0713299598194, 2117.2900508263974, 2292.590189923748, 2144.1090623796676, 2131.9210500280874, 2112.6273213513373, 2077.03611784949, 2076.561159101423, 1961.365118474841, 1878.8830783476415, 1797.0250684546002, 1724.4296792510968, 1727.0041684731548, 1740.7288134962546, 1715.4981249316913, 1740.9305693473132, 1822.0711314322664, 1904.6422228397748, 1937.4710009021526, 1927.1553929424015, 1968.2656568397608, 1983.2634400583609, 1968.53223893615, 1959.4629929939044, 1932.8426814030843, 2001.2667419893621, 2188.595608087261, 2070.0415236264907, 2014.2310891302266, 1955.8582938130498, 1908.3143620551486, 1744.9858318922193, 1676.8081784461015, 1613.9983008746697, 1553.4467112837685, 1532.4346704658108, 1590.8483411244333, 1596.7609978796888, 1603.8567571832766, 1613.2032551813475, 1649.3123522757794, 1601.647336523819, 1661.670248370397, 1655.0746769125367, 1673.4124199752791, 1662.0043184634471, 1680.537953837183, 1717.6619398528867, 1726.31052051203, 1810.407247094257, 1893.3583861266582, 1915.9533147871728, 1855.5405079526136, 1809.0139668609118, 1728.613008711406, 1658.3232114501616, 1606.863495805262, 1553.9880658975096, 1497.2148311354094, 1477.8031560065547, 1528.894707859271, 1523.5400645855473, 1525.1580769377722, 1525.0993285118552, 1555.8342024486406, 1503.0444309570923, 1561.4994368194878, 1562.3038127481573, 1590.1789764497605, 1581.278017584945, 1606.0407813098163, 1645.7201457809335, 1648.1529875827691, 1722.92952361357, 1787.7722015095205, 2162.859698405521, 2093.1465970431245, 2011.14626710657, 1877.0194705965591, 1842.5091201797197, 1739.08646346327, 1645.7294887955325, 1568.7473700490204, 1540.8824122624976, 1594.2374790210222, 1612.5771749821176, 1642.7896432464076, 1677.0915453583211, 1726.5565819179506, 1691.255111585581, 1760.7279807030782, 1761.4327544347357, 1775.420544055134, 1757.7510197248187, 1796.7447385114704, 1874.7058951568347, 1924.5242715300415, 2033.7451013571367, 2141.716573470398, 2166.224182378727, 2092.7389767921386, 2020.262578061652, 1896.2933110811132], [1231.2089383186626, 1252.0377762739467, 1225.3145886673144, 1214.5143859193265, 1204.4135659789247, 1231.4460798233845, 1318.8166965075256, 1423.6928042538234, 1483.074440616758, 1474.2457854438353, 1511.8009615893482, 1504.3821878472277, 1476.6648557132, 1456.9300989101148, 1443.756904565142, 1419.1253750303897, 1436.2309282928165, 1417.7309389444592, 1489.1324979775195, 1523.309281501738, 1487.9959263254252, 1410.7920900056554, 1373.8732138344544, 1322.2409622419086, 1306.9403833073368, 1325.686869776006, 1293.328298712826, 1277.0218134568488, 1261.1302865999128, 1283.0621786155687, 1366.7425548399713, 1468.0617393139835, 1524.5420921740667, 1514.8697846972402, 1560.8272014854201, 1571.501951359436, 1576.7166169509653, 1590.5528745457534, 1597.530055538256, 1596.9166299009596, 1619.6664396502363, 1605.1924604561357, 1670.0388647768943, 1677.5597547840362, 1553.0719632995397, 1481.767904373012, 1449.080334231358, 1393.0901332826932, 1235.6713696371623, 1251.7310493520893, 1221.3057338081198, 1206.7174762947527, 1193.100469026031, 1214.3698703264834, 1295.366136020053, 1392.7315711650258, 1451.2347108503507, 1449.599676211608, 1496.3067592870068, 1505.3583844077996, 1505.7148459693215, 1506.15840483083, 1505.459018338975, 1502.2758043507652, 1523.1549757832954, 1504.3141172891956, 1568.5662222193437, 1577.8726980200097, 1508.0662408067255, 1427.1150109959808, 1387.6764425975007, 1333.0755976159498, 1268.71670009727, 1301.39920381124, 1270.863749503548, 1258.9783132510042, 1246.8647413414876, 1280.461620256441, 1347.3148990720017, 1434.5370103504954, 1478.9726674424842, 1464.821354012812, 1513.9662904983948, 1529.663418893276, 1540.1148519219807, 1556.8021948325893, 1560.5233553152227, 1553.487647632599, 1580.1276142875965, 1554.0674115203574, 1619.2735356397768, 1604.6707633116632, 1512.123637486892, 1434.3370566578926, 1399.0210674135085, 1348.000986680545, 1229.1707047720695, 1154.9401407252167, 1116.5063247542555, 1081.252297745089, 1051.9927919923584, 1018.1849523613056, 1153.7925311301926, 1276.5152949434698, 1391.042248479248, 1402.8738981503084, 1421.2714877949306, 1405.7200461842535, 1420.1917194081584, 1438.5998002199483, 1475.6565886194346, 1485.5848879533235, 1499.7629739986487, 1527.5409587299396, 1582.1776497038381, 1662.7171776584628, 1551.9918924911838, 1473.061425535852, 1445.0019753659128, 1393.7488024248232, 1203.7019922161023, 1223.5983604894461, 1194.7718982670656, 1179.7048405511166, 1164.6247335742478, 1182.643845370198, 1251.680301969008, 1336.1055904186167, 1386.988755048168, 1370.546630448675, 1409.425434497686, 1409.8573748005306, 1407.5960752840842, 1416.1666231559434, 1419.6388827037654, 1409.1624808699205, 1431.6005267919697, 1411.8555142405394, 1482.0474858218945, 1500.9620681851545, 1414.6776563925807, 1350.7841100696278, 1322.5463900933207, 1277.8986306053812, 1261.7892990088883, 1285.811291379616, 1257.4373582571288, 1243.5233576681414, 1231.2231159345595, 1251.8963577021882, 1324.2684526719904, 1413.2413669382165, 1473.6080454615808, 1459.7654651130854, 1505.8855509277894, 1504.2362626076513, 1500.6498771255176, 1507.5863309449014, 1513.88873956488, 1509.375337844682, 1542.3441070906013, 1521.40460472836, 1588.566820053788, 1598.465771288092, 1501.4542482893971, 1437.337780360687, 1413.0246311679437, 1362.8828266303021], [1815.6808597502522, 1717.8946192554645, 1652.590744957258, 1579.0500976302233, 1538.1319306145717, 1537.2769804261475, 1553.231728554018, 1590.9380555008304, 1611.9069304637362, 1682.01787947377, 1685.5736724567719, 1741.2070818103978, 1745.1418054573805, 1770.033992477, 1819.2304426998685, 1858.0482017133706, 1915.8796389472634, 1956.2792734391821, 1977.808248421775, 2043.4189217316941, 2165.0501465090615, 2103.786793716668, 2016.0446569278074, 1938.2927758753299, 1742.8941575528113, 1634.1655326715456, 1571.937192462334, 1505.5271463821316, 1466.4497362331956, 1466.0089069833498, 1480.4637407341527, 1516.9448901067653, 1542.5810006586275, 1619.049655983316, 1627.127073045322, 1692.4702071913794, 1695.8356772707016, 1709.2747801641333, 1765.800132064454, 1807.0806637082017, 1866.9055275357794, 1923.1480782264593, 1952.8348804834807, 2027.4286739791792, 1855.5013595448247, 1817.794438173263, 1771.9792100034224, 1732.6571574929096, 1668.1119119253547, 1607.106819843756, 1573.1656685881321, 1519.1270101920256, 1486.8699902422914, 1484.7366323621275, 1490.0857539951414, 1508.2611110608714, 1511.3549427718967, 1578.1130834292267, 1580.0908525483792, 1638.4586488166603, 1640.4416425273305, 1657.4613734203563, 1700.4217546557286, 1717.6969970090513, 1733.796992408409, 1732.9512237215026, 1723.3503417777638, 1776.2857655619525, 1939.2776489715939, 1890.7353400993945, 1830.6668786979508, 1788.1494486800293, 1636.6431189701846, 1561.7752055686612, 1524.93694622279, 1470.6621768334887, 1439.7822050180948, 1439.8736067628533, 1450.4503274946244, 1477.9121547814073, 1492.1594650127015, 1562.1712283778936, 1566.966301889163, 1623.3985116722786, 1631.167936113557, 1652.9554307550939, 1699.4931504086408, 1727.886856744638, 1758.4605602353538, 1776.632841296544, 1778.7865961624855, 1826.04593072516, 2088.71404048837, 2040.7774439025263, 1959.7669308374752, 1874.3245419412071, 1736.5386497204256, 1635.9491967441209, 1568.7143656478415, 1496.5325183508608, 1458.4109609618502, 1458.4383472387042, 1475.2149778572834, 1518.48741575824, 1554.3229766802926, 1640.4203287319351, 1658.9542066976105, 1722.6871755475056, 1740.407109505664, 1753.1897612478895, 1790.9189375722456, 1820.3937650140485, 1871.6444596507467, 1912.8557937530354, 1931.2723272680685, 2003.2629018603445, 1901.8993212489609, 1869.317298327836, 1815.1277603043663, 1760.432327801578, 1731.9351492741907, 1611.801652238503, 1555.8784898025192, 1473.4060763165528, 1373.5086854966933, 1359.2770283742789, 1427.1524658090145, 1449.721462334651, 1508.8121963750682, 1557.1416232117988, 1597.4691821272697, 1673.9127444436674, 1702.7015986462136, 1684.9565745589653, 1730.5750293243061, 1764.2823458996272, 1771.2990810321828, 1819.3577665864536, 1869.4732763192653, 1915.597022663733, 2106.1066532950617, 2087.303980640254, 2101.784464092898, 2080.2085890848175, 2003.3517930758833, 1899.7104840647544, 1795.5447823903996, 1680.3021764666403, 1599.96539021698, 1571.0612149467352, 1573.255565682349, 1596.4333479919633, 1613.5676784702007, 1719.5174072108966, 1756.0258350171855, 1836.7565159594737, 1859.3329482249694, 1896.5159804463644, 1947.8111208679557, 1946.681774819004, 1920.1609627926625, 1889.9432690918661, 1886.6353622230229, 1972.4026953200055, 2091.9690005230486, 2036.58761285177, 1946.1646927372572, 1873.7651220309117], [2007.1181807461246, 1954.8637249286169, 1875.9937736852191, 1826.77106004474, 1780.9709336990084, 1741.2422553425401, 1776.547168021134, 1793.315137409723, 1834.520406931018, 1921.0697730483623, 1984.0853003429527, 2030.3844883442644, 2080.280599602911, 2096.217816729088, 2108.1902956995386, 2129.6350187961357, 2099.4077688568887, 2063.7404373066242, 2038.8569978999926, 2114.1707370634726, 2269.2686727367845, 2192.6203598015136, 2057.917566865525, 1969.8046789691557, 1704.9893876178787, 1656.5400759157499, 1615.7247653409738, 1607.0076969117813, 1610.4580626404693, 1624.0553802088427, 1688.5912018489046, 1711.4936284399835, 1749.5484520967768, 1802.7735324672326, 1820.5073568021548, 1842.8236852790546, 1885.418510901067, 1920.3936228780938, 1985.8847774308388, 2047.5715735173349, 2081.5613831321575, 2105.8285732552695, 2068.3629590934265, 2072.4335038247536, 2459.2321970491057, 2431.860096474452, 2307.5999989140055, 2161.8598304636057, 2114.3916935785946, 1980.8828692769553, 1859.5143627704447, 1789.212586417008, 1761.5865576346428, 1730.0941790666768, 1712.539750416184, 1766.583610013686, 1801.980218983051, 1821.7680519152004, 1859.15974052595, 1896.8125507017608, 1919.8308581676401, 1923.3868244429646, 1954.3089669759372, 1999.5822643216554, 2095.196577928569, 2160.4190725240755, 2296.110949362545, 2418.490417908228, 1986.90756982152, 2016.0978231464985, 1993.6711541120035, 1936.7219106629746, 2153.7428367084467, 2078.7044311337627, 2005.818018585256, 1955.8079695441986, 1920.9590946426338, 1866.191569562509, 1804.8639125610914, 1800.243830864118, 1791.14460370047, 1826.308639535055, 1876.6561610102954, 1917.8802746688887, 1935.38657676884, 1939.6676069117525, 1974.6153115225648, 1990.673130008187, 1975.3174564212147, 1938.53344395941, 2040.4203762709092, 2134.6338177783086, 2089.3960052685584, 2073.3161463330425, 2018.5044332290677, 1950.72301496157, 1785.2530652141772, 1731.7425640442193, 1695.610344909536, 1680.4424018840853, 1671.0374714853547, 1635.3478578842723, 1589.4972846991354, 1588.8093736153794, 1578.6929716511415, 1588.64306469203, 1606.907931502764, 1630.1686690326699, 1637.4173869227463, 1636.863166144936, 1677.008314125258, 1710.0661949076375, 1724.750536572749, 1722.7143406110729, 1807.1331994308384, 1863.0144221474513, 1873.0989765941015, 1882.8805151765707, 1856.1443086163138, 1817.7092623267831, 1774.6705168026094, 1715.2498932605672, 1670.8894335764749, 1642.7130411526507, 1620.2089329577425, 1576.0584231578641, 1522.5606727218112, 1510.6632084773403, 1491.3649229725606, 1508.6444405496288, 1538.5786336019833, 1557.4241641770902, 1556.4319778259792, 1549.2584953661235, 1581.018432217288, 1602.337451355575, 1590.069233755921, 1569.6227598975051, 1669.7553716894715, 1746.0632419028102, 1902.879809882927, 1895.2131331449202, 1843.53071493773, 1764.382492346101, 1878.4920129298216, 1797.4122381319446, 1755.5604469598127, 1741.918485034991, 1718.8429978633314, 1714.2797767008667, 1761.1565655388765, 1746.8832061543494, 1773.3397761043475, 1833.029042406168, 1888.6786435753418, 1912.7980513247583, 1916.80625683407, 1899.5065971745341, 1949.676461731477, 1958.171411972987, 1969.1457582625783, 1966.3920085228006, 1981.288457087616, 2053.801758760521, 2071.562601136241, 2031.9774857243099, 1993.6471701803603, 1932.17007837196], [1859.6163828907652, 1804.9603832443665, 1758.0651273448166, 1712.0517402879839, 1673.626482861277, 1706.3174020765039, 1697.1337571171396, 1720.4041657551954, 1745.7210035547691, 1784.6999644773964, 1800.6073607438132, 1850.9354788485994, 1864.8997474828725, 1869.1599163976775, 1898.2769343869231, 1927.3106639636387, 1940.216660928913, 1947.6808054600842, 1940.934382074748, 1944.675514934918, 2051.8606346634256, 2045.686618831323, 2019.9066270807243, 1960.1668413491348, 1899.3624130539495, 1847.5168696540438, 1763.3435952003144, 1701.0623261734559, 1657.313059117762, 1577.918262120884, 1588.3868148354786, 1651.1458592391693, 1640.3541710085055, 1664.7716487893354, 1695.805406527255, 1735.9724165509563, 1757.0080952228889, 1770.0784040215788, 1798.280112510882, 1864.0167805257333, 1918.5211840728336, 1929.304330628786, 1950.1452558966362, 1978.17003859622, 2146.589691217762, 2096.8478303466472, 2039.6724583342366, 2004.2329895119008, 1807.4300043394298, 1744.3145798672388, 1686.1699427664232, 1637.777671238656, 1604.8531378015537, 1627.9000933064488, 1634.5028699690602, 1669.1749854484312, 1696.2190257436644, 1738.0606324702626, 1763.8260091866334, 1810.7959818720367, 1809.8711391902434, 1809.3640584060038, 1835.5980161783239, 1864.7146343077989, 1883.2573454025408, 1892.0290147309413, 1904.7982063726886, 1926.1165361853775, 1913.1277014319373, 1897.2158935110192, 1873.6584808919336, 1835.9156315113175, 1814.9289397683292, 1754.9102514842132, 1704.12900222046, 1661.533859776699, 1624.402954642955, 1638.15135247376, 1630.5630596943172, 1653.5347009575482, 1671.7007165384646, 1715.7667798338366, 1745.625320624504, 1803.7923056095028, 1826.4469090709727, 1845.7450834454066, 1889.1701213822582, 1929.6969117119431, 1943.9048122999893, 1947.2436073619094, 1943.859286349842, 1940.5466249384774, 2093.588015455925, 2060.467904593544, 2024.1656965980537, 1960.2874457867733, 1869.4880829501192, 1815.6736787960888, 1762.3009680964178, 1714.6855374766087, 1678.4121324626353, 1696.3272526663075, 1692.5996348413707, 1723.4798853073094, 1746.5890409774734, 1783.6148336298832, 1801.5781775311093, 1842.650344551451, 1840.4042565962186, 1844.0496906886974, 1870.6867232968239, 1902.767383633948, 1926.611576834162, 1939.9555452248094, 1952.090075579712, 1970.4957142777457, 1941.4442720566055, 1909.114054056704, 1873.9233486589096, 1840.4916344174135, 1660.9926777195299, 1632.9892033025535, 1607.4720383215906, 1581.5385590819567, 1556.5928306943451, 1581.3808389514231, 1578.9488252264273, 1585.9504143880333, 1582.936467387084, 1605.0838072580448, 1613.8719469437754, 1652.4741983933234, 1654.2770320850066, 1662.1686032939574, 1716.6929392093723, 1778.2286645628515, 1795.2098428230674, 1782.00455133411, 1764.3752633047186, 1750.5627605166123, 1987.321179817584, 1942.412230503566, 1865.1214620878736, 1787.1455885446107, 1733.6181448791656, 1687.9845589335314, 1651.385550600444, 1621.2996733316966, 1597.1773789894962, 1632.9555451437914, 1643.693797288328, 1666.2889202459723, 1670.563388634652, 1706.5666042017715, 1737.2951845616158, 1787.6276462959318, 1792.9609468451092, 1807.445866493787, 1883.1526692649516, 1984.1315942146093, 2041.468362565014, 2039.7786397444686, 2014.6413814542707, 1996.2977287037202, 2049.729007949942, 2069.1759077152324, 2066.3257904638513, 2030.3860617952566], [1351.5284600949387, 1289.855610300512, 1249.727887538424, 1240.3711724694535, 1230.0011266693894, 1303.7322886731065, 1468.6785010202973, 1572.7605262390066, 1587.6128460049804, 1613.1939629678031, 1624.381733809619, 1613.7214570120452, 1590.8403807897553, 1549.617304428192, 1505.1899529111936, 1479.3879579692534, 1436.6265712514441, 1450.089289764878, 1473.7775953627047, 1572.4193965889633, 1589.705079628001, 1526.4970201450647, 1470.824535175014, 1416.294426916926, 1305.6852456210256, 1230.0280769095418, 1179.2574664020083, 1142.3678278591078, 1142.7233407425642, 1208.863012867879, 1377.5373339273945, 1452.6508036510218, 1463.494487815781, 1504.6445617755344, 1493.0401239696016, 1472.119771890656, 1445.974384644139, 1497.8833351370306, 1484.847484078761, 1499.4083888927162, 1475.9644404706107, 1485.9055552760885, 1535.7890000782675, 1642.1986119430896, 1589.7709973026313, 1512.6417847478003, 1458.0133739757116, 1367.1097503291414, 1295.3765319508377, 1221.3081405649953, 1174.2750573242927, 1138.7145425961032, 1141.263000230968, 1215.5873482237525, 1406.5100178929802, 1527.702227863348, 1568.0419251955557, 1611.448870393948, 1596.5793050532825, 1559.3590205311482, 1505.0173293375253, 1517.1009908515227, 1464.1130003473547, 1458.3068301923813, 1425.0894351250424, 1438.5270673531281, 1492.985422586894, 1611.7775295934384, 1615.1547273902324, 1522.6200087821323, 1450.4813635469525, 1357.0591292756003, 1464.9751520532266, 1397.4752262800546, 1354.5197420874279, 1349.0360470442781, 1337.6007869296413, 1406.125433827696, 1569.0646914243755, 1665.9591167990445, 1683.0213230814252, 1705.70494962019, 1720.3150074414161, 1715.0015641989432, 1725.6528291283132, 1719.3997133387538, 1706.6882795247393, 1704.2645555481513, 1666.0968034472105, 1678.051372749768, 1688.9156922317177, 1766.351416539, 1744.4204941616779, 1662.903838145967, 1593.4210978173335, 1536.4498338794272, 1316.1491719166415, 1257.0598764789852, 1220.3856268640625, 1218.7553346578727, 1213.4568812292212, 1279.8497735091732, 1422.5186840692043, 1506.4849266524325, 1516.7017404380726, 1533.2956425824752, 1535.8401408079483, 1533.5352529932534, 1546.0825301768834, 1549.6855740065973, 1540.9182734658025, 1543.195194048351, 1508.6696512141032, 1522.3270701598815, 1527.5985839796247, 1591.5422688428164, 1542.90237364532, 1471.7882374414673, 1414.6696262357987, 1365.5579785074428, 1191.7984178303816, 1138.0435829159185, 1104.360162887255, 1099.6133635939748, 1089.534777513899, 1144.456371256376, 1269.2772806380767, 1339.772384315227, 1343.839571039532, 1353.9752568982683, 1358.9018954417072, 1351.011364265423, 1358.2234106118926, 1357.001808979344, 1351.9884479217212, 1355.4834117263804, 1326.7271751002072, 1335.0227441676898, 1351.7757715618654, 1415.8756198493174, 1389.23205039645, 1328.0002031695767, 1275.1885239071557, 1234.0280593215894, 1298.1940829402351, 1241.5025387361668, 1206.5988703210628, 1202.7825166259152, 1193.7935807310055, 1254.826103175668, 1394.472689896719, 1474.4522008322585, 1482.4575469420852, 1494.5456030500832, 1501.6883356116443, 1489.8773470530134, 1492.818163569268, 1491.2559683483898, 1482.6197057877073, 1474.741909079047, 1442.7077205073758, 1457.360312157907, 1472.4581306722293, 1548.177682704131, 1550.4479860053732, 1481.301952109316, 1415.80419449024, 1368.2696885048565], [2019.6593642174562, 1874.3461667336007, 1793.4470078241661, 1721.8630789907866, 1645.1109836816347, 1636.5674433681527, 1655.4361141868344, 1607.1667454254932, 1631.0691208371238, 1711.235490715658, 1798.4999334955412, 1813.7780958847384, 1791.891152261354, 1818.0689818270973, 1848.5541936384484, 1855.9565545139908, 1865.1276706186695, 1885.7284813435829, 2011.0479339887627, 2230.884870170729, 2064.4200512815546, 2014.250784528299, 1951.3966399867102, 1894.5143977019684, 1788.5895446286456, 1696.8576004371032, 1649.527664935831, 1610.135734630452, 1571.7771471155904, 1595.7150463819858, 1631.244259668132, 1617.820710895727, 1646.3074155818447, 1695.868409706612, 1743.8553026688676, 1780.4332750351207, 1769.3681660555633, 1780.7405494273648, 1789.2964395915415, 1805.1028627726857, 1847.3856789989152, 1849.369485294552, 1899.858532605864, 2071.317560163073, 2249.489500905363, 2182.6958116922115, 2088.395179084865, 1985.4471548992688, 2027.6348637540627, 1906.999411257732, 1837.6237759036337, 1781.5558359035301, 1736.0465990768867, 1764.3218123736913, 1808.7608514837314, 1812.8889094251097, 1870.083638218182, 1943.3206722575335, 1999.015119306817, 2034.0255926887046, 2030.03092894251, 2057.9019527706005, 2072.1346786662557, 2097.876984631316, 2173.8577803142184, 2210.551102127259, 2289.2048315306542, 2467.262341066297, 2403.1680564947424, 2382.39559625841, 2355.316172245801, 2288.1601873716113, 2327.7347091214083, 2221.9824705685214, 2100.2898933120755, 1986.2209057237685, 1883.503200804884, 1872.3501719161882, 1894.3388537791427, 1854.3425950844153, 1886.7691579380291, 1984.9385743977214, 2074.2292824970446, 2107.5334125576674, 2092.0668072582716, 2135.458503536638, 2160.624301759188, 2162.073239804928, 2153.4301103821686, 2107.2765377352384, 2162.092733016114, 2414.3531966606215, 2562.397250271506, 2553.391886039111, 2496.392223505432, 2432.705583168798, 2267.8136599017316, 2080.9476429678843, 1979.5246675395558, 1891.6929102113152, 1812.375693377196, 1814.0461144340418, 1834.494216456749, 1794.297549835812, 1821.7679700323522, 1907.6548186312943, 1981.313231893168, 1999.002371780616, 1975.2318044306087, 2000.441732131512, 2017.3137294792762, 2008.1937282664917, 2015.3231719030741, 2056.4437533701566, 2228.636630544731, 2449.49150622291, 2262.8944471994464, 2218.736139587451, 2151.232483006373, 2080.035510836058, 1858.4568799342933, 1755.2733422879908, 1696.6462863162192, 1650.4246536179755, 1608.6079702871334, 1629.2400299644307, 1656.546885968906, 1629.398664689844, 1651.755381530984, 1697.448581476863, 1733.945338615424, 1755.3576443032534, 1743.7117306954399, 1763.6057470489127, 1772.9478133158311, 1786.6752019857506, 1838.5223953259908, 1859.081825201476, 1933.9452290435015, 2116.174874011897, 2262.0015187553095, 2191.7827132237894, 2101.0352346759787, 2002.6965847753802, 1755.5268377421387, 1649.755256698398, 1584.7115243949913, 1534.0083020675481, 1498.5286856877353, 1534.1354329769879, 1585.1792208637146, 1599.7574468835353, 1657.228582303469, 1717.824035961788, 1756.9026381870815, 1772.084270274306, 1745.904309739866, 1757.1148316799363, 1775.3885092827643, 1799.021504186119, 1877.0138222406526, 1919.1126954347696, 1992.459872739664, 2157.175488049387, 1835.3280013962265, 1777.884485497401, 1720.8825487387426, 1675.8487463926474], [1200.670610567292, 1152.2181981572317, 1114.3317352770305, 1088.688875312539, 1083.8229324448378, 1120.2185209925426, 1267.332368877903, 1427.982057129757, 1465.9113908675927, 1482.3333579534874, 1510.6893378746747, 1560.7683406810838, 1592.0651343626682, 1470.074680512045, 1495.690329171931, 1488.7800471072214, 1477.1293911311334, 1468.5276330338747, 1651.2923865040646, 1617.8636484645651, 1517.7304629967982, 1403.1152853186063, 1291.5648210357613, 1240.5420352434132, 1396.7322357623084, 1350.026300504469, 1347.807784970272, 1321.836605575296, 1315.5129482033665, 1343.7316776816544, 1481.4614968280266, 1590.3728447920112, 1609.467615287872, 1595.0336773055346, 1615.789685116622, 1616.6372171648354, 1649.4791652921153, 1648.6339778790525, 1681.2098147008537, 1698.8377362837975, 1677.3017108954807, 1695.1999425523725, 1770.9552856080384, 1722.62548150874, 1616.5437849762218, 1554.6221166298578, 1510.527205912086, 1496.1318670846374, 1176.6591201222695, 1137.4406515681235, 1133.9839910952905, 1108.0651974093182, 1096.218540976784, 1115.40424380819, 1225.9169138783607, 1311.8765865793546, 1323.2323789390487, 1308.796383272744, 1329.6695252086643, 1334.8100648841473, 1367.265169760498, 1366.9845261869573, 1386.6339057717498, 1397.3353991479867, 1378.8983200904172, 1388.121261867844, 1458.8179612842957, 1434.2383209665443, 1373.9941666032162, 1322.6003974857654, 1276.6042969528175, 1264.662071294264, 1317.5826509004853, 1274.962674857132, 1272.471147658166, 1244.2384599907518, 1232.018594228833, 1251.2438034365887, 1375.5028863424175, 1473.4599492411432, 1490.2291595534587, 1476.7848994877627, 1499.7897128792624, 1509.7416456476547, 1545.5199364176535, 1545.1538652960398, 1571.8482492344153, 1595.5868923337794, 1572.4706635351306, 1584.966981925221, 1654.26262283485, 1619.3666169799474, 1524.3943732160483, 1475.176756369382, 1435.3514668978567, 1420.8948939435265, 1312.898402597838, 1271.8558025333339, 1270.7540110862897, 1244.9259016066467, 1233.5095731416998, 1253.5467966630881, 1375.099368205995, 1469.6903959458655, 1480.4744460870913, 1461.136082440536, 1479.5410211852934, 1474.9955361389004, 1490.1810969046103, 1479.6749119674225, 1504.4949807796663, 1519.8352788042184, 1500.1367446382953, 1513.8981022695639, 1592.9649409494266, 1573.804694773458, 1521.6790254411846, 1486.4016869379554, 1464.5129109064624, 1453.1987694694885, 1421.8269415724233, 1364.875648647774, 1353.2057698212352, 1317.2123900283984, 1299.1786149373022, 1319.4637334280387, 1447.489799334823, 1547.2781473601945, 1558.5950263460313, 1535.5704878172858, 1555.7157981332682, 1536.2784787377084, 1529.0376727199748, 1492.2845285003893, 1507.0314265064105, 1509.8471951198007, 1493.6111274142486, 1513.960662536971, 1626.5183422444522, 1638.579449677248, 1594.4884973691208, 1534.602659667775, 1492.5812336947797, 1482.081881227012, 1375.824070872699, 1333.1278304992156, 1333.544599530735, 1305.950099623074, 1295.1482335671926, 1320.1254641244414, 1456.8543093658966, 1561.884347454754, 1574.0044424407613, 1559.077673063547, 1584.2681756401978, 1596.9996364888575, 1636.5141002748258, 1630.7615549746429, 1644.1443898618954, 1666.9989818332422, 1647.463657583002, 1659.9253243779772, 1730.4580628316055, 1692.589344694013, 1602.8648082613922, 1549.0758053372833, 1508.9400614199212, 1494.7455649394467]]"
TES_LCOE_Charge,0
solar_max,1.5830698583907565e7
flowSalt_charge_peak,0.0
TES_fom_yr,6946.407233364936
FOM_Li,31232.00550001424
FOM_Solar,27478.3540309942
TES_dispatch,0.0
OPEX_TES,0.0
TES_LCOE_FOM_costs,0
runtime,32.41996908187866
soc_t,"[11320.745695779648, 8672.513893663327, 13644.747450724763, 6720.562966991498, 21518.62765657677, 11351.28982409494, 10620.12291480942, 11721.32526439148, 13559.732519457453, 8778.461521974703, 13669.279335010533, 10906.836776610058, 18882.849289100195, 8794.579118698519, 275.71932264168646, 9045.45544949199, 15557.386203883736, 22597.219537365854, 11561.962323086867, 10155.179472515656, 10263.889339922236, 19994.865634438698, 12645.29097328763, 9653.39188046515, 6638.0871320255155, 12370.76955749797, 4968.023595624795, 20000.424820319276, 9350.221524099608, 9126.865433069896, 10308.874888818878, 12318.627151658793, 6971.759185270595, 11760.473045902967, 9062.455699509956, 16816.55288581983, 8794.579118698519, 90.01507823002204, 7181.0092710728595, 15557.386203883736, 22597.219537365854, 9504.211033688323, 9349.705608265042, 8906.146592237486, 18021.869669455962, 12557.870247979768, 9011.913978046141, 4711.057353615386, 11133.070279691101, 3282.6153553350296, 18656.30022468635, 9350.221524099608, 7726.510071361636, 8930.753682808938, 11093.6507852273, 5222.177356365529, 9895.925165560933, 7258.96624908612, 14849.586047923167, 8747.403923277798, 0.0, 7181.0092710728595, 15557.386203883736, 21795.497882165433, 8160.3058898519175, 7499.11073737576, 7590.643552723356, 16134.030713851576, 12557.870247979768, 8522.625342080844, 4711.057353615386, 9917.03546244518, 1630.4508526692773, 17242.173831030992, 7456.510708458669, 6341.988853796715, 7570.62398941755, 9885.3493836705, 3507.482974089874, 8046.197314705778, 5470.213306867614, 12971.319671615456, 6860.389458195097, 0.0, 5479.289122704911, 15557.386203883736, 21433.04173530797, 6237.388984541665, 5696.95101075683, 6284.989686966037, 14321.543262282328, 12247.29129234847, 7049.925078159837, 2942.4534731636318, 8718.477713900143, 0.0, 15835.266114264887, 5584.66257068451, 4989.880106335099, 6225.152492214781, 8681.268722599238, 3121.2589818249344, 6209.564897622055, 5470.213306867614, 12971.319671615456, 6860.389458195097, 0.0, 3810.227313660952, 15557.386203883736, 20285.02673140285, 6237.388984541665, 3935.2389235344335, 4990.251658892996, 12589.84748998587, 12215.76073389918, 5513.939945897553, 1221.6598847093856, 7503.133816355245, 0.0, 14497.9585292488, 3739.6743708842196, 3656.0158280787828, 4854.656559059474, 7413.156312652517, 3121.2589818249344, 4391.997852507508, 3779.596095631022, 12971.319671615456, 5035.438235161342, 0.0, 2087.235832307634, 15557.386203883736, 19261.151915122395, 4404.50239997057, 2139.115342401272, 3617.9018813423572, 10867.144918019394, 11036.583343380715, 3890.49249693314, 1221.6598847093856, 6216.548206903095, 0.0, 12941.24098701042, 1854.818474412469, 2255.5632632458237, 3395.4911582960594, 6023.339923978176, 1522.8049515197504, 2531.3117028493807, 2001.5489975447565, 12971.319671615456, 3224.3125948377365, 0.0, 353.88591441938047, 15557.386203883736, 19037.650273259093, 2534.452749422008, 352.65875596217745, 2071.9245118473077, 9124.58058729641, 11036.583343380715, 2592.914513399892, 0.0, 4842.45205463684, 0.0, 11411.284940214488, 23.50258968843241, 988.6750450518223, 1829.794516217406, 4531.912200043481, 0.0, 775.3169097812338, 318.2664505037016, 12971.319671615456, 1576.9129143583632, 0.0, 0.0, 15557.386203883736, 18476.94636529026, 729.8943718936413, 352.65875596217745, 416.387115806248, 7577.230240256088, 11036.583343380715, 2613.296278364103, 0.0, 4143.966900004697, 0.0, 10532.18080762444, 23.50258968843241, 1411.8895074485292, 1155.4562439872866, 4147.949971958504, 0.0, 775.3169097812338, 0.0, 11705.560902384877, 1576.9129143583632, 72.64817662209589, 0.0, 15557.386203883736, 18476.94636529026, 0.0, 352.65875596217745, 0.0, 7435.6330688928465, 11036.583343380715, 4100.5906196487085, 1291.2796492212485, 5726.839482717725, 1371.6188160681374, 10333.694015407444, 1141.6214584064292, 3686.351569259651, 2585.4606549928226, 5725.571697797851, 1449.1185825739208, 1364.1119559193232, 1331.9702768691504, 12019.846686621411, 2819.4121944418494, 72.64817662209589, 1925.9701681659008, 15557.386203883736, 18499.20260280903, 1127.0360841758798, 352.65875596217745, 1519.236260684101, 7643.391208377813, 11306.791076927611, 7447.3046440692615, 3688.5818531612977, 8791.308261351343, 3446.1655791203125, 10625.053065603359, 3566.5810098551374, 7033.065593680203, 5717.927965129529, 8545.382551772836, 4454.317496556103, 3030.6210209343485, 4328.656074847254, 12729.957657411805, 5509.889060995869, 3017.5620923259576, 5223.00267621383, 15557.386203883736, 20744.461469478716, 3291.107143670493, 1229.8173010571436, 4786.240549913434, 9291.665118762467, 11846.253174891033, 10794.018668489814, 7035.29587758185, 9645.226714929659, 6792.879603540865, 11270.715301383894, 6913.29503427569, 10379.779618100756, 9064.641989550082, 11892.09657619339, 7801.031520976656, 6377.335045354901, 7675.370099267806, 12784.5220338269, 8856.603085416422, 6364.2761167465105, 8569.716700634383, 15557.386203883736, 22246.739966616402, 6637.821168091045, 3371.297109816093, 8132.954574333986, 11272.95736141159, 13249.425951356192, 14140.732692910367, 10382.009902002403, 12578.68011608627, 10139.593627961418, 13322.515003245393, 10260.009058696243, 13726.493642521309, 12411.356013970635, 15238.810600613942, 11147.745545397209, 9724.049069775454, 11022.084123688359, 15204.10892343375, 12203.317109836975, 8648.400813774242, 11916.430725054935, 15557.386203883736, 22246.739966616402, 9984.535192511597, 6718.011134236645, 11437.459731879746, 12120.87858215495, 13519.055888183946, 17487.44671733092, 13728.723926422956, 14989.239606703964, 13486.307652381971, 16669.229027665944, 13606.723083116796, 17073.20766694186, 12411.356013970635, 18585.524625034494, 14494.459569817762, 13070.763094196007, 14368.798148108912, 17213.900326068535, 15550.031134257528, 8648.400813774242, 15263.144749475488, 15557.386203883736, 22246.739966616402, 13331.24921693215, 10064.725158657198, 11437.459731879746, 15405.290916600003, 15235.468593238293, 20463.733137202533, 16905.937471447425, 18335.953631124517, 16833.021676802524, 19675.5241556399, 16953.43710753735, 18154.525589606525, 15758.070038391188, 19554.209427628706, 16967.952437993496, 16417.47711861656, 16570.025749580374, 19115.799140395062, 18366.688969672556, 8648.400813774242, 18609.85877389604, 15557.386203883736, 22246.739966616402, 16677.963241352703, 13411.439183077751, 14784.173756300299, 17226.183071886193, 16695.528938214786, 22138.53550759161, 20252.651495867976, 18335.953631124517, 20179.735701223075, 22511.616815221765, 20300.1511319579, 18681.22679046917, 19104.78406281174, 19554.209427628706, 20314.666462414047, 19764.19114303711, 19916.739774000926, 19339.092200568346, 21196.524794921494, 10461.13656429638, 20294.80984170234, 15557.386203883736, 22585.54855539892, 19794.737943658554, 16758.153207498304, 18130.887780720852, 20572.897096306744, 19270.901479215012, 23255.45489623786, 22814.753648255704, 21385.649928932, 22340.608473538752, 22924.723352445286, 22228.63231135785, 20133.435185105394, 22148.94693145113, 19554.209427628706, 23255.45489623786, 22025.728346639607, 22237.021220630126, 20063.310943006283, 22880.242309882287, 11612.771294943128, 22497.739427996898, 17017.656396080474, 23255.45489623786, 21633.03209996552, 19023.137983504585, 21477.601805141403, 21620.77884087156, 21671.72814831175, 23217.186565417338, 23255.45489623786, 22819.776610095105, 23255.45489623786, 23100.124735182177, 22976.442468210094, 20249.333387983206, 22148.94693145113, 19554.209427628706, 23255.45489623786, 22610.422076215567, 23255.45489623786, 19174.243413192184, 23255.45489623786, 11612.771294943128, 23255.45489623786, 17017.656396080474, 22345.857151809076, 22328.338507754394, 19512.762326516575, 23255.45489623786, 22257.128346912254, 21933.33053387389, 22835.894795332675, 21818.817257345956, 22154.864124091444, 22571.299978412815, 21290.909367889923, 22976.442468210094, 19016.714992903657, 21403.77667872877, 19359.46235562744, 22397.338462337433, 21462.593066874597, 23255.45489623786, 19174.243413192184, 21930.290319338557, 11612.771294943128, 21844.373642315128, 17017.656396080474, 21212.87895152614, 21371.319310653307, 19512.762326516575, 23044.224068408337, 22257.128346912254, 20718.242051547702, 22746.71224137182, 19623.16715260038, 20570.374445208796, 22571.299978412815, 19249.09484491755, 20647.746717401824, 17333.727593379605, 19611.75008034112, 17752.119075452858, 20458.146701059, 19298.144940034752, 21135.67812192297, 17036.379819852416, 20103.02663623992, 11612.771294943128, 19651.453744241244, 15414.172941868119, 19708.947528414326, 19145.876429533862, 17465.735468690345, 21389.045756209427, 19908.828483574645, 19247.757458567346, 22499.067169718423, 17586.191306162396, 19045.194312831794, 20412.170988209178, 16981.35564831554, 18390.982366182092, 15400.452792227834, 17934.132958041442, 16230.667637913215, 18340.41159619053, 16737.52097217004, 19084.611241250786, 17036.379819852416, 20103.02663623992, 10979.299306507508, 18093.904496586223, 13847.861440472934, 17867.285453042943, 16757.172563495144, 15305.882169044635, 19715.67198817995, 19908.828483574645, 18022.033764267617, 21713.526964898214, 15555.655042483282, 17600.75856995215, 18261.91361815756, 14940.783339826576, 16160.913897049888, 13442.234562189498, 16343.264157045056, 14780.350181264024, 16248.272459428168, 14200.983994995535, 17083.975034598338, 14869.180290854174, 17748.587924155472, 10754.58135809739, 15871.062177938184, 12362.817135203823, 15944.784667859163, 14449.15113212513, 13152.527833432716, 18108.8330196062, 17788.564499860648, 17050.15429520921, 20304.446583036784, 14985.649005567771, 16199.477201775908, 16197.206024209561, 13095.528044958206, 14023.18208968898, 11603.11048262216, 14792.400662849599, 13410.676277203853, 14232.83836007667, 11796.895706698087, 15127.762261594755, 12737.303672817667, 15454.871989745145, 9956.24835790256, 13725.492740269703, 10916.634804851765, 14269.632102451165, 12282.922114371944, 11026.310331242481, 16560.596666790396, 15734.462773558847, 15765.80358744943, 18787.831228070358, 12974.92844871721, 14849.228031971617, 14219.641454525034, 11400.71250284237, 11958.147141166468, 10256.799523717356, 13304.335503397455, 12103.611933059456, 12319.332984456922, 9512.798326242384, 13228.281111290511, 10673.034773654872, 13255.57852998999, 9956.24835790256, 11698.692559680007, 9524.802213018176, 12580.048754428333, 10209.443504930729, 8962.976814032865, 15069.760427930474, 15734.462773558847, 14963.190379369673, 17326.283015585173, 10954.142138979318, 13485.953825418046, 12321.715740356014, 10473.1655776559, 9994.177726408025, 9194.244400013322, 11907.558912231114, 10673.977601456289, 10361.207355062013, 7447.558889484833, 11457.789766250879, 8585.69867762754, 11192.5211958336, 9956.24835790256, 9876.014969743297, 8149.075493747296, 11070.078658477823, 8414.717833754014, 6963.647958186603, 13695.35490622413, 15734.462773558847, 13707.376107371976, 16206.95957369002, 9047.965359499454, 12104.7725788927, 10500.915167119729, 9619.0941914338, 8088.148253483325, 8337.358102672204, 10484.368082957368, 9301.64251578624, 8489.885780669729, 7447.558889484833, 9748.433697724988, 6558.0139205203495, 9212.651265071134, 8499.101209461729, 8152.268115834941, 6753.615630825184, 9619.585756296603, 8029.4159875977575, 5018.8933585507675, 12400.588509477246, 15734.462773558847, 13281.93210854021, 15109.475573806809, 7187.01339146508, 10757.314313494038, 8760.186953919054, 8512.219245737568, 8088.148253483325, 7713.248756504192, 9093.386275559027, 7943.636761629563, 6688.540431536578, 5650.47927572066, 8054.203195484435, 4616.959426884585, 7307.322437115887, 7080.765031467145, 6479.679170905115, 5392.217421653788, 8093.753206798421, 6328.653076712522, 5018.8933585507675, 11159.264860633026, 13998.117863100078, 13281.93210854021, 14071.716268059143, 5349.172302104432, 9426.615559660655, 7059.650352290849, 7304.743451781613, 6253.961089010412, 6711.452659463972, 7718.443869448291, 6603.997736293095, 4927.284127222337, 5650.47927572066, 6354.910516836994, 2747.9847010816375, 5459.366476021522, 5689.791668664506, 4850.208026532391, 4047.983933804473, 6599.999313734414, 6328.653076712522, 5018.8933585507675, 9956.772410255018, 12303.238142436445, 12190.33944719605, 12930.854658891154, 3558.877545370534, 8110.625885955926, 5383.276352696442, 6576.2977347071865, 4437.637706087018, 5457.940356475024, 6358.377994563625, 5269.256940758568, 3183.312435559285, 5650.47927572066, 4674.048016718346, 926.9463349075792, 3654.875910215141, 4307.059787106855, 3260.0581014507534, 2720.4783689624596, 5062.580232795536, 4633.434063406765, 5018.8933585507675, 8753.905735789162, 10648.735882314772, 10805.588975403032, 11429.262045755986, 1793.4116325244895, 6770.992083269492, 3731.3890695354216, 5664.38992206936, 2643.226194648484, 4233.715392295718, 4974.93003463051, 3865.728663337116, 3183.312435559285, 3944.0987488562187, 3518.610731397317, 926.9463349075792, 1830.9856506408105, 2911.4022371297824, 1647.0847060003262, 1369.8866019987033, 3522.4118668574956, 2923.902084239562, 3357.9267668445736, 7481.418353822974, 8969.03583349163, 9391.134577843397, 9832.54733161111, 0.0, 5343.4604692010535, 2036.0560292779057, 4626.69488035549, 810.0985790630659, 2940.2388529775444, 3503.969338332743, 2329.087497835066, 1827.4223906705054, 2195.169409986404, 1799.548004662285, 926.9463349075792, 0.0, 1429.0641817421147, 0.0, 0.0, 1968.8272291873755, 1146.4376612407152, 1685.9406459651225, 6031.379054952033, 7251.936612788332, 7831.701423287579, 8449.41506010542, 0.0, 3807.672323969359, 399.109195403975, 3799.5466789344323, 438.65120945963383, 2040.8008358406328, 1928.3532725763703, 679.9911819483864, 195.4456117656113, 528.736286235193, 191.57508277251435, 926.9463349075792, 0.0, 1429.0641817421147, 0.0, 0.0, 606.2541460081932, 1146.4376612407152, 169.9684089242828, 4502.272945845694, 5684.619800293717, 7831.701423287579, 8156.9273920245005, 0.0, 3278.6669737495436, 0.0, 3880.428226964704, 0.0, 2040.8008358406328, 1332.9361740815389, 127.46466461315367, 0.0, 0.0, 0.0, 926.9463349075792, 0.0, 1542.4720301520633, 0.0, 0.0, 284.316730647853, 1146.4376612407152, 0.0, 4222.006586496067, 4975.621126236332, 7831.701423287579, 8586.611901017546, 546.5023435100726, 3691.6877224736927, 1351.146822790226, 5981.663050818323, 1255.3765334121197, 3013.8024728177447, 2790.806712375505, 1564.1103847520885, 1580.4855911294603, 1087.580502572426, 1550.9466777002733, 1256.9935457737693, 1168.9379710600722, 3737.4619242534254, 2107.4059773819877, 0.0, 1016.0417632652488, 2470.763703633276, 1527.5013512530325, 5871.022107393573, 5965.116685114778, 9365.228029897418, 9543.344874007713, 3393.6086532257764, 6731.90845593351, 4181.16344149382, 8761.214032692475, 3974.0835010962255, 6360.516497238297, 2790.806712375505, 1564.1103847520885, 4726.005815844041, 3691.410158416641, 4298.242243783506, 2636.834048224474, 3823.861872688245, 6063.651071215143, 3264.0758396852, 593.5239014338495, 2756.033680195614, 5281.913434758793, 4513.39451875462, 9217.736131814125, 7996.051337082954, 11478.33267916134, 11413.223267811785, 6365.558362674876, 10078.622480354063, 7527.877465914373, 10042.230212356759, 7320.7975255167785, 9707.23052165885, 6137.5207367960575, 4910.824409172641, 6090.740393613756, 7038.124182837193, 6206.290109391914, 4348.1644627636, 7170.575897108798, 9410.365095635696, 6610.789864105753, 3056.7421449224184, 3799.1102641716125, 8628.627459179346, 7860.108543175173, 9217.736131814125, 11342.765361503507, 13600.50525782418, 13565.825884399183, 9712.272387095429, 13425.336504774616, 10874.591490334926, 12987.200429079754, 10667.511549937331, 13053.944546079403, 9484.23476121661, 8257.538433593194, 9437.45441803431, 10384.838207257746, 9553.004133812467, 7694.878487184153, 10517.289921529351, 12757.079120056249, 9957.503888526306, 6403.456169342971, 5405.906819512072, 11975.3414835999, 11206.822567595726, 12564.450156234678, 14689.47938592406, 16019.264402610868, 16764.879088205962, 12147.498422616212, 14591.591329930947, 14221.305514755479, 16333.914453500307, 14014.225574357884, 16400.658570499956, 12830.948785637163, 11604.252458013747, 12784.168442454862, 13731.552231678299, 12899.71815823302, 11041.592511604706, 13864.003945949904, 16103.793144476802, 13304.217912946859, 9750.170193763524, 8362.463024133594, 15322.055508020452, 14553.536592016279, 15911.16418065523, 16959.84481215493, 16446.437953775105, 17356.015841416494, 14078.989364054189, 15896.034179996488, 17374.459282402284, 18778.991762785736, 17360.939598778437, 19616.289950901515, 16177.662810057716, 14950.9664824343, 16130.882466875415, 17078.26625609885, 16246.432182653572, 14388.306536025259, 15896.277469781866, 19450.507168897355, 16650.93193736741, 12871.879209536964, 10635.936338494826, 18668.769532441005, 17900.25061643683, 15911.16418065523, 18228.849807350816, 17630.53663056743, 16926.4586424445, 16473.605991076704, 16985.169398114755, 20721.173306822835, 19920.624425666014, 20707.65362319899, 19828.87450137659, 19524.37683447827, 18297.680506854853, 19477.596491295968, 19103.61409929825, 19593.146207074125, 16795.870772908547, 18312.803189283022, 22391.890335369673, 19997.645961787963, 15093.745641827205, 10635.936338494826, 21656.16972602256, 21246.964640857383, 19257.878205075784, 18982.27329889722, 18438.508493508085, 16606.288964045518, 18999.081330748337, 19879.556046774695, 23255.45489623786, 19548.905028140238, 23134.106225296026, 22072.24491413454, 19524.37683447827, 20354.57770788478, 22265.95404273433, 21371.516146060563, 22165.851213342023, 18890.019895892543, 20291.4465473703, 23255.45489623786, 22738.785023959674, 15645.19458578709, 11290.675361722733, 22533.98254914056, 22751.599108659444, 20863.05363033097, 19570.13993750074, 18966.797801288096, 15527.862929843064, 19913.93820621796, 20927.75457592526, 23255.45489623786, 18496.65774186942, 23255.45489623786, 23255.45489623786, 20960.042626054972, 20354.57770788478, 23255.45489623786, 21782.6450395255, 23255.45489623786, 18890.019895892543, 20752.314129009304, 23083.58767365799, 23255.45489623786, 16212.368426950316, 11921.48150281458, 23255.45489623786, 23110.58483009034, 21892.06992643392, 19371.837763274365, 18844.59907982058, 13990.88173443788, 19913.93820621796, 19900.155400133222, 23255.45489623786, 17224.659672041325, 22330.131783122073, 22454.26270428026, 20230.386457037835, 19504.36333467351, 23201.5932263214, 20680.74030473985, 23255.45489623786, 18890.019895892543, 20752.314129009304, 22099.198348284404, 21831.792034892853, 16212.368426950316, 11921.48150281458, 22064.992227933322, 22110.200086556197, 20569.72802310834, 17689.238156095817, 18111.59547531498, 12422.746421039867, 17890.48052754742, 18115.03450670839, 21134.544483507, 15436.019982670525, 20125.919386506554, 20973.96379788001, 18436.98164279657, 17733.224436284785, 21053.272486721722, 18303.786757748323, 21281.739276013745, 16651.754943770255, 18464.86210155115, 20747.873948408283, 19693.11634576736, 16212.368426950316, 11558.51564037408, 19883.483276538846, 20027.91583540228, 18841.09790527351, 15508.903882239953, 16298.305494779466, 10909.729531276635, 15788.732594463194, 16457.90330197983, 18929.254891803863, 14130.633501640072, 17802.183446287178, 20403.260455538173, 16679.384777961182, 16055.279179408193, 19032.613305543833, 15890.60429113186, 19019.888880147068, 14230.680688091901, 16165.384789552254, 19058.54801671836, 17426.113104557655, 15089.402155280823, 11057.293457660347, 17294.81780596084, 17981.975457211473, 17167.65475021811, 15508.903882239953, 14596.680457962391, 9342.663971133588, 13719.770988869335, 14886.501047940597, 16734.863860084395, 12874.438584531303, 15502.44541320643, 19654.056684131134, 14976.802558635758, 14451.058247979614, 17023.057413925377, 13504.213349019117, 16865.73152229029, 11908.451028890744, 13923.1917414714, 17463.682116332173, 15216.40520312671, 13529.646466467126, 10284.306183782799, 14734.965072829838, 17981.975457211473, 15575.400239957267, 15456.04069699113, 12960.236124667805, 8206.947802051689, 13719.770988869335, 13357.97879659872, 14635.805581061675, 11741.400843769805, 13291.529134663682, 17971.54950488361, 13296.887899521065, 12927.287450912194, 15069.76604678004, 11210.967413110888, 14815.922095129315, 11908.451028890744, 11787.079021543192, 16141.44087164993, 13096.480639038335, 12004.29874622359, 9203.905002006295, 14734.965072829838, 15834.951816859646, 14040.649319982835, 13257.729982164956, 11370.20748686561, 7427.343602606061, 11744.956519577248, 11891.844897569174, 12627.88490210839, 10674.507785383865, 11155.87561445288, 16273.207170201124, 11675.810854443422, 11471.991960322313, 13197.789949135167, 8985.98163230633, 14815.922095129315, 11908.451028890744, 9762.670063964259, 15644.427834074286, 11081.608437733405, 10537.88807961023, 8128.72960664569, 14734.965072829838, 13725.23288053133, 12601.586424899528, 13184.548076672383, 9795.331837302832, 7398.40071068905, 11744.956519577248, 10492.203623292842, 10531.5335301999, 9861.61541962652, 10286.659601884021, 14426.267420826658, 10145.577033442993, 10058.319884633609, 11194.644020143205, 6852.051037799505, 12731.428318012302, 9807.301774625508, 9762.670063964259, 14613.455471731026, 9049.66809872615, 9237.181374729005, 7048.247189908898, 12509.289605905002, 13725.23288053133, 11238.03218074075, 13178.239427787865, 8556.743289805707, 6802.530182155149, 11744.956519577248, 9072.173257657492, 8554.159399994829, 9113.52914955786, 8495.938108294109, 12651.81658172092, 8731.019898419907, 8814.642344309392, 9277.019304802776, 4835.335512792497, 12731.428318012302, 7745.851735875131, 9762.670063964259, 13601.720564065821, 8991.923323962972, 7919.5697438320685, 5981.3189970460435, 10424.149743508207, 13725.23288053133, 9952.444664356546, 11170.871626463937, 7359.437340786629, 5663.078526233496, 9857.175697379284, 7685.015288778458, 8554.159399994829, 8173.591684400338, 6766.675142455038, 11133.644012614832, 7388.127344764551, 7604.712688681965, 7397.044151992848, 4092.049233162473, 12731.428318012302, 5744.701318871328, 8494.367384849595, 12935.077534502312, 7158.145525471575, 6633.984760876153, 4730.138365096312, 8466.766203749845, 11950.317151303516, 8716.365656646765, 9236.53080972327, 6165.769981738955, 4531.189129526021, 7975.292908866635, 6314.719006140201, 8554.159399994829, 7333.112105670291, 5065.982104101113, 9787.82695623699, 6099.870100981006, 6465.892496366251, 5527.453671931665, 2249.6389971028193, 12731.428318012302, 3787.2954598472697, 6768.988705065019, 12935.077534502312, 7158.145525471575, 5363.755838460624, 3440.40999683475, 6583.384533837205, 10226.340655262826, 7517.718769703499, 7361.208877193238, 4999.385563413357, 3484.07377945606, 6121.493037330652, 4961.287275694031, 6751.899602653977, 6572.481575859646, 3381.556255521521, 8211.899662700005, 4851.726800780321, 5377.580359178361, 3684.998721143732, 2249.6389971028193, 12731.428318012302, 1860.2010804064873, 5072.417367596691, 12935.077534502312, 5432.441290459119, 4107.860607906907, 2066.283058176087, 4729.082894221791, 8537.021562840138, 6316.389295776164, 5533.791404480726, 3845.471309753584, 2376.895105742179, 4283.204762737836, 3583.916575483764, 4959.9782008715065, 5900.197126737265, 1713.5386879772639, 6535.911218166525, 3638.577503167363, 4218.028715591787, 1863.330893618477, 447.91598354592224, 12731.428318012302, 0.0, 3341.6758593361137, 12823.892534093897, 3682.5804808559183, 2829.57653387903, 972.2459891550966, 2907.9311267831845, 6823.442517254403, 5036.82366606695, 3676.6105493505247, 2671.3615794291736, 1179.6670395487652, 2402.210887237364, 2117.8953144298957, 3121.485548476143, 5024.863908251576, 0.0, 4770.280377607756, 2262.96694306981, 2893.459463240718, 0.0, 447.91598354592224, 12731.428318012302, 0.0, 1602.213008729514, 12823.892534093897, 1895.0294856711291, 1466.0332328052903, 0.0, 1105.2577052924646, 5102.913180444866, 3556.2868051269706, 1772.6517583150178, 1380.92272271511, 172.05792945993448, 643.2425999594607, 546.5986354758161, 1330.9771622369926, 4079.224066342213, 0.0, 3245.227899183778, 740.2042708402561, 1341.8512056150316, 0.0, 447.91598354592224, 12731.428318012302, 0.0, 0.0, 12823.892534093897, 285.754894852222, 0.0, 0.0, 1105.2577052924646, 5102.913180444866, 1948.1791968497623, 0.0, 0.0, 573.215492982207, 643.2425999594607, 0.0, 814.8065339675645, 4588.236777783627, 0.0, 2521.2248542860634, 114.93964424353544, 859.9663779765012, 0.0, 0.0, 12731.428318012302, 0.0, 0.0, 12823.892534093897, 0.0, 0.0, 0.0, 1105.2577052924646, 5102.913180444866, 1567.708638995386, 0.0, 0.0, 0.0, 1934.4123840204109, 1393.5753156643843, 1977.3574956339003, 6865.494847689581, 1305.8997179480878, 3303.791133864591, 1505.2458917604245, 2343.3742645225952, 1427.4839230910754, 1032.7758496123845, 14053.667886168258, 1227.9330668198438, 1386.5065469405397, 12823.892534093897, 0.09008750307020819, 1540.3768792142694, 1782.6059731277671, 1560.4790405944352, 6079.970765263065, 2965.1891770656266, 1422.8237534427376, 374.8420419407993, 2493.7221319508735, 4063.3011125819276, 4459.029157513997, 4548.754181571767, 10212.208872110134, 4113.576510452075, 3479.859917418846, 4643.2435267670335, 5545.6764188534835, 4384.451741816043, 3661.0488491578553, 16669.0530044167, 3786.603806182048, 3898.2003930294914, 12823.892534093897, 3346.8041119236227, 4729.6160803767025, 5129.319997548319, 3203.453483977227, 7223.101779703842, 6279.3392517873945, 4639.0046481516365, 1204.7499800735936, 5426.830765033956, 7410.01513700248, 7805.743181934549, 6711.534901576359, 13558.922896530687, 7460.290534872627, 6826.573941839399, 7989.957551187586, 5545.6764188534835, 7731.165766236596, 7007.762873578407, 19726.240863096213, 6853.8600023339895, 6544.019181767679, 12823.892534093897, 6693.518136344175, 8076.3301047972545, 8468.847055670041, 5478.078293196193, 10569.815804124395, 9626.053276207947, 7840.684454352713, 2704.1061004091794, 8773.544789454509, 8768.763377953468, 11152.457206355102, 10058.248925996912, 16905.636920951238, 10807.00455929318, 10173.287966259952, 11336.67157560814, 8892.390443274036, 11077.879790657149, 10354.47689799896, 20692.740999525366, 10200.574026754543, 9890.733206188232, 12823.892534093897, 10040.232160764728, 11423.044129217807, 11815.561080090594, 8264.969600422024, 13056.37236574516, 12972.7673006285, 10005.306882288412, 5606.20179056584, 11271.057877445446, 12115.477402374021, 11152.457206355102, 13404.962950417465, 20252.35094537179, 13939.776088696151, 13520.001990680505, 14683.385600028692, 12239.10446769459, 13016.934323289239, 12896.27727033156, 21513.093958161964, 13423.972454505667, 13237.447230608785, 12823.892534093897, 13386.946185185281, 12193.420953766008, 15162.275104511147, 9690.933573537048, 14079.232171638705, 12972.7673006285, 13352.020906708965, 8952.915814986392, 13569.257235622767, 15462.191426794574, 14499.171230775655, 16751.676974838017, 21654.87329628116, 17286.490113116703, 16723.31487262108, 18030.099624449245, 15585.818492115142, 16363.648347709792, 14416.607823450337, 21513.093958161964, 15990.329506577902, 16584.161255029336, 13100.496378354734, 16733.660209605834, 12193.420953766008, 18508.9891289317, 13037.6475979576, 15766.311039810129, 12972.7673006285, 16698.73493112952, 12299.629839406945, 15615.761046747833, 18808.905451215127, 17845.885255196208, 20098.39099925857, 22698.053318852846, 20633.204137537254, 20070.028897041626, 21376.813648869796, 18932.532516535695, 19710.362372130345, 17763.321847870888, 22076.405700145267, 18699.183544222687, 19930.875279449887, 14029.883978746124, 20080.374234026385, 15540.134978186561, 21833.465573823454, 15905.757118368194, 19113.025064230682, 16319.481325049053, 20045.44895555007, 13932.112046663959, 15761.880463852356, 19019.948068864876, 20768.622353853767, 22225.258094910583, 22544.75141733222, 22349.637393353434, 21997.972109308535, 21376.813648869796, 18932.532516535695, 22309.347713482657, 17543.605645528496, 22076.405700145267, 19853.09980237007, 22145.50128609441, 15171.513122545817, 22618.659440680713, 18461.977794981834, 22638.832706464367, 16885.144290628377, 20741.00525085649, 19666.195349469606, 22553.496964326707, 14781.402298118725, 15761.880463852356, 19028.13374198983, 22004.710499200653, 22698.48967394495, 23255.45489623786, 23255.45489623786, 21005.558616937178, 21376.813648869796, 20489.73750719308, 23255.45489623786, 18206.84864446902, 22076.405700145267, 20291.158112374495, 22824.59450329029, 15171.513122545817, 23255.45489623786, 19738.104631010876, 23017.498745581386, 16885.144290628377, 20741.00525085649, 21442.19754155909, 23255.45489623786, 14580.47617660903, 14352.88674391146, 19003.786894332556, 21226.424102530615, 22698.48967394495, 22216.259037573964, 23255.45489623786, 19144.901759383996, 20160.466505216897, 20023.25843414454, 21841.523885274695, 17120.290590999226, 21958.669662285876, 20291.158112374495, 21813.45131725219, 14245.096758911666, 21793.601931506473, 18997.16584760088, 23017.498745581386, 16885.144290628377, 19398.900702974042, 21224.969566289295, 23255.45489623786, 13154.275384616938, 12370.48837952832, 16790.687498883522, 19434.675945196817, 20306.991351800752, 20682.145304789068, 21121.151575099317, 17227.862888497766, 18185.103425440444, 18172.48134293235, 19652.076526309233, 14766.643251291667, 19776.541413025912, 17932.792527886395, 19679.400945367845, 13968.5872265685, 19380.349100007792, 17336.247218106135, 21147.724255516172, 14339.364903356558, 17371.40961225259, 19528.361640401465, 20658.336642483864, 11644.550836231101, 10908.11089824181, 14245.811332322803, 17766.027975592406, 17540.35270936664, 19133.777893673847, 18743.25552403646, 16647.75411654835, 16373.352061951735, 16400.225742502902, 17163.775343246933, 12344.262935577113, 17569.997415213493, 15358.814585397979, 17632.50376325312, 13968.5872265685, 18261.787891031876, 15748.809069888528, 21147.724255516172, 12247.883250912853, 15357.590979166343, 17828.19876946438, 18128.686056699924, 10207.7911864199, 9710.288078053223, 11742.744951885183, 16173.025481377845, 14844.648683711854, 17654.35629306604, 16399.69519110297, 17147.702284504718, 14650.142000631296, 14743.86772089961, 17163.775343246933, 9960.720340339047, 15417.5816806649, 12800.789506354553, 17632.50376325312, 13625.772133667917, 16017.66046994968, 14246.582742524339, 19157.47652909576, 10125.675016021803, 13360.521617575798, 16225.440865483188, 17612.82976537738, 8815.58024169804, 8849.603950110008, 9317.402903404298, 14610.99901453735, 12310.214950326084, 15863.839531149311, 14187.458965692513, 17928.561491481225, 12951.109353526956, 13199.257432663178, 14896.394047831998, 7669.92161206227, 13336.897287857153, 10271.98296966603, 17632.50376325312, 12876.693302786407, 13793.842236948272, 12785.870697684864, 17230.458762045284, 8027.073801167064, 11388.249532426395, 14698.618377539027, 17612.82976537738, 7471.786244905601, 8036.462068586718, 7024.89867001439, 13108.516886241508, 9892.155411175167, 14151.795652962774, 12098.791961423527, 18624.42157295547, 11313.251836331561, 11678.803785250971, 12742.253353955119, 5423.572927305771, 12844.538081082123, 7775.12112173129, 15349.837731803042, 11742.670807633343, 11607.48842868565, 11382.633226510181, 15348.196184487359, 5988.419158363933, 9455.706762414482, 13270.135083564712, 15204.240094459894, 6922.593361304984, 7230.5329407739055, 7024.89867001439, 11602.995120066626, 9892.155411175167, 12490.888810583698, 10170.995572744832, 18772.578546111177, 10003.62500119654, 10272.83084583962, 10808.383240323381, 5423.572927305771, 10907.856955946647, 5725.676454581719, 13129.403996586467, 10359.555872839941, 9421.634576999943, 10047.141963249896, 13625.413953992427, 5988.419158363933, 7545.255246868873, 11728.055976140262, 15131.545114392185, 6922.593361304984, 6676.853464092559, 5188.160444641642, 10078.530976931086, 9892.155411175167, 10896.982627919326, 10170.995572744832, 17960.033303634696, 8679.246404855741, 9038.929734275182, 8952.34040072103, 3551.2911334628843, 9043.114537093436, 5725.676454581719, 11042.893035408748, 9401.83939583475, 7357.0397154474795, 8677.248064501222, 11981.440053393837, 5988.419158363933, 5697.981297938122, 10257.029422161257, 15042.071981951787, 6922.593361304984, 6128.201226449591, 5188.160444641642, 8591.12397662801, 7998.559795099439, 9413.436986744933, 8418.47825062695, 16573.32379389601, 7387.764344074792, 7835.101935078934, 7147.48331390724, 3551.2911334628843, 7221.760514671429, 5725.676454581719, 9075.595035745235, 7848.981033891418, 7357.0397154474795, 7339.496749234329, 10376.243267896163, 5988.419158363933, 3904.1612956007957, 8831.219167332385, 12831.240515307498, 6922.593361304984, 5301.585576315224, 3459.812006596786, 7122.416062982395, 6154.190733915254, 8018.355924187863, 6706.075248668356, 15024.268495613776, 6111.936078486006, 6703.908801344358, 5364.415958574983, 3551.2911334628843, 5414.510967265531, 3988.200901161451, 7195.634442732571, 6332.511439421833, 5465.434380232111, 6014.25641949643, 8828.177818597755, 5988.419158363933, 3904.1612956007957, 7411.18122307525, 10740.481667177215, 5612.868666577877, 4211.373927577722, 3459.812006596786, 5671.041345494755, 4337.76905802741, 6914.274444073459, 5016.0558884643415, 13421.461487788978, 4849.733444555698, 5626.688025343252, 3579.149229189329, 3551.2911334628843, 3600.6238724074483, 2324.2946237992055, 5375.422272075808, 5008.666786959431, 3650.2452441783253, 4701.767218084337, 7312.617602789234, 5988.419158363933, 2194.2634486082115, 6003.18039472826, 8757.846718961548, 4316.006988442263, 3002.1830358827424, 1759.4794578442734, 4196.074426043983, 2532.406191138054, 5609.493266516787, 3348.0669529051274, 11908.763810658533, 3547.279622759259, 4481.582431399278, 1789.3569690612603, 1798.1630769130934, 1789.1931131668075, 2324.2946237992055, 3545.1382729596135, 3494.7488747169355, 1832.3461194697416, 3353.9128809722943, 5796.96117461781, 4024.006979877082, 469.8936038989905, 4523.048359120159, 6786.951801155034, 2998.9082479826957, 1752.5550390626795, 0.0, 2632.0107891061343, 676.8051655208205, 4149.243835337841, 1636.2664594477524, 10381.302859379352, 2129.2926879178926, 3173.514485026586, 0.0, 0.0, 0.0, 758.3354123196148, 1708.2080735315421, 1983.381115548194, 0.0, 1935.686671422819, 4270.171356202416, 2124.1502298127753, 469.8936038989905, 2871.4013155155535, 4792.910902440148, 1551.010472885414, 463.91406272075693, 0.0, 960.5165387739455, 676.8051655208205, 3167.8429381911037, 1636.2664594477524, 8961.821026513953, 586.6348111827027, 1641.386851594123, 0.0, 0.0, 0.0, 0.0, 0.0, 819.2962356543264, 0.0, 425.6477131591399, 2822.7774425408197, 312.29849075346647, 469.8936038989905, 1117.760139937612, 2985.375450495697, 0.0, 0.0, 0.0, 132.14614029567394, 0.0, 3363.4478788048464, 1636.2664594477524, 8403.684559862228, 0.0, 1122.828273276293, 0.0, 0.0, 0.0, 0.0, 0.0, 819.2962356543264, 0.0, 0.0, 2526.2565542602165, 312.29849075346647, 0.0, 562.6540765644401, 2454.2835771515133, 0.0, 669.5249568481152, 1652.0096741055743, 1284.2682420640554, 1143.9511007300969, 5203.00088753156, 2983.76812520343, 8417.233685732328, 0.0, 2617.475000254554, 1503.9966474390153, 854.6668357931671, 754.8685998430717, 1448.095744345198, 1184.512396842446, 819.2962356543264, 0.0, 892.2409611294629, 2546.852017636823, 1654.7458292949552, 1194.7111332327677, 1582.2972619038742, 3310.3475928529274, 833.3080628161173, 3318.0449677036104, 4679.393157481152, 4260.849616864058, 3523.723064468647, 8549.714911952113, 5851.580928662101, 8802.172476709136, 3168.398146893015, 5820.672537466988, 4567.668332187175, 1632.223795522846, 3329.7776918644104, 4010.0711362945103, 3781.777673685502, 1615.3116950124681, 3346.7140244205525, 4113.081723380214, 2645.8260738733866, 4064.034301404058, 4149.072318093524, 4775.936493903499, 4941.531125835255, 3648.010467904367, 6664.758992124163, 7032.96042813858, 7607.563641284611, 6870.437088889199, 11896.428936372666, 9198.294953082654, 11563.13304891351, 3168.398146893015, 9167.38656188754, 7914.382356607728, 4978.937819943399, 6676.491716284963, 7356.785160715062, 7128.491698106054, 2095.3336564014226, 6693.428048841105, 4113.081723380214, 5992.540098293939, 6406.515227972277, 7495.786342514077, 8122.6505183240515, 7244.039376204184, 6994.72449232492, 10011.473016544716, 10119.004572825837, 10954.277665705164, 10217.151113309752, 12261.020707628475, 12545.008977503207, 14909.847073334064, 6515.112171313567, 12514.100586308094, 11261.096381028281, 8325.65184436395, 10023.205740705516, 10703.499185135615, 10475.205722526607, 2095.3336564014226, 10040.142073261657, 4113.081723380214, 9339.254122714492, 9753.22925239283, 10842.50036693463, 11469.364542744604, 10590.753400624737, 9453.993703958487, 13358.18704096527, 13465.71859724639, 14300.991690125717, 13563.865137730305, 14297.357181148123, 15891.72300192376, 18256.561097754617, 9861.82619573412, 15860.814610728647, 14607.810405448834, 11672.365868784504, 13369.91976512607, 13604.467822917204, 13821.91974694716, 1718.0276389951048, 13386.85609768221, 7459.795747800767, 12685.968147135045, 12313.940866572597, 14189.214391355183, 12548.399922372984, 13937.46742504529, 10990.4772501761, 16704.90106538582, 16812.432621666943, 17647.705714546268, 16910.579162150858, 15085.472136924585, 19238.437026344312, 19989.787290408454, 13208.540220154673, 19207.5286351492, 17954.524429869387, 15019.079893205057, 16716.63378954662, 16951.181847337757, 17168.633771367713, 1228.5172320199613, 16733.570122102763, 10806.50977222132, 15268.498021738082, 15660.65489099315, 17535.928415775736, 15895.113946793537, 17284.181449465843, 12193.560884496934, 20051.61508980637, 20159.146646087494, 17647.705714546268, 20257.29318657141, 18038.958747383575, 21404.9953735676, 20206.95259337907, 16555.254244575226, 19207.5286351492, 21301.238454289938, 18365.793917625608, 18622.485526487664, 20199.044375289403, 20513.179683479335, 713.9199221961528, 19688.529458168687, 14153.223796641872, 18306.847724228817, 18532.291546579178, 20599.76643263141, 19241.82797121409, 20630.895473886394, 13727.549245314414, 21988.409023106862, 22680.080719653815, 20527.846977177323, 22394.278764470502, 20528.946556048053, 22108.89827033817, 20206.95259337907, 19901.968268995777, 19207.5286351492, 23255.45489623786, 19786.881205012596, 18772.561827252735, 22438.322811782866, 22613.66212858498, 504.7111373167723, 22391.366738539375, 17121.648072274224, 20835.33317646542, 20461.814170619284, 22850.387071505975, 21772.16315425035, 22451.436894216396, 15216.3610465465, 20726.27614828168, 23255.45489623786, 21751.013147194786, 22996.571986705247, 20987.36947002246, 22319.85755386624, 18836.955899291544, 19901.968268995777, 20677.828546213528, 23255.45489623786, 19786.881205012596, 18772.561827252735, 23255.45489623786, 23110.581693842534, 504.7111373167723, 23255.45489623786, 18412.70971330541, 21704.660952016657, 20869.296126485475, 22582.735098332978, 23255.45489623786, 23255.45489623786, 16035.75389464953, 19198.25992673456, 23255.45489623786, 20853.62178055726, 22665.2729419341, 20096.34922801819, 21664.568583024455, 17145.059471067998, 19387.015552538924, 20189.92474399885, 21666.774403821986, 19786.881205012596, 16933.538508787828, 22202.464483843654, 23110.581693842534, 267.92643780399436, 21922.295554001783, 17642.462164143588, 21704.660952016657, 20178.959432968022, 21283.749361892147, 23255.45489623786, 23255.45489623786, 14867.1137634767, 17336.72703247085, 21001.37833627215, 18968.88907075405, 20082.341225683173, 18459.969292885733, 19449.68040799093, 15636.256369706718, 17742.72721999892, 18336.077120658414, 19279.172280754672, 17606.439260301773, 14702.640562428754, 20132.52354751196, 20608.174247333493, 0.0, 19618.510703383614, 15953.335044868154, 19782.507340727014, 17931.976466885593, 19241.06870406217, 21396.137615670494, 20714.030478700366, 13231.404273373822, 15595.594417685314, 18999.11462754344, 17144.50569048273, 17762.069169285, 16860.821469797593, 17474.801337028966, 14104.257483234376, 16180.53203368459, 16555.258252448355, 17171.795825262543, 15153.929443809282, 12614.30001333984, 18074.877186485126, 18342.41410772717, 0.0, 18092.301870489595, 14361.625952776689, 17583.860982318205, 15732.612250813429, 17037.291845687512, 19559.90551655294, 18016.770215256674, 11788.07694364356, 13965.907616365805, 17045.05396436553, 15413.623963979873, 15485.735485261555, 15089.510917520025, 15509.410688793992, 12588.825774709185, 14687.435908410636, 14893.133777187428, 15117.438190428598, 12711.366186697287, 10546.347147002141, 16112.07018189717, 16057.393521532962, 0.0, 15972.058618773568, 12851.79747208417, 15435.674199262914, 13550.174202041806, 14868.378261904834, 17809.48042376771, 15328.989282583927, 10476.82862759895, 12377.082937460778, 15133.63382476759, 13738.90230590788, 13299.24150655293, 13206.55702490963, 13618.89630784341, 11222.775222678809, 13222.619080220771, 13348.182732848947, 13169.324369237624, 10392.30521550645, 8537.363977994775, 14197.160081102666, 13760.75018136327, 0.0, 13913.260414759832, 11379.143716912056, 13372.761640486624, 11425.43269337963, 12737.677528643726, 16132.1950576442, 15328.989282583927, 9705.187491290855, 10811.773279867712, 13282.909034932876, 12125.929834144275, 13299.24150655293, 11252.339324303202, 11776.876827063596, 9714.556283071071, 11817.821139013926, 11828.161789101541, 11324.462667107917, 8203.59636751574, 6609.030373127496, 12303.360980777301, 11510.991764527465, 0.0, 11904.508454701781, 9960.195309879904, 11399.788438443247, 9372.040046051661, 10674.21705939449, 14514.879443034277, 14747.857129843704, 9599.349314929386, 9396.220334532762, 11412.162613740287, 10730.257702933219, 11374.959814957725, 9527.172239231173, 10044.57058121319, 8361.007727540642, 10575.781008849217, 10425.855310686473, 9454.989731249982, 6189.888350002731, 4639.48618921386, 10525.557727394036, 9590.926367481281, 0.0, 10067.681263236287, 8666.33141011983, 9571.853017684905, 7492.826293194633, 10608.763765352182, 13129.459262069391, 13766.851637680747, 9599.349314929386, 7998.560185107695, 10349.828075281097, 9315.67808345101, 9494.626387164346, 8033.23788418253, 8387.003556487165, 7082.312735859348, 9312.306917012893, 9079.22448861799, 9454.989731249982, 4286.578590947097, 2742.2513320379376, 8794.750844171067, 7776.225233656457, 0.0, 8302.620022766707, 7450.604946198549, 7849.801231638463, 5669.939383674402, 10608.763765352182, 11806.238339459933, 11576.380434556659, 8260.553733315352, 6619.269891779086, 8585.518401854399, 7937.1618595707005, 7660.177275738738, 6693.332168714173, 8387.003556487165, 5793.194564693827, 8073.929255705832, 7745.718146029099, 9454.989731249982, 4286.578590947097, 873.6564841608958, 7099.5131914132535, 6039.260956234328, 0.0, 6603.674442898633, 6275.335130667754, 6198.522952009156, 3885.0863890327855, 10520.427959108252, 10521.621890129341, 9492.670258199232, 6922.917932171889, 5249.741338329872, 6827.113402204122, 6578.954753051555, 7660.177275738738, 5282.034625504739, 8387.003556487165, 4423.591141943106, 6842.412238243705, 6425.504757204495, 9454.989731249982, 4286.578590947097, 0.0, 5436.066263643832, 4368.558908840419, 0.0, 4968.467378389403, 5137.174817251871, 4623.225564271408, 3885.0863890327855, 10520.427959108252, 9238.721537857897, 7501.414563239954, 5612.469614691208, 3877.74696873791, 5098.3463351101, 5239.729446091187, 5849.530557163196, 3897.245545440278, 6836.777140966962, 3102.79452584557, 5618.284642966877, 5105.334636912614, 7699.130864408325, 4286.578590947097, 0.0, 3798.2459366846488, 2753.1053712520306, 0.0, 3355.3782515832863, 4029.813983575704, 3088.0561316799867, 2126.0995769429383, 8753.678345989689, 7961.398504985033, 5593.650675474484, 4314.038485068367, 2479.5434054290413, 3382.509421862739, 3880.0631782862283, 4052.122516570298, 2481.7383363244176, 5295.313709953861, 1863.308681247194, 4360.136858778749, 3710.9136909897616, 5942.761327679153, 4286.578590947097, 0.0, 2125.71001224594, 1128.7972441158288, 0.0, 1680.8010503996722, 2958.0403495111714, 1552.8578714287194, 2126.0995769429383, 6968.070711604102, 6614.18821708064, 3684.12844975444, 2994.5155412124845, 987.7568121034119, 1628.9379607443898, 2438.682948273884, 2207.9843553353157, 1067.0808086515458, 3728.758906560805, 705.7036131959417, 3001.987401779788, 2185.061948838447, 4140.28508384649, 2539.385975341045, 0.0, 443.42361160371365, 0.0, 0.0, 0.0, 1743.5218956899157, 0.0, 452.9445404175328, 5186.386885455291, 5116.800128586741, 1753.0819061157572, 1547.0425220482794, 0.0, 0.0, 897.7613190086445, 453.240164443659, 0.0, 2217.6360676237027, 0.0, 1527.2943879380816, 549.2780381973045, 2443.129085938711, 2539.385975341045, 0.0, 0.0, 0.0, 0.0, 0.0, 399.8215852231053, 0.0, 452.9445404175328, 5186.386885455291, 3531.026521584181, 0.0, 0.0, 46.42062061427001, 0.0, 390.1039672412072, 0.0, 296.88449246280106, 1740.8047935520563, 683.6260314147676, 1008.6627909059839, 0.0, 1713.5730653478959, 2539.385975341045, 0.0, 0.0, 0.0, 80.30177923958429, 0.0, 0.0, 0.0, 0.0, 5186.386885455291, 3531.026521584181, 0.0, 0.0, 990.8156772737784, 1751.6839616372495, 1854.0132613397282, 1131.964207351284, 1403.2106108560795, 1861.7824798925662, 3479.4186590936843, 2531.3520514042493, 1480.6119722889605, 2248.9729657996563, 2845.5668334394722, 1105.9947601318493, 1523.5949203448736, 1425.80851411958, 1755.088015211659, 0.0, 1573.9059750433105, 1724.4013985746667, 1236.4939838597095, 5779.546552028947, 3213.2040227102957, 1154.5899181391767, 1366.5113933588775, 1760.6133845039803, 5091.26883178337, 5025.758273550011, 3095.069368106275, 4749.924635276632, 3777.4065858209083, 6826.132683514237, 5805.755820134649, 4672.389183764246, 3802.251938517529, 3662.5996660586034, 3689.119593507994, 4326.541966962773, 4295.004393703168, 3704.326684361972, 2671.215204499446, 4801.847504135634, 4883.526393740522, 4328.560539292951, 6280.605597076553, 5417.070366334539, 3634.271232238767, 4576.614588140299, 5107.327408924533, 8437.982856203922, 8372.472297970564, 6441.783392526828, 8096.638659697184, 5347.4431427055115, 10172.84670793479, 5805.755820134649, 8019.103208184799, 7148.965962938082, 6392.656796726338, 6264.681573334583, 7673.255991383325, 7641.718418123721, 3839.6044432469835, 6017.929228919998, 8148.561528556187, 8230.240418161075, 7675.274563713503, 6374.38001874671, 6774.041056736667, 6070.490534364531, 7923.328612560852, 8454.041433345086, 11784.696880624475, 9339.231876137997, 9788.49741694738, 11443.352684117737, 8694.157167126064, 13519.560732355343, 9152.469844555202, 11365.817232605352, 10495.679987358635, 8193.666806204084, 9611.395597755136, 11019.970015803878, 10988.432442544274, 6027.563575966322, 9364.643253340551, 8148.561528556187, 11576.954442581628, 11021.988588134056, 8628.544571030528, 8446.87825065911, 9417.204558785084, 11270.042636981405, 11800.75545776564, 14052.690843118018, 9339.231876137997, 13135.211441367934, 14790.06670853829, 12040.871191546617, 16866.274756775896, 12499.183868975755, 14712.531257025905, 13842.394011779188, 11540.380830624637, 12958.109622175689, 14366.68404022443, 14335.146466964827, 9374.277600386875, 12711.357277761104, 9715.937908943855, 14923.66846700218, 13534.687381141572, 10438.906376851897, 10140.97526505513, 12763.918583205637, 14286.506172563257, 12048.485971259726, 17399.40486753857, 12685.94590055855, 16481.925465788485, 17345.053542813523, 15387.58521596717, 18368.39186616262, 15845.897893396308, 18059.245281446456, 17189.10803619974, 14887.09485504519, 16304.823646596242, 16747.05572575629, 17681.860491385378, 11877.586784990202, 16058.071302181657, 13062.651933364408, 18270.382491422733, 16757.62026997788, 12890.39622871427, 13487.689289475684, 16110.63260762619, 16824.2414314318, 12048.485971259726, 20746.118891959122, 16032.659924979103, 19700.98235611266, 19038.986084071457, 18288.13485422074, 21303.209677502382, 15845.897893396308, 21405.959305867007, 20535.822060620292, 18233.80887946574, 19651.537671016795, 20093.76975017684, 21028.57451580593, 12471.81999726381, 19404.78532660221, 16409.36595778496, 20178.499398908447, 19700.346433983937, 13136.368861964158, 16361.861952869462, 19457.34663204674, 17055.860414717088, 12119.432426163265, 22261.758212229106, 18885.144071843053, 22257.353545887116, 19784.96146283932, 20735.29067019857, 22456.44829941814, 17739.55342687192, 23255.45489623786, 22109.27014777283, 20614.347985722485, 22308.387803235524, 22459.94709436027, 22295.898889116306, 12417.469984412835, 22249.46315233884, 19409.707759890563, 22544.170871569986, 22164.100177221742, 13136.368861964158, 18530.327135570584, 22004.43666006861, 18451.47084744773, 12119.432426163265, 23255.45489623786, 18885.144071843053, 23176.967240177055, 19883.61722657159, 21041.551638721932, 21407.313648357383, 19511.075762458026, 23255.45489623786, 21146.115578587836, 21316.769096995344, 23255.45489623786, 23255.45489623786, 23255.45489623786, 11419.73142019163, 23255.45489623786, 20226.391437929724, 23255.45489623786, 23255.45489623786, 12060.286450690328, 18438.65101413479, 22847.860030876654, 18554.45619455272, 11771.272108666482, 23255.45489623786, 17999.348200458724, 22354.119534282177, 18666.124063515235, 20043.146229412643, 19799.636360266308, 19125.347482931775, 22810.048140962463, 19731.406822454348, 20302.926840327134, 22419.11576619037, 22362.229692863406, 23255.45489623786, 9852.961686250273, 22078.34749005385, 18830.058052845525, 22203.82830307097, 23255.45489623786, 10230.812739887606, 17747.399884170296, 21502.909852787514, 17435.9922418012, 11771.272108666482, 21197.54324122393, 16184.84716799581, 20272.021376503722, 16621.25928508339, 18170.08129865131, 17968.27022514887, 17590.150520282736, 21040.06600888191, 17555.965297899722, 18014.24604501915, 22419.11576619037, 20409.753326238188, 21331.5677719664, 8586.06245020075, 20085.338662552105, 17079.829444783983, 20095.13051163903, 21294.38708345107, 8156.6067248584, 16072.092232756806, 18924.497740973926, 15927.900335580947, 11439.099165928532, 19198.474424552638, 14532.466380457565, 18129.97282264103, 14743.121909544805, 16009.119996567051, 15971.731856121522, 16123.69779985545, 19412.667077958376, 15282.897937396348, 16036.250994008005, 22419.11576619037, 18524.470495683545, 19462.20292274895, 8013.136648951515, 18068.54569961824, 15446.153768477474, 18093.13122611381, 19322.70395019412, 6112.9811753251315, 14447.98447102489, 16542.503586027142, 14367.750965942008, 11439.099165928532, 17225.60266607673, 12953.813169654375, 15990.208845987345, 12926.046291307273, 13884.298220984925, 14015.587835293061, 14723.859326679421, 17856.803333207947, 13043.381729691093, 14060.095020096476, 22419.11576619037, 16657.76564298635, 17606.382248255813, 7557.927190153597, 16115.34516493128, 13895.562794229209, 16125.42880682135, 17340.724460534573, 4103.387434212812, 12898.733694770715, 14206.991860145616, 13039.827690721208, 10915.511767564534, 15282.156074963821, 11405.20637275963, 13926.69451342965, 11168.597856541126, 11851.94189527023, 12213.057568908707, 13346.924110652224, 16379.48193770649, 10857.567273331344, 12143.55485608778, 20328.335281975014, 14820.97724545512, 15772.442455522136, 7119.200426261669, 14211.119936656636, 12374.508083317722, 14214.768006500964, 15386.888346201611, 2130.8365408876443, 11409.607772417243, 11942.53661487575, 11557.429193385877, 10267.630271081767, 13393.562669661485, 9911.234319600379, 11910.608299858737, 9478.064642757667, 9869.048392898863, 10644.349628380172, 12018.895724806313, 14966.550360510044, 8766.893206507544, 10240.852163453103, 18278.844285548064, 13021.576656408219, 13980.070708609184, 6488.545798540325, 12391.527295907788, 10907.404080765276, 12361.681345657198, 13473.510175331314, 2130.8365408876443, 9972.178321356776, 9753.025550837794, 10043.557465287535, 9130.155495646848, 11548.999678797858, 8597.897144139493, 9959.707445530335, 7903.178833284657, 8037.542159190496, 8986.676792923945, 10607.985108624662, 13686.70896951887, 8766.893206507544, 8377.973518849503, 16466.108167312253, 11211.326527323512, 12137.887346418742, 6283.505394932269, 10645.923915433934, 9640.349352116747, 10538.591714842261, 11605.435947118041, 2130.8365408876443, 8717.653671009006, 9753.025550837794, 8734.83171652083, 7839.406761715727, 11548.999678797858, 7362.731702007681, 9959.707445530335, 6604.592105630608, 6299.592057883419, 7475.5656190752725, 9170.26041900151, 12459.592325206637, 6942.158486566643, 6610.959751827593, 14732.1203999959, 9441.264753156029, 10334.95845298918, 6283.505394932269, 8954.488656691552, 8352.35107791733, 8841.95839669647, 9799.909743685865, 2130.8365408876443, 7519.7130574133025, 9753.025550837794, 7472.414625645741, 6668.019601541653, 10047.393326654124, 6169.851606317131, 8104.149453287582, 5187.205040211626, 4653.309696670573, 6228.395875866292, 7764.218016159962, 11244.997083343715, 5174.31250069784, 6610.959751827593, 13027.500815427378, 7705.472216489365, 8597.748483177656, 6283.505394932269, 7318.711745220489, 7094.696448162524, 7204.191565325396, 8041.078760973786, 2130.8365408876443, 6357.228675426718, 7967.082091557563, 6338.535094748589, 5251.06654755143, 8335.574714482369, 5021.605346553592, 6268.499103240499, 3764.132300764616, 3039.1488253615244, 5101.748110883308, 6373.652708518927, 10045.038405027213, 3429.3700750453536, 6610.959751827593, 11333.54686263444, 6000.157793465316, 6918.934614107921, 6283.505394932269, 5742.696133499006, 5852.901879161349, 5653.237800781657, 6311.907138707838, 2130.8365408876443, 5199.7409242751655, 6229.79298248601, 5322.494184960144, 3828.5288652893496, 6660.230295686457, 3913.6619707630734, 4448.531182175938, 2520.075325869103, 3039.1488253615244, 3805.5231073616196, 4998.223383888364, 8846.125782182793, 3429.3700750453536, 4948.139293082405, 9675.989714510852, 4327.961523371415, 5285.115224949582, 6283.505394932269, 4187.113864018422, 4626.98110697793, 4207.439184469348, 4606.4240513838995, 2130.8365408876443, 4052.8622111026407, 4536.521434815344, 4284.496537424368, 2378.1829510399025, 4962.14978201383, 2854.4020268098066, 2652.0232835549527, 1508.153173311091, 3039.1488253615244, 2408.7842224801816, 3601.4619000703633, 7577.9613380156325, 3429.3700750453536, 3303.449383576111, 8046.608952947621, 2639.9937946519094, 3732.078231062297, 6283.505394932269, 2577.7510136402416, 3382.092848693511, 2776.6212598648444, 2947.415184901937, 2130.8365408876443, 2848.1712939906656, 2821.531929589628, 3461.8164209735887, 829.384035578902, 3242.1606946225374, 1659.7598702998862, 818.9245356339331, 624.0796533470125, 3039.1488253615244, 1009.0197528295641, 2124.277900699084, 6187.698374186332, 1660.2127009854305, 1638.0650599930398, 8046.608952947621, 966.0725637453534, 2164.064065983026, 6283.505394932269, 974.0246298659813, 2064.534636094555, 1274.3555063816714, 1344.7197399316096, 2130.8365408876443, 1512.089945950585, 1077.7983654118323, 2075.023576771118, 0.0, 1691.9564953571326, 342.18902988457893, 0.0, 0.0, 1490.569110833657, 0.0, 548.6412253992071, 4700.609307496249, 0.0, 105.35541068831321, 7156.389659922847, 104.46400776186094, 678.3876451089636, 6283.505394932269, 0.0, 658.1076988118008, 0.0, 1344.7197399316096, 615.6649094659781, 101.803225618767, 0.0, 446.3097374445973, 0.0, 1716.0380829401183, 0.0, 0.0, 480.76171099408106, 1490.569110833657, 474.4448410670742, 0.0, 4357.72385020684, 0.0, 0.0, 6886.9676588735765, 0.0, 494.82416325126576, 6283.505394932269, 0.0, 0.0, 0.0, 751.7776898592838, 0.0, 0.0, 0.0, 0.0, 961.0625102236968, 3466.779524121177, 0.0, 651.1500945302118, 2073.821149978846, 1709.598821180788, 2719.3849449718537, 1505.3351624585964, 5911.896516244363, 1265.5439344339986, 932.452961852836, 7266.17689661046, 1377.012069417544, 2021.196718227366, 6379.060593321992, 2228.3135583823623, 0.0, 1812.4019451790455, 1556.793805635573, 1606.9128958506185, 1836.5802423321568, 1845.9654687030336, 1091.4258519652244, 1998.0263749482172, 5175.709861520183, 0.0, 3054.495091289737, 5420.535174399398, 2001.6136123510587, 6066.098969392406, 4766.833456262675, 7186.853388463325, 4337.577675920142, 3344.7059523567373, 7680.763336000737, 4321.376201345208, 4559.551193810644, 7050.158828703764, 5575.027582802915, 0.0, 3222.273010415382, 2191.200016248131, 4694.338253583843, 1836.5802423321568, 4037.3727846462243, 4138.330628074629, 2711.411252912815, 8522.423885940736, 3346.7140244205525, 6401.20911571029, 8767.24919881995, 5261.13723070296, 9412.812993812959, 6885.284190606029, 10533.567412883878, 7684.291700340695, 6691.41997677729, 9700.696117688894, 7668.09022576576, 7906.265218231196, 9241.381668673028, 8810.078185032222, 1869.2007904104835, 6568.9870348359345, 5517.864762690477, 7435.076608315731, 4673.223495615726, 7384.086809066777, 6267.807202076769, 5849.235148732065, 11869.137910361289, 6693.428048841105, 9747.923140130843, 12113.963223240504, 8607.851255123513, 12759.527018233512, 10231.998215026582, 13880.281437304431, 11031.005724761248, 10038.134001197843, 11997.549304265982, 11014.804250186313, 11252.979242651749, 12588.09569309358, 12156.792209452775, 5215.914814831036, 9915.701059256487, 8864.57878711103, 10781.790632736283, 8019.937520036279, 10730.80083348733, 9614.521226497322, 7819.135329975339, 15215.851934781842, 10040.142073261657, 13094.637164551395, 14308.0334363572, 11954.565279544066, 15923.366349418782, 13578.712239447135, 17202.16569292872, 14377.7197491818, 13384.848025618396, 14777.648571351196, 13432.010122939353, 14599.693267072302, 15934.809717514134, 15503.506233873328, 8562.628839251589, 13262.41508367704, 12211.292811531583, 14128.504657156836, 11366.651544456832, 14077.514857907883, 12961.235250917875, 10526.451262691657, 18562.565959202395, 13386.85609768221, 16441.35118897195, 15256.023082340307, 14833.54103746447, 18650.933137011023, 16925.42626386769, 20265.750079269907, 17724.43377360235, 16731.56205003895, 18124.36259577175, 16778.724147359906, 16637.460378304586, 19281.523741934685, 18850.22025829388, 11909.342863672142, 16609.129108097593, 15558.006835952136, 17475.21868157739, 14713.365568877385, 16047.257810795674, 16307.949275338427, 12791.57228455865, 19207.414762007487, 16733.570122102763, 19788.0652133925, 15948.683474432752, 18063.189922305864, 20535.737273112536, 20272.14028828824, 20265.750079269907, 21071.147798022903, 20078.2760744595, 19770.234639027643, 20125.438171780457, 19066.780722662897, 19620.64581394364, 22196.934282714432, 15256.056888092695, 19955.843132518145, 18904.720860372687, 20821.93270599794, 18060.079593297938, 19393.971835216227, 19654.66329975898, 12749.770113522265, 21829.687495985247, 20024.06981814488, 22312.487763366596, 15948.683474432752, 19138.81661341053, 22800.741863386054, 20272.14028828824, 20265.750079269907, 22760.8962625875, 22199.982679587847, 21275.72988275439, 22469.560190549408, 21087.70279192189, 21282.355842389894, 22196.934282714432, 18343.861110187503, 22444.48735243254, 21428.2975558579, 23220.724725266886, 21406.79361771849, 22232.43616154535, 22287.64674898928, 12749.770113522265, 22505.629889519547, 21578.47952283055, 23255.45489623786, 15948.683474432752, 19264.525711393733, 23255.45489623786, 20272.14028828824, 20265.750079269907, 22788.219459013417, 23255.45489623786, 21645.365284301723, 23255.45489623786, 22099.04198743582, 21064.353321221948, 23255.45489623786, 19763.11289424321, 23255.45489623786, 22808.24900680037, 22799.911385189986, 23255.45489623786, 23255.45489623786, 23255.45489623786, 12696.449398401232, 22505.629889519547, 20858.58425070746, 23255.45489623786, 14820.82050939949, 19264.525711393733, 21630.58802375855, 19635.247174737506, 19992.52125721027, 21899.001959733912, 22640.087883570413, 21645.365284301723, 22268.95583215457, 22099.04198743582, 19651.63998477448, 22182.462981063098, 18742.390424785026, 22251.37640573004, 22598.723626218285, 22799.911385189986, 23103.726891775703, 23255.45489623786, 22129.69857772801, 12266.709123622648, 20464.435166894407, 19133.06379441738, 21177.369402018227, 14607.814808180648, 19264.525711393733, 19602.801299284514, 17889.909891215775, 18402.895467153347, 19744.158275607773, 22640.087883570413, 19796.88997434572, 22268.95583215457, 20234.75809749172, 18277.621254150934, 20300.59750578992, 17162.43035301118, 20234.958487136635, 20760.76231895217, 20957.21374254092, 21613.33150246063, 21027.90239727797, 20404.878104383537, 12266.709123622648, 18143.885047799424, 17473.20357366448, 18726.64864581505, 13710.1083029563, 16958.173085242317, 17586.23547383308, 16210.927982668747, 16884.99112459666, 17557.13948168498, 20243.71675410592, 17780.754533371815, 20075.36087724423, 18041.877924324388, 16799.561475223563, 18023.90308641569, 15673.295977861095, 18018.004115247095, 18757.730940128036, 18865.29671115399, 20150.981975727525, 18646.848167009222, 18726.46915978446, 12266.709123622648, 15827.55353557963, 15898.712006342399, 16273.610654051608, 12470.879775825657, 14695.202695669117, 15679.730102495905, 14607.92221572589, 15444.026851609458, 15407.776006467873, 17898.51754219995, 15738.120182027567, 17907.51540327531, 15954.27236242089, 15468.42263242065, 15820.590879001873, 14251.417967261486, 15820.842030362617, 16762.76974734391, 16820.652257992344, 18753.08702502271, 16339.708468878918, 17111.09793908154, 10800.115119550883, 15523.618498417056, 14356.709084695563, 13924.844763020006, 11122.708579014386, 14695.202695669117, 13817.986228021266, 13042.678099717383, 14086.780667714118, 13302.872277856211, 17898.51754219995, 13681.74218329985, 15789.093275156534, 13949.45241834151, 14187.040001004474, 13703.594808363378, 12859.263872426412, 13608.437331317462, 14822.211100041037, 14857.366508426161, 17410.783315646757, 14128.092432377889, 15539.959798350194, 9354.563663578792, 13298.394163586136, 12865.141625441423, 11680.358047396534, 9746.36684277935, 12610.328026793266, 12013.684891370454, 11532.767690582958, 12790.829927645842, 11281.70680501306, 15737.213437963532, 11674.174109703474, 13749.72471561947, 11985.628289712204, 13102.30307619779, 11727.784839314369, 11514.10741915759, 11418.744079649234, 12964.966371255668, 12976.160625747623, 16111.806411097716, 12019.990764193279, 13979.873607584917, 7960.367784750733, 11081.467231636638, 11561.111538420435, 9625.356853559206, 8109.88531626671, 10651.18518871408, 10246.403100544167, 10288.244982633223, 11433.006626092894, 9298.577980531336, 13891.184836775494, 11674.174109703474, 13749.72471561947, 10229.079089284487, 11629.322322494107, 9788.301554914664, 10185.90815704297, 9309.952718516724, 10987.60635764533, 11151.29942061166, 14745.286323792205, 10172.06777709629, 13979.873607584917, 7295.414701452395, 8981.285862976467, 10237.954480239865, 7665.781173492076, 6535.356009310141, 8775.241012783143, 8576.412783641652, 9026.885917133417, 10130.596652035416, 7412.445997757966, 12117.388160871114, 9686.911118879303, 13749.72471561947, 8519.092765224466, 10164.607424073421, 7957.684224953327, 8832.42258716969, 7310.257472132773, 9095.59347540118, 9374.47356910268, 13438.441546175187, 8435.483296361135, 13806.453978050631, 6390.700760157671, 8981.285862976467, 8945.273053006516, 5806.421132539268, 5113.923828893592, 6980.811741735609, 7059.361923052035, 7798.053428219006, 8841.333967954066, 5582.872565444516, 10414.170366852182, 7777.515124891621, 11768.34287950523, 6851.422507439604, 8713.332531885148, 6225.337394642241, 7508.804315320082, 5420.210332774457, 7247.635110180325, 7636.172989523266, 12168.337472153016, 6767.365902261145, 12402.722820649858, 5205.303391844439, 7083.1693121645, 7666.19626926035, 3996.050175434409, 3889.805843263229, 5222.919309312847, 5573.093192054812, 6590.7834410128935, 7567.878214473385, 3774.4936187035037, 8745.207909386987, 5911.2765900679315, 9841.527176231391, 5193.521618299568, 7265.851264276923, 4574.024373538009, 6199.832359879933, 3651.471199651678, 5414.036704880335, 7636.172989523266, 10902.25061254679, 5152.6203211374095, 11028.03850525715, 3852.6987872096543, 5274.648490840482, 6399.205141253751, 3996.050175434409, 2809.6884423992055, 3484.7489302495696, 4237.492306628116, 5396.699643173033, 6295.566106377319, 1997.7198603684528, 7096.10315681301, 4104.376927793098, 7957.62642055466, 5193.521618299568, 5811.713083913335, 4574.024373538009, 4903.808027317239, 1967.297104686436, 5414.036704880335, 5954.933643218533, 9645.625790724678, 4821.946224103297, 9664.724575186421, 2462.840962108397, 3473.0461439617557, 5106.736772590902, 3996.050175434409, 1850.8399626717082, 1763.8828938142453, 2774.332168533423, 4182.313311032974, 4949.718838598713, 231.6614866872544, 7096.10315681301, 2336.003698930978, 6053.549325278577, 3780.860949194066, 4328.841088913644, 3262.606320937697, 3586.0223876307255, 1967.297104686436, 3609.531676774159, 4236.033069382963, 8324.7562084345, 3207.0668209696255, 8275.118823476483, 1136.5051829217834, 1654.3167328110906, 3727.27584881032, 3996.050175434409, 966.0619481837388, 0.0, 1244.055819401045, 2893.95808082129, 3470.506505327515, 231.6614866872544, 5418.116156784141, 542.4993603293875, 4148.301144601188, 2036.2633372954115, 2745.050014604096, 1565.156663061784, 2192.0555953444195, 311.23861449448964, 1755.682660417447, 4236.033069382963, 6856.8902190695335, 1538.4571147972945, 6741.587971512381, 0.0, 0.0, 2245.8181810043843, 3400.1637050879026, 331.61605173444013, 0.0, 0.0, 1517.0158162651662, 1882.1421006050878, 0.0, 3824.711040345949, 542.4993603293875, 2403.263385505982, 422.18228481370954, 2745.050014604096, 0.0, 704.4331038305074, 0.0, 0.0, 2582.690029314007, 5304.835270825051, 0.0, 5097.499184717903, 0.0, 0.0, 1756.7103505151122, 2811.2537425604196, 331.61605173444013, 0.0, 518.8201037299486, 1165.7239367265365, 1453.9388701980556, 0.0, 3824.711040345949, 0.0, 2011.8507123432687, 0.0, 2745.050014604096, 0.0, 0.0, 0.0, 0.0, 2582.690029314007, 5076.80985751994, 0.0, 4677.933174323792, 1102.4356628739542, 1144.4830702203644, 3286.927857450405, 3841.2323623118787, 2390.150965183972, 984.7217712428281, 2822.667406393275, 2795.2112914898103, 1453.9388701980556, 1452.9214016467665, 4350.356160319816, 0.0, 2710.7839242361806, 850.979473606278, 3179.401412804386, 2064.152680917573, 1474.442796142952, 1674.9291946159296, 1204.750927379131, 2868.9317473225797, 6807.492908573093, 0.0, 5994.841629907585, 2362.213836814195, 4401.305219140833, 6512.25625858196, 6205.318729170056, 5736.864989604524, 3713.944852220803, 6169.381430813828, 6141.925315910363, 1453.9388701980556, 3172.9097856287885, 6555.892238732355, 2960.097317717867, 5218.939071934923, 3537.572751625685, 4308.2998322683825, 4938.853535930504, 4596.330944662783, 4800.087343462046, 4005.4399027160907, 4333.459590498778, 10154.206932993646, 2809.2871705344646, 8315.607240379102, 4658.7770707055715, 7748.019243561386, 9858.970283002513, 9552.032753590609, 9083.579014025077, 7060.658876641355, 9516.095455234381, 9488.639340330916, 4800.652894618608, 6519.623810049341, 8077.033602325049, 6306.81134213842, 8565.653096355476, 6884.286776046238, 4683.1847057476525, 8285.567560351057, 7943.044969083336, 7761.668198779437, 7352.153927136644, 5337.476648518005, 11219.834698017647, 6156.001194955017, 11662.321264799655, 8005.4910951261245, 11094.73326798194, 13205.684307423066, 12898.746778011162, 12430.29303844563, 10407.372901061908, 12862.809479654934, 9488.639340330916, 8147.366919039161, 9866.337834469894, 11423.747626745602, 9653.525366558972, 11912.367120776029, 10231.00080046679, 5124.022102070925, 11632.28158477161, 8912.598311650456, 11108.38222319999, 10698.867951557197, 7947.714517674114, 11219.834698017647, 9502.71521937557, 15009.035289220208, 11352.205119546677, 14441.447292402492, 16552.39833184362, 16245.460802431715, 15777.007062866183, 13754.086925482461, 16209.523504075487, 9488.639340330916, 11494.080943459714, 13213.051858890447, 13531.957368412806, 13000.239390979525, 15259.081145196582, 13577.714824887344, 5937.4283432652155, 13136.722553884994, 12259.312336071009, 14455.096247620542, 14045.58197597775, 9977.476643076947, 11219.834698017647, 12849.429243796123, 18355.74931364076, 13851.189856937233, 17788.161316823043, 19899.11235626417, 19592.174826852268, 19123.721087286736, 17100.800949903012, 16816.802984198104, 12835.353364751469, 14840.794967880267, 16559.765883311, 16669.270421639492, 16346.953415400078, 18082.22373212654, 16800.938176573487, 6476.822485846885, 16483.436578305547, 15606.026360491562, 17582.248917749286, 17289.875734178248, 13163.529060530567, 11219.834698017647, 16196.143268216676, 21702.463338061312, 14730.24743384623, 21134.875341243594, 23245.82638068472, 19857.469552664046, 20863.572441417484, 20447.514974323563, 20163.517008618655, 16182.067389172022, 18187.50899230082, 19906.47990773155, 19276.095303939353, 19693.66743982063, 19750.503048652048, 19572.42132162936, 7320.051457849102, 19830.1506027261, 18952.740384912115, 20928.962942169837, 19303.811385872752, 16412.608165282036, 14566.5487224382, 19542.85729263723, 22945.47849636359, 14838.670884830952, 22289.037285053895, 23245.82638068472, 20414.296835819358, 23255.45489623786, 22593.163445387327, 22620.932240446964, 19508.28132003208, 21534.22301672137, 22441.648906335748, 20268.87783504008, 22201.74173009143, 21328.494135142013, 20462.668301197627, 7320.051457849102, 22487.131640029562, 21934.35089723875, 23255.45489623786, 20909.436089349856, 18320.754384833366, 17913.262746858753, 22309.21165795642, 23069.672838591643, 14838.670884830952, 22777.70278999897, 23245.82638068472, 20763.46455257507, 23255.45489623786, 23237.803351348848, 23255.45489623786, 21172.442722513315, 23255.45489623786, 23255.45489623786, 20268.87783504008, 23255.45489623786, 21328.494135142013, 20212.59434168273, 6391.569303014557, 23255.45489623786, 23255.45489623786, 23255.45489623786, 21477.053712446068, 18767.31466707644, 19675.322590321586, 23255.45489623786, 21914.312398246246, 14838.670884830952, 22777.70278999897, 22587.93605993528, 19641.53608822501, 22897.301630150243, 22084.927206752895, 21977.824454969053, 20826.917604001763, 22923.419397169517, 21786.512381950644, 20268.87783504008, 23255.45489623786, 21328.494135142013, 18785.92968638355, 4656.788320859578, 21870.60427738024, 23255.45489623786, 23255.45489623786, 20141.950760772586, 18767.31466707644, 19438.131407194716, 22120.82285993076, 20687.219873970636, 13140.825986525926, 20379.57200273643, 20898.28937384669, 17311.273512800333, 22771.826339910356, 19821.95289956261, 20001.376886433864, 19211.033269490345, 21196.208156780096, 19531.66380748328, 18083.004118091423, 21172.64737000201, 21328.494135142013, 16689.317706424456, 3666.1336521306966, 19616.165778990347, 21572.859347513553, 23255.45489623786, 17980.054172603617, 16665.948636862, 17808.470688558788, 22120.82285993076, 19054.091494149798, 13140.825986525926, 17917.039108909674, 19304.757644722322, 15043.767215340918, 22355.05843237765, 17650.184937674803, 17925.184209404768, 17615.927634227963, 19527.407838672556, 17222.72724645256, 15867.602224041962, 19055.053773958367, 18882.849289100195, 14727.01848921664, 2398.596680756655, 17335.929797539055, 19992.381191419452, 23255.45489623786, 15799.461960881257, 14508.339154809428, 16176.420176974183, 22120.82285993076, 17408.483405752744, 13140.825986525926, 15499.226233999116, 17793.86124597642, 12789.55895477425, 22097.42901019908, 17650.184937674803, 15896.862988282483, 16072.549708165412, 17897.521534085656, 14959.627723978114, 13669.279335010533, 16944.56773353781, 18882.849289100195, 12777.609936612174, 798.5202453352445, 15133.046664073645, 18479.394054197677, 23255.45489623786, 13660.538291697772, 12330.25925195129, 14617.154964227535, 22120.82285993076, 16014.587374322125, 13140.825986525926, 13135.388788430493, 16321.919653220766, 10625.669400493674, 22533.202540051338, 15519.473508744506, 13965.656488055261, 14566.656777666216, 16342.14376786185, 12760.778648673328, 13669.279335010533, 14866.069672246846, 18882.849289100195, 10913.617338618986, 798.5202453352445, 13006.454476640327, 16991.999705599843, 23255.45489623786, 11561.962323086867, 10155.179472515656, 13126.834759500967, 22120.82285993076, 14485.42345539368, 13140.825986525926, 10829.597975682258, 14907.020161345134, 8542.35242428507, 23255.45489623786, 13425.569273736586, 12151.274953135204, 13115.80742804872, 14855.962521921732, 10665.009343027106, 13669.279335010533, 12837.564837255984, 18882.849289100195, 10913.617338618986, 275.71932264168646, 11010.356254449682, 15557.386203883736, 23255.45489623786, 11561.962323086867, 10155.179472515656, 11686.550876864276, 22120.82285993076, 12927.818258379593]"
CAPEX_TES_storage,0.0
FOM_Coal,15624.0
powerTurbine_t,"[0.0, 0.0, 0.0, 0.0, 0.0, 0.0, 0.0, 0.0, 0.0, 0.0, 0.0, 0.0, 0.0, 0.0, 0.0, 0.0, 0.0, 0.0, 0.0, 0.0, 0.0, 0.0, 0.0, 0.0, 0.0, 0.0, 0.0, 0.0, 0.0, 0.0, 0.0, 0.0, 0.0, 0.0, 0.0, 0.0, 0.0, 0.0, 0.0, 0.0, 0.0, 0.0, 0.0, 0.0, 0.0, 0.0, 0.0, 0.0, 0.0, 0.0, 0.0, 0.0, 0.0, 0.0, 0.0, 0.0, 0.0, 0.0, 0.0, 0.0, 0.0, 0.0, 0.0, 0.0, 0.0, 0.0, 0.0, 0.0, 0.0, 0.0, 0.0, 0.0, 0.0, 0.0, 0.0, 0.0, 0.0, 0.0, 0.0, 0.0, 0.0, 0.0, 0.0, 0.0, 0.0, 0.0, 0.0, 0.0, 0.0, 0.0, 0.0, 0.0, 0.0, 0.0, 0.0, 0.0, 0.0, 0.0, 0.0, 0.0, 0.0, 0.0, 0.0, 0.0, 0.0, 0.0, 0.0, 0.0, 0.0, 0.0, 0.0, 0.0, 0.0, 0.0, 0.0, 0.0, 0.0, 0.0, 0.0, 0.0, 0.0, 0.0, 0.0, 0.0, 0.0, 0.0, 0.0, 0.0, 0.0, 0.0, 0.0, 0.0, 0.0, 0.0, 0.0, 0.0, 0.0, 0.0, 0.0, 0.0, 0.0, 0.0, 0.0, 0.0, 0.0, 0.0, 0.0, 0.0, 0.0, 0.0, 0.0, 0.0, 0.0, 0.0, 0.0, 0.0, 0.0, 0.0, 0.0, 0.0, 0.0, 0.0, 0.0, 0.0, 0.0, 0.0, 0.0, 0.0, 0.0, 0.0, 0.0, 0.0, 0.0, 0.0, 0.0, 0.0, 0.0, 0.0, 0.0, 0.0, 0.0, 0.0, 0.0, 0.0, 0.0, 0.0, 0.0, 0.0, 0.0, 0.0, 0.0, 0.0, 0.0, 0.0, 0.0, 0.0, 0.0, 0.0, 0.0, 0.0, 0.0, 0.0, 0.0, 0.0, 0.0, 0.0, 0.0, 0.0, 0.0, 0.0, 0.0, 0.0, 0.0, 0.0, 0.0, 0.0, 0.0, 0.0, 0.0, 0.0, 0.0, 0.0, 0.0, 0.0, 0.0, 0.0, 0.0, 0.0, 0.0, 0.0, 0.0, 0.0, 0.0, 0.0, 0.0, 0.0, 0.0, 0.0, 0.0, 0.0, 0.0, 0.0, 0.0, 0.0, 0.0, 0.0, 0.0, 0.0, 0.0, 0.0, 0.0, 0.0, 0.0, 0.0, 0.0, 0.0, 0.0, 0.0, 0.0, 0.0, 0.0, 0.0, 0.0, 0.0, 0.0, 0.0, 0.0, 0.0, 0.0, 0.0, 0.0, 0.0, 0.0, 0.0, 0.0, 0.0, 0.0, 0.0, 0.0, 0.0, 0.0, 0.0, 0.0, 0.0, 0.0, 0.0, 0.0, 0.0, 0.0, 0.0, 0.0, 0.0, 0.0, 0.0, 0.0, 0.0, 0.0, 0.0, 0.0, 0.0, 0.0, 0.0, 0.0, 0.0, 0.0, 0.0, 0.0, 0.0, 0.0, 0.0, 0.0, 0.0, 0.0, 0.0, 0.0, 0.0, 0.0, 0.0, 0.0, 0.0, 0.0, 0.0, 0.0, 0.0, 0.0, 0.0, 0.0, 0.0, 0.0, 0.0, 0.0, 0.0, 0.0, 0.0, 0.0, 0.0, 0.0, 0.0, 0.0, 0.0, 0.0, 0.0, 0.0, 0.0, 0.0, 0.0, 0.0, 0.0, 0.0, 0.0, 0.0, 0.0, 0.0, 0.0, 0.0, 0.0, 0.0, 0.0, 0.0, 0.0, 0.0, 0.0, 0.0, 0.0, 0.0, 0.0, 0.0, 0.0, 0.0, 0.0, 0.0, 0.0, 0.0, 0.0, 0.0, 0.0, 0.0, 0.0, 0.0, 0.0, 0.0, 0.0, 0.0, 0.0, 0.0, 0.0, 0.0, 0.0, 0.0, 0.0, 0.0, 0.0, 0.0, 0.0, 0.0, 0.0, 0.0, 0.0, 0.0, 0.0, 0.0, 0.0, 0.0, 0.0, 0.0, 0.0, 0.0, 0.0, 0.0, 0.0, 0.0, 0.0, 0.0, 0.0, 0.0, 0.0, 0.0, 0.0, 0.0, 0.0, 0.0, 0.0, 0.0, 0.0, 0.0, 0.0, 0.0, 0.0, 0.0, 0.0, 0.0, 0.0, 0.0, 0.0, 0.0, 0.0, 0.0, 0.0, 0.0, 0.0, 0.0, 0.0, 0.0, 0.0, 0.0, 0.0, 0.0, 0.0, 0.0, 0.0, 0.0, 0.0, 0.0, 0.0, 0.0, 0.0, 0.0, 0.0, 0.0, 0.0, 0.0, 0.0, 0.0, 0.0, 0.0, 0.0, 0.0, 0.0, 0.0, 0.0, 0.0, 0.0, 0.0, 0.0, 0.0, 0.0, 0.0, 0.0, 0.0, 0.0, 0.0, 0.0, 0.0, 0.0, 0.0, 0.0, 0.0, 0.0, 0.0, 0.0, 0.0, 0.0, 0.0, 0.0, 0.0, 0.0, 0.0, 0.0, 0.0, 0.0, 0.0, 0.0, 0.0, 0.0, 0.0, 0.0, 0.0, 0.0, 0.0, 0.0, 0.0, 0.0, 0.0, 0.0, 0.0, 0.0, 0.0, 0.0, 0.0, 0.0, 0.0, 0.0, 0.0, 0.0, 0.0, 0.0, 0.0, 0.0, 0.0, 0.0, 0.0, 0.0, 0.0, 0.0, 0.0, 0.0, 0.0, 0.0, 0.0, 0.0, 0.0, 0.0, 0.0, 0.0, 0.0, 0.0, 0.0, 0.0, 0.0, 0.0, 0.0, 0.0, 0.0, 0.0, 0.0, 0.0, 0.0, 0.0, 0.0, 0.0, 0.0, 0.0, 0.0, 0.0, 0.0, 0.0, 0.0, 0.0, 0.0, 0.0, 0.0, 0.0, 0.0, 0.0, 0.0, 0.0, 0.0, 0.0, 0.0, 0.0, 0.0, 0.0, 0.0, 0.0, 0.0, 0.0, 0.0, 0.0, 0.0, 0.0, 0.0, 0.0, 0.0, 0.0, 0.0, 0.0, 0.0, 0.0, 0.0, 0.0, 0.0, 0.0, 0.0, 0.0, 0.0, 0.0, 0.0, 0.0, 0.0, 0.0, 0.0, 0.0, 0.0, 0.0, 0.0, 0.0, 0.0, 0.0, 0.0, 0.0, 0.0, 0.0, 0.0, 0.0, 0.0, 0.0, 0.0, 0.0, 0.0, 0.0, 0.0, 0.0, 0.0, 0.0, 0.0, 0.0, 0.0, 0.0, 0.0, 0.0, 0.0, 0.0, 0.0, 0.0, 0.0, 0.0, 0.0, 0.0, 0.0, 0.0, 0.0, 0.0, 0.0, 0.0, 0.0, 0.0, 0.0, 0.0, 0.0, 0.0, 0.0, 0.0, 0.0, 0.0, 0.0, 0.0, 0.0, 0.0, 0.0, 0.0, 0.0, 0.0, 0.0, 0.0, 0.0, 0.0, 0.0, 0.0, 0.0, 0.0, 0.0, 0.0, 0.0, 0.0, 0.0, 0.0, 0.0, 0.0, 0.0, 0.0, 0.0, 0.0, 0.0, 0.0, 0.0, 0.0, 0.0, 0.0, 0.0, 0.0, 0.0, 0.0, 0.0, 0.0, 0.0, 0.0, 0.0, 0.0, 0.0, 0.0, 0.0, 0.0, 0.0, 0.0, 0.0, 0.0, 0.0, 0.0, 0.0, 0.0, 0.0, 0.0, 0.0, 0.0, 0.0, 0.0, 0.0, 0.0, 0.0, 0.0, 0.0, 0.0, 0.0, 0.0, 0.0, 0.0, 0.0, 0.0, 0.0, 0.0, 0.0, 0.0, 0.0, 0.0, 0.0, 0.0, 0.0, 0.0, 0.0, 0.0, 0.0, 0.0, 0.0, 0.0, 0.0, 0.0, 0.0, 0.0, 0.0, 0.0, 0.0, 0.0, 0.0, 0.0, 0.0, 0.0, 0.0, 0.0, 0.0, 0.0, 0.0, 0.0, 0.0, 0.0, 0.0, 0.0, 0.0, 0.0, 0.0, 0.0, 0.0, 0.0, 0.0, 0.0, 0.0, 0.0, 0.0, 0.0, 0.0, 0.0, 0.0, 0.0, 0.0, 0.0, 0.0, 0.0, 0.0, 0.0, 0.0, 0.0, 0.0, 0.0, 0.0, 0.0, 0.0, 0.0, 0.0, 0.0, 0.0, 0.0, 0.0, 0.0, 0.0, 0.0, 0.0, 0.0, 0.0, 0.0, 0.0, 0.0, 0.0, 0.0, 0.0, 0.0, 0.0, 0.0, 0.0, 0.0, 0.0, 0.0, 0.0, 0.0, 0.0, 0.0, 0.0, 0.0, 0.0, 0.0, 0.0, 0.0, 0.0, 0.0, 0.0, 0.0, 0.0, 0.0, 0.0, 0.0, 0.0, 0.0, 0.0, 0.0, 0.0, 0.0, 0.0, 0.0, 0.0, 0.0, 0.0, 0.0, 0.0, 0.0, 0.0, 0.0, 0.0, 0.0, 0.0, 0.0, 0.0, 0.0, 0.0, 0.0, 0.0, 0.0, 0.0, 0.0, 0.0, 0.0, 0.0, 0.0, 0.0, 0.0, 0.0, 0.0, 0.0, 0.0, 0.0, 0.0, 0.0, 0.0, 0.0, 0.0, 0.0, 0.0, 0.0, 0.0, 0.0, 0.0, 0.0, 0.0, 0.0, 0.0, 0.0, 0.0, 0.0, 0.0, 0.0, 0.0, 0.0, 0.0, 0.0, 0.0, 0.0, 0.0, 0.0, 0.0, 0.0, 0.0, 0.0, 0.0, 0.0, 0.0, 0.0, 0.0, 0.0, 0.0, 0.0, 0.0, 0.0, 0.0, 0.0, 0.0, 0.0, 0.0, 0.0, 0.0, 0.0, 0.0, 0.0, 0.0, 0.0, 0.0, 0.0, 0.0, 0.0, 0.0, 0.0, 0.0, 0.0, 0.0, 0.0, 0.0, 0.0, 0.0, 0.0, 0.0, 0.0, 0.0, 0.0, 0.0, 0.0, 0.0, 0.0, 0.0, 0.0, 0.0, 0.0, 0.0, 0.0, 0.0, 0.0, 0.0, 0.0, 0.0, 0.0, 0.0, 0.0, 0.0, 0.0, 0.0, 0.0, 0.0, 0.0, 0.0, 0.0, 0.0, 0.0, 0.0, 0.0, 0.0, 0.0, 0.0, 0.0, 0.0, 0.0, 0.0, 0.0, 0.0, 0.0, 0.0, 0.0, 0.0, 0.0, 0.0, 0.0, 0.0, 0.0, 0.0, 0.0, 0.0, 0.0, 0.0, 0.0, 0.0, 0.0, 0.0, 0.0, 0.0, 0.0, 0.0, 0.0, 0.0, 0.0, 0.0, 0.0, 0.0, 0.0, 0.0, 0.0, 0.0, 0.0, 0.0, 0.0, 0.0, 0.0, 0.0, 0.0, 0.0, 0.0, 0.0, 0.0, 0.0, 0.0, 0.0, 0.0, 0.0, 0.0, 0.0, 0.0, 0.0, 0.0, 0.0, 0.0, 0.0, 0.0, 0.0, 0.0, 0.0, 0.0, 0.0, 0.0, 0.0, 0.0, 0.0, 0.0, 0.0, 0.0, 0.0, 0.0, 0.0, 0.0, 0.0, 0.0, 0.0, 0.0, 0.0, 0.0, 0.0, 0.0, 0.0, 0.0, 0.0, 0.0, 0.0, 0.0, 0.0, 0.0, 0.0, 0.0, 0.0, 0.0, 0.0, 0.0, 0.0, 0.0, 0.0, 0.0, 0.0, 0.0, 0.0, 0.0, 0.0, 0.0, 0.0, 0.0, 0.0, 0.0, 0.0, 0.0, 0.0, 0.0, 0.0, 0.0, 0.0, 0.0, 0.0, 0.0, 0.0, 0.0, 0.0, 0.0, 0.0, 0.0, 0.0, 0.0, 0.0, 0.0, 0.0, 0.0, 0.0, 0.0, 0.0, 0.0, 0.0, 0.0, 0.0, 0.0, 0.0, 0.0, 0.0, 0.0, 0.0, 0.0, 0.0, 0.0, 0.0, 0.0, 0.0, 0.0, 0.0, 0.0, 0.0, 0.0, 0.0, 0.0, 0.0, 0.0, 0.0, 0.0, 0.0, 0.0, 0.0, 0.0, 0.0, 0.0, 0.0, 0.0, 0.0, 0.0, 0.0, 0.0, 0.0, 0.0, 0.0, 0.0, 0.0, 0.0, 0.0, 0.0, 0.0, 0.0, 0.0, 0.0, 0.0, 0.0, 0.0, 0.0, 0.0, 0.0, 0.0, 0.0, 0.0, 0.0, 0.0, 0.0, 0.0, 0.0, 0.0, 0.0, 0.0, 0.0, 0.0, 0.0, 0.0, 0.0, 0.0, 0.0, 0.0, 0.0, 0.0, 0.0, 0.0, 0.0, 0.0, 0.0, 0.0, 0.0, 0.0, 0.0, 0.0, 0.0, 0.0, 0.0, 0.0, 0.0, 0.0, 0.0, 0.0, 0.0, 0.0, 0.0, 0.0, 0.0, 0.0, 0.0, 0.0, 0.0, 0.0, 0.0, 0.0, 0.0, 0.0, 0.0, 0.0, 0.0, 0.0, 0.0, 0.0, 0.0, 0.0, 0.0, 0.0, 0.0, 0.0, 0.0, 0.0, 0.0, 0.0, 0.0, 0.0, 0.0, 0.0, 0.0, 0.0, 0.0, 0.0, 0.0, 0.0, 0.0, 0.0, 0.0, 0.0, 0.0, 0.0, 0.0, 0.0, 0.0, 0.0, 0.0, 0.0, 0.0, 0.0, 0.0, 0.0, 0.0, 0.0, 0.0, 0.0, 0.0, 0.0, 0.0, 0.0, 0.0, 0.0, 0.0, 0.0, 0.0, 0.0, 0.0, 0.0, 0.0, 0.0, 0.0, 0.0, 0.0, 0.0, 0.0, 0.0, 0.0, 0.0, 0.0, 0.0, 0.0, 0.0, 0.0, 0.0, 0.0, 0.0, 0.0, 0.0, 0.0, 0.0, 0.0, 0.0, 0.0, 0.0, 0.0, 0.0, 0.0, 0.0, 0.0, 0.0, 0.0, 0.0, 0.0, 0.0, 0.0, 0.0, 0.0, 0.0, 0.0, 0.0, 0.0, 0.0, 0.0, 0.0, 0.0, 0.0, 0.0, 0.0, 0.0, 0.0, 0.0, 0.0, 0.0, 0.0, 0.0, 0.0, 0.0, 0.0, 0.0, 0.0, 0.0, 0.0, 0.0, 0.0, 0.0, 0.0, 0.0, 0.0, 0.0, 0.0, 0.0, 0.0, 0.0, 0.0, 0.0, 0.0, 0.0, 0.0, 0.0, 0.0, 0.0, 0.0, 0.0, 0.0, 0.0, 0.0, 0.0, 0.0, 0.0, 0.0, 0.0, 0.0, 0.0, 0.0, 0.0, 0.0, 0.0, 0.0, 0.0, 0.0, 0.0, 0.0, 0.0, 0.0, 0.0, 0.0, 0.0, 0.0, 0.0, 0.0, 0.0, 0.0, 0.0, 0.0, 0.0, 0.0, 0.0, 0.0, 0.0, 0.0, 0.0, 0.0, 0.0, 0.0, 0.0, 0.0, 0.0, 0.0, 0.0, 0.0, 0.0, 0.0, 0.0, 0.0, 0.0, 0.0, 0.0, 0.0, 0.0, 0.0, 0.0, 0.0, 0.0, 0.0, 0.0, 0.0, 0.0, 0.0, 0.0, 0.0, 0.0, 0.0, 0.0, 0.0, 0.0, 0.0, 0.0, 0.0, 0.0, 0.0, 0.0, 0.0, 0.0, 0.0, 0.0, 0.0, 0.0, 0.0, 0.0, 0.0, 0.0, 0.0, 0.0, 0.0, 0.0, 0.0, 0.0, 0.0, 0.0, 0.0, 0.0, 0.0, 0.0, 0.0, 0.0, 0.0, 0.0, 0.0, 0.0, 0.0, 0.0, 0.0, 0.0, 0.0, 0.0, 0.0, 0.0, 0.0, 0.0, 0.0, 0.0, 0.0, 0.0, 0.0, 0.0, 0.0, 0.0, 0.0, 0.0, 0.0, 0.0, 0.0, 0.0, 0.0, 0.0, 0.0, 0.0, 0.0, 0.0, 0.0, 0.0, 0.0, 0.0, 0.0, 0.0, 0.0, 0.0, 0.0, 0.0, 0.0, 0.0, 0.0, 0.0, 0.0, 0.0, 0.0, 0.0, 0.0, 0.0, 0.0, 0.0, 0.0, 0.0, 0.0, 0.0, 0.0, 0.0, 0.0, 0.0, 0.0, 0.0, 0.0, 0.0, 0.0, 0.0, 0.0, 0.0, 0.0, 0.0, 0.0, 0.0, 0.0, 0.0, 0.0, 0.0, 0.0, 0.0, 0.0, 0.0, 0.0, 0.0, 0.0, 0.0, 0.0, 0.0, 0.0, 0.0, 0.0, 0.0, 0.0, 0.0, 0.0, 0.0, 0.0, 0.0, 0.0, 0.0, 0.0, 0.0, 0.0, 0.0, 0.0, 0.0, 0.0, 0.0, 0.0, 0.0, 0.0, 0.0, 0.0, 0.0, 0.0, 0.0, 0.0, 0.0, 0.0, 0.0, 0.0, 0.0, 0.0, 0.0, 0.0, 0.0, 0.0, 0.0, 0.0, 0.0, 0.0, 0.0, 0.0, 0.0, 0.0, 0.0, 0.0, 0.0, 0.0, 0.0, 0.0, 0.0, 0.0, 0.0, 0.0, 0.0, 0.0, 0.0, 0.0, 0.0, 0.0, 0.0, 0.0, 0.0, 0.0, 0.0, 0.0, 0.0, 0.0, 0.0, 0.0, 0.0, 0.0, 0.0, 0.0, 0.0, 0.0, 0.0, 0.0, 0.0, 0.0, 0.0, 0.0, 0.0, 0.0, 0.0, 0.0, 0.0, 0.0, 0.0, 0.0, 0.0, 0.0, 0.0, 0.0, 0.0, 0.0, 0.0, 0.0, 0.0, 0.0, 0.0, 0.0, 0.0, 0.0, 0.0, 0.0, 0.0, 0.0, 0.0, 0.0, 0.0, 0.0, 0.0, 0.0, 0.0, 0.0, 0.0, 0.0, 0.0, 0.0, 0.0, 0.0, 0.0, 0.0, 0.0, 0.0, 0.0, 0.0, 0.0, 0.0, 0.0, 0.0, 0.0, 0.0, 0.0, 0.0, 0.0, 0.0, 0.0, 0.0, 0.0, 0.0, 0.0, 0.0, 0.0, 0.0, 0.0, 0.0, 0.0, 0.0, 0.0, 0.0, 0.0, 0.0, 0.0, 0.0, 0.0, 0.0, 0.0, 0.0, 0.0, 0.0, 0.0, 0.0, 0.0, 0.0, 0.0, 0.0, 0.0, 0.0, 0.0, 0.0, 0.0, 0.0, 0.0, 0.0, 0.0, 0.0, 0.0, 0.0, 0.0, 0.0, 0.0, 0.0, 0.0, 0.0, 0.0, 0.0, 0.0, 0.0, 0.0, 0.0, 0.0, 0.0, 0.0, 0.0, 0.0, 0.0, 0.0, 0.0, 0.0, 0.0, 0.0, 0.0, 0.0, 0.0, 0.0, 0.0, 0.0, 0.0, 0.0, 0.0, 0.0, 0.0, 0.0, 0.0, 0.0, 0.0, 0.0, 0.0, 0.0, 0.0, 0.0, 0.0, 0.0, 0.0, 0.0, 0.0, 0.0, 0.0, 0.0, 0.0, 0.0, 0.0, 0.0, 0.0, 0.0, 0.0, 0.0, 0.0, 0.0, 0.0, 0.0, 0.0, 0.0, 0.0, 0.0, 0.0, 0.0, 0.0, 0.0, 0.0, 0.0, 0.0, 0.0, 0.0, 0.0, 0.0, 0.0, 0.0, 0.0, 0.0, 0.0, 0.0, 0.0, 0.0, 0.0, 0.0, 0.0, 0.0, 0.0, 0.0, 0.0, 0.0, 0.0, 0.0, 0.0, 0.0, 0.0, 0.0, 0.0, 0.0, 0.0, 0.0, 0.0, 0.0, 0.0, 0.0, 0.0, 0.0, 0.0, 0.0, 0.0, 0.0, 0.0, 0.0, 0.0, 0.0, 0.0, 0.0, 0.0, 0.0, 0.0, 0.0, 0.0, 0.0, 0.0, 0.0, 0.0, 0.0, 0.0, 0.0, 0.0, 0.0, 0.0, 0.0, 0.0, 0.0, 0.0, 0.0, 0.0, 0.0, 0.0, 0.0, 0.0, 0.0, 0.0, 0.0, 0.0, 0.0, 0.0, 0.0, 0.0, 0.0, 0.0, 0.0, 0.0, 0.0, 0.0, 0.0, 0.0, 0.0, 0.0, 0.0, 0.0, 0.0, 0.0, 0.0, 0.0, 0.0, 0.0, 0.0, 0.0, 0.0, 0.0, 0.0, 0.0, 0.0, 0.0, 0.0, 0.0, 0.0, 0.0, 0.0, 0.0, 0.0, 0.0, 0.0, 0.0, 0.0, 0.0, 0.0, 0.0, 0.0, 0.0, 0.0, 0.0, 0.0, 0.0, 0.0, 0.0, 0.0, 0.0, 0.0, 0.0, 0.0, 0.0, 0.0, 0.0, 0.0, 0.0, 0.0, 0.0, 0.0, 0.0, 0.0, 0.0, 0.0, 0.0, 0.0, 0.0, 0.0, 0.0, 0.0, 0.0, 0.0, 0.0, 0.0, 0.0, 0.0, 0.0, 0.0, 0.0, 0.0, 0.0, 0.0, 0.0, 0.0, 0.0, 0.0, 0.0, 0.0, 0.0, 0.0, 0.0, 0.0, 0.0, 0.0, 0.0, 0.0, 0.0, 0.0, 0.0, 0.0, 0.0, 0.0, 0.0, 0.0, 0.0, 0.0, 0.0, 0.0, 0.0, 0.0, 0.0, 0.0, 0.0, 0.0, 0.0, 0.0, 0.0, 0.0, 0.0, 0.0, 0.0, 0.0, 0.0, 0.0, 0.0, 0.0, 0.0, 0.0, 0.0, 0.0, 0.0, 0.0, 0.0, 0.0, 0.0, 0.0, 0.0, 0.0, 0.0, 0.0, 0.0, 0.0, 0.0, 0.0, 0.0, 0.0, 0.0, 0.0, 0.0, 0.0, 0.0, 0.0, 0.0, 0.0, 0.0, 0.0, 0.0, 0.0, 0.0, 0.0, 0.0, 0.0, 0.0, 0.0, 0.0, 0.0, 0.0, 0.0, 0.0, 0.0, 0.0, 0.0, 0.0, 0.0, 0.0, 0.0, 0.0, 0.0, 0.0, 0.0, 0.0, 0.0, 0.0, 0.0, 0.0, 0.0, 0.0, 0.0, 0.0, 0.0, 0.0, 0.0, 0.0, 0.0, 0.0, 0.0, 0.0, 0.0, 0.0, 0.0, 0.0, 0.0, 0.0, 0.0, 0.0, 0.0, 0.0, 0.0, 0.0, 0.0, 0.0, 0.0, 0.0, 0.0, 0.0, 0.0, 0.0, 0.0, 0.0, 0.0, 0.0, 0.0, 0.0, 0.0, 0.0, 0.0, 0.0, 0.0, 0.0, 0.0, 0.0, 0.0, 0.0, 0.0, 0.0, 0.0, 0.0, 0.0, 0.0, 0.0, 0.0, 0.0, 0.0, 0.0, 0.0, 0.0, 0.0, 0.0, 0.0, 0.0, 0.0, 0.0, 0.0, 0.0, 0.0, 0.0, 0.0, 0.0, 0.0, 0.0, 0.0, 0.0, 0.0, 0.0, 0.0, 0.0, 0.0, 0.0, 0.0, 0.0, 0.0, 0.0, 0.0, 0.0, 0.0, 0.0, 0.0, 0.0, 0.0, 0.0, 0.0, 0.0, 0.0, 0.0, 0.0, 0.0, 0.0, 0.0, 0.0, 0.0, 0.0, 0.0, 0.0, 0.0, 0.0, 0.0, 0.0, 0.0, 0.0, 0.0, 0.0, 0.0, 0.0, 0.0, 0.0, 0.0, 0.0, 0.0, 0.0, 0.0, 0.0, 0.0, 0.0, 0.0, 0.0, 0.0, 0.0, 0.0, 0.0, 0.0, 0.0, 0.0, 0.0, 0.0, 0.0, 0.0, 0.0, 0.0, 0.0, 0.0, 0.0, 0.0, 0.0, 0.0, 0.0, 0.0, 0.0, 0.0, 0.0, 0.0, 0.0, 0.0, 0.0, 0.0, 0.0, 0.0, 0.0, 0.0, 0.0, 0.0, 0.0, 0.0, 0.0, 0.0, 0.0, 0.0, 0.0, 0.0, 0.0, 0.0, 0.0, 0.0, 0.0, 0.0, 0.0, 0.0, 0.0, 0.0, 0.0, 0.0, 0.0, 0.0, 0.0, 0.0, 0.0, 0.0, 0.0, 0.0, 0.0, 0.0, 0.0, 0.0, 0.0, 0.0, 0.0, 0.0, 0.0, 0.0, 0.0, 0.0, 0.0, 0.0, 0.0, 0.0, 0.0, 0.0, 0.0, 0.0, 0.0, 0.0, 0.0, 0.0, 0.0, 0.0, 0.0, 0.0, 0.0, 0.0, 0.0, 0.0, 0.0, 0.0, 0.0, 0.0, 0.0, 0.0, 0.0, 0.0, 0.0, 0.0, 0.0, 0.0, 0.0, 0.0, 0.0, 0.0, 0.0, 0.0, 0.0, 0.0, 0.0, 0.0, 0.0, 0.0, 0.0, 0.0, 0.0, 0.0, 0.0, 0.0, 0.0, 0.0, 0.0, 0.0, 0.0, 0.0, 0.0, 0.0, 0.0, 0.0, 0.0, 0.0, 0.0, 0.0, 0.0, 0.0, 0.0, 0.0, 0.0, 0.0, 0.0, 0.0, 0.0, 0.0, 0.0, 0.0, 0.0, 0.0, 0.0, 0.0, 0.0, 0.0, 0.0, 0.0, 0.0, 0.0, 0.0, 0.0, 0.0, 0.0, 0.0, 0.0, 0.0, 0.0, 0.0, 0.0, 0.0, 0.0, 0.0, 0.0, 0.0, 0.0, 0.0, 0.0, 0.0, 0.0, 0.0, 0.0, 0.0, 0.0, 0.0, 0.0, 0.0, 0.0, 0.0, 0.0, 0.0, 0.0, 0.0, 0.0, 0.0, 0.0, 0.0, 0.0, 0.0, 0.0, 0.0, 0.0, 0.0, 0.0, 0.0, 0.0, 0.0, 0.0, 0.0, 0.0, 0.0, 0.0, 0.0, 0.0, 0.0, 0.0, 0.0, 0.0, 0.0, 0.0, 0.0, 0.0, 0.0, 0.0, 0.0, 0.0, 0.0, 0.0, 0.0, 0.0, 0.0, 0.0, 0.0, 0.0, 0.0, 0.0, 0.0, 0.0, 0.0, 0.0, 0.0, 0.0, 0.0, 0.0, 0.0, 0.0, 0.0, 0.0, 0.0, 0.0, 0.0, 0.0, 0.0, 0.0, 0.0, 0.0, 0.0, 0.0, 0.0, 0.0, 0.0, 0.0, 0.0, 0.0, 0.0, 0.0, 0.0, 0.0, 0.0, 0.0, 0.0, 0.0, 0.0, 0.0, 0.0, 0.0, 0.0, 0.0, 0.0, 0.0, 0.0, 0.0, 0.0, 0.0, 0.0, 0.0, 0.0, 0.0, 0.0, 0.0, 0.0, 0.0, 0.0, 0.0, 0.0, 0.0, 0.0, 0.0, 0.0, 0.0, 0.0, 0.0, 0.0, 0.0, 0.0, 0.0, 0.0, 0.0, 0.0, 0.0, 0.0, 0.0, 0.0, 0.0, 0.0, 0.0, 0.0, 0.0, 0.0, 0.0, 0.0, 0.0, 0.0, 0.0, 0.0, 0.0, 0.0, 0.0, 0.0, 0.0, 0.0, 0.0, 0.0, 0.0, 0.0, 0.0, 0.0, 0.0, 0.0, 0.0, 0.0, 0.0, 0.0, 0.0, 0.0, 0.0, 0.0, 0.0, 0.0, 0.0, 0.0, 0.0, 0.0, 0.0, 0.0, 0.0, 0.0, 0.0, 0.0, 0.0, 0.0, 0.0, 0.0, 0.0, 0.0, 0.0, 0.0, 0.0, 0.0, 0.0, 0.0, 0.0, 0.0, 0.0, 0.0, 0.0, 0.0, 0.0, 0.0, 0.0, 0.0, 0.0, 0.0, 0.0, 0.0, 0.0, 0.0, 0.0, 0.0, 0.0, 0.0, 0.0, 0.0, 0.0, 0.0, 0.0, 0.0, 0.0, 0.0, 0.0, 0.0, 0.0, 0.0, 0.0, 0.0, 0.0, 0.0, 0.0, 0.0, 0.0, 0.0, 0.0, 0.0, 0.0, 0.0, 0.0, 0.0, 0.0, 0.0, 0.0, 0.0, 0.0, 0.0, 0.0, 0.0, 0.0, 0.0, 0.0, 0.0, 0.0, 0.0, 0.0, 0.0, 0.0, 0.0, 0.0, 0.0, 0.0, 0.0, 0.0, 0.0, 0.0, 0.0, 0.0, 0.0, 0.0, 0.0, 0.0, 0.0, 0.0, 0.0, 0.0, 0.0, 0.0, 0.0, 0.0, 0.0, 0.0, 0.0, 0.0, 0.0, 0.0, 0.0, 0.0, 0.0, 0.0, 0.0, 0.0, 0.0, 0.0, 0.0, 0.0, 0.0, 0.0, 0.0, 0.0, 0.0, 0.0, 0.0, 0.0, 0.0, 0.0, 0.0, 0.0, 0.0, 0.0, 0.0, 0.0, 0.0, 0.0, 0.0, 0.0, 0.0, 0.0, 0.0, 0.0, 0.0, 0.0, 0.0, 0.0, 0.0, 0.0, 0.0, 0.0, 0.0, 0.0, 0.0, 0.0, 0.0, 0.0, 0.0, 0.0, 0.0, 0.0, 0.0, 0.0, 0.0, 0.0, 0.0, 0.0, 0.0, 0.0, 0.0, 0.0, 0.0, 0.0, 0.0, 0.0, 0.0, 0.0, 0.0, 0.0, 0.0, 0.0, 0.0, 0.0, 0.0, 0.0, 0.0, 0.0, 0.0, 0.0, 0.0, 0.0, 0.0, 0.0, 0.0, 0.0, 0.0, 0.0, 0.0, 0.0, 0.0, 0.0, 0.0, 0.0, 0.0, 0.0, 0.0, 0.0, 0.0, 0.0, 0.0, 0.0, 0.0, 0.0, 0.0, 0.0, 0.0, 0.0, 0.0, 0.0, 0.0, 0.0, 0.0, 0.0, 0.0, 0.0, 0.0, 0.0, 0.0, 0.0, 0.0, 0.0, 0.0, 0.0, 0.0, 0.0, 0.0, 0.0, 0.0, 0.0, 0.0, 0.0, 0.0, 0.0, 0.0, 0.0, 0.0, 0.0, 0.0, 0.0, 0.0, 0.0, 0.0, 0.0, 0.0, 0.0, 0.0, 0.0, 0.0, 0.0, 0.0, 0.0, 0.0, 0.0, 0.0, 0.0, 0.0, 0.0, 0.0, 0.0, 0.0, 0.0, 0.0, 0.0, 0.0, 0.0, 0.0, 0.0, 0.0, 0.0, 0.0, 0.0, 0.0, 0.0, 0.0, 0.0, 0.0, 0.0, 0.0, 0.0, 0.0, 0.0, 0.0, 0.0, 0.0, 0.0, 0.0, 0.0, 0.0, 0.0, 0.0, 0.0, 0.0, 0.0, 0.0, 0.0, 0.0, 0.0, 0.0, 0.0, 0.0, 0.0, 0.0, 0.0, 0.0, 0.0, 0.0, 0.0, 0.0, 0.0, 0.0, 0.0, 0.0, 0.0, 0.0, 0.0, 0.0, 0.0, 0.0, 0.0, 0.0, 0.0, 0.0, 0.0, 0.0, 0.0, 0.0, 0.0, 0.0, 0.0, 0.0, 0.0, 0.0, 0.0, 0.0, 0.0, 0.0, 0.0, 0.0, 0.0, 0.0, 0.0, 0.0, 0.0, 0.0, 0.0, 0.0, 0.0, 0.0, 0.0, 0.0, 0.0, 0.0, 0.0, 0.0, 0.0, 0.0, 0.0, 0.0, 0.0, 0.0, 0.0, 0.0, 0.0, 0.0, 0.0, 0.0, 0.0, 0.0, 0.0, 0.0, 0.0, 0.0, 0.0, 0.0, 0.0, 0.0, 0.0, 0.0, 0.0, 0.0, 0.0, 0.0, 0.0, 0.0, 0.0, 0.0, 0.0, 0.0, 0.0, 0.0, 0.0, 0.0, 0.0, 0.0, 0.0, 0.0, 0.0, 0.0, 0.0, 0.0, 0.0, 0.0, 0.0, 0.0, 0.0, 0.0, 0.0, 0.0, 0.0, 0.0, 0.0, 0.0, 0.0, 0.0, 0.0, 0.0, 0.0, 0.0, 0.0, 0.0, 0.0, 0.0, 0.0, 0.0, 0.0, 0.0, 0.0, 0.0, 0.0, 0.0, 0.0, 0.0, 0.0, 0.0, 0.0, 0.0, 0.0, 0.0, 0.0, 0.0, 0.0, 0.0, 0.0, 0.0, 0.0, 0.0, 0.0, 0.0, 0.0, 0.0, 0.0, 0.0, 0.0, 0.0, 0.0, 0.0, 0.0, 0.0, 0.0, 0.0, 0.0, 0.0, 0.0, 0.0, 0.0, 0.0, 0.0, 0.0, 0.0, 0.0, 0.0, 0.0, 0.0, 0.0, 0.0, 0.0, 0.0, 0.0, 0.0, 0.0, 0.0, 0.0, 0.0, 0.0, 0.0, 0.0, 0.0, 0.0, 0.0, 0.0, 0.0, 0.0, 0.0, 0.0, 0.0, 0.0, 0.0, 0.0, 0.0, 0.0, 0.0, 0.0, 0.0, 0.0, 0.0, 0.0, 0.0, 0.0, 0.0, 0.0, 0.0, 0.0, 0.0, 0.0, 0.0, 0.0, 0.0, 0.0, 0.0, 0.0, 0.0, 0.0, 0.0, 0.0, 0.0, 0.0, 0.0, 0.0, 0.0, 0.0, 0.0, 0.0, 0.0, 0.0, 0.0, 0.0, 0.0, 0.0, 0.0, 0.0, 0.0, 0.0, 0.0, 0.0, 0.0, 0.0, 0.0, 0.0, 0.0, 0.0, 0.0, 0.0, 0.0, 0.0, 0.0, 0.0, 0.0, 0.0, 0.0, 0.0, 0.0, 0.0, 0.0, 0.0, 0.0, 0.0, 0.0, 0.0, 0.0, 0.0, 0.0, 0.0, 0.0, 0.0, 0.0, 0.0, 0.0, 0.0, 0.0, 0.0, 0.0, 0.0, 0.0, 0.0, 0.0, 0.0, 0.0, 0.0, 0.0, 0.0, 0.0, 0.0, 0.0, 0.0, 0.0, 0.0, 0.0, 0.0, 0.0, 0.0, 0.0, 0.0, 0.0, 0.0, 0.0, 0.0, 0.0, 0.0, 0.0, 0.0, 0.0, 0.0, 0.0, 0.0, 0.0, 0.0, 0.0, 0.0, 0.0, 0.0, 0.0, 0.0, 0.0, 0.0, 0.0, 0.0, 0.0, 0.0, 0.0, 0.0, 0.0, 0.0, 0.0, 0.0, 0.0, 0.0, 0.0, 0.0, 0.0, 0.0, 0.0, 0.0, 0.0, 0.0, 0.0, 0.0, 0.0, 0.0, 0.0, 0.0, 0.0, 0.0, 0.0, 0.0, 0.0, 0.0, 0.0, 0.0, 0.0, 0.0, 0.0, 0.0, 0.0, 0.0, 0.0, 0.0, 0.0, 0.0, 0.0, 0.0, 0.0, 0.0, 0.0, 0.0, 0.0, 0.0, 0.0, 0.0, 0.0, 0.0, 0.0, 0.0, 0.0, 0.0, 0.0, 0.0, 0.0, 0.0, 0.0, 0.0, 0.0, 0.0, 0.0, 0.0, 0.0, 0.0, 0.0, 0.0, 0.0, 0.0, 0.0, 0.0, 0.0, 0.0, 0.0, 0.0, 0.0, 0.0, 0.0, 0.0, 0.0, 0.0, 0.0, 0.0, 0.0, 0.0, 0.0, 0.0, 0.0, 0.0, 0.0, 0.0, 0.0, 0.0, 0.0, 0.0, 0.0, 0.0, 0.0, 0.0, 0.0, 0.0, 0.0, 0.0, 0.0, 0.0, 0.0, 0.0, 0.0, 0.0, 0.0, 0.0, 0.0, 0.0, 0.0, 0.0, 0.0, 0.0, 0.0, 0.0, 0.0, 0.0, 0.0, 0.0, 0.0, 0.0, 0.0, 0.0, 0.0, 0.0, 0.0, 0.0, 0.0, 0.0, 0.0, 0.0, 0.0, 0.0, 0.0, 0.0, 0.0, 0.0, 0.0, 0.0, 0.0, 0.0, 0.0, 0.0, 0.0, 0.0, 0.0, 0.0, 0.0, 0.0, 0.0, 0.0, 0.0, 0.0, 0.0, 0.0, 0.0, 0.0, 0.0, 0.0, 0.0, 0.0, 0.0, 0.0, 0.0, 0.0, 0.0, 0.0, 0.0, 0.0, 0.0, 0.0, 0.0, 0.0, 0.0, 0.0, 0.0, 0.0, 0.0, 0.0, 0.0, 0.0, 0.0, 0.0, 0.0, 0.0, 0.0, 0.0, 0.0, 0.0, 0.0, 0.0, 0.0, 0.0, 0.0, 0.0, 0.0, 0.0, 0.0, 0.0, 0.0, 0.0, 0.0, 0.0, 0.0, 0.0, 0.0, 0.0, 0.0, 0.0, 0.0, 0.0, 0.0, 0.0, 0.0, 0.0, 0.0, 0.0, 0.0, 0.0, 0.0, 0.0, 0.0, 0.0, 0.0, 0.0, 0.0, 0.0, 0.0, 0.0, 0.0, 0.0, 0.0, 0.0, 0.0, 0.0, 0.0, 0.0, 0.0, 0.0, 0.0, 0.0, 0.0, 0.0, 0.0, 0.0, 0.0, 0.0, 0.0, 0.0, 0.0, 0.0, 0.0, 0.0, 0.0, 0.0, 0.0, 0.0, 0.0, 0.0, 0.0, 0.0, 0.0, 0.0, 0.0, 0.0, 0.0, 0.0, 0.0, 0.0, 0.0, 0.0, 0.0, 0.0, 0.0, 0.0, 0.0, 0.0, 0.0, 0.0, 0.0, 0.0, 0.0, 0.0, 0.0, 0.0, 0.0, 0.0, 0.0, 0.0, 0.0, 0.0, 0.0, 0.0, 0.0, 0.0, 0.0, 0.0, 0.0, 0.0, 0.0, 0.0, 0.0, 0.0, 0.0, 0.0, 0.0, 0.0, 0.0, 0.0, 0.0, 0.0, 0.0, 0.0, 0.0, 0.0, 0.0, 0.0, 0.0, 0.0, 0.0, 0.0, 0.0, 0.0, 0.0, 0.0, 0.0, 0.0, 0.0, 0.0, 0.0, 0.0, 0.0, 0.0, 0.0, 0.0, 0.0, 0.0, 0.0, 0.0, 0.0, 0.0, 0.0, 0.0, 0.0, 0.0, 0.0, 0.0, 0.0, 0.0, 0.0, 0.0, 0.0, 0.0, 0.0, 0.0, 0.0, 0.0, 0.0, 0.0, 0.0, 0.0, 0.0, 0.0, 0.0, 0.0, 0.0, 0.0, 0.0, 0.0, 0.0, 0.0, 0.0, 0.0, 0.0, 0.0, 0.0, 0.0, 0.0, 0.0, 0.0, 0.0, 0.0, 0.0, 0.0, 0.0, 0.0, 0.0, 0.0, 0.0, 0.0, 0.0, 0.0, 0.0, 0.0, 0.0, 0.0, 0.0, 0.0, 0.0, 0.0, 0.0, 0.0, 0.0, 0.0, 0.0, 0.0, 0.0, 0.0, 0.0, 0.0, 0.0, 0.0, 0.0, 0.0, 0.0, 0.0, 0.0, 0.0, 0.0, 0.0, 0.0, 0.0, 0.0, 0.0, 0.0, 0.0, 0.0, 0.0, 0.0, 0.0, 0.0, 0.0, 0.0, 0.0, 0.0, 0.0, 0.0, 0.0, 0.0, 0.0, 0.0, 0.0, 0.0, 0.0, 0.0, 0.0, 0.0, 0.0, 0.0, 0.0, 0.0, 0.0, 0.0, 0.0, 0.0, 0.0, 0.0, 0.0, 0.0, 0.0, 0.0, 0.0, 0.0, 0.0, 0.0, 0.0, 0.0, 0.0, 0.0, 0.0, 0.0, 0.0, 0.0, 0.0, 0.0, 0.0, 0.0, 0.0, 0.0, 0.0, 0.0, 0.0, 0.0, 0.0, 0.0, 0.0, 0.0, 0.0, 0.0, 0.0, 0.0, 0.0, 0.0, 0.0, 0.0, 0.0, 0.0, 0.0, 0.0, 0.0, 0.0, 0.0, 0.0, 0.0, 0.0, 0.0, 0.0, 0.0, 0.0, 0.0, 0.0, 0.0, 0.0, 0.0, 0.0, 0.0, 0.0, 0.0, 0.0, 0.0, 0.0, 0.0, 0.0, 0.0, 0.0, 0.0, 0.0, 0.0, 0.0, 0.0, 0.0, 0.0, 0.0, 0.0, 0.0, 0.0, 0.0, 0.0, 0.0, 0.0, 0.0, 0.0, 0.0, 0.0, 0.0, 0.0, 0.0, 0.0, 0.0, 0.0, 0.0, 0.0, 0.0, 0.0, 0.0, 0.0, 0.0, 0.0, 0.0, 0.0, 0.0, 0.0, 0.0, 0.0, 0.0, 0.0, 0.0, 0.0, 0.0, 0.0, 0.0, 0.0, 0.0, 0.0, 0.0, 0.0, 0.0, 0.0, 0.0, 0.0, 0.0, 0.0, 0.0, 0.0, 0.0, 0.0, 0.0, 0.0, 0.0, 0.0, 0.0, 0.0, 0.0, 0.0, 0.0, 0.0, 0.0, 0.0, 0.0, 0.0, 0.0, 0.0, 0.0, 0.0, 0.0, 0.0, 0.0, 0.0, 0.0, 0.0, 0.0, 0.0, 0.0, 0.0, 0.0, 0.0, 0.0, 0.0, 0.0, 0.0, 0.0, 0.0, 0.0, 0.0, 0.0, 0.0, 0.0, 0.0, 0.0, 0.0, 0.0, 0.0, 0.0, 0.0, 0.0, 0.0]"
cost_energy_t,"Any[[0.0, 1.0e-5, 0.00017999999999999998, 0.00041, 0.0006, 0.00073, 0.0008, 0.00076, 0.00067, 0.0005600000000000001, 0.00037, 0.00017, 2.0e-5, 0.0, 0.0, 0.0, 0.0, 0.0, 0.0, 0.0, 0.0, 0.0, 0.0, 0.0, 0.0, 0.0, 5.9999999999999995e-5, 0.00019, 0.00037, 0.00046, 0.00047999999999999996, 0.00047999999999999996, 0.00041999999999999996, 0.00033, 0.00022, 0.0001, 1.0e-5, 0.0, 0.0, 0.0, 0.0, 0.0, 0.0, 0.0, 0.0, 0.0, 0.0, 0.0, 0.0, 0.0, 8.0e-5, 0.00023999999999999998, 0.0004, 0.0005200000000000001, 0.00058, 0.00057, 0.00053, 0.00041, 0.00025, 0.00011999999999999999, 1.0e-5, 0.0, 0.0, 0.0, 0.0, 0.0, 0.0, 0.0, 0.0, 0.0, 0.0, 0.0, 0.0, 0.0, 4.0e-5, 0.00011, 0.0002, 0.00027, 0.00031, 0.00029, 0.00023999999999999998, 0.00019, 0.00013000000000000002, 7.000000000000001e-5, 1.0e-5, 0.0, 0.0, 0.0, 0.0, 0.0, 0.0, 0.0, 0.0, 0.0, 0.0, 0.0, 0.0, 0.0, 8.999999999999999e-5, 0.00026000000000000003, 0.00044, 0.0006, 0.00067, 0.00068, 0.00061, 0.00043, 0.00023, 8.999999999999999e-5, 1.0e-5, 0.0, 0.0, 0.0, 0.0, 0.0, 0.0, 0.0, 0.0, 0.0, 0.0, 0.0, 0.0, 1.0e-5, 0.0002, 0.00047999999999999996, 0.00068, 0.00082, 0.0008900000000000001, 0.0008900000000000001, 0.00086, 0.00073, 0.00055, 0.00031, 4.0e-5, 0.0, 0.0, 0.0, 0.0, 0.0, 0.0, 0.0, 0.0, 0.0, 0.0, 0.0, 0.0, 1.0e-5, 0.00022, 0.00049, 0.00069, 0.00082, 0.0008900000000000001, 0.0008900000000000001, 0.00083, 0.0007099999999999999, 0.00049, 0.00028000000000000003, 2.9999999999999997e-5, 0.0, 0.0, 0.0, 0.0, 0.0, 0.0, 0.0, 0.0, 0.0, 0.0, 0.0], [0.0, 4.0e-5, 0.0002, 0.00044, 0.00064, 0.00076, 0.00083, 0.0008399999999999999, 0.00079, 0.00067, 0.00051, 0.0003, 0.0001, 0.0, 0.0, 0.0, 0.0, 0.0, 0.0, 0.0, 0.0, 0.0, 0.0, 0.0, 0.0, 5.0e-5, 0.00023, 0.00044, 0.00063, 0.00076, 0.00082, 0.00083, 0.00078, 0.00066, 0.00051, 0.00031, 0.0001, 0.0, 0.0, 0.0, 0.0, 0.0, 0.0, 0.0, 0.0, 0.0, 0.0, 0.0, 0.0, 5.0e-5, 0.00023, 0.00045, 0.00063, 0.00073, 0.00074, 0.00065, 0.0005600000000000001, 0.0005, 0.00044, 0.00029, 0.0001, 0.0, 0.0, 0.0, 0.0, 0.0, 0.0, 0.0, 0.0, 0.0, 0.0, 0.0, 0.0, 4.0e-5, 0.00020999999999999998, 0.00041999999999999996, 0.00057, 0.00066, 0.0007099999999999999, 0.00073, 0.00067, 0.00053, 0.00041, 0.00023999999999999998, 7.000000000000001e-5, 0.0, 0.0, 0.0, 0.0, 0.0, 0.0, 0.0, 0.0, 0.0, 0.0, 0.0, 0.0, 2.9999999999999997e-5, 0.00011999999999999999, 0.00017999999999999998, 0.00026000000000000003, 0.00035999999999999997, 0.00041, 0.00046, 0.0005200000000000001, 0.00043, 0.00033, 0.00016, 4.0e-5, 0.0, 0.0, 0.0, 0.0, 0.0, 0.0, 0.0, 0.0, 0.0, 0.0, 0.0, 0.0, 1.0e-5, 8.999999999999999e-5, 0.00017999999999999998, 0.00029, 0.0004, 0.00041, 0.0004, 0.00035, 0.00027, 0.00020999999999999998, 0.00016, 5.0e-5, 0.0, 0.0, 0.0, 0.0, 0.0, 0.0, 0.0, 0.0, 0.0, 0.0, 0.0, 0.0, 2.0e-5, 0.00014000000000000001, 0.00028000000000000003, 0.00041, 0.00054, 0.00061, 0.00064, 0.0005899999999999999, 0.00047, 0.00038, 0.00022, 5.9999999999999995e-5, 0.0, 0.0, 0.0, 0.0, 0.0, 0.0, 0.0, 0.0, 0.0, 0.0, 0.0], [0.0, 0.0, 0.00015, 0.00041, 0.00062, 0.00075, 0.00083, 0.0008399999999999999, 0.00078, 0.00064, 0.00045, 0.0002, 1.0e-5, 0.0, 0.0, 0.0, 0.0, 0.0, 0.0, 0.0, 0.0, 0.0, 0.0, 0.0, 0.0, 0.0, 0.00017, 0.00043, 0.00064, 0.0007700000000000001, 0.00083, 0.00083, 0.0007700000000000001, 0.00064, 0.00044, 0.00019, 1.0e-5, 0.0, 0.0, 0.0, 0.0, 0.0, 0.0, 0.0, 0.0, 0.0, 0.0, 0.0, 0.0, 0.0, 0.00019, 0.00047, 0.00068, 0.0008100000000000001, 0.00086, 0.00087, 0.0008100000000000001, 0.00068, 0.00049, 0.00023, 2.0e-5, 0.0, 0.0, 0.0, 0.0, 0.0, 0.0, 0.0, 0.0, 0.0, 0.0, 0.0, 0.0, 0.0, 0.00023, 0.00051, 0.0007099999999999999, 0.00083, 0.0008900000000000001, 0.0008900000000000001, 0.0008399999999999999, 0.0007199999999999999, 0.00053, 0.00026000000000000003, 2.0e-5, 0.0, 0.0, 0.0, 0.0, 0.0, 0.0, 0.0, 0.0, 0.0, 0.0, 0.0, 0.0, 0.0, 0.00023, 0.00051, 0.0007, 0.00082, 0.00088, 0.00088, 0.00082, 0.00067, 0.00047, 0.00022, 2.0e-5, 0.0, 0.0, 0.0, 0.0, 0.0, 0.0, 0.0, 0.0, 0.0, 0.0, 0.0, 0.0, 0.0, 0.00019, 0.00047, 0.00067, 0.00079, 0.00086, 0.00086, 0.0008, 0.00066, 0.00046, 0.00020999999999999998, 2.0e-5, 0.0, 0.0, 0.0, 0.0, 0.0, 0.0, 0.0, 0.0, 0.0, 0.0, 0.0, 0.0, 0.0, 0.00016, 0.00041999999999999996, 0.00064, 0.0007700000000000001, 0.00085, 0.00086, 0.0008, 0.00068, 0.00049, 0.00023999999999999998, 2.0e-5, 0.0, 0.0, 0.0, 0.0, 0.0, 0.0, 0.0, 0.0, 0.0, 0.0, 0.0], [0.0, 5.9999999999999995e-5, 0.00019, 0.00032, 0.00047, 0.00055, 0.0005600000000000001, 0.00055, 0.00051, 0.00041, 0.00031, 0.00017999999999999998, 7.000000000000001e-5, 0.0, 0.0, 0.0, 0.0, 0.0, 0.0, 0.0, 0.0, 0.0, 0.0, 0.0, 0.0, 4.0e-5, 0.00014000000000000001, 0.00027, 0.0004, 0.0005, 0.0005600000000000001, 0.00058, 0.00055, 0.00047999999999999996, 0.00037, 0.00023999999999999998, 0.0001, 1.0e-5, 0.0, 0.0, 0.0, 0.0, 0.0, 0.0, 0.0, 0.0, 0.0, 0.0, 0.0, 5.9999999999999995e-5, 0.00019, 0.00035, 0.00051, 0.00062, 0.00067, 0.00069, 0.00065, 0.00057, 0.00044, 0.00026000000000000003, 0.00011, 1.0e-5, 0.0, 0.0, 0.0, 0.0, 0.0, 0.0, 0.0, 0.0, 0.0, 0.0, 0.0, 5.9999999999999995e-5, 0.0002, 0.00039, 0.00055, 0.00067, 0.00073, 0.00074, 0.00068, 0.0005600000000000001, 0.00039, 0.00023999999999999998, 0.0001, 0.0, 0.0, 0.0, 0.0, 0.0, 0.0, 0.0, 0.0, 0.0, 0.0, 0.0, 0.0, 5.0e-5, 0.0002, 0.00035999999999999997, 0.0005, 0.0005899999999999999, 0.00064, 0.00066, 0.00057, 0.00046, 0.00033, 0.00017999999999999998, 5.0e-5, 0.0, 0.0, 0.0, 0.0, 0.0, 0.0, 0.0, 0.0, 0.0, 0.0, 0.0, 0.0, 2.9999999999999997e-5, 0.00011999999999999999, 0.00026000000000000003, 0.00041, 0.00049, 0.00054, 0.00054, 0.0005, 0.00039, 0.00029, 0.00017, 7.000000000000001e-5, 0.0, 0.0, 0.0, 0.0, 0.0, 0.0, 0.0, 0.0, 0.0, 0.0, 0.0, 0.0, 2.0e-5, 0.0001, 0.0002, 0.0003, 0.00037, 0.00035, 0.00031, 0.00029, 0.00023999999999999998, 0.00019, 0.00011999999999999999, 5.0e-5, 0.0, 0.0, 0.0, 0.0, 0.0, 0.0, 0.0, 0.0, 0.0, 0.0, 0.0], [0.0, 0.0, 4.0e-5, 0.00011, 0.00017999999999999998, 0.00023999999999999998, 0.00029, 0.00032, 0.00035, 0.00032, 0.00023, 0.0001, 1.0e-5, 0.0, 0.0, 0.0, 0.0, 0.0, 0.0, 0.0, 0.0, 0.0, 0.0, 0.0, 0.0, 0.0, 8.0e-5, 0.00020999999999999998, 0.00037, 0.00051, 0.00058, 0.00061, 0.00057, 0.00047, 0.00031, 0.00014000000000000001, 1.0e-5, 0.0, 0.0, 0.0, 0.0, 0.0, 0.0, 0.0, 0.0, 0.0, 0.0, 0.0, 0.0, 0.0, 5.0e-5, 0.00016, 0.00027, 0.00038, 0.00041, 0.0004, 0.00035, 0.00025, 0.00016, 5.9999999999999995e-5, 1.0e-5, 0.0, 0.0, 0.0, 0.0, 0.0, 0.0, 0.0, 0.0, 0.0, 0.0, 0.0, 0.0, 0.0, 4.0e-5, 8.999999999999999e-5, 0.00016, 0.00023, 0.00031, 0.00035, 0.0003, 0.00023, 0.00014000000000000001, 5.9999999999999995e-5, 1.0e-5, 0.0, 0.0, 0.0, 0.0, 0.0, 0.0, 0.0, 0.0, 0.0, 0.0, 0.0, 0.0, 0.0, 2.9999999999999997e-5, 0.0001, 0.00019, 0.00026000000000000003, 0.00033, 0.0004, 0.00039, 0.00039, 0.00026000000000000003, 0.0001, 1.0e-5, 0.0, 0.0, 0.0, 0.0, 0.0, 0.0, 0.0, 0.0, 0.0, 0.0, 0.0, 0.0, 1.0e-5, 0.00019, 0.00046, 0.00067, 0.0008100000000000001, 0.00088, 0.0008900000000000001, 0.00085, 0.00075, 0.00058, 0.00034, 5.9999999999999995e-5, 0.0, 0.0, 0.0, 0.0, 0.0, 0.0, 0.0, 0.0, 0.0, 0.0, 0.0, 0.0, 1.0e-5, 0.00023, 0.00049, 0.00068, 0.00079, 0.00085, 0.00086, 0.00078, 0.00066, 0.00047999999999999996, 0.00023999999999999998, 2.9999999999999997e-5, 0.0, 0.0, 0.0, 0.0, 0.0, 0.0, 0.0, 0.0, 0.0, 0.0, 0.0], [0.0, 2.0e-5, 0.00014000000000000001, 0.00031, 0.0005, 0.0006, 0.00065, 0.00066, 0.00061, 0.00049, 0.00033, 0.00017, 5.9999999999999995e-5, 0.0, 0.0, 0.0, 0.0, 0.0, 0.0, 0.0, 0.0, 0.0, 0.0, 0.0, 0.0, 2.0e-5, 8.0e-5, 0.00017, 0.00023, 0.00027, 0.00032, 0.00032, 0.00029, 0.00023999999999999998, 0.00019, 0.0001, 2.0e-5, 0.0, 0.0, 0.0, 0.0, 0.0, 0.0, 0.0, 0.0, 0.0, 0.0, 0.0, 0.0, 4.0e-5, 0.00014000000000000001, 0.00026000000000000003, 0.00038, 0.00047999999999999996, 0.0005200000000000001, 0.00054, 0.00051, 0.0004, 0.00028000000000000003, 0.00016, 5.9999999999999995e-5, 0.0, 0.0, 0.0, 0.0, 0.0, 0.0, 0.0, 0.0, 0.0, 0.0, 0.0, 0.0, 2.9999999999999997e-5, 8.999999999999999e-5, 0.00017999999999999998, 0.00029, 0.00039, 0.00045, 0.00049, 0.00047, 0.00041, 0.00029, 0.00016, 5.0e-5, 0.0, 0.0, 0.0, 0.0, 0.0, 0.0, 0.0, 0.0, 0.0, 0.0, 0.0, 0.0, 2.9999999999999997e-5, 8.999999999999999e-5, 0.00014000000000000001, 0.00022, 0.00029, 0.00032, 0.00032, 0.00028000000000000003, 0.00023, 0.00017999999999999998, 0.00011999999999999999, 5.0e-5, 0.0, 0.0, 0.0, 0.0, 0.0, 0.0, 0.0, 0.0, 0.0, 0.0, 0.0, 0.0, 2.9999999999999997e-5, 0.00011, 0.00022, 0.0003, 0.00037, 0.00043, 0.00049, 0.0005, 0.00045, 0.00031, 0.00016, 5.0e-5, 0.0, 0.0, 0.0, 0.0, 0.0, 0.0, 0.0, 0.0, 0.0, 0.0, 0.0, 0.0, 4.0e-5, 0.00016, 0.00028000000000000003, 0.00037, 0.00044, 0.00041999999999999996, 0.00038, 0.00029, 0.00023999999999999998, 0.00016, 8.999999999999999e-5, 2.9999999999999997e-5, 0.0, 0.0, 0.0, 0.0, 0.0, 0.0, 0.0, 0.0, 0.0, 0.0, 0.0], [0.0, 1.0e-5, 0.00016, 0.00039, 0.0006, 0.00074, 0.0008100000000000001, 0.00083, 0.00079, 0.00067, 0.0005, 0.00027, 5.0e-5, 0.0, 0.0, 0.0, 0.0, 0.0, 0.0, 0.0, 0.0, 0.0, 0.0, 0.0, 0.0, 2.0e-5, 0.00022, 0.00047, 0.00066, 0.00078, 0.00083, 0.00082, 0.0007700000000000001, 0.00066, 0.00051, 0.00028000000000000003, 5.0e-5, 0.0, 0.0, 0.0, 0.0, 0.0, 0.0, 0.0, 0.0, 0.0, 0.0, 0.0, 0.0, 1.0e-5, 0.00019, 0.00041999999999999996, 0.00061, 0.00073, 0.00074, 0.0007099999999999999, 0.00064, 0.00047, 0.00029, 0.00013000000000000002, 2.0e-5, 0.0, 0.0, 0.0, 0.0, 0.0, 0.0, 0.0, 0.0, 0.0, 0.0, 0.0, 0.0, 0.0, 5.0e-5, 0.00011, 0.00016, 0.0002, 0.00022, 0.00025, 0.00023999999999999998, 0.0002, 0.00015, 8.0e-5, 1.0e-5, 0.0, 0.0, 0.0, 0.0, 0.0, 0.0, 0.0, 0.0, 0.0, 0.0, 0.0, 0.0, 0.0, 5.9999999999999995e-5, 0.00015, 0.00025, 0.00033, 0.00037, 0.00035, 0.00031, 0.00023999999999999998, 0.00015, 7.000000000000001e-5, 1.0e-5, 0.0, 0.0, 0.0, 0.0, 0.0, 0.0, 0.0, 0.0, 0.0, 0.0, 0.0, 0.0, 0.0, 5.9999999999999995e-5, 0.00014000000000000001, 0.00023, 0.00032, 0.00035999999999999997, 0.00035999999999999997, 0.00034, 0.00027, 0.00017999999999999998, 8.999999999999999e-5, 1.0e-5, 0.0, 0.0, 0.0, 0.0, 0.0, 0.0, 0.0, 0.0, 0.0, 0.0, 0.0, 0.0, 0.0, 8.0e-5, 0.00019, 0.0003, 0.00038, 0.00041, 0.00039, 0.00035, 0.00028000000000000003, 0.00017, 7.000000000000001e-5, 1.0e-5, 0.0, 0.0, 0.0, 0.0, 0.0, 0.0, 0.0, 0.0, 0.0, 0.0, 0.0], [0.0, 0.0, 0.00017, 0.00044, 0.00066, 0.0008, 0.00086, 0.00087, 0.00082, 0.0007099999999999999, 0.00054, 0.00028000000000000003, 2.9999999999999997e-5, 0.0, 0.0, 0.0, 0.0, 0.0, 0.0, 0.0, 0.0, 0.0, 0.0, 0.0, 0.0, 0.0, 0.00022, 0.00047999999999999996, 0.0007099999999999999, 0.00086, 0.00091, 0.00092, 0.00086, 0.00075, 0.00057, 0.0003, 2.9999999999999997e-5, 0.0, 0.0, 0.0, 0.0, 0.0, 0.0, 0.0, 0.0, 0.0, 0.0, 0.0, 0.0, 0.0, 0.00027, 0.00055, 0.00075, 0.00087, 0.00094, 0.00095, 0.0008900000000000001, 0.00076, 0.00057, 0.0003, 2.9999999999999997e-5, 0.0, 0.0, 0.0, 0.0, 0.0, 0.0, 0.0, 0.0, 0.0, 0.0, 0.0, 0.0, 0.0, 0.0003, 0.00058, 0.00078, 0.00091, 0.0009699999999999999, 0.0009699999999999999, 0.00091, 0.00079, 0.0006, 0.00033, 4.0e-5, 0.0, 0.0, 0.0, 0.0, 0.0, 0.0, 0.0, 0.0, 0.0, 0.0, 0.0, 0.0, 0.0, 0.00028000000000000003, 0.00055, 0.00074, 0.00088, 0.00093, 0.00093, 0.00087, 0.0007199999999999999, 0.0005200000000000001, 0.00025, 2.9999999999999997e-5, 0.0, 0.0, 0.0, 0.0, 0.0, 0.0, 0.0, 0.0, 0.0, 0.0, 0.0, 0.0, 0.0, 0.0002, 0.00047999999999999996, 0.00069, 0.00082, 0.00086, 0.00087, 0.0008100000000000001, 0.0007, 0.00051, 0.00025, 2.9999999999999997e-5, 0.0, 0.0, 0.0, 0.0, 0.0, 0.0, 0.0, 0.0, 0.0, 0.0, 0.0, 0.0, 0.0, 0.00023999999999999998, 0.00053, 0.00074, 0.00087, 0.00092, 0.00092, 0.00087, 0.00075, 0.0005600000000000001, 0.0003, 4.0e-5, 0.0, 0.0, 0.0, 0.0, 0.0, 0.0, 0.0, 0.0, 0.0, 0.0, 0.0], [0.0, 2.0e-5, 0.00029, 0.0005600000000000001, 0.00075, 0.00087, 0.00092, 0.00092, 0.00087, 0.00075, 0.00057, 0.00032, 5.9999999999999995e-5, 0.0, 0.0, 0.0, 0.0, 0.0, 0.0, 0.0, 0.0, 0.0, 0.0, 0.0, 0.0, 2.0e-5, 0.00028000000000000003, 0.00054, 0.00073, 0.00085, 0.0009, 0.00091, 0.00085, 0.0007199999999999999, 0.00054, 0.00029, 5.0e-5, 0.0, 0.0, 0.0, 0.0, 0.0, 0.0, 0.0, 0.0, 0.0, 0.0, 0.0, 0.0, 1.0e-5, 0.00023999999999999998, 0.0005, 0.0007, 0.00083, 0.00088, 0.0008900000000000001, 0.0008399999999999999, 0.0007099999999999999, 0.0005200000000000001, 0.00028000000000000003, 5.0e-5, 0.0, 0.0, 0.0, 0.0, 0.0, 0.0, 0.0, 0.0, 0.0, 0.0, 0.0, 0.0, 1.0e-5, 0.00023999999999999998, 0.00047999999999999996, 0.00067, 0.0008100000000000001, 0.00087, 0.00088, 0.00083, 0.0007099999999999999, 0.00054, 0.00029, 5.0e-5, 0.0, 0.0, 0.0, 0.0, 0.0, 0.0, 0.0, 0.0, 0.0, 0.0, 0.0, 0.0, 2.0e-5, 0.00027, 0.00053, 0.0007099999999999999, 0.00083, 0.0008900000000000001, 0.0009, 0.0008399999999999999, 0.00073, 0.00055, 0.00031, 5.9999999999999995e-5, 0.0, 0.0, 0.0, 0.0, 0.0, 0.0, 0.0, 0.0, 0.0, 0.0, 0.0, 0.0, 2.0e-5, 0.00027, 0.00053, 0.0007099999999999999, 0.00083, 0.0008900000000000001, 0.0008399999999999999, 0.00082, 0.0007199999999999999, 0.00055, 0.00027, 5.9999999999999995e-5, 0.0, 0.0, 0.0, 0.0, 0.0, 0.0, 0.0, 0.0, 0.0, 0.0, 0.0, 0.0, 2.0e-5, 0.00029, 0.00055, 0.00074, 0.00087, 0.00093, 0.00094, 0.00088, 0.00076, 0.0005899999999999999, 0.00034, 7.000000000000001e-5, 0.0, 0.0, 0.0, 0.0, 0.0, 0.0, 0.0, 0.0, 0.0, 0.0, 0.0], [0.0, 4.0e-5, 0.00017999999999999998, 0.00033, 0.00054, 0.00066, 0.0007199999999999999, 0.00073, 0.00066, 0.0005200000000000001, 0.00037, 0.00022, 5.9999999999999995e-5, 0.0, 0.0, 0.0, 0.0, 0.0, 0.0, 0.0, 0.0, 0.0, 0.0, 0.0, 0.0, 1.0e-5, 7.000000000000001e-5, 0.00015, 0.00023999999999999998, 0.0003, 0.00034, 0.00035999999999999997, 0.00035, 0.00031, 0.00023999999999999998, 0.00015, 5.9999999999999995e-5, 0.0, 0.0, 0.0, 0.0, 0.0, 0.0, 0.0, 0.0, 0.0, 0.0, 0.0, 0.0, 4.0e-5, 0.00017999999999999998, 0.00035, 0.00054, 0.00066, 0.00073, 0.00073, 0.00068, 0.00058, 0.00043, 0.00025, 8.0e-5, 0.0, 0.0, 0.0, 0.0, 0.0, 0.0, 0.0, 0.0, 0.0, 0.0, 0.0, 0.0, 4.0e-5, 0.0002, 0.00037, 0.00057, 0.00069, 0.0007700000000000001, 0.00079, 0.0007199999999999999, 0.00061, 0.00046, 0.00027, 8.999999999999999e-5, 0.0, 0.0, 0.0, 0.0, 0.0, 0.0, 0.0, 0.0, 0.0, 0.0, 0.0, 0.0, 5.0e-5, 0.00022, 0.00041999999999999996, 0.00058, 0.00067, 0.00069, 0.00074, 0.0007099999999999999, 0.00062, 0.00047999999999999996, 0.00028000000000000003, 8.999999999999999e-5, 0.0, 0.0, 0.0, 0.0, 0.0, 0.0, 0.0, 0.0, 0.0, 0.0, 0.0, 0.0, 5.0e-5, 0.00020999999999999998, 0.00041999999999999996, 0.0006, 0.0007199999999999999, 0.00078, 0.00079, 0.00074, 0.00063, 0.00047, 0.00028000000000000003, 8.999999999999999e-5, 0.0, 0.0, 0.0, 0.0, 0.0, 0.0, 0.0, 0.0, 0.0, 0.0, 0.0, 0.0, 5.0e-5, 0.00022, 0.00043, 0.0005899999999999999, 0.0007199999999999999, 0.00076, 0.00076, 0.00069, 0.00054, 0.00039, 0.00023, 7.000000000000001e-5, 0.0, 0.0, 0.0, 0.0, 0.0, 0.0, 0.0, 0.0, 0.0, 0.0, 0.0], [0.0, 4.0e-5, 0.00013000000000000002, 0.00023, 0.00037, 0.00045, 0.00047999999999999996, 0.00053, 0.00053, 0.00047, 0.00037, 0.00023, 8.0e-5, 0.0, 0.0, 0.0, 0.0, 0.0, 0.0, 0.0, 0.0, 0.0, 0.0, 0.0, 0.0, 2.9999999999999997e-5, 0.0001, 0.00016, 0.00023, 0.00029, 0.00032, 0.00034, 0.00035, 0.00031, 0.00025, 0.00017999999999999998, 8.0e-5, 0.0, 0.0, 0.0, 0.0, 0.0, 0.0, 0.0, 0.0, 0.0, 0.0, 0.0, 0.0, 7.000000000000001e-5, 0.00020999999999999998, 0.00035999999999999997, 0.00047, 0.00054, 0.00057, 0.00057, 0.00053, 0.00044, 0.00034, 0.00020999999999999998, 8.0e-5, 0.0, 0.0, 0.0, 0.0, 0.0, 0.0, 0.0, 0.0, 0.0, 0.0, 0.0, 0.0, 5.9999999999999995e-5, 0.0002, 0.00035999999999999997, 0.00047999999999999996, 0.0005600000000000001, 0.0006, 0.00058, 0.00054, 0.00047, 0.00034, 0.0002, 7.000000000000001e-5, 0.0, 0.0, 0.0, 0.0, 0.0, 0.0, 0.0, 0.0, 0.0, 0.0, 0.0, 0.0, 2.0e-5, 8.999999999999999e-5, 0.00017, 0.00027, 0.00035999999999999997, 0.00043, 0.00045, 0.00045, 0.0004, 0.0003, 0.00017999999999999998, 7.000000000000001e-5, 0.0, 0.0, 0.0, 0.0, 0.0, 0.0, 0.0, 0.0, 0.0, 0.0, 0.0, 0.0, 2.9999999999999997e-5, 8.999999999999999e-5, 0.00016, 0.00023999999999999998, 0.00028000000000000003, 0.0003, 0.0003, 0.0003, 0.00025, 0.00017999999999999998, 0.0001, 2.9999999999999997e-5, 0.0, 0.0, 0.0, 0.0, 0.0, 0.0, 0.0, 0.0, 0.0, 0.0, 0.0, 0.0, 7.000000000000001e-5, 0.0002, 0.00035, 0.00049, 0.00057, 0.0005899999999999999, 0.00057, 0.00051, 0.00041, 0.00029, 0.00019, 7.000000000000001e-5, 0.0, 0.0, 0.0, 0.0, 0.0, 0.0, 0.0, 0.0, 0.0, 0.0, 0.0], [0.0, 4.0e-5, 0.00013000000000000002, 0.00023999999999999998, 0.00029, 0.00034, 0.00035, 0.00039, 0.00043, 0.00038, 0.00028000000000000003, 0.00016, 5.9999999999999995e-5, 0.0, 0.0, 0.0, 0.0, 0.0, 0.0, 0.0, 0.0, 0.0, 0.0, 0.0, 0.0, 2.0e-5, 8.0e-5, 0.00016, 0.00022, 0.00027, 0.00033, 0.00037, 0.00035, 0.00028000000000000003, 0.00017999999999999998, 0.0001, 4.0e-5, 0.0, 0.0, 0.0, 0.0, 0.0, 0.0, 0.0, 0.0, 0.0, 0.0, 0.0, 0.0, 2.0e-5, 8.999999999999999e-5, 0.00017999999999999998, 0.00027, 0.00034, 0.00041999999999999996, 0.00043, 0.00041999999999999996, 0.00032, 0.00022, 0.0001, 2.9999999999999997e-5, 0.0, 0.0, 0.0, 0.0, 0.0, 0.0, 0.0, 0.0, 0.0, 0.0, 0.0, 0.0, 1.0e-5, 5.9999999999999995e-5, 0.00011999999999999999, 0.00019, 0.00023999999999999998, 0.00027, 0.00026000000000000003, 0.00023999999999999998, 0.0002, 0.00015, 8.999999999999999e-5, 2.9999999999999997e-5, 0.0, 0.0, 0.0, 0.0, 0.0, 0.0, 0.0, 0.0, 0.0, 0.0, 0.0, 0.0, 4.0e-5, 0.00014000000000000001, 0.00028000000000000003, 0.00041, 0.00053, 0.00061, 0.00063, 0.0005899999999999999, 0.00049, 0.00035999999999999997, 0.00019, 7.000000000000001e-5, 0.0, 0.0, 0.0, 0.0, 0.0, 0.0, 0.0, 0.0, 0.0, 0.0, 0.0, 0.0, 5.0e-5, 0.00020999999999999998, 0.0004, 0.0005600000000000001, 0.00069, 0.00073, 0.00069, 0.0005899999999999999, 0.00047999999999999996, 0.00037, 0.00020999999999999998, 7.000000000000001e-5, 0.0, 0.0, 0.0, 0.0, 0.0, 0.0, 0.0, 0.0, 0.0, 0.0, 0.0, 0.0, 4.0e-5, 0.00016, 0.00032, 0.00047999999999999996, 0.00057, 0.0006, 0.00061, 0.0006, 0.00051, 0.00041, 0.00025, 8.0e-5, 0.0, 0.0, 0.0, 0.0, 0.0, 0.0, 0.0, 0.0, 0.0, 0.0, 0.0], [0.0, 2.0e-5, 8.999999999999999e-5, 0.00020999999999999998, 0.00032, 0.0004, 0.00045, 0.00045, 0.00038, 0.00028000000000000003, 0.00017999999999999998, 8.999999999999999e-5, 2.9999999999999997e-5, 0.0, 0.0, 0.0, 0.0, 0.0, 0.0, 0.0, 0.0, 0.0, 0.0, 0.0, 0.0, 4.0e-5, 0.00011, 0.0002, 0.00032, 0.00043, 0.00047999999999999996, 0.00051, 0.00053, 0.00051, 0.00039, 0.00025, 0.00011, 1.0e-5, 0.0, 0.0, 0.0, 0.0, 0.0, 0.0, 0.0, 0.0, 0.0, 0.0, 0.0, 5.9999999999999995e-5, 0.00020999999999999998, 0.00038, 0.00053, 0.00064, 0.0007, 0.0007, 0.00066, 0.0005600000000000001, 0.00043, 0.00026000000000000003, 0.0001, 1.0e-5, 0.0, 0.0, 0.0, 0.0, 0.0, 0.0, 0.0, 0.0, 0.0, 0.0, 0.0, 5.9999999999999995e-5, 0.00022, 0.0004, 0.00055, 0.00066, 0.0007, 0.0007099999999999999, 0.00067, 0.0005600000000000001, 0.00041999999999999996, 0.00025, 0.0001, 1.0e-5, 0.0, 0.0, 0.0, 0.0, 0.0, 0.0, 0.0, 0.0, 0.0, 0.0, 0.0, 7.000000000000001e-5, 0.00020999999999999998, 0.00039, 0.00054, 0.00064, 0.00069, 0.0007, 0.00066, 0.00055, 0.00043, 0.00026000000000000003, 0.0001, 1.0e-5, 0.0, 0.0, 0.0, 0.0, 0.0, 0.0, 0.0, 0.0, 0.0, 0.0, 0.0, 5.9999999999999995e-5, 0.00020999999999999998, 0.00039, 0.00055, 0.00066, 0.0007099999999999999, 0.0007199999999999999, 0.00068, 0.00058, 0.00044, 0.00026000000000000003, 0.0001, 1.0e-5, 0.0, 0.0, 0.0, 0.0, 0.0, 0.0, 0.0, 0.0, 0.0, 0.0, 0.0, 5.9999999999999995e-5, 0.00020999999999999998, 0.0004, 0.00055, 0.00066, 0.0007099999999999999, 0.00068, 0.00065, 0.00058, 0.00044, 0.00026000000000000003, 0.0001, 1.0e-5, 0.0, 0.0, 0.0, 0.0, 0.0, 0.0, 0.0, 0.0, 0.0, 0.0], [0.0, 5.0e-5, 0.0002, 0.00037, 0.00051, 0.0005899999999999999, 0.00062, 0.00063, 0.00061, 0.00054, 0.0004, 0.00025, 0.0001, 1.0e-5, 0.0, 0.0, 0.0, 0.0, 0.0, 0.0, 0.0, 0.0, 0.0, 0.0, 0.0, 5.9999999999999995e-5, 0.00019, 0.00035, 0.00047, 0.0005200000000000001, 0.0005, 0.00047999999999999996, 0.00047999999999999996, 0.00047, 0.00037, 0.00023, 0.0001, 1.0e-5, 0.0, 0.0, 0.0, 0.0, 0.0, 0.0, 0.0, 0.0, 0.0, 0.0, 0.0, 5.0e-5, 0.00019, 0.00035999999999999997, 0.00049, 0.0005600000000000001, 0.0005600000000000001, 0.00053, 0.00045, 0.00035999999999999997, 0.00029, 0.00017, 5.9999999999999995e-5, 0.0, 0.0, 0.0, 0.0, 0.0, 0.0, 0.0, 0.0, 0.0, 0.0, 0.0, 0.0, 5.9999999999999995e-5, 0.00017, 0.00027, 0.00041999999999999996, 0.00053, 0.00054, 0.00055, 0.00049, 0.0004, 0.00027, 0.00014000000000000001, 5.0e-5, 0.0, 0.0, 0.0, 0.0, 0.0, 0.0, 0.0, 0.0, 0.0, 0.0, 0.0, 0.0, 1.0e-5, 5.0e-5, 0.0001, 0.00015, 0.00020999999999999998, 0.00025, 0.00027, 0.00027, 0.00023999999999999998, 0.00017999999999999998, 0.00011999999999999999, 5.0e-5, 0.0, 0.0, 0.0, 0.0, 0.0, 0.0, 0.0, 0.0, 0.0, 0.0, 0.0, 0.0, 2.9999999999999997e-5, 0.0001, 0.00017999999999999998, 0.00025, 0.00033, 0.00038, 0.00039, 0.0004, 0.0004, 0.00033, 0.00022, 0.0001, 1.0e-5, 0.0, 0.0, 0.0, 0.0, 0.0, 0.0, 0.0, 0.0, 0.0, 0.0, 0.0, 2.0e-5, 8.0e-5, 0.00016, 0.00022, 0.00028000000000000003, 0.00035, 0.00039, 0.00035999999999999997, 0.0003, 0.00023, 0.00013000000000000002, 5.0e-5, 0.0, 0.0, 0.0, 0.0, 0.0, 0.0, 0.0, 0.0, 0.0, 0.0, 0.0], [0.0, 0.0, 7.000000000000001e-5, 0.00025, 0.0005, 0.0007199999999999999, 0.0008399999999999999, 0.00085, 0.00078, 0.00061, 0.00041, 0.00020999999999999998, 2.0e-5, 0.0, 0.0, 0.0, 0.0, 0.0, 0.0, 0.0, 0.0, 0.0, 0.0, 0.0, 0.0, 0.0, 0.00015, 0.00043, 0.00065, 0.00079, 0.00083, 0.00083, 0.0007700000000000001, 0.00069, 0.0005, 0.00025, 2.0e-5, 0.0, 0.0, 0.0, 0.0, 0.0, 0.0, 0.0, 0.0, 0.0, 0.0, 0.0, 0.0, 0.0, 0.00013000000000000002, 0.00035999999999999997, 0.0005600000000000001, 0.0007, 0.00079, 0.00079, 0.00073, 0.0005899999999999999, 0.0004, 0.00017999999999999998, 1.0e-5, 0.0, 0.0, 0.0, 0.0, 0.0, 0.0, 0.0, 0.0, 0.0, 0.0, 0.0, 0.0, 0.0, 0.00014000000000000001, 0.0004, 0.00062, 0.00076, 0.00082, 0.00082, 0.00076, 0.00063, 0.00044, 0.0002, 1.0e-5, 0.0, 0.0, 0.0, 0.0, 0.0, 0.0, 0.0, 0.0, 0.0, 0.0, 0.0, 0.0, 0.0, 0.00011, 0.00035999999999999997, 0.0005899999999999999, 0.00073, 0.00082, 0.00085, 0.0008, 0.00067, 0.00044, 0.00014000000000000001, 1.0e-5, 0.0, 0.0, 0.0, 0.0, 0.0, 0.0, 0.0, 0.0, 0.0, 0.0, 0.0, 0.0, 0.0, 0.00014000000000000001, 0.00041, 0.00065, 0.0008, 0.00085, 0.00086, 0.0008100000000000001, 0.0007099999999999999, 0.0005200000000000001, 0.00026000000000000003, 2.0e-5, 0.0, 0.0, 0.0, 0.0, 0.0, 0.0, 0.0, 0.0, 0.0, 0.0, 0.0, 0.0, 0.0, 0.00017, 0.00045, 0.00066, 0.0008, 0.00086, 0.00087, 0.00082, 0.0007, 0.00051, 0.00026000000000000003, 2.0e-5, 0.0, 0.0, 0.0, 0.0, 0.0, 0.0, 0.0, 0.0, 0.0, 0.0, 0.0], [0.0, 2.0e-5, 0.00011999999999999999, 0.00028000000000000003, 0.00047999999999999996, 0.00065, 0.0007199999999999999, 0.00069, 0.0006, 0.00051, 0.00041, 0.00026000000000000003, 7.000000000000001e-5, 0.0, 0.0, 0.0, 0.0, 0.0, 0.0, 0.0, 0.0, 0.0, 0.0, 0.0, 0.0, 2.0e-5, 0.00014000000000000001, 0.00028000000000000003, 0.00044, 0.00047999999999999996, 0.0005, 0.00049, 0.00034, 0.00025, 0.00015, 5.9999999999999995e-5, 1.0e-5, 0.0, 0.0, 0.0, 0.0, 0.0, 0.0, 0.0, 0.0, 0.0, 0.0, 0.0, 0.0, 2.0e-5, 0.00013000000000000002, 0.00029, 0.00046, 0.00058, 0.00062, 0.00055, 0.00047, 0.00032, 0.00017999999999999998, 7.000000000000001e-5, 1.0e-5, 0.0, 0.0, 0.0, 0.0, 0.0, 0.0, 0.0, 0.0, 0.0, 0.0, 0.0, 0.0, 1.0e-5, 0.00011, 0.00025, 0.00032, 0.00032, 0.00027, 0.00020999999999999998, 0.00015, 0.00011, 7.000000000000001e-5, 4.0e-5, 1.0e-5, 0.0, 0.0, 0.0, 0.0, 0.0, 0.0, 0.0, 0.0, 0.0, 0.0, 0.0, 0.0, 4.0e-5, 0.00025, 0.00049, 0.00069, 0.00082, 0.00088, 0.0008900000000000001, 0.00083, 0.00073, 0.00055, 0.00032, 8.999999999999999e-5, 0.0, 0.0, 0.0, 0.0, 0.0, 0.0, 0.0, 0.0, 0.0, 0.0, 0.0, 0.0, 2.9999999999999997e-5, 0.00023, 0.00043, 0.00061, 0.0007, 0.0007700000000000001, 0.0008, 0.0007199999999999999, 0.00062, 0.00044, 0.00025, 5.9999999999999995e-5, 0.0, 0.0, 0.0, 0.0, 0.0, 0.0, 0.0, 0.0, 0.0, 0.0, 0.0, 0.0, 2.9999999999999997e-5, 0.00022, 0.00044, 0.00064, 0.0007700000000000001, 0.00078, 0.0007700000000000001, 0.00073, 0.00062, 0.00046, 0.00023999999999999998, 5.9999999999999995e-5, 0.0, 0.0, 0.0, 0.0, 0.0, 0.0, 0.0, 0.0, 0.0, 0.0, 0.0], [0.0, 0.0, 0.00025, 0.00055, 0.00075, 0.00086, 0.00092, 0.00092, 0.00087, 0.00075, 0.0005600000000000001, 0.00028000000000000003, 2.0e-5, 0.0, 0.0, 0.0, 0.0, 0.0, 0.0, 0.0, 0.0, 0.0, 0.0, 0.0, 0.0, 0.0, 0.00026000000000000003, 0.0005600000000000001, 0.00076, 0.00088, 0.00093, 0.00093, 0.00088, 0.00075, 0.0005600000000000001, 0.00029, 2.0e-5, 0.0, 0.0, 0.0, 0.0, 0.0, 0.0, 0.0, 0.0, 0.0, 0.0, 0.0, 0.0, 0.0, 0.00023999999999999998, 0.00054, 0.00074, 0.00086, 0.00091, 0.00091, 0.00086, 0.00073, 0.00053, 0.00026000000000000003, 2.0e-5, 0.0, 0.0, 0.0, 0.0, 0.0, 0.0, 0.0, 0.0, 0.0, 0.0, 0.0, 0.0, 0.0, 0.00023, 0.00051, 0.0007199999999999999, 0.00085, 0.0009, 0.00091, 0.00085, 0.0007199999999999999, 0.00053, 0.00026000000000000003, 2.0e-5, 0.0, 0.0, 0.0, 0.0, 0.0, 0.0, 0.0, 0.0, 0.0, 0.0, 0.0, 0.0, 0.0, 0.00020999999999999998, 0.00051, 0.0007199999999999999, 0.00085, 0.00091, 0.00091, 0.00086, 0.00074, 0.0005600000000000001, 0.00029, 2.0e-5, 0.0, 0.0, 0.0, 0.0, 0.0, 0.0, 0.0, 0.0, 0.0, 0.0, 0.0, 0.0, 0.0, 0.00023999999999999998, 0.00053, 0.00073, 0.00086, 0.00092, 0.00092, 0.00087, 0.00074, 0.00055, 0.00028000000000000003, 2.0e-5, 0.0, 0.0, 0.0, 0.0, 0.0, 0.0, 0.0, 0.0, 0.0, 0.0, 0.0, 0.0, 0.0, 0.00019, 0.00047, 0.00068, 0.0008, 0.00085, 0.00085, 0.00079, 0.00065, 0.00047, 0.00020999999999999998, 1.0e-5, 0.0, 0.0, 0.0, 0.0, 0.0, 0.0, 0.0, 0.0, 0.0, 0.0, 0.0], [0.0, 5.9999999999999995e-5, 0.00023999999999999998, 0.00044, 0.0006, 0.0007199999999999999, 0.00079, 0.0008, 0.00075, 0.00064, 0.00047999999999999996, 0.00029, 8.999999999999999e-5, 0.0, 0.0, 0.0, 0.0, 0.0, 0.0, 0.0, 0.0, 0.0, 0.0, 0.0, 0.0, 5.9999999999999995e-5, 0.00022, 0.00043, 0.0005899999999999999, 0.0007099999999999999, 0.00076, 0.0007700000000000001, 0.00073, 0.00063, 0.00047999999999999996, 0.00029, 8.999999999999999e-5, 0.0, 0.0, 0.0, 0.0, 0.0, 0.0, 0.0, 0.0, 0.0, 0.0, 0.0, 0.0, 5.9999999999999995e-5, 0.00020999999999999998, 0.00041999999999999996, 0.0006, 0.0007199999999999999, 0.00078, 0.00079, 0.00075, 0.00065, 0.0005, 0.00029, 8.999999999999999e-5, 0.0, 0.0, 0.0, 0.0, 0.0, 0.0, 0.0, 0.0, 0.0, 0.0, 0.0, 0.0, 5.9999999999999995e-5, 0.00023999999999999998, 0.00045, 0.00061, 0.00073, 0.00079, 0.0008, 0.00075, 0.00065, 0.0005, 0.0003, 8.999999999999999e-5, 0.0, 0.0, 0.0, 0.0, 0.0, 0.0, 0.0, 0.0, 0.0, 0.0, 0.0, 0.0, 5.9999999999999995e-5, 0.00023, 0.00045, 0.00062, 0.00073, 0.00079, 0.0008, 0.00075, 0.00065, 0.00049, 0.00029, 8.999999999999999e-5, 0.0, 0.0, 0.0, 0.0, 0.0, 0.0, 0.0, 0.0, 0.0, 0.0, 0.0, 0.0, 5.9999999999999995e-5, 0.00023999999999999998, 0.00044, 0.00062, 0.00073, 0.00079, 0.00079, 0.00075, 0.00064, 0.00049, 0.00029, 8.999999999999999e-5, 0.0, 0.0, 0.0, 0.0, 0.0, 0.0, 0.0, 0.0, 0.0, 0.0, 0.0, 0.0, 5.9999999999999995e-5, 0.00023999999999999998, 0.00045, 0.00062, 0.00073, 0.00079, 0.0008, 0.00075, 0.00065, 0.00049, 0.00029, 8.999999999999999e-5, 0.0, 0.0, 0.0, 0.0, 0.0, 0.0, 0.0, 0.0, 0.0, 0.0, 0.0], [0.0, 2.0e-5, 5.9999999999999995e-5, 0.00011999999999999999, 0.00016, 0.00019, 0.00025, 0.00037, 0.00041, 0.00032, 0.00017999999999999998, 8.999999999999999e-5, 2.9999999999999997e-5, 0.0, 0.0, 0.0, 0.0, 0.0, 0.0, 0.0, 0.0, 0.0, 0.0, 0.0, 0.0, 4.0e-5, 0.00015, 0.00026000000000000003, 0.00035999999999999997, 0.00035, 0.00043, 0.00047, 0.00047999999999999996, 0.00039, 0.00023, 0.0001, 4.0e-5, 0.0, 0.0, 0.0, 0.0, 0.0, 0.0, 0.0, 0.0, 0.0, 0.0, 0.0, 0.0, 5.9999999999999995e-5, 0.00020999999999999998, 0.00039, 0.00055, 0.00067, 0.00073, 0.00075, 0.0007, 0.0005899999999999999, 0.00045, 0.00026000000000000003, 8.999999999999999e-5, 0.0, 0.0, 0.0, 0.0, 0.0, 0.0, 0.0, 0.0, 0.0, 0.0, 0.0, 0.0, 5.0e-5, 0.00017, 0.00031, 0.00045, 0.00058, 0.00067, 0.00066, 0.00057, 0.00049, 0.00034, 0.00016, 4.0e-5, 0.0, 0.0, 0.0, 0.0, 0.0, 0.0, 0.0, 0.0, 0.0, 0.0, 0.0, 0.0, 1.0e-5, 8.999999999999999e-5, 0.00017, 0.0002, 0.00022, 0.00022, 0.00023, 0.00022, 0.00019, 0.00015, 8.0e-5, 2.9999999999999997e-5, 0.0, 0.0, 0.0, 0.0, 0.0, 0.0, 0.0, 0.0, 0.0, 0.0, 0.0, 0.0, 2.0e-5, 8.0e-5, 0.00017, 0.00020999999999999998, 0.00023999999999999998, 0.00026000000000000003, 0.00029, 0.0003, 0.00028000000000000003, 0.00020999999999999998, 0.0001, 2.9999999999999997e-5, 0.0, 0.0, 0.0, 0.0, 0.0, 0.0, 0.0, 0.0, 0.0, 0.0, 0.0, 0.0, 2.9999999999999997e-5, 0.00014000000000000001, 0.00025, 0.00035999999999999997, 0.00045, 0.0005, 0.00054, 0.0005200000000000001, 0.00046, 0.00034, 0.00017999999999999998, 8.0e-5, 0.0, 0.0, 0.0, 0.0, 0.0, 0.0, 0.0, 0.0, 0.0, 0.0, 0.0], [0.0, 5.0e-5, 0.00017, 0.0003, 0.00046, 0.00058, 0.00064, 0.00065, 0.00061, 0.00051, 0.00041, 0.00026000000000000003, 0.0001, 1.0e-5, 0.0, 0.0, 0.0, 0.0, 0.0, 0.0, 0.0, 0.0, 0.0, 0.0, 0.0, 7.000000000000001e-5, 0.00022, 0.00039, 0.00055, 0.00066, 0.00069, 0.00067, 0.00055, 0.00045, 0.00035, 0.00022, 8.999999999999999e-5, 0.0, 0.0, 0.0, 0.0, 0.0, 0.0, 0.0, 0.0, 0.0, 0.0, 0.0, 0.0, 4.0e-5, 0.00016, 0.00031, 0.00045, 0.00054, 0.00058, 0.0006, 0.00057, 0.00047, 0.00035, 0.00020999999999999998, 8.999999999999999e-5, 1.0e-5, 0.0, 0.0, 0.0, 0.0, 0.0, 0.0, 0.0, 0.0, 0.0, 0.0, 0.0, 5.9999999999999995e-5, 0.0002, 0.00035999999999999997, 0.00051, 0.00062, 0.00066, 0.00066, 0.00062, 0.00054, 0.00041, 0.00025, 0.0001, 1.0e-5, 0.0, 0.0, 0.0, 0.0, 0.0, 0.0, 0.0, 0.0, 0.0, 0.0, 0.0, 5.0e-5, 0.00016, 0.00029, 0.00041999999999999996, 0.00051, 0.00055, 0.00047999999999999996, 0.00046, 0.00041, 0.00032, 0.00020999999999999998, 8.999999999999999e-5, 0.0, 0.0, 0.0, 0.0, 0.0, 0.0, 0.0, 0.0, 0.0, 0.0, 0.0, 0.0, 5.0e-5, 0.00015, 0.00025, 0.00033, 0.00038, 0.00039, 0.00038, 0.00035999999999999997, 0.00032, 0.00023, 0.00013000000000000002, 5.9999999999999995e-5, 0.0, 0.0, 0.0, 0.0, 0.0, 0.0, 0.0, 0.0, 0.0, 0.0, 0.0, 0.0, 2.9999999999999997e-5, 0.00013000000000000002, 0.00022, 0.00033, 0.00039, 0.00044, 0.00045, 0.00039, 0.0003, 0.00022, 0.00013000000000000002, 5.9999999999999995e-5, 0.0, 0.0, 0.0, 0.0, 0.0, 0.0, 0.0, 0.0, 0.0, 0.0, 0.0], [0.0, 2.0e-5, 0.00023, 0.0005200000000000001, 0.0007199999999999999, 0.00085, 0.00091, 0.00091, 0.00086, 0.00075, 0.00057, 0.00032, 7.000000000000001e-5, 0.0, 0.0, 0.0, 0.0, 0.0, 0.0, 0.0, 0.0, 0.0, 0.0, 0.0, 0.0, 2.0e-5, 0.00028000000000000003, 0.00054, 0.00074, 0.00087, 0.00093, 0.00094, 0.0008900000000000001, 0.0007700000000000001, 0.0005899999999999999, 0.00035, 8.0e-5, 0.0, 0.0, 0.0, 0.0, 0.0, 0.0, 0.0, 0.0, 0.0, 0.0, 0.0, 0.0, 2.9999999999999997e-5, 0.00029, 0.00055, 0.00074, 0.00087, 0.00093, 0.00093, 0.00087, 0.00076, 0.00058, 0.00034, 8.0e-5, 0.0, 0.0, 0.0, 0.0, 0.0, 0.0, 0.0, 0.0, 0.0, 0.0, 0.0, 0.0, 2.9999999999999997e-5, 0.00027, 0.00053, 0.0007199999999999999, 0.0008399999999999999, 0.0008900000000000001, 0.0009, 0.0008399999999999999, 0.0007199999999999999, 0.00055, 0.00031, 5.9999999999999995e-5, 0.0, 0.0, 0.0, 0.0, 0.0, 0.0, 0.0, 0.0, 0.0, 0.0, 0.0, 0.0, 2.9999999999999997e-5, 0.00027, 0.0005200000000000001, 0.0007099999999999999, 0.0008399999999999999, 0.00091, 0.00091, 0.00086, 0.00074, 0.0005600000000000001, 0.00032, 7.000000000000001e-5, 0.0, 0.0, 0.0, 0.0, 0.0, 0.0, 0.0, 0.0, 0.0, 0.0, 0.0, 0.0, 2.9999999999999997e-5, 0.00028000000000000003, 0.00053, 0.0007199999999999999, 0.00085, 0.0009, 0.00091, 0.00086, 0.00074, 0.00057, 0.00033, 8.0e-5, 0.0, 0.0, 0.0, 0.0, 0.0, 0.0, 0.0, 0.0, 0.0, 0.0, 0.0, 0.0, 2.9999999999999997e-5, 0.00026000000000000003, 0.0005200000000000001, 0.0007099999999999999, 0.0008399999999999999, 0.00091, 0.00091, 0.00086, 0.00075, 0.00057, 0.00033, 8.0e-5, 0.0, 0.0, 0.0, 0.0, 0.0, 0.0, 0.0, 0.0, 0.0, 0.0, 0.0], [0.0, 2.0e-5, 0.00013000000000000002, 0.0003, 0.00041999999999999996, 0.00057, 0.00064, 0.00066, 0.00061, 0.00051, 0.00035, 0.00017, 2.9999999999999997e-5, 0.0, 0.0, 0.0, 0.0, 0.0, 0.0, 0.0, 0.0, 0.0, 0.0, 0.0, 0.0, 1.0e-5, 8.0e-5, 0.00015, 0.00023, 0.00032, 0.0004, 0.00044, 0.00041, 0.00029, 0.00017999999999999998, 0.0001, 2.9999999999999997e-5, 0.0, 0.0, 0.0, 0.0, 0.0, 0.0, 0.0, 0.0, 0.0, 0.0, 0.0, 0.0, 2.0e-5, 0.00011, 0.00027, 0.00041, 0.0005200000000000001, 0.00054, 0.0006, 0.0005600000000000001, 0.00049, 0.00035999999999999997, 0.00019, 5.0e-5, 0.0, 0.0, 0.0, 0.0, 0.0, 0.0, 0.0, 0.0, 0.0, 0.0, 0.0, 0.0, 2.9999999999999997e-5, 0.00015, 0.0003, 0.00041999999999999996, 0.00053, 0.0005899999999999999, 0.00055, 0.00049, 0.00039, 0.00029, 0.00017, 5.0e-5, 0.0, 0.0, 0.0, 0.0, 0.0, 0.0, 0.0, 0.0, 0.0, 0.0, 0.0, 0.0, 2.9999999999999997e-5, 0.00017999999999999998, 0.00038, 0.00055, 0.00069, 0.00075, 0.00078, 0.0007099999999999999, 0.0005600000000000001, 0.00035, 0.00017, 5.0e-5, 0.0, 0.0, 0.0, 0.0, 0.0, 0.0, 0.0, 0.0, 0.0, 0.0, 0.0, 0.0, 2.9999999999999997e-5, 0.00017, 0.00031, 0.00041999999999999996, 0.00053, 0.00057, 0.00057, 0.00057, 0.00049, 0.00037, 0.0002, 5.9999999999999995e-5, 0.0, 0.0, 0.0, 0.0, 0.0, 0.0, 0.0, 0.0, 0.0, 0.0, 0.0, 0.0, 2.0e-5, 0.00011, 0.00022, 0.00032, 0.0004, 0.00041999999999999996, 0.00045, 0.00047, 0.00043, 0.00034, 0.0002, 5.9999999999999995e-5, 0.0, 0.0, 0.0, 0.0, 0.0, 0.0, 0.0, 0.0, 0.0, 0.0, 0.0], [0.0, 0.0, 8.999999999999999e-5, 0.00029, 0.00047999999999999996, 0.00065, 0.00075, 0.00076, 0.0007099999999999999, 0.00058, 0.00039, 0.00016, 1.0e-5, 0.0, 0.0, 0.0, 0.0, 0.0, 0.0, 0.0, 0.0, 0.0, 0.0, 0.0, 0.0, 0.0, 2.0e-5, 0.00011, 0.0002, 0.00029, 0.00035999999999999997, 0.0004, 0.0004, 0.00033, 0.00020999999999999998, 8.0e-5, 0.0, 0.0, 0.0, 0.0, 0.0, 0.0, 0.0, 0.0, 0.0, 0.0, 0.0, 0.0, 0.0, 0.0, 5.0e-5, 0.00016, 0.00029, 0.00039, 0.0005, 0.00069, 0.00078, 0.00069, 0.0005, 0.00023999999999999998, 1.0e-5, 0.0, 0.0, 0.0, 0.0, 0.0, 0.0, 0.0, 0.0, 0.0, 0.0, 0.0, 0.0, 0.0, 0.00023999999999999998, 0.00054, 0.00074, 0.00086, 0.00091, 0.00092, 0.00086, 0.00073, 0.00054, 0.00028000000000000003, 2.0e-5, 0.0, 0.0, 0.0, 0.0, 0.0, 0.0, 0.0, 0.0, 0.0, 0.0, 0.0, 0.0, 0.0, 0.00017999999999999998, 0.00047, 0.00068, 0.0008100000000000001, 0.00087, 0.00088, 0.0008100000000000001, 0.00067, 0.00047999999999999996, 0.00022, 1.0e-5, 0.0, 0.0, 0.0, 0.0, 0.0, 0.0, 0.0, 0.0, 0.0, 0.0, 0.0, 0.0, 0.0, 0.00011999999999999999, 0.00035, 0.00058, 0.0007, 0.00075, 0.00075, 0.00062, 0.00047, 0.00031, 0.00015, 1.0e-5, 0.0, 0.0, 0.0, 0.0, 0.0, 0.0, 0.0, 0.0, 0.0, 0.0, 0.0, 0.0, 0.0, 0.0001, 0.00032, 0.00051, 0.00067, 0.00082, 0.00086, 0.0008100000000000001, 0.00069, 0.0005, 0.00023, 1.0e-5, 0.0, 0.0, 0.0, 0.0, 0.0, 0.0, 0.0, 0.0, 0.0, 0.0, 0.0]]"
cost_hotpump,0.0
y_binary,"[0.0, 0.0, 0.0, 0.0, 0.0, 0.0, 0.0, 0.0, 0.0, 0.0, 0.0, 0.0, 0.0, 0.0, 0.0, 0.0, 0.0, 0.0, 0.0, 0.0, 0.0, 0.0, 0.0, 0.0, 0.0, 0.0, 0.0, 0.0, 0.0, 0.0, 0.0, 0.0, 0.0, 0.0, 0.0, 0.0, 0.0, 0.0, 0.0, 0.0, 0.0, 0.0, 0.0, 0.0, 0.0, 0.0, 0.0, 0.0, 0.0, 0.0, 0.0, 0.0, 0.0, 0.0, 0.0, 0.0, 0.0, 0.0, 0.0, 0.0, 0.0, 0.0, 0.0, 0.0, 0.0, 0.0, 0.0, 0.0, 0.0, 0.0, 0.0, 0.0, 0.0, 0.0, 0.0, 0.0, 0.0, 0.0, 0.0, 0.0, 0.0, 0.0, 0.0, 0.0, 0.0, 0.0, 0.0, 0.0, 0.0, 0.0, 0.0, 0.0, 0.0, 0.0, 0.0, 0.0, 0.0, 0.0, 0.0, 0.0, 0.0, 0.0, 0.0, 0.0, 0.0, 0.0, 0.0, 0.0, 0.0, 0.0, 0.0, 0.0, 0.0, 0.0, 0.0, 0.0, 0.0, 0.0, 0.0, 0.0, 0.0, 0.0, 0.0, 0.0, 0.0, 0.0, 0.0, 0.0, 0.0, 0.0, 0.0, 0.0, 0.0, 0.0, 0.0, 0.0, 0.0, 0.0, 0.0, 0.0, 0.0, 0.0, 0.0, 0.0, 0.0, 0.0, 0.0, 0.0, 0.0, 0.0, 0.0, 0.0, 0.0, 0.0, 0.0, 0.0, 0.0, 0.0, 0.0, 0.0, 0.0, 0.0, 0.0, 0.0, 0.0, 0.0, 0.0, 0.0, 0.0, 0.0, 0.0, 0.0, 0.0, 0.0, 0.0, 0.0, 0.0, 0.0, 0.0, 0.0, 0.0, 0.0, 0.0, 0.0, 0.0, 0.0, 0.0, 0.0, 0.0, 0.0, 0.0, 0.0, 0.0, 0.0, 0.0, 0.0, 0.0, 0.0, 0.0, 0.0, 0.0, 0.0, 0.0, 0.0, 0.0, 0.0, 0.0, 0.0, 0.0, 0.0, 0.0, 0.0, 0.0, 0.0, 0.0, 0.0, 0.0, 0.0, 0.0, 0.0, 0.0, 0.0, 0.0, 0.0, 0.0, 0.0, 0.0, 0.0, 0.0, 0.0, 0.0, 0.0, 0.0, 0.0, 0.0, 0.0, 0.0, 0.0, 0.0, 0.0, 0.0, 0.0, 0.0, 0.0, 0.0, 0.0, 0.0, 0.0, 0.0, 0.0, 0.0, 0.0, 0.0, 0.0, 0.0, 0.0, 0.0, 0.0, 0.0, 0.0, 0.0, 0.0, 0.0, 0.0, 0.0, 0.0, 0.0, 0.0, 0.0, 0.0, 0.0, 0.0, 0.0, 0.0, 0.0, 0.0, 0.0, 0.0, 0.0, 0.0, 0.0, 0.0, 0.0, 0.0, 0.0, 0.0, 0.0, 0.0, 0.0, 0.0, 0.0, 0.0, 0.0, 0.0, 0.0, 0.0, 0.0, 0.0, 0.0, 0.0, 0.0, 0.0, 0.0, 0.0, 0.0, 0.0, 0.0, 0.0, 0.0, 0.0, 0.0, 0.0, 0.0, 0.0, 0.0, 0.0, 0.0, 0.0, 0.0, 0.0, 0.0, 0.0, 0.0, 0.0, 0.0, 0.0, 0.0, 0.0, 0.0, 0.0, 0.0, 0.0, 0.0, 0.0, 0.0, 0.0, 0.0, 0.0, 0.0, 0.0, 0.0, 0.0, 0.0, 0.0, 0.0, 0.0, 0.0, 0.0, 0.0, 0.0, 0.0, 0.0, 0.0, 0.0, 0.0, 0.0, 0.0, 0.0, 0.0, 0.0, 0.0, 0.0, 0.0, 0.0, 0.0, 0.0, 0.0, 0.0, 0.0, 0.0, 0.0, 0.0, 0.0, 0.0, 0.0, 0.0, 0.0, 0.0, 0.0, 0.0, 0.0, 0.0, 0.0, 0.0, 0.0, 0.0, 0.0, 0.0, 0.0, 0.0, 0.0, 0.0, 0.0, 0.0, 0.0, 0.0, 0.0, 0.0, 0.0, 0.0, 0.0, 0.0, 0.0, 0.0, 0.0, 0.0, 0.0, 0.0, 0.0, 0.0, 0.0, 0.0, 0.0, 0.0, 0.0, 0.0, 0.0, 0.0, 0.0, 0.0, 0.0, 0.0, 0.0, 0.0, 0.0, 0.0, 0.0, 0.0, 0.0, 0.0, 0.0, 0.0, 0.0, 0.0, 0.0, 0.0, 0.0, 0.0, 0.0, 0.0, 0.0, 0.0, 0.0, 0.0, 0.0, 0.0, 0.0, 0.0, 0.0, 0.0, 0.0, 0.0, 0.0, 0.0, 0.0, 0.0, 0.0, 0.0, 0.0, 0.0, 0.0, 0.0, 0.0, 0.0, 0.0, 0.0, 0.0, 0.0, 0.0, 0.0, 0.0, 0.0, 0.0, 0.0, 0.0, 0.0, 0.0, 0.0, 0.0, 0.0, 0.0, 0.0, 0.0, 0.0, 0.0, 0.0, 0.0, 0.0, 0.0, 0.0, 0.0, 0.0, 0.0, 0.0, 0.0, 0.0, 0.0, 0.0, 0.0, 0.0, 0.0, 0.0, 0.0, 0.0, 0.0, 0.0, 0.0, 0.0, 0.0, 0.0, 0.0, 0.0, 0.0, 0.0, 0.0, 0.0, 0.0, 0.0, 0.0, 0.0, 0.0, 0.0, 0.0, 0.0, 0.0, 0.0, 0.0, 0.0, 0.0, 0.0, 0.0, 0.0, 0.0, 0.0, 0.0, 0.0, 0.0, 0.0, 0.0, 0.0, 0.0, 0.0, 0.0, 0.0, 0.0, 0.0, 0.0, 0.0, 0.0, 0.0, 0.0, 0.0, 0.0, 0.0, 0.0, 0.0, 0.0, 0.0, 0.0, 0.0, 0.0, 0.0, 0.0, 0.0, 0.0, 0.0, 0.0, 0.0, 0.0, 0.0, 0.0, 0.0, 0.0, 0.0, 0.0, 0.0, 0.0, 0.0, 0.0, 0.0, 0.0, 0.0, 0.0, 0.0, 0.0, 0.0, 0.0, 0.0, 0.0, 0.0, 0.0, 0.0, 0.0, 0.0, 0.0, 0.0, 0.0, 0.0, 0.0, 0.0, 0.0, 0.0, 0.0, 0.0, 0.0, 0.0, 0.0, 0.0, 0.0, 0.0, 0.0, 0.0, 0.0, 0.0, 0.0, 0.0, 0.0, 0.0, 0.0, 0.0, 0.0, 0.0, 0.0, 0.0, 0.0, 0.0, 0.0, 0.0, 0.0, 0.0, 0.0, 0.0, 0.0, 0.0, 0.0, 0.0, 0.0, 0.0, 0.0, 0.0, 0.0, 0.0, 0.0, 0.0, 0.0, 0.0, 0.0, 0.0, 0.0, 0.0, 0.0, 0.0, 0.0, 0.0, 0.0, 0.0, 0.0, 0.0, 0.0, 0.0, 0.0, 0.0, 0.0, 0.0, 0.0, 0.0, 0.0, 0.0, 0.0, 0.0, 0.0, 0.0, 0.0, 0.0, 0.0, 0.0, 0.0, 0.0, 0.0, 0.0, 0.0, 0.0, 0.0, 0.0, 0.0, 0.0, 0.0, 0.0, 0.0, 0.0, 0.0, 0.0, 0.0, 0.0, 0.0, 0.0, 0.0, 0.0, 0.0, 0.0, 0.0, 0.0, 0.0, 0.0, 0.0, 0.0, 0.0, 0.0, 0.0, 0.0, 0.0, 0.0, 0.0, 0.0, 0.0, 0.0, 0.0, 0.0, 0.0, 0.0, 0.0, 0.0, 0.0, 0.0, 0.0, 0.0, 0.0, 0.0, 0.0, 0.0, 0.0, 0.0, 0.0, 0.0, 0.0, 0.0, 0.0, 0.0, 0.0, 0.0, 0.0, 0.0, 0.0, 0.0, 0.0, 0.0, 0.0, 0.0, 0.0, 0.0, 0.0, 0.0, 0.0, 0.0, 0.0, 0.0, 0.0, 0.0, 0.0, 0.0, 0.0, 0.0, 0.0, 0.0, 0.0, 0.0, 0.0, 0.0, 0.0, 0.0, 0.0, 0.0, 0.0, 0.0, 0.0, 0.0, 0.0, 0.0, 0.0, 0.0, 0.0, 0.0, 0.0, 0.0, 0.0, 0.0, 0.0, 0.0, 0.0, 0.0, 0.0, 0.0, 0.0, 0.0, 0.0, 0.0, 0.0, 0.0, 0.0, 0.0, 0.0, 0.0, 0.0, 0.0, 0.0, 0.0, 0.0, 0.0, 0.0, 0.0, 0.0, 0.0, 0.0, 0.0, 0.0, 0.0, 0.0, 0.0, 0.0, 0.0, 0.0, 0.0, 0.0, 0.0, 0.0, 0.0, 0.0, 0.0, 0.0, 0.0, 0.0, 0.0, 0.0, 0.0, 0.0, 0.0, 0.0, 0.0, 0.0, 0.0, 0.0, 0.0, 0.0, 0.0, 0.0, 0.0, 0.0, 0.0, 0.0, 0.0, 0.0, 0.0, 0.0, 0.0, 0.0, 0.0, 0.0, 0.0, 0.0, 0.0, 0.0, 0.0, 0.0, 0.0, 0.0, 0.0, 0.0, 0.0, 0.0, 0.0, 0.0, 0.0, 0.0, 0.0, 0.0, 0.0, 0.0, 0.0, 0.0, 0.0, 0.0, 0.0, 0.0, 0.0, 0.0, 0.0, 0.0, 0.0, 0.0, 0.0, 0.0, 0.0, 0.0, 0.0, 0.0, 0.0, 0.0, 0.0, 0.0, 0.0, 0.0, 0.0, 0.0, 0.0, 0.0, 0.0, 0.0, 0.0, 0.0, 0.0, 0.0, 0.0, 0.0, 0.0, 0.0, 0.0, 0.0, 0.0, 0.0, 0.0, 0.0, 0.0, 0.0, 0.0, 0.0, 0.0, 0.0, 0.0, 0.0, 0.0, 0.0, 0.0, 0.0, 0.0, 0.0, 0.0, 0.0, 0.0, 0.0, 0.0, 0.0, 0.0, 0.0, 0.0, 0.0, 0.0, 0.0, 0.0, 0.0, 0.0, 0.0, 0.0, 0.0, 0.0, 0.0, 0.0, 0.0, 0.0, 0.0, 0.0, 0.0, 0.0, 0.0, 0.0, 0.0, 0.0, 0.0, 0.0, 0.0, 0.0, 0.0, 0.0, 0.0, 0.0, 0.0, 0.0, 0.0, 0.0, 0.0, 0.0, 0.0, 0.0, 0.0, 0.0, 0.0, 0.0, 0.0, 0.0, 0.0, 0.0, 0.0, 0.0, 0.0, 0.0, 0.0, 0.0, 0.0, 0.0, 0.0, 0.0, 0.0, 0.0, 0.0, 0.0, 0.0, 0.0, 0.0, 0.0, 0.0, 0.0, 0.0, 0.0, 0.0, 0.0, 0.0, 0.0, 0.0, 0.0, 0.0, 0.0, 0.0, 0.0, 0.0, 0.0, 0.0, 0.0, 0.0, 0.0, 0.0, 0.0, 0.0, 0.0, 0.0, 0.0, 0.0, 0.0, 0.0, 0.0, 0.0, 0.0, 0.0, 0.0, 0.0, 0.0, 0.0, 0.0, 0.0, 0.0, 0.0, 0.0, 0.0, 0.0, 0.0, 0.0, 0.0, 0.0, 0.0, 0.0, 0.0, 0.0, 0.0, 0.0, 0.0, 0.0, 0.0, 0.0, 0.0, 0.0, 0.0, 0.0, 0.0, 0.0, 0.0, 0.0, 0.0, 0.0, 0.0, 0.0, 0.0, 0.0, 0.0, 0.0, 0.0, 0.0, 0.0, 0.0, 0.0, 0.0, 0.0, 0.0, 0.0, 0.0, 0.0, 0.0, 0.0, 0.0, 0.0, 0.0, 0.0, 0.0, 0.0, 0.0, 0.0, 0.0, 0.0, 0.0, 0.0, 0.0, 0.0, 0.0, 0.0, 0.0, 0.0, 0.0, 0.0, 0.0, 0.0, 0.0, 0.0, 0.0, 0.0, 0.0, 0.0, 0.0, 0.0, 0.0, 0.0, 0.0, 0.0, 0.0, 0.0, 0.0, 0.0, 0.0, 0.0, 0.0, 0.0, 0.0, 0.0, 0.0, 0.0, 0.0, 0.0, 0.0, 0.0, 0.0, 0.0, 0.0, 0.0, 0.0, 0.0, 0.0, 0.0, 0.0, 0.0, 0.0, 0.0, 0.0, 0.0, 0.0, 0.0, 0.0, 0.0, 0.0, 0.0, 0.0, 0.0, 0.0, 0.0, 0.0, 0.0, 0.0, 0.0, 0.0, 0.0, 0.0, 0.0, 0.0, 0.0, 0.0, 0.0, 0.0, 0.0, 0.0, 0.0, 0.0, 0.0, 0.0, 0.0, 0.0, 0.0, 0.0, 0.0, 0.0, 0.0, 0.0, 0.0, 0.0, 0.0, 0.0, 0.0, 0.0, 0.0, 0.0, 0.0, 0.0, 0.0, 0.0, 0.0, 0.0, 0.0, 0.0, 0.0, 0.0, 0.0, 0.0, 0.0, 0.0, 0.0, 0.0, 0.0, 0.0, 0.0, 0.0, 0.0, 0.0, 0.0, 0.0, 0.0, 0.0, 0.0, 0.0, 0.0, 0.0, 0.0, 0.0, 0.0, 0.0, 0.0, 0.0, 0.0, 0.0, 0.0, 0.0, 0.0, 0.0, 0.0, 0.0, 0.0, 0.0, 0.0, 0.0, 0.0, 0.0, 0.0, 0.0, 0.0, 0.0, 0.0, 0.0, 0.0, 0.0, 0.0, 0.0, 0.0, 0.0, 0.0, 0.0, 0.0, 0.0, 0.0, 0.0, 0.0, 0.0, 0.0, 0.0, 0.0, 0.0, 0.0, 0.0, 0.0, 0.0, 0.0, 0.0, 0.0, 0.0, 0.0, 0.0, 0.0, 0.0, 0.0, 0.0, 0.0, 0.0, 0.0, 0.0, 0.0, 0.0, 0.0, 0.0, 0.0, 0.0, 0.0, 0.0, 0.0, 0.0, 0.0, 0.0, 0.0, 0.0, 0.0, 0.0, 0.0, 0.0, 0.0, 0.0, 0.0, 0.0, 0.0, 0.0, 0.0, 0.0, 0.0, 0.0, 0.0, 0.0, 0.0, 0.0, 0.0, 0.0, 0.0, 0.0, 0.0, 0.0, 0.0, 0.0, 0.0, 0.0, 0.0, 0.0, 0.0, 0.0, 0.0, 0.0, 0.0, 0.0, 0.0, 0.0, 0.0, 0.0, 0.0, 0.0, 0.0, 0.0, 0.0, 0.0, 0.0, 0.0, 0.0, 0.0, 0.0, 0.0, 0.0, 0.0, 0.0, 0.0, 0.0, 0.0, 0.0, 0.0, 0.0, 0.0, 0.0, 0.0, 0.0, 0.0, 0.0, 0.0, 0.0, 0.0, 0.0, 0.0, 0.0, 0.0, 0.0, 0.0, 0.0, 0.0, 0.0, 0.0, 0.0, 0.0, 0.0, 0.0, 0.0, 0.0, 0.0, 0.0, 0.0, 0.0, 0.0, 0.0, 0.0, 0.0, 0.0, 0.0, 0.0, 0.0, 0.0, 0.0, 0.0, 0.0, 0.0, 0.0, 0.0, 0.0, 0.0, 0.0, 0.0, 0.0, 0.0, 0.0, 0.0, 0.0, 0.0, 0.0, 0.0, 0.0, 0.0, 0.0, 0.0, 0.0, 0.0, 0.0, 0.0, 0.0, 0.0, 0.0, 0.0, 0.0, 0.0, 0.0, 0.0, 0.0, 0.0, 0.0, 0.0, 0.0, 0.0, 0.0, 0.0, 0.0, 0.0, 0.0, 0.0, 0.0, 0.0, 0.0, 0.0, 0.0, 0.0, 0.0, 0.0, 0.0, 0.0, 0.0, 0.0, 0.0, 0.0, 0.0, 0.0, 0.0, 0.0, 0.0, 0.0, 0.0, 0.0, 0.0, 0.0, 0.0, 0.0, 0.0, 0.0, 0.0, 0.0, 0.0, 0.0, 0.0, 0.0, 0.0, 0.0, 0.0, 0.0, 0.0, 0.0, 0.0, 0.0, 0.0, 0.0, 0.0, 0.0, 0.0, 0.0, 0.0, 0.0, 0.0, 0.0, 0.0, 0.0, 0.0, 0.0, 0.0, 0.0, 0.0, 0.0, 0.0, 0.0, 0.0, 0.0, 0.0, 0.0, 0.0, 0.0, 0.0, 0.0, 0.0, 0.0, 0.0, 0.0, 0.0, 0.0, 0.0, 0.0, 0.0, 0.0, 0.0, 0.0, 0.0, 0.0, 0.0, 0.0, 0.0, 0.0, 0.0, 0.0, 0.0, 0.0, 0.0, 0.0, 0.0, 0.0, 0.0, 0.0, 0.0, 0.0, 0.0, 0.0, 0.0, 0.0, 0.0, 0.0, 0.0, 0.0, 0.0, 0.0, 0.0, 0.0, 0.0, 0.0, 0.0, 0.0, 0.0, 0.0, 0.0, 0.0, 0.0, 0.0, 0.0, 0.0, 0.0, 0.0, 0.0, 0.0, 0.0, 0.0, 0.0, 0.0, 0.0, 0.0, 0.0, 0.0, 0.0, 0.0, 0.0, 0.0, 0.0, 0.0, 0.0, 0.0, 0.0, 0.0, 0.0, 0.0, 0.0, 0.0, 0.0, 0.0, 0.0, 0.0, 0.0, 0.0, 0.0, 0.0, 0.0, 0.0, 0.0, 0.0, 0.0, 0.0, 0.0, 0.0, 0.0, 0.0, 0.0, 0.0, 0.0, 0.0, 0.0, 0.0, 0.0, 0.0, 0.0, 0.0, 0.0, 0.0, 0.0, 0.0, 0.0, 0.0, 0.0, 0.0, 0.0, 0.0, 0.0, 0.0, 0.0, 0.0, 0.0, 0.0, 0.0, 0.0, 0.0, 0.0, 0.0, 0.0, 0.0, 0.0, 0.0, 0.0, 0.0, 0.0, 0.0, 0.0, 0.0, 0.0, 0.0, 0.0, 0.0, 0.0, 0.0, 0.0, 0.0, 0.0, 0.0, 0.0, 0.0, 0.0, 0.0, 0.0, 0.0, 0.0, 0.0, 0.0, 0.0, 0.0, 0.0, 0.0, 0.0, 0.0, 0.0, 0.0, 0.0, 0.0, 0.0, 0.0, 0.0, 0.0, 0.0, 0.0, 0.0, 0.0, 0.0, 0.0, 0.0, 0.0, 0.0, 0.0, 0.0, 0.0, 0.0, 0.0, 0.0, 0.0, 0.0, 0.0, 0.0, 0.0, 0.0, 0.0, 0.0, 0.0, 0.0, 0.0, 0.0, 0.0, 0.0, 0.0, 0.0, 0.0, 0.0, 0.0, 0.0, 0.0, 0.0, 0.0, 0.0, 0.0, 0.0, 0.0, 0.0, 0.0, 0.0, 0.0, 0.0, 0.0, 0.0, 0.0, 0.0, 0.0, 0.0, 0.0, 0.0, 0.0, 0.0, 0.0, 0.0, 0.0, 0.0, 0.0, 0.0, 0.0, 0.0, 0.0, 0.0, 0.0, 0.0, 0.0, 0.0, 0.0, 0.0, 0.0, 0.0, 0.0, 0.0, 0.0, 0.0, 0.0, 0.0, 0.0, 0.0, 0.0, 0.0, 0.0, 0.0, 0.0, 0.0, 0.0, 0.0, 0.0, 0.0, 0.0, 0.0, 0.0, 0.0, 0.0, 0.0, 0.0, 0.0, 0.0, 0.0, 0.0, 0.0, 0.0, 0.0, 0.0, 0.0, 0.0, 0.0, 0.0, 0.0, 0.0, 0.0, 0.0, 0.0, 0.0, 0.0, 0.0, 0.0, 0.0, 0.0, 0.0, 0.0, 0.0, 0.0, 0.0, 0.0, 0.0, 0.0, 0.0, 0.0, 0.0, 0.0, 0.0, 0.0, 0.0, 0.0, 0.0, 0.0, 0.0, 0.0, 0.0, 0.0, 0.0, 0.0, 0.0, 0.0, 0.0, 0.0, 0.0, 0.0, 0.0, 0.0, 0.0, 0.0, 0.0, 0.0, 0.0, 0.0, 0.0, 0.0, 0.0, 0.0, 0.0, 0.0, 0.0, 0.0, 0.0, 0.0, 0.0, 0.0, 0.0, 0.0, 0.0, 0.0, 0.0, 0.0, 0.0, 0.0, 0.0, 0.0, 0.0, 0.0, 0.0, 0.0, 0.0, 0.0, 0.0, 0.0, 0.0, 0.0, 0.0, 0.0, 0.0, 0.0, 0.0, 0.0, 0.0, 0.0, 0.0, 0.0, 0.0, 0.0, 0.0, 0.0, 0.0, 0.0, 0.0, 0.0, 0.0, 0.0, 0.0, 0.0, 0.0, 0.0, 0.0, 0.0, 0.0, 0.0, 0.0, 0.0, 0.0, 0.0, 0.0, 0.0, 0.0, 0.0, 0.0, 0.0, 0.0, 0.0, 0.0, 0.0, 0.0, 0.0, 0.0, 0.0, 0.0, 0.0, 0.0, 0.0, 0.0, 0.0, 0.0, 0.0, 0.0, 0.0, 0.0, 0.0, 0.0, 0.0, 0.0, 0.0, 0.0, 0.0, 0.0, 0.0, 0.0, 0.0, 0.0, 0.0, 0.0, 0.0, 0.0, 0.0, 0.0, 0.0, 0.0, 0.0, 0.0, 0.0, 0.0, 0.0, 0.0, 0.0, 0.0, 0.0, 0.0, 0.0, 0.0, 0.0, 0.0, 0.0, 0.0, 0.0, 0.0, 0.0, 0.0, 0.0, 0.0, 0.0, 0.0, 0.0, 0.0, 0.0, 0.0, 0.0, 0.0, 0.0, 0.0, 0.0, 0.0, 0.0, 0.0, 0.0, 0.0, 0.0, 0.0, 0.0, 0.0, 0.0, 0.0, 0.0, 0.0, 0.0, 0.0, 0.0, 0.0, 0.0, 0.0, 0.0, 0.0, 0.0, 0.0, 0.0, 0.0, 0.0, 0.0, 0.0, 0.0, 0.0, 0.0, 0.0, 0.0, 0.0, 0.0, 0.0, 0.0, 0.0, 0.0, 0.0, 0.0, 0.0, 0.0, 0.0, 0.0, 0.0, 0.0, 0.0, 0.0, 0.0, 0.0, 0.0, 0.0, 0.0, 0.0, 0.0, 0.0, 0.0, 0.0, 0.0, 0.0, 0.0, 0.0, 0.0, 0.0, 0.0, 0.0, 0.0, 0.0, 0.0, 0.0, 0.0, 0.0, 0.0, 0.0, 0.0, 0.0, 0.0, 0.0, 0.0, 0.0, 0.0, 0.0, 0.0, 0.0, 0.0, 0.0, 0.0, 0.0, 0.0, 0.0, 0.0, 0.0, 0.0, 0.0, 0.0, 0.0, 0.0, 0.0, 0.0, 0.0, 0.0, 0.0, 0.0, 0.0, 0.0, 0.0, 0.0, 0.0, 0.0, 0.0, 0.0, 0.0, 0.0, 0.0, 0.0, 0.0, 0.0, 0.0, 0.0, 0.0, 0.0, 0.0, 0.0, 0.0, 0.0, 0.0, 0.0, 0.0, 0.0, 0.0, 0.0, 0.0, 0.0, 0.0, 0.0, 0.0, 0.0, 0.0, 0.0, 0.0, 0.0, 0.0, 0.0, 0.0, 0.0, 0.0, 0.0, 0.0, 0.0, 0.0, 0.0, 0.0, 0.0, 0.0, 0.0, 0.0, 0.0, 0.0, 0.0, 0.0, 0.0, 0.0, 0.0, 0.0, 0.0, 0.0, 0.0, 0.0, 0.0, 0.0, 0.0, 0.0, 0.0, 0.0, 0.0, 0.0, 0.0, 0.0, 0.0, 0.0, 0.0, 0.0, 0.0, 0.0, 0.0, 0.0, 0.0, 0.0, 0.0, 0.0, 0.0, 0.0, 0.0, 0.0, 0.0, 0.0, 0.0, 0.0, 0.0, 0.0, 0.0, 0.0, 0.0, 0.0, 0.0, 0.0, 0.0, 0.0, 0.0, 0.0, 0.0, 0.0, 0.0, 0.0, 0.0, 0.0, 0.0, 0.0, 0.0, 0.0, 0.0, 0.0, 0.0, 0.0, 0.0, 0.0, 0.0, 0.0, 0.0, 0.0, 0.0, 0.0, 0.0, 0.0, 0.0, 0.0, 0.0, 0.0, 0.0, 0.0, 0.0, 0.0, 0.0, 0.0, 0.0, 0.0, 0.0, 0.0, 0.0, 0.0, 0.0, 0.0, 0.0, 0.0, 0.0, 0.0, 0.0, 0.0, 0.0, 0.0, 0.0, 0.0, 0.0, 0.0, 0.0, 0.0, 0.0, 0.0, 0.0, 0.0, 0.0, 0.0, 0.0, 0.0, 0.0, 0.0, 0.0, 0.0, 0.0, 0.0, 0.0, 0.0, 0.0, 0.0, 0.0, 0.0, 0.0, 0.0, 0.0, 0.0, 0.0, 0.0, 0.0, 0.0, 0.0, 0.0, 0.0, 0.0, 0.0, 0.0, 0.0, 0.0, 0.0, 0.0, 0.0, 0.0, 0.0, 0.0, 0.0, 0.0, 0.0, 0.0, 0.0, 0.0, 0.0, 0.0, 0.0, 0.0, 0.0, 0.0, 0.0, 0.0, 0.0, 0.0, 0.0, 0.0, 0.0, 0.0, 0.0, 0.0, 0.0, 0.0, 0.0, 0.0, 0.0, 0.0, 0.0, 0.0, 0.0, 0.0, 0.0, 0.0, 0.0, 0.0, 0.0, 0.0, 0.0, 0.0, 0.0, 0.0, 0.0, 0.0, 0.0, 0.0, 0.0, 0.0, 0.0, 0.0, 0.0, 0.0, 0.0, 0.0, 0.0, 0.0, 0.0, 0.0, 0.0, 0.0, 0.0, 0.0, 0.0, 0.0, 0.0, 0.0, 0.0, 0.0, 0.0, 0.0, 0.0, 0.0, 0.0, 0.0, 0.0, 0.0, 0.0, 0.0, 0.0, 0.0, 0.0, 0.0, 0.0, 0.0, 0.0, 0.0, 0.0, 0.0, 0.0, 0.0, 0.0, 0.0, 0.0, 0.0, 0.0, 0.0, 0.0, 0.0, 0.0, 0.0, 0.0, 0.0, 0.0, 0.0, 0.0, 0.0, 0.0, 0.0, 0.0, 0.0, 0.0, 0.0, 0.0, 0.0, 0.0, 0.0, 0.0, 0.0, 0.0, 0.0, 0.0, 0.0, 0.0, 0.0, 0.0, 0.0, 0.0, 0.0, 0.0, 0.0, 0.0, 0.0, 0.0, 0.0, 0.0, 0.0, 0.0, 0.0, 0.0, 0.0, 0.0, 0.0, 0.0, 0.0, 0.0, 0.0, 0.0, 0.0, 0.0, 0.0, 0.0, 0.0, 0.0, 0.0, 0.0, 0.0, 0.0, 0.0, 0.0, 0.0, 0.0, 0.0, 0.0, 0.0, 0.0, 0.0, 0.0, 0.0, 0.0, 0.0, 0.0, 0.0, 0.0, 0.0, 0.0, 0.0, 0.0, 0.0, 0.0, 0.0, 0.0, 0.0, 0.0, 0.0, 0.0, 0.0, 0.0, 0.0, 0.0, 0.0, 0.0, 0.0, 0.0, 0.0, 0.0, 0.0, 0.0, 0.0, 0.0, 0.0, 0.0, 0.0, 0.0, 0.0, 0.0, 0.0, 0.0, 0.0, 0.0, 0.0, 0.0, 0.0, 0.0, 0.0, 0.0, 0.0, 0.0, 0.0, 0.0, 0.0, 0.0, 0.0, 0.0, 0.0, 0.0, 0.0, 0.0, 0.0, 0.0, 0.0, 0.0, 0.0, 0.0, 0.0, 0.0, 0.0, 0.0, 0.0, 0.0, 0.0, 0.0, 0.0, 0.0, 0.0, 0.0, 0.0, 0.0, 0.0, 0.0, 0.0, 0.0, 0.0, 0.0, 0.0, 0.0, 0.0, 0.0, 0.0, 0.0, 0.0, 0.0, 0.0, 0.0, 0.0, 0.0, 0.0, 0.0, 0.0, 0.0, 0.0, 0.0, 0.0, 0.0, 0.0, 0.0, 0.0, 0.0, 0.0, 0.0, 0.0, 0.0, 0.0, 0.0, 0.0, 0.0, 0.0, 0.0, 0.0, 0.0, 0.0, 0.0, 0.0, 0.0, 0.0, 0.0, 0.0, 0.0, 0.0, 0.0, 0.0, 0.0, 0.0, 0.0, 0.0, 0.0, 0.0, 0.0, 0.0, 0.0, 0.0, 0.0, 0.0, 0.0, 0.0, 0.0, 0.0, 0.0, 0.0, 0.0, 0.0, 0.0, 0.0, 0.0, 0.0, 0.0, 0.0, 0.0, 0.0, 0.0, 0.0, 0.0, 0.0, 0.0, 0.0, 0.0, 0.0, 0.0, 0.0, 0.0, 0.0, 0.0, 0.0, 0.0, 0.0, 0.0, 0.0, 0.0, 0.0, 0.0, 0.0, 0.0, 0.0, 0.0, 0.0, 0.0, 0.0, 0.0, 0.0, 0.0, 0.0, 0.0, 0.0, 0.0, 0.0, 0.0, 0.0, 0.0, 0.0, 0.0, 0.0, 0.0, 0.0, 0.0, 0.0, 0.0, 0.0, 0.0, 0.0, 0.0, 0.0, 0.0, 0.0, 0.0, 0.0, 0.0, 0.0, 0.0, 0.0, 0.0, 0.0, 0.0, 0.0, 0.0, 0.0, 0.0, 0.0, 0.0, 0.0, 0.0, 0.0, 0.0, 0.0, 0.0, 0.0, 0.0, 0.0, 0.0, 0.0, 0.0, 0.0, 0.0, 0.0, 0.0, 0.0, 0.0, 0.0, 0.0, 0.0, 0.0, 0.0, 0.0, 0.0, 0.0, 0.0, 0.0, 0.0, 0.0, 0.0, 0.0, 0.0, 0.0, 0.0, 0.0, 0.0, 0.0, 0.0, 0.0, 0.0, 0.0, 0.0, 0.0, 0.0, 0.0, 0.0, 0.0, 0.0, 0.0, 0.0, 0.0, 0.0, 0.0, 0.0, 0.0, 0.0, 0.0, 0.0, 0.0, 0.0, 0.0, 0.0, 0.0, 0.0, 0.0, 0.0, 0.0, 0.0, 0.0, 0.0, 0.0, 0.0, 0.0, 0.0, 0.0, 0.0, 0.0, 0.0, 0.0, 0.0, 0.0, 0.0, 0.0, 0.0, 0.0, 0.0, 0.0, 0.0, 0.0, 0.0, 0.0, 0.0, 0.0, 0.0, 0.0, 0.0, 0.0, 0.0, 0.0, 0.0, 0.0, 0.0, 0.0, 0.0, 0.0, 0.0, 0.0, 0.0, 0.0, 0.0, 0.0, 0.0, 0.0, 0.0, 0.0, 0.0, 0.0, 0.0, 0.0, 0.0, 0.0, 0.0, 0.0, 0.0, 0.0, 0.0, 0.0, 0.0, 0.0, 0.0, 0.0, 0.0, 0.0, 0.0, 0.0, 0.0, 0.0, 0.0, 0.0, 0.0, 0.0, 0.0, 0.0, 0.0, 0.0, 0.0, 0.0, 0.0, 0.0, 0.0, 0.0, 0.0, 0.0, 0.0, 0.0, 0.0, 0.0, 0.0, 0.0, 0.0, 0.0, 0.0, 0.0, 0.0, 0.0, 0.0, 0.0, 0.0, 0.0, 0.0, 0.0, 0.0, 0.0, 0.0, 0.0, 0.0, 0.0, 0.0, 0.0, 0.0, 0.0, 0.0, 0.0, 0.0, 0.0, 0.0, 0.0, 0.0, 0.0, 0.0, 0.0, 0.0, 0.0, 0.0, 0.0, 0.0, 0.0, 0.0, 0.0, 0.0, 0.0, 0.0, 0.0, 0.0, 0.0, 0.0, 0.0, 0.0, 0.0, 0.0, 0.0, 0.0, 0.0, 0.0, 0.0, 0.0, 0.0, 0.0, 0.0, 0.0, 0.0, 0.0, 0.0, 0.0, 0.0, 0.0, 0.0, 0.0, 0.0, 0.0, 0.0, 0.0, 0.0, 0.0, 0.0, 0.0, 0.0, 0.0, 0.0, 0.0, 0.0, 0.0, 0.0, 0.0, 0.0, 0.0, 0.0, 0.0, 0.0, 0.0, 0.0, 0.0, 0.0, 0.0, 0.0, 0.0, 0.0, 0.0, 0.0, 0.0, 0.0, 0.0, 0.0, 0.0, 0.0, 0.0, 0.0, 0.0, 0.0, 0.0, 0.0, 0.0, 0.0, 0.0, 0.0, 0.0, 0.0, 0.0, 0.0, 0.0, 0.0, 0.0, 0.0, 0.0, 0.0, 0.0, 0.0, 0.0, 0.0, 0.0, 0.0, 0.0, 0.0, 0.0, 0.0, 0.0, 0.0, 0.0, 0.0, 0.0, 0.0, 0.0, 0.0, 0.0, 0.0, 0.0, 0.0, 0.0, 0.0, 0.0, 0.0, 0.0, 0.0, 0.0, 0.0, 0.0, 0.0, 0.0, 0.0, 0.0, 0.0, 0.0, 0.0, 0.0, 0.0, 0.0, 0.0, 0.0, 0.0, 0.0, 0.0, 0.0, 0.0, 0.0, 0.0, 0.0, 0.0, 0.0, 0.0, 0.0, 0.0, 0.0, 0.0, 0.0, 0.0, 0.0, 0.0, 0.0, 0.0, 0.0, 0.0, 0.0, 0.0, 0.0, 0.0, 0.0, 0.0, 0.0, 0.0, 0.0, 0.0, 0.0, 0.0, 0.0, 0.0, 0.0, 0.0, 0.0, 0.0, 0.0, 0.0, 0.0, 0.0, 0.0, 0.0, 0.0, 0.0, 0.0, 0.0, 0.0, 0.0, 0.0, 0.0, 0.0, 0.0, 0.0, 0.0, 0.0, 0.0, 0.0, 0.0, 0.0, 0.0, 0.0, 0.0, 0.0, 0.0, 0.0, 0.0, 0.0, 0.0, 0.0, 0.0, 0.0, 0.0, 0.0, 0.0, 0.0, 0.0, 0.0, 0.0, 0.0, 0.0, 0.0, 0.0, 0.0, 0.0, 0.0, 0.0, 0.0, 0.0, 0.0, 0.0, 0.0, 0.0, 0.0, 0.0, 0.0, 0.0, 0.0, 0.0, 0.0, 0.0, 0.0, 0.0, 0.0, 0.0, 0.0, 0.0, 0.0, 0.0, 0.0, 0.0, 0.0, 0.0, 0.0, 0.0, 0.0, 0.0, 0.0, 0.0, 0.0, 0.0, 0.0, 0.0, 0.0, 0.0, 0.0, 0.0, 0.0, 0.0, 0.0, 0.0, 0.0, 0.0, 0.0, 0.0, 0.0, 0.0, 0.0, 0.0, 0.0, 0.0, 0.0, 0.0, 0.0, 0.0, 0.0, 0.0, 0.0, 0.0, 0.0, 0.0, 0.0, 0.0, 0.0, 0.0, 0.0, 0.0, 0.0, 0.0, 0.0, 0.0, 0.0, 0.0, 0.0, 0.0, 0.0, 0.0, 0.0, 0.0, 0.0, 0.0, 0.0, 0.0, 0.0, 0.0, 0.0, 0.0, 0.0, 0.0, 0.0, 0.0, 0.0, 0.0, 0.0, 0.0, 0.0, 0.0, 0.0, 0.0, 0.0, 0.0, 0.0, 0.0, 0.0, 0.0, 0.0, 0.0, 0.0, 0.0, 0.0, 0.0, 0.0, 0.0, 0.0, 0.0, 0.0, 0.0, 0.0, 0.0, 0.0, 0.0, 0.0, 0.0, 0.0, 0.0, 0.0, 0.0, 0.0, 0.0, 0.0, 0.0, 0.0, 0.0, 0.0, 0.0, 0.0, 0.0, 0.0, 0.0, 0.0, 0.0, 0.0, 0.0, 0.0, 0.0, 0.0, 0.0, 0.0, 0.0, 0.0, 0.0, 0.0, 0.0, 0.0, 0.0, 0.0, 0.0, 0.0, 0.0, 0.0, 0.0, 0.0, 0.0, 0.0, 0.0, 0.0, 0.0, 0.0, 0.0, 0.0, 0.0, 0.0, 0.0, 0.0, 0.0, 0.0, 0.0, 0.0, 0.0, 0.0, 0.0, 0.0, 0.0, 0.0, 0.0, 0.0, 0.0, 0.0, 0.0, 0.0, 0.0, 0.0, 0.0, 0.0, 0.0, 0.0, 0.0, 0.0, 0.0, 0.0, 0.0, 0.0, 0.0, 0.0, 0.0, 0.0, 0.0, 0.0, 0.0, 0.0, 0.0, 0.0, 0.0, 0.0, 0.0, 0.0, 0.0, 0.0, 0.0, 0.0, 0.0, 0.0, 0.0, 0.0, 0.0, 0.0, 0.0, 0.0, 0.0, 0.0, 0.0, 0.0, 0.0, 0.0, 0.0, 0.0, 0.0, 0.0, 0.0, 0.0, 0.0, 0.0, 0.0, 0.0, 0.0, 0.0, 0.0, 0.0, 0.0, 0.0, 0.0, 0.0, 0.0, 0.0, 0.0, 0.0, 0.0, 0.0, 0.0, 0.0, 0.0, 0.0, 0.0, 0.0, 0.0, 0.0, 0.0, 0.0, 0.0, 0.0, 0.0, 0.0, 0.0, 0.0, 0.0, 0.0, 0.0, 0.0, 0.0, 0.0, 0.0, 0.0, 0.0, 0.0, 0.0, 0.0, 0.0, 0.0, 0.0, 0.0, 0.0, 0.0, 0.0, 0.0, 0.0, 0.0, 0.0, 0.0, 0.0, 0.0, 0.0, 0.0, 0.0, 0.0, 0.0, 0.0, 0.0, 0.0, 0.0, 0.0, 0.0, 0.0, 0.0, 0.0, 0.0, 0.0, 0.0, 0.0, 0.0, 0.0, 0.0, 0.0, 0.0, 0.0, 0.0, 0.0, 0.0, 0.0, 0.0, 0.0, 0.0, 0.0, 0.0, 0.0, 0.0, 0.0, 0.0, 0.0, 0.0, 0.0, 0.0, 0.0, 0.0, 0.0, 0.0, 0.0, 0.0, 0.0, 0.0, 0.0, 0.0, 0.0, 0.0, 0.0, 0.0, 0.0, 0.0, 0.0, 0.0, 0.0, 0.0, 0.0, 0.0, 0.0, 0.0, 0.0, 0.0, 0.0, 0.0, 0.0, 0.0, 0.0, 0.0, 0.0, 0.0, 0.0, 0.0, 0.0, 0.0, 0.0, 0.0, 0.0, 0.0, 0.0, 0.0, 0.0, 0.0, 0.0, 0.0, 0.0, 0.0, 0.0, 0.0, 0.0, 0.0, 0.0, 0.0, 0.0, 0.0, 0.0, 0.0, 0.0, 0.0, 0.0, 0.0, 0.0, 0.0, 0.0, 0.0, 0.0, 0.0, 0.0, 0.0, 0.0, 0.0, 0.0, 0.0, 0.0, 0.0, 0.0, 0.0, 0.0, 0.0, 0.0, 0.0, 0.0, 0.0, 0.0, 0.0, 0.0, 0.0, 0.0, 0.0, 0.0, 0.0, 0.0, 0.0, 0.0, 0.0, 0.0, 0.0, 0.0, 0.0, 0.0, 0.0, 0.0, 0.0, 0.0, 0.0, 0.0, 0.0, 0.0, 0.0, 0.0, 0.0, 0.0, 0.0, 0.0, 0.0, 0.0, 0.0, 0.0, 0.0, 0.0, 0.0, 0.0, 0.0, 0.0, 0.0, 0.0, 0.0, 0.0, 0.0, 0.0, 0.0, 0.0, 0.0, 0.0, 0.0, 0.0, 0.0, 0.0, 0.0, 0.0, 0.0, 0.0, 0.0, 0.0, 0.0, 0.0, 0.0, 0.0, 0.0, 0.0, 0.0, 0.0, 0.0, 0.0, 0.0, 0.0, 0.0, 0.0, 0.0, 0.0, 0.0, 0.0, 0.0, 0.0, 0.0, 0.0, 0.0, 0.0, 0.0, 0.0, 0.0, 0.0, 0.0, 0.0, 0.0, 0.0, 0.0, 0.0, 0.0, 0.0, 0.0, 0.0, 0.0, 0.0, 0.0, 0.0, 0.0, 0.0, 0.0, 0.0, 0.0, 0.0, 0.0, 0.0, 0.0, 0.0, 0.0, 0.0, 0.0, 0.0, 0.0, 0.0, 0.0, 0.0, 0.0, 0.0, 0.0, 0.0, 0.0, 0.0, 0.0, 0.0, 0.0, 0.0, 0.0, 0.0, 0.0, 0.0, 0.0, 0.0, 0.0, 0.0, 0.0, 0.0, 0.0, 0.0, 0.0, 0.0, 0.0, 0.0, 0.0, 0.0, 0.0, 0.0, 0.0, 0.0, 0.0, 0.0, 0.0, 0.0, 0.0, 0.0, 0.0, 0.0, 0.0, 0.0, 0.0, 0.0, 0.0, 0.0, 0.0, 0.0, 0.0, 0.0, 0.0, 0.0, 0.0, 0.0, 0.0, 0.0, 0.0, 0.0, 0.0, 0.0, 0.0, 0.0, 0.0, 0.0, 0.0, 0.0, 0.0, 0.0, 0.0, 0.0, 0.0, 0.0, 0.0, 0.0, 0.0, 0.0, 0.0, 0.0, 0.0, 0.0, 0.0, 0.0, 0.0, 0.0, 0.0, 0.0, 0.0, 0.0, 0.0, 0.0, 0.0, 0.0, 0.0, 0.0, 0.0, 0.0, 0.0, 0.0, 0.0, 0.0, 0.0, 0.0, 0.0, 0.0, 0.0, 0.0, 0.0, 0.0, 0.0, 0.0, 0.0, 0.0, 0.0, 0.0, 0.0, 0.0, 0.0, 0.0, 0.0, 0.0, 0.0, 0.0, 0.0, 0.0, 0.0, 0.0, 0.0, 0.0, 0.0, 0.0, 0.0, 0.0, 0.0, 0.0, 0.0, 0.0, 0.0, 0.0, 0.0, 0.0, 0.0, 0.0, 0.0, 0.0, 0.0, 0.0, 0.0, 0.0, 0.0, 0.0, 0.0, 0.0, 0.0, 0.0, 0.0, 0.0, 0.0, 0.0, 0.0, 0.0, 0.0, 0.0, 0.0, 0.0, 0.0, 0.0, 0.0, 0.0, 0.0, 0.0, 0.0, 0.0, 0.0, 0.0, 0.0, 0.0, 0.0, 0.0, 0.0, 0.0, 0.0, 0.0, 0.0, 0.0, 0.0, 0.0, 0.0]"
modeled_indices,[51; 35; 9; 22; 30; 18; 1; 37; 46; 25; 23; 31; 26; 32; 7; 3; 41; 29; 42; 28; 2; 34; 43;;]
q_heater_t,"[0.0, 0.0, 0.0, 0.0, 0.0, 0.0, 0.0, 0.0, 0.0, 0.0, 0.0, 0.0, 0.0, 0.0, 0.0, 0.0, 0.0, 0.0, 0.0, 0.0, 0.0, 0.0, 0.0, 0.0, 0.0, 0.0, 0.0, 0.0, 0.0, 0.0, 0.0, 0.0, 0.0, 0.0, 0.0, 0.0, 0.0, 0.0, 0.0, 0.0, 0.0, 0.0, 0.0, 0.0, 0.0, 0.0, 0.0, 0.0, 0.0, 0.0, 0.0, 0.0, 0.0, 0.0, 0.0, 0.0, 0.0, 0.0, 0.0, 0.0, 0.0, 0.0, 0.0, 0.0, 0.0, 0.0, 0.0, 0.0, 0.0, 0.0, 0.0, 0.0, 0.0, 0.0, 0.0, 0.0, 0.0, 0.0, 0.0, 0.0, 0.0, 0.0, 0.0, 0.0, 0.0, 0.0, 0.0, 0.0, 0.0, 0.0, 0.0, 0.0, 0.0, 0.0, 0.0, 0.0, 0.0, 0.0, 0.0, 0.0, 0.0, 0.0, 0.0, 0.0, 0.0, 0.0, 0.0, 0.0, 0.0, 0.0, 0.0, 0.0, 0.0, 0.0, 0.0, 0.0, 0.0, 0.0, 0.0, 0.0, 0.0, 0.0, 0.0, 0.0, 0.0, 0.0, 0.0, 0.0, 0.0, 0.0, 0.0, 0.0, 0.0, 0.0, 0.0, 0.0, 0.0, 0.0, 0.0, 0.0, 0.0, 0.0, 0.0, 0.0, 0.0, 0.0, 0.0, 0.0, 0.0, 0.0, 0.0, 0.0, 0.0, 0.0, 0.0, 0.0, 0.0, 0.0, 0.0, 0.0, 0.0, 0.0, 0.0, 0.0, 0.0, 0.0, 0.0, 0.0, 0.0, 0.0, 0.0, 0.0, 0.0, 0.0, 0.0, 0.0, 0.0, 0.0, 0.0, 0.0, 0.0, 0.0, 0.0, 0.0, 0.0, 0.0, 0.0, 0.0, 0.0, 0.0, 0.0, 0.0, 0.0, 0.0, 0.0, 0.0, 0.0, 0.0, 0.0, 0.0, 0.0, 0.0, 0.0, 0.0, 0.0, 0.0, 0.0, 0.0, 0.0, 0.0, 0.0, 0.0, 0.0, 0.0, 0.0, 0.0, 0.0, 0.0, 0.0, 0.0, 0.0, 0.0, 0.0, 0.0, 0.0, 0.0, 0.0, 0.0, 0.0, 0.0, 0.0, 0.0, 0.0, 0.0, 0.0, 0.0, 0.0, 0.0, 0.0, 0.0, 0.0, 0.0, 0.0, 0.0, 0.0, 0.0, 0.0, 0.0, 0.0, 0.0, 0.0, 0.0, 0.0, 0.0, 0.0, 0.0, 0.0, 0.0, 0.0, 0.0, 0.0, 0.0, 0.0, 0.0, 0.0, 0.0, 0.0, 0.0, 0.0, 0.0, 0.0, 0.0, 0.0, 0.0, 0.0, 0.0, 0.0, 0.0, 0.0, 0.0, 0.0, 0.0, 0.0, 0.0, 0.0, 0.0, 0.0, 0.0, 0.0, 0.0, 0.0, 0.0, 0.0, 0.0, 0.0, 0.0, 0.0, 0.0, 0.0, 0.0, 0.0, 0.0, 0.0, 0.0, 0.0, 0.0, 0.0, 0.0, 0.0, 0.0, 0.0, 0.0, 0.0, 0.0, 0.0, 0.0, 0.0, 0.0, 0.0, 0.0, 0.0, 0.0, 0.0, 0.0, 0.0, 0.0, 0.0, 0.0, 0.0, 0.0, 0.0, 0.0, 0.0, 0.0, 0.0, 0.0, 0.0, 0.0, 0.0, 0.0, 0.0, 0.0, 0.0, 0.0, 0.0, 0.0, 0.0, 0.0, 0.0, 0.0, 0.0, 0.0, 0.0, 0.0, 0.0, 0.0, 0.0, 0.0, 0.0, 0.0, 0.0, 0.0, 0.0, 0.0, 0.0, 0.0, 0.0, 0.0, 0.0, 0.0, 0.0, 0.0, 0.0, 0.0, 0.0, 0.0, 0.0, 0.0, 0.0, 0.0, 0.0, 0.0, 0.0, 0.0, 0.0, 0.0, 0.0, 0.0, 0.0, 0.0, 0.0, 0.0, 0.0, 0.0, 0.0, 0.0, 0.0, 0.0, 0.0, 0.0, 0.0, 0.0, 0.0, 0.0, 0.0, 0.0, 0.0, 0.0, 0.0, 0.0, 0.0, 0.0, 0.0, 0.0, 0.0, 0.0, 0.0, 0.0, 0.0, 0.0, 0.0, 0.0, 0.0, 0.0, 0.0, 0.0, 0.0, 0.0, 0.0, 0.0, 0.0, 0.0, 0.0, 0.0, 0.0, 0.0, 0.0, 0.0, 0.0, 0.0, 0.0, 0.0, 0.0, 0.0, 0.0, 0.0, 0.0, 0.0, 0.0, 0.0, 0.0, 0.0, 0.0, 0.0, 0.0, 0.0, 0.0, 0.0, 0.0, 0.0, 0.0, 0.0, 0.0, 0.0, 0.0, 0.0, 0.0, 0.0, 0.0, 0.0, 0.0, 0.0, 0.0, 0.0, 0.0, 0.0, 0.0, 0.0, 0.0, 0.0, 0.0, 0.0, 0.0, 0.0, 0.0, 0.0, 0.0, 0.0, 0.0, 0.0, 0.0, 0.0, 0.0, 0.0, 0.0, 0.0, 0.0, 0.0, 0.0, 0.0, 0.0, 0.0, 0.0, 0.0, 0.0, 0.0, 0.0, 0.0, 0.0, 0.0, 0.0, 0.0, 0.0, 0.0, 0.0, 0.0, 0.0, 0.0, 0.0, 0.0, 0.0, 0.0, 0.0, 0.0, 0.0, 0.0, 0.0, 0.0, 0.0, 0.0, 0.0, 0.0, 0.0, 0.0, 0.0, 0.0, 0.0, 0.0, 0.0, 0.0, 0.0, 0.0, 0.0, 0.0, 0.0, 0.0, 0.0, 0.0, 0.0, 0.0, 0.0, 0.0, 0.0, 0.0, 0.0, 0.0, 0.0, 0.0, 0.0, 0.0, 0.0, 0.0, 0.0, 0.0, 0.0, 0.0, 0.0, 0.0, 0.0, 0.0, 0.0, 0.0, 0.0, 0.0, 0.0, 0.0, 0.0, 0.0, 0.0, 0.0, 0.0, 0.0, 0.0, 0.0, 0.0, 0.0, 0.0, 0.0, 0.0, 0.0, 0.0, 0.0, 0.0, 0.0, 0.0, 0.0, 0.0, 0.0, 0.0, 0.0, 0.0, 0.0, 0.0, 0.0, 0.0, 0.0, 0.0, 0.0, 0.0, 0.0, 0.0, 0.0, 0.0, 0.0, 0.0, 0.0, 0.0, 0.0, 0.0, 0.0, 0.0, 0.0, 0.0, 0.0, 0.0, 0.0, 0.0, 0.0, 0.0, 0.0, 0.0, 0.0, 0.0, 0.0, 0.0, 0.0, 0.0, 0.0, 0.0, 0.0, 0.0, 0.0, 0.0, 0.0, 0.0, 0.0, 0.0, 0.0, 0.0, 0.0, 0.0, 0.0, 0.0, 0.0, 0.0, 0.0, 0.0, 0.0, 0.0, 0.0, 0.0, 0.0, 0.0, 0.0, 0.0, 0.0, 0.0, 0.0, 0.0, 0.0, 0.0, 0.0, 0.0, 0.0, 0.0, 0.0, 0.0, 0.0, 0.0, 0.0, 0.0, 0.0, 0.0, 0.0, 0.0, 0.0, 0.0, 0.0, 0.0, 0.0, 0.0, 0.0, 0.0, 0.0, 0.0, 0.0, 0.0, 0.0, 0.0, 0.0, 0.0, 0.0, 0.0, 0.0, 0.0, 0.0, 0.0, 0.0, 0.0, 0.0, 0.0, 0.0, 0.0, 0.0, 0.0, 0.0, 0.0, 0.0, 0.0, 0.0, 0.0, 0.0, 0.0, 0.0, 0.0, 0.0, 0.0, 0.0, 0.0, 0.0, 0.0, 0.0, 0.0, 0.0, 0.0, 0.0, 0.0, 0.0, 0.0, 0.0, 0.0, 0.0, 0.0, 0.0, 0.0, 0.0, 0.0, 0.0, 0.0, 0.0, 0.0, 0.0, 0.0, 0.0, 0.0, 0.0, 0.0, 0.0, 0.0, 0.0, 0.0, 0.0, 0.0, 0.0, 0.0, 0.0, 0.0, 0.0, 0.0, 0.0, 0.0, 0.0, 0.0, 0.0, 0.0, 0.0, 0.0, 0.0, 0.0, 0.0, 0.0, 0.0, 0.0, 0.0, 0.0, 0.0, 0.0, 0.0, 0.0, 0.0, 0.0, 0.0, 0.0, 0.0, 0.0, 0.0, 0.0, 0.0, 0.0, 0.0, 0.0, 0.0, 0.0, 0.0, 0.0, 0.0, 0.0, 0.0, 0.0, 0.0, 0.0, 0.0, 0.0, 0.0, 0.0, 0.0, 0.0, 0.0, 0.0, 0.0, 0.0, 0.0, 0.0, 0.0, 0.0, 0.0, 0.0, 0.0, 0.0, 0.0, 0.0, 0.0, 0.0, 0.0, 0.0, 0.0, 0.0, 0.0, 0.0, 0.0, 0.0, 0.0, 0.0, 0.0, 0.0, 0.0, 0.0, 0.0, 0.0, 0.0, 0.0, 0.0, 0.0, 0.0, 0.0, 0.0, 0.0, 0.0, 0.0, 0.0, 0.0, 0.0, 0.0, 0.0, 0.0, 0.0, 0.0, 0.0, 0.0, 0.0, 0.0, 0.0, 0.0, 0.0, 0.0, 0.0, 0.0, 0.0, 0.0, 0.0, 0.0, 0.0, 0.0, 0.0, 0.0, 0.0, 0.0, 0.0, 0.0, 0.0, 0.0, 0.0, 0.0, 0.0, 0.0, 0.0, 0.0, 0.0, 0.0, 0.0, 0.0, 0.0, 0.0, 0.0, 0.0, 0.0, 0.0, 0.0, 0.0, 0.0, 0.0, 0.0, 0.0, 0.0, 0.0, 0.0, 0.0, 0.0, 0.0, 0.0, 0.0, 0.0, 0.0, 0.0, 0.0, 0.0, 0.0, 0.0, 0.0, 0.0, 0.0, 0.0, 0.0, 0.0, 0.0, 0.0, 0.0, 0.0, 0.0, 0.0, 0.0, 0.0, 0.0, 0.0, 0.0, 0.0, 0.0, 0.0, 0.0, 0.0, 0.0, 0.0, 0.0, 0.0, 0.0, 0.0, 0.0, 0.0, 0.0, 0.0, 0.0, 0.0, 0.0, 0.0, 0.0, 0.0, 0.0, 0.0, 0.0, 0.0, 0.0, 0.0, 0.0, 0.0, 0.0, 0.0, 0.0, 0.0, 0.0, 0.0, 0.0, 0.0, 0.0, 0.0, 0.0, 0.0, 0.0, 0.0, 0.0, 0.0, 0.0, 0.0, 0.0, 0.0, 0.0, 0.0, 0.0, 0.0, 0.0, 0.0, 0.0, 0.0, 0.0, 0.0, 0.0, 0.0, 0.0, 0.0, 0.0, 0.0, 0.0, 0.0, 0.0, 0.0, 0.0, 0.0, 0.0, 0.0, 0.0, 0.0, 0.0, 0.0, 0.0, 0.0, 0.0, 0.0, 0.0, 0.0, 0.0, 0.0, 0.0, 0.0, 0.0, 0.0, 0.0, 0.0, 0.0, 0.0, 0.0, 0.0, 0.0, 0.0, 0.0, 0.0, 0.0, 0.0, 0.0, 0.0, 0.0, 0.0, 0.0, 0.0, 0.0, 0.0, 0.0, 0.0, 0.0, 0.0, 0.0, 0.0, 0.0, 0.0, 0.0, 0.0, 0.0, 0.0, 0.0, 0.0, 0.0, 0.0, 0.0, 0.0, 0.0, 0.0, 0.0, 0.0, 0.0, 0.0, 0.0, 0.0, 0.0, 0.0, 0.0, 0.0, 0.0, 0.0, 0.0, 0.0, 0.0, 0.0, 0.0, 0.0, 0.0, 0.0, 0.0, 0.0, 0.0, 0.0, 0.0, 0.0, 0.0, 0.0, 0.0, 0.0, 0.0, 0.0, 0.0, 0.0, 0.0, 0.0, 0.0, 0.0, 0.0, 0.0, 0.0, 0.0, 0.0, 0.0, 0.0, 0.0, 0.0, 0.0, 0.0, 0.0, 0.0, 0.0, 0.0, 0.0, 0.0, 0.0, 0.0, 0.0, 0.0, 0.0, 0.0, 0.0, 0.0, 0.0, 0.0, 0.0, 0.0, 0.0, 0.0, 0.0, 0.0, 0.0, 0.0, 0.0, 0.0, 0.0, 0.0, 0.0, 0.0, 0.0, 0.0, 0.0, 0.0, 0.0, 0.0, 0.0, 0.0, 0.0, 0.0, 0.0, 0.0, 0.0, 0.0, 0.0, 0.0, 0.0, 0.0, 0.0, 0.0, 0.0, 0.0, 0.0, 0.0, 0.0, 0.0, 0.0, 0.0, 0.0, 0.0, 0.0, 0.0, 0.0, 0.0, 0.0, 0.0, 0.0, 0.0, 0.0, 0.0, 0.0, 0.0, 0.0, 0.0, 0.0, 0.0, 0.0, 0.0, 0.0, 0.0, 0.0, 0.0, 0.0, 0.0, 0.0, 0.0, 0.0, 0.0, 0.0, 0.0, 0.0, 0.0, 0.0, 0.0, 0.0, 0.0, 0.0, 0.0, 0.0, 0.0, 0.0, 0.0, 0.0, 0.0, 0.0, 0.0, 0.0, 0.0, 0.0, 0.0, 0.0, 0.0, 0.0, 0.0, 0.0, 0.0, 0.0, 0.0, 0.0, 0.0, 0.0, 0.0, 0.0, 0.0, 0.0, 0.0, 0.0, 0.0, 0.0, 0.0, 0.0, 0.0, 0.0, 0.0, 0.0, 0.0, 0.0, 0.0, 0.0, 0.0, 0.0, 0.0, 0.0, 0.0, 0.0, 0.0, 0.0, 0.0, 0.0, 0.0, 0.0, 0.0, 0.0, 0.0, 0.0, 0.0, 0.0, 0.0, 0.0, 0.0, 0.0, 0.0, 0.0, 0.0, 0.0, 0.0, 0.0, 0.0, 0.0, 0.0, 0.0, 0.0, 0.0, 0.0, 0.0, 0.0, 0.0, 0.0, 0.0, 0.0, 0.0, 0.0, 0.0, 0.0, 0.0, 0.0, 0.0, 0.0, 0.0, 0.0, 0.0, 0.0, 0.0, 0.0, 0.0, 0.0, 0.0, 0.0, 0.0, 0.0, 0.0, 0.0, 0.0, 0.0, 0.0, 0.0, 0.0, 0.0, 0.0, 0.0, 0.0, 0.0, 0.0, 0.0, 0.0, 0.0, 0.0, 0.0, 0.0, 0.0, 0.0, 0.0, 0.0, 0.0, 0.0, 0.0, 0.0, 0.0, 0.0, 0.0, 0.0, 0.0, 0.0, 0.0, 0.0, 0.0, 0.0, 0.0, 0.0, 0.0, 0.0, 0.0, 0.0, 0.0, 0.0, 0.0, 0.0, 0.0, 0.0, 0.0, 0.0, 0.0, 0.0, 0.0, 0.0, 0.0, 0.0, 0.0, 0.0, 0.0, 0.0, 0.0, 0.0, 0.0, 0.0, 0.0, 0.0, 0.0, 0.0, 0.0, 0.0, 0.0, 0.0, 0.0, 0.0, 0.0, 0.0, 0.0, 0.0, 0.0, 0.0, 0.0, 0.0, 0.0, 0.0, 0.0, 0.0, 0.0, 0.0, 0.0, 0.0, 0.0, 0.0, 0.0, 0.0, 0.0, 0.0, 0.0, 0.0, 0.0, 0.0, 0.0, 0.0, 0.0, 0.0, 0.0, 0.0, 0.0, 0.0, 0.0, 0.0, 0.0, 0.0, 0.0, 0.0, 0.0, 0.0, 0.0, 0.0, 0.0, 0.0, 0.0, 0.0, 0.0, 0.0, 0.0, 0.0, 0.0, 0.0, 0.0, 0.0, 0.0, 0.0, 0.0, 0.0, 0.0, 0.0, 0.0, 0.0, 0.0, 0.0, 0.0, 0.0, 0.0, 0.0, 0.0, 0.0, 0.0, 0.0, 0.0, 0.0, 0.0, 0.0, 0.0, 0.0, 0.0, 0.0, 0.0, 0.0, 0.0, 0.0, 0.0, 0.0, 0.0, 0.0, 0.0, 0.0, 0.0, 0.0, 0.0, 0.0, 0.0, 0.0, 0.0, 0.0, 0.0, 0.0, 0.0, 0.0, 0.0, 0.0, 0.0, 0.0, 0.0, 0.0, 0.0, 0.0, 0.0, 0.0, 0.0, 0.0, 0.0, 0.0, 0.0, 0.0, 0.0, 0.0, 0.0, 0.0, 0.0, 0.0, 0.0, 0.0, 0.0, 0.0, 0.0, 0.0, 0.0, 0.0, 0.0, 0.0, 0.0, 0.0, 0.0, 0.0, 0.0, 0.0, 0.0, 0.0, 0.0, 0.0, 0.0, 0.0, 0.0, 0.0, 0.0, 0.0, 0.0, 0.0, 0.0, 0.0, 0.0, 0.0, 0.0, 0.0, 0.0, 0.0, 0.0, 0.0, 0.0, 0.0, 0.0, 0.0, 0.0, 0.0, 0.0, 0.0, 0.0, 0.0, 0.0, 0.0, 0.0, 0.0, 0.0, 0.0, 0.0, 0.0, 0.0, 0.0, 0.0, 0.0, 0.0, 0.0, 0.0, 0.0, 0.0, 0.0, 0.0, 0.0, 0.0, 0.0, 0.0, 0.0, 0.0, 0.0, 0.0, 0.0, 0.0, 0.0, 0.0, 0.0, 0.0, 0.0, 0.0, 0.0, 0.0, 0.0, 0.0, 0.0, 0.0, 0.0, 0.0, 0.0, 0.0, 0.0, 0.0, 0.0, 0.0, 0.0, 0.0, 0.0, 0.0, 0.0, 0.0, 0.0, 0.0, 0.0, 0.0, 0.0, 0.0, 0.0, 0.0, 0.0, 0.0, 0.0, 0.0, 0.0, 0.0, 0.0, 0.0, 0.0, 0.0, 0.0, 0.0, 0.0, 0.0, 0.0, 0.0, 0.0, 0.0, 0.0, 0.0, 0.0, 0.0, 0.0, 0.0, 0.0, 0.0, 0.0, 0.0, 0.0, 0.0, 0.0, 0.0, 0.0, 0.0, 0.0, 0.0, 0.0, 0.0, 0.0, 0.0, 0.0, 0.0, 0.0, 0.0, 0.0, 0.0, 0.0, 0.0, 0.0, 0.0, 0.0, 0.0, 0.0, 0.0, 0.0, 0.0, 0.0, 0.0, 0.0, 0.0, 0.0, 0.0, 0.0, 0.0, 0.0, 0.0, 0.0, 0.0, 0.0, 0.0, 0.0, 0.0, 0.0, 0.0, 0.0, 0.0, 0.0, 0.0, 0.0, 0.0, 0.0, 0.0, 0.0, 0.0, 0.0, 0.0, 0.0, 0.0, 0.0, 0.0, 0.0, 0.0, 0.0, 0.0, 0.0, 0.0, 0.0, 0.0, 0.0, 0.0, 0.0, 0.0, 0.0, 0.0, 0.0, 0.0, 0.0, 0.0, 0.0, 0.0, 0.0, 0.0, 0.0, 0.0, 0.0, 0.0, 0.0, 0.0, 0.0, 0.0, 0.0, 0.0, 0.0, 0.0, 0.0, 0.0, 0.0, 0.0, 0.0, 0.0, 0.0, 0.0, 0.0, 0.0, 0.0, 0.0, 0.0, 0.0, 0.0, 0.0, 0.0, 0.0, 0.0, 0.0, 0.0, 0.0, 0.0, 0.0, 0.0, 0.0, 0.0, 0.0, 0.0, 0.0, 0.0, 0.0, 0.0, 0.0, 0.0, 0.0, 0.0, 0.0, 0.0, 0.0, 0.0, 0.0, 0.0, 0.0, 0.0, 0.0, 0.0, 0.0, 0.0, 0.0, 0.0, 0.0, 0.0, 0.0, 0.0, 0.0, 0.0, 0.0, 0.0, 0.0, 0.0, 0.0, 0.0, 0.0, 0.0, 0.0, 0.0, 0.0, 0.0, 0.0, 0.0, 0.0, 0.0, 0.0, 0.0, 0.0, 0.0, 0.0, 0.0, 0.0, 0.0, 0.0, 0.0, 0.0, 0.0, 0.0, 0.0, 0.0, 0.0, 0.0, 0.0, 0.0, 0.0, 0.0, 0.0, 0.0, 0.0, 0.0, 0.0, 0.0, 0.0, 0.0, 0.0, 0.0, 0.0, 0.0, 0.0, 0.0, 0.0, 0.0, 0.0, 0.0, 0.0, 0.0, 0.0, 0.0, 0.0, 0.0, 0.0, 0.0, 0.0, 0.0, 0.0, 0.0, 0.0, 0.0, 0.0, 0.0, 0.0, 0.0, 0.0, 0.0, 0.0, 0.0, 0.0, 0.0, 0.0, 0.0, 0.0, 0.0, 0.0, 0.0, 0.0, 0.0, 0.0, 0.0, 0.0, 0.0, 0.0, 0.0, 0.0, 0.0, 0.0, 0.0, 0.0, 0.0, 0.0, 0.0, 0.0, 0.0, 0.0, 0.0, 0.0, 0.0, 0.0, 0.0, 0.0, 0.0, 0.0, 0.0, 0.0, 0.0, 0.0, 0.0, 0.0, 0.0, 0.0, 0.0, 0.0, 0.0, 0.0, 0.0, 0.0, 0.0, 0.0, 0.0, 0.0, 0.0, 0.0, 0.0, 0.0, 0.0, 0.0, 0.0, 0.0, 0.0, 0.0, 0.0, 0.0, 0.0, 0.0, 0.0, 0.0, 0.0, 0.0, 0.0, 0.0, 0.0, 0.0, 0.0, 0.0, 0.0, 0.0, 0.0, 0.0, 0.0, 0.0, 0.0, 0.0, 0.0, 0.0, 0.0, 0.0, 0.0, 0.0, 0.0, 0.0, 0.0, 0.0, 0.0, 0.0, 0.0, 0.0, 0.0, 0.0, 0.0, 0.0, 0.0, 0.0, 0.0, 0.0, 0.0, 0.0, 0.0, 0.0, 0.0, 0.0, 0.0, 0.0, 0.0, 0.0, 0.0, 0.0, 0.0, 0.0, 0.0, 0.0, 0.0, 0.0, 0.0, 0.0, 0.0, 0.0, 0.0, 0.0, 0.0, 0.0, 0.0, 0.0, 0.0, 0.0, 0.0, 0.0, 0.0, 0.0, 0.0, 0.0, 0.0, 0.0, 0.0, 0.0, 0.0, 0.0, 0.0, 0.0, 0.0, 0.0, 0.0, 0.0, 0.0, 0.0, 0.0, 0.0, 0.0, 0.0, 0.0, 0.0, 0.0, 0.0, 0.0, 0.0, 0.0, 0.0, 0.0, 0.0, 0.0, 0.0, 0.0, 0.0, 0.0, 0.0, 0.0, 0.0, 0.0, 0.0, 0.0, 0.0, 0.0, 0.0, 0.0, 0.0, 0.0, 0.0, 0.0, 0.0, 0.0, 0.0, 0.0, 0.0, 0.0, 0.0, 0.0, 0.0, 0.0, 0.0, 0.0, 0.0, 0.0, 0.0, 0.0, 0.0, 0.0, 0.0, 0.0, 0.0, 0.0, 0.0, 0.0, 0.0, 0.0, 0.0, 0.0, 0.0, 0.0, 0.0, 0.0, 0.0, 0.0, 0.0, 0.0, 0.0, 0.0, 0.0, 0.0, 0.0, 0.0, 0.0, 0.0, 0.0, 0.0, 0.0, 0.0, 0.0, 0.0, 0.0, 0.0, 0.0, 0.0, 0.0, 0.0, 0.0, 0.0, 0.0, 0.0, 0.0, 0.0, 0.0, 0.0, 0.0, 0.0, 0.0, 0.0, 0.0, 0.0, 0.0, 0.0, 0.0, 0.0, 0.0, 0.0, 0.0, 0.0, 0.0, 0.0, 0.0, 0.0, 0.0, 0.0, 0.0, 0.0, 0.0, 0.0, 0.0, 0.0, 0.0, 0.0, 0.0, 0.0, 0.0, 0.0, 0.0, 0.0, 0.0, 0.0, 0.0, 0.0, 0.0, 0.0, 0.0, 0.0, 0.0, 0.0, 0.0, 0.0, 0.0, 0.0, 0.0, 0.0, 0.0, 0.0, 0.0, 0.0, 0.0, 0.0, 0.0, 0.0, 0.0, 0.0, 0.0, 0.0, 0.0, 0.0, 0.0, 0.0, 0.0, 0.0, 0.0, 0.0, 0.0, 0.0, 0.0, 0.0, 0.0, 0.0, 0.0, 0.0, 0.0, 0.0, 0.0, 0.0, 0.0, 0.0, 0.0, 0.0, 0.0, 0.0, 0.0, 0.0, 0.0, 0.0, 0.0, 0.0, 0.0, 0.0, 0.0, 0.0, 0.0, 0.0, 0.0, 0.0, 0.0, 0.0, 0.0, 0.0, 0.0, 0.0, 0.0, 0.0, 0.0, 0.0, 0.0, 0.0, 0.0, 0.0, 0.0, 0.0, 0.0, 0.0, 0.0, 0.0, 0.0, 0.0, 0.0, 0.0, 0.0, 0.0, 0.0, 0.0, 0.0, 0.0, 0.0, 0.0, 0.0, 0.0, 0.0, 0.0, 0.0, 0.0, 0.0, 0.0, 0.0, 0.0, 0.0, 0.0, 0.0, 0.0, 0.0, 0.0, 0.0, 0.0, 0.0, 0.0, 0.0, 0.0, 0.0, 0.0, 0.0, 0.0, 0.0, 0.0, 0.0, 0.0, 0.0, 0.0, 0.0, 0.0, 0.0, 0.0, 0.0, 0.0, 0.0, 0.0, 0.0, 0.0, 0.0, 0.0, 0.0, 0.0, 0.0, 0.0, 0.0, 0.0, 0.0, 0.0, 0.0, 0.0, 0.0, 0.0, 0.0, 0.0, 0.0, 0.0, 0.0, 0.0, 0.0, 0.0, 0.0, 0.0, 0.0, 0.0, 0.0, 0.0, 0.0, 0.0, 0.0, 0.0, 0.0, 0.0, 0.0, 0.0, 0.0, 0.0, 0.0, 0.0, 0.0, 0.0, 0.0, 0.0, 0.0, 0.0, 0.0, 0.0, 0.0, 0.0, 0.0, 0.0, 0.0, 0.0, 0.0, 0.0, 0.0, 0.0, 0.0, 0.0, 0.0, 0.0, 0.0, 0.0, 0.0, 0.0, 0.0, 0.0, 0.0, 0.0, 0.0, 0.0, 0.0, 0.0, 0.0, 0.0, 0.0, 0.0, 0.0, 0.0, 0.0, 0.0, 0.0, 0.0, 0.0, 0.0, 0.0, 0.0, 0.0, 0.0, 0.0, 0.0, 0.0, 0.0, 0.0, 0.0, 0.0, 0.0, 0.0, 0.0, 0.0, 0.0, 0.0, 0.0, 0.0, 0.0, 0.0, 0.0, 0.0, 0.0, 0.0, 0.0, 0.0, 0.0, 0.0, 0.0, 0.0, 0.0, 0.0, 0.0, 0.0, 0.0, 0.0, 0.0, 0.0, 0.0, 0.0, 0.0, 0.0, 0.0, 0.0, 0.0, 0.0, 0.0, 0.0, 0.0, 0.0, 0.0, 0.0, 0.0, 0.0, 0.0, 0.0, 0.0, 0.0, 0.0, 0.0, 0.0, 0.0, 0.0, 0.0, 0.0, 0.0, 0.0, 0.0, 0.0, 0.0, 0.0, 0.0, 0.0, 0.0, 0.0, 0.0, 0.0, 0.0, 0.0, 0.0, 0.0, 0.0, 0.0, 0.0, 0.0, 0.0, 0.0, 0.0, 0.0, 0.0, 0.0, 0.0, 0.0, 0.0, 0.0, 0.0, 0.0, 0.0, 0.0, 0.0, 0.0, 0.0, 0.0, 0.0, 0.0, 0.0, 0.0, 0.0, 0.0, 0.0, 0.0, 0.0, 0.0, 0.0, 0.0, 0.0, 0.0, 0.0, 0.0, 0.0, 0.0, 0.0, 0.0, 0.0, 0.0, 0.0, 0.0, 0.0, 0.0, 0.0, 0.0, 0.0, 0.0, 0.0, 0.0, 0.0, 0.0, 0.0, 0.0, 0.0, 0.0, 0.0, 0.0, 0.0, 0.0, 0.0, 0.0, 0.0, 0.0, 0.0, 0.0, 0.0, 0.0, 0.0, 0.0, 0.0, 0.0, 0.0, 0.0, 0.0, 0.0, 0.0, 0.0, 0.0, 0.0, 0.0, 0.0, 0.0, 0.0, 0.0, 0.0, 0.0, 0.0, 0.0, 0.0, 0.0, 0.0, 0.0, 0.0, 0.0, 0.0, 0.0, 0.0, 0.0, 0.0, 0.0, 0.0, 0.0, 0.0, 0.0, 0.0, 0.0, 0.0, 0.0, 0.0, 0.0, 0.0, 0.0, 0.0, 0.0, 0.0, 0.0, 0.0, 0.0, 0.0, 0.0, 0.0, 0.0, 0.0, 0.0, 0.0, 0.0, 0.0, 0.0, 0.0, 0.0, 0.0, 0.0, 0.0, 0.0, 0.0, 0.0, 0.0, 0.0, 0.0, 0.0, 0.0, 0.0, 0.0, 0.0, 0.0, 0.0, 0.0, 0.0, 0.0, 0.0, 0.0, 0.0, 0.0, 0.0, 0.0, 0.0, 0.0, 0.0, 0.0, 0.0, 0.0, 0.0, 0.0, 0.0, 0.0, 0.0, 0.0, 0.0, 0.0, 0.0, 0.0, 0.0, 0.0, 0.0, 0.0, 0.0, 0.0, 0.0, 0.0, 0.0, 0.0, 0.0, 0.0, 0.0, 0.0, 0.0, 0.0, 0.0, 0.0, 0.0, 0.0, 0.0, 0.0, 0.0, 0.0, 0.0, 0.0, 0.0, 0.0, 0.0, 0.0, 0.0, 0.0, 0.0, 0.0, 0.0, 0.0, 0.0, 0.0, 0.0, 0.0, 0.0, 0.0, 0.0, 0.0, 0.0, 0.0, 0.0, 0.0, 0.0, 0.0, 0.0, 0.0, 0.0, 0.0, 0.0, 0.0, 0.0, 0.0, 0.0, 0.0, 0.0, 0.0, 0.0, 0.0, 0.0, 0.0, 0.0, 0.0, 0.0, 0.0, 0.0, 0.0, 0.0, 0.0, 0.0, 0.0, 0.0, 0.0, 0.0, 0.0, 0.0, 0.0, 0.0, 0.0, 0.0, 0.0, 0.0, 0.0, 0.0, 0.0, 0.0, 0.0, 0.0, 0.0, 0.0, 0.0, 0.0, 0.0, 0.0, 0.0, 0.0, 0.0, 0.0, 0.0, 0.0, 0.0, 0.0, 0.0, 0.0, 0.0, 0.0, 0.0, 0.0, 0.0, 0.0, 0.0, 0.0, 0.0, 0.0, 0.0, 0.0, 0.0, 0.0, 0.0, 0.0, 0.0, 0.0, 0.0, 0.0, 0.0, 0.0, 0.0, 0.0, 0.0, 0.0, 0.0, 0.0, 0.0, 0.0, 0.0, 0.0, 0.0, 0.0, 0.0, 0.0, 0.0, 0.0, 0.0, 0.0, 0.0, 0.0, 0.0, 0.0, 0.0, 0.0, 0.0, 0.0, 0.0, 0.0, 0.0, 0.0, 0.0, 0.0, 0.0, 0.0, 0.0, 0.0, 0.0, 0.0, 0.0, 0.0, 0.0, 0.0, 0.0, 0.0, 0.0, 0.0, 0.0, 0.0, 0.0, 0.0, 0.0, 0.0, 0.0, 0.0, 0.0, 0.0, 0.0, 0.0, 0.0, 0.0, 0.0, 0.0, 0.0, 0.0, 0.0, 0.0, 0.0, 0.0, 0.0, 0.0, 0.0, 0.0, 0.0, 0.0, 0.0, 0.0, 0.0, 0.0, 0.0, 0.0, 0.0, 0.0, 0.0, 0.0, 0.0, 0.0, 0.0, 0.0, 0.0, 0.0, 0.0, 0.0, 0.0, 0.0, 0.0, 0.0, 0.0, 0.0, 0.0, 0.0, 0.0, 0.0, 0.0, 0.0, 0.0, 0.0, 0.0, 0.0, 0.0, 0.0, 0.0, 0.0, 0.0, 0.0, 0.0, 0.0, 0.0, 0.0, 0.0, 0.0, 0.0, 0.0, 0.0, 0.0, 0.0, 0.0, 0.0, 0.0, 0.0, 0.0, 0.0, 0.0, 0.0, 0.0, 0.0, 0.0, 0.0, 0.0, 0.0, 0.0, 0.0, 0.0, 0.0, 0.0, 0.0, 0.0, 0.0, 0.0, 0.0, 0.0, 0.0, 0.0, 0.0, 0.0, 0.0, 0.0, 0.0, 0.0, 0.0, 0.0, 0.0, 0.0, 0.0, 0.0, 0.0, 0.0, 0.0, 0.0, 0.0, 0.0, 0.0, 0.0, 0.0, 0.0, 0.0, 0.0, 0.0, 0.0, 0.0, 0.0, 0.0, 0.0, 0.0, 0.0, 0.0, 0.0, 0.0, 0.0, 0.0, 0.0, 0.0, 0.0, 0.0, 0.0, 0.0, 0.0, 0.0, 0.0, 0.0, 0.0, 0.0, 0.0, 0.0, 0.0, 0.0, 0.0, 0.0, 0.0, 0.0, 0.0, 0.0, 0.0, 0.0, 0.0, 0.0, 0.0, 0.0, 0.0, 0.0, 0.0, 0.0, 0.0, 0.0, 0.0, 0.0, 0.0, 0.0, 0.0, 0.0, 0.0, 0.0, 0.0, 0.0, 0.0, 0.0, 0.0, 0.0, 0.0, 0.0, 0.0, 0.0, 0.0, 0.0, 0.0, 0.0, 0.0, 0.0, 0.0, 0.0, 0.0, 0.0, 0.0, 0.0, 0.0, 0.0, 0.0, 0.0, 0.0, 0.0, 0.0, 0.0, 0.0, 0.0, 0.0, 0.0, 0.0, 0.0, 0.0, 0.0, 0.0, 0.0, 0.0, 0.0, 0.0, 0.0, 0.0, 0.0, 0.0, 0.0, 0.0, 0.0, 0.0, 0.0, 0.0, 0.0, 0.0, 0.0, 0.0, 0.0, 0.0, 0.0, 0.0, 0.0, 0.0, 0.0, 0.0, 0.0, 0.0, 0.0, 0.0, 0.0, 0.0, 0.0, 0.0, 0.0, 0.0, 0.0, 0.0, 0.0, 0.0, 0.0, 0.0, 0.0, 0.0, 0.0, 0.0, 0.0, 0.0, 0.0, 0.0, 0.0, 0.0, 0.0, 0.0, 0.0, 0.0, 0.0, 0.0, 0.0, 0.0, 0.0, 0.0, 0.0, 0.0, 0.0, 0.0, 0.0, 0.0, 0.0, 0.0, 0.0, 0.0, 0.0, 0.0, 0.0, 0.0, 0.0, 0.0, 0.0, 0.0, 0.0, 0.0, 0.0, 0.0, 0.0, 0.0, 0.0, 0.0, 0.0, 0.0, 0.0, 0.0, 0.0, 0.0, 0.0, 0.0, 0.0, 0.0, 0.0, 0.0, 0.0, 0.0, 0.0, 0.0, 0.0, 0.0, 0.0, 0.0, 0.0, 0.0, 0.0, 0.0, 0.0, 0.0, 0.0, 0.0, 0.0, 0.0, 0.0, 0.0, 0.0, 0.0, 0.0, 0.0, 0.0, 0.0, 0.0, 0.0, 0.0, 0.0, 0.0, 0.0, 0.0, 0.0, 0.0, 0.0, 0.0, 0.0, 0.0, 0.0, 0.0, 0.0, 0.0, 0.0, 0.0, 0.0, 0.0, 0.0, 0.0, 0.0, 0.0, 0.0, 0.0, 0.0, 0.0, 0.0, 0.0, 0.0, 0.0, 0.0, 0.0, 0.0, 0.0, 0.0, 0.0, 0.0, 0.0, 0.0, 0.0, 0.0, 0.0, 0.0, 0.0, 0.0, 0.0, 0.0, 0.0, 0.0, 0.0, 0.0, 0.0, 0.0, 0.0, 0.0, 0.0, 0.0, 0.0, 0.0, 0.0, 0.0, 0.0, 0.0, 0.0, 0.0, 0.0, 0.0, 0.0, 0.0, 0.0, 0.0, 0.0, 0.0, 0.0, 0.0, 0.0, 0.0, 0.0, 0.0, 0.0, 0.0, 0.0, 0.0, 0.0, 0.0, 0.0, 0.0, 0.0, 0.0, 0.0, 0.0, 0.0, 0.0, 0.0, 0.0, 0.0, 0.0, 0.0, 0.0, 0.0, 0.0, 0.0, 0.0, 0.0, 0.0, 0.0, 0.0, 0.0, 0.0, 0.0, 0.0, 0.0, 0.0, 0.0, 0.0, 0.0, 0.0, 0.0, 0.0, 0.0, 0.0, 0.0, 0.0, 0.0, 0.0, 0.0, 0.0, 0.0, 0.0, 0.0, 0.0, 0.0, 0.0, 0.0, 0.0, 0.0, 0.0, 0.0, 0.0, 0.0, 0.0, 0.0, 0.0, 0.0, 0.0, 0.0, 0.0, 0.0, 0.0, 0.0, 0.0, 0.0, 0.0, 0.0, 0.0, 0.0, 0.0, 0.0, 0.0, 0.0, 0.0, 0.0, 0.0, 0.0, 0.0, 0.0, 0.0, 0.0, 0.0, 0.0, 0.0, 0.0, 0.0, 0.0, 0.0, 0.0, 0.0, 0.0, 0.0, 0.0, 0.0, 0.0, 0.0, 0.0, 0.0, 0.0, 0.0, 0.0, 0.0, 0.0, 0.0, 0.0, 0.0, 0.0, 0.0, 0.0, 0.0, 0.0, 0.0, 0.0, 0.0, 0.0, 0.0, 0.0, 0.0, 0.0, 0.0, 0.0, 0.0, 0.0, 0.0, 0.0, 0.0, 0.0, 0.0, 0.0, 0.0, 0.0, 0.0, 0.0, 0.0, 0.0, 0.0, 0.0, 0.0, 0.0, 0.0, 0.0, 0.0, 0.0, 0.0, 0.0, 0.0, 0.0, 0.0, 0.0, 0.0, 0.0, 0.0, 0.0, 0.0, 0.0, 0.0, 0.0, 0.0, 0.0, 0.0, 0.0, 0.0, 0.0, 0.0, 0.0, 0.0, 0.0, 0.0, 0.0, 0.0, 0.0, 0.0, 0.0, 0.0, 0.0, 0.0, 0.0, 0.0, 0.0, 0.0, 0.0, 0.0, 0.0, 0.0, 0.0, 0.0, 0.0, 0.0, 0.0, 0.0, 0.0, 0.0, 0.0, 0.0, 0.0, 0.0, 0.0, 0.0, 0.0, 0.0, 0.0, 0.0, 0.0, 0.0, 0.0, 0.0, 0.0, 0.0, 0.0, 0.0, 0.0, 0.0, 0.0, 0.0, 0.0, 0.0, 0.0, 0.0, 0.0, 0.0, 0.0, 0.0, 0.0, 0.0, 0.0, 0.0, 0.0, 0.0, 0.0, 0.0, 0.0, 0.0, 0.0, 0.0, 0.0, 0.0, 0.0, 0.0, 0.0, 0.0, 0.0, 0.0, 0.0, 0.0, 0.0, 0.0, 0.0, 0.0, 0.0, 0.0, 0.0, 0.0, 0.0, 0.0, 0.0, 0.0, 0.0, 0.0, 0.0, 0.0, 0.0, 0.0, 0.0, 0.0, 0.0, 0.0, 0.0, 0.0, 0.0, 0.0, 0.0, 0.0, 0.0, 0.0, 0.0, 0.0, 0.0, 0.0, 0.0, 0.0, 0.0, 0.0, 0.0, 0.0, 0.0, 0.0, 0.0, 0.0, 0.0, 0.0, 0.0, 0.0, 0.0, 0.0, 0.0, 0.0, 0.0, 0.0, 0.0, 0.0, 0.0, 0.0, 0.0, 0.0, 0.0, 0.0, 0.0, 0.0, 0.0, 0.0, 0.0, 0.0, 0.0, 0.0, 0.0, 0.0, 0.0, 0.0, 0.0, 0.0, 0.0, 0.0, 0.0, 0.0, 0.0, 0.0, 0.0, 0.0, 0.0, 0.0, 0.0, 0.0, 0.0, 0.0, 0.0, 0.0, 0.0, 0.0, 0.0, 0.0, 0.0, 0.0, 0.0, 0.0, 0.0, 0.0, 0.0, 0.0, 0.0, 0.0, 0.0, 0.0, 0.0, 0.0, 0.0, 0.0, 0.0, 0.0, 0.0, 0.0, 0.0, 0.0, 0.0, 0.0, 0.0, 0.0, 0.0, 0.0, 0.0, 0.0, 0.0, 0.0, 0.0, 0.0, 0.0, 0.0, 0.0, 0.0, 0.0, 0.0, 0.0, 0.0, 0.0, 0.0, 0.0, 0.0, 0.0, 0.0, 0.0, 0.0, 0.0, 0.0, 0.0, 0.0, 0.0, 0.0, 0.0, 0.0, 0.0, 0.0, 0.0, 0.0, 0.0, 0.0, 0.0, 0.0, 0.0, 0.0, 0.0, 0.0, 0.0, 0.0, 0.0, 0.0, 0.0, 0.0, 0.0, 0.0, 0.0, 0.0, 0.0, 0.0, 0.0, 0.0, 0.0, 0.0, 0.0, 0.0, 0.0, 0.0, 0.0, 0.0, 0.0, 0.0, 0.0, 0.0, 0.0, 0.0, 0.0, 0.0, 0.0, 0.0, 0.0, 0.0, 0.0, 0.0, 0.0, 0.0, 0.0, 0.0, 0.0, 0.0, 0.0, 0.0, 0.0, 0.0, 0.0, 0.0, 0.0, 0.0, 0.0, 0.0, 0.0, 0.0, 0.0, 0.0, 0.0, 0.0, 0.0, 0.0, 0.0, 0.0, 0.0, 0.0, 0.0, 0.0, 0.0, 0.0, 0.0, 0.0, 0.0, 0.0, 0.0, 0.0, 0.0, 0.0, 0.0, 0.0, 0.0, 0.0, 0.0, 0.0, 0.0, 0.0, 0.0, 0.0, 0.0, 0.0, 0.0, 0.0, 0.0, 0.0, 0.0, 0.0, 0.0, 0.0, 0.0, 0.0, 0.0, 0.0, 0.0, 0.0, 0.0, 0.0, 0.0, 0.0, 0.0, 0.0, 0.0, 0.0, 0.0, 0.0, 0.0, 0.0, 0.0, 0.0, 0.0, 0.0, 0.0, 0.0, 0.0, 0.0, 0.0, 0.0, 0.0, 0.0, 0.0, 0.0, 0.0, 0.0, 0.0, 0.0, 0.0, 0.0, 0.0, 0.0, 0.0, 0.0, 0.0, 0.0, 0.0, 0.0, 0.0, 0.0, 0.0, 0.0, 0.0, 0.0, 0.0, 0.0, 0.0, 0.0, 0.0, 0.0, 0.0, 0.0, 0.0, 0.0, 0.0, 0.0, 0.0, 0.0, 0.0, 0.0, 0.0, 0.0, 0.0, 0.0, 0.0, 0.0]"
capWind,3871.025764441453
weights,[1; 2; 6; 4; 1; 9; 2; 2; 4; 1; 1; 1; 1; 2; 4; 1; 1; 1; 1; 2; 2; 1; 2;;]
CAPEX_TES_pumps,0.0
CAPEX_TES_total,0.0
lambda_1,"[1.0, 0.0, 0.0, 0.0, 0.0, 0.0, 0.0, 0.0, 0.0, 0.0, 0.0, 0.0, 0.0, 0.0, 0.0, 0.0, 0.0, 0.0, 0.0, 0.0, 0.0, 0.0, 0.0, 0.0, 0.0, 0.0, 0.0, 0.0, 0.0, 0.0, 0.0, 0.0, 0.0, 0.0, 0.0, 0.0, 0.0, 0.0, 0.0, 0.0, 0.0, 0.0, 0.0, 0.0, 0.0, 0.0, 0.0, 0.0, 0.0, 0.0, 0.0, 0.0, 0.0, 0.0, 0.0, 0.0, 0.0, 0.0, 0.0, 0.0, 0.0, 0.0, 0.0, 0.0, 0.0, 0.0, 0.0, 0.0, 0.0, 0.0, 0.0, 0.0, 0.0, 0.0, 0.0, 0.0, 0.0, 0.0, 0.0, 0.0, 0.0, 0.0, 0.0, 0.0, 0.0, 0.0, 0.0, 0.0, 0.0, 0.0, 0.0, 0.0, 0.0, 0.0, 0.0, 0.0, 0.0, 0.0, 0.0, 0.0, 0.0, 0.0, 0.0, 0.0, 0.0, 0.0, 0.0, 0.0, 0.0, 0.0, 0.0, 0.0, 0.0, 0.0, 0.0, 0.0, 0.0, 0.0, 0.0, 0.0, 0.0, 0.0, 0.0, 0.0, 0.0, 0.0, 0.0, 0.0, 0.0, 0.0, 0.0, 0.0, 0.0, 0.0, 0.0, 0.0, 0.0, 0.0, 0.0, 0.0, 0.0, 0.0, 0.0, 0.0, 0.0, 0.0, 0.0, 0.0, 0.0, 0.0, 0.0, 0.0, 0.0, 0.0, 0.0, 0.0, 0.0, 0.0, 0.0, 0.0, 0.0, 0.0, 0.0, 0.0, 0.0, 0.0, 0.0, 0.0, 0.0, 0.0, 0.0, 0.0, 0.0, 0.0, 0.0, 0.0, 0.0, 0.0, 0.0, 0.0, 0.0, 0.0, 0.0, 0.0, 0.0, 0.0, 0.0, 0.0, 0.0, 0.0, 0.0, 0.0, 0.0, 0.0, 0.0, 0.0, 0.0, 0.0, 0.0, 0.0, 0.0, 0.0, 0.0, 0.0, 0.0, 0.0, 0.0, 0.0, 0.0, 0.0, 0.0, 0.0, 0.0, 0.0, 0.0, 0.0, 0.0, 0.0, 0.0, 0.0, 0.0, 0.0, 0.0, 0.0, 0.0, 0.0, 0.0, 0.0, 0.0, 0.0, 0.0, 0.0, 0.0, 0.0, 0.0, 0.0, 0.0, 0.0, 0.0, 0.0, 0.0, 0.0, 0.0, 0.0, 0.0, 0.0, 0.0, 0.0, 0.0, 0.0, 0.0, 0.0, 0.0, 0.0, 0.0, 0.0, 0.0, 0.0, 0.0, 0.0, 0.0]"
OPEX_Coal,3279.6091829499196
wind_max,1.9816454875447903e7
cost_HX_3,0.0
TES_LCOE_Profits,0
cp,1.56
TES_LCOE_total,0
capSolar,10392.720889180862
TES_capex,0.0
TES_LCOE_dict,"Dict{Any, Any}()"
CAPEX_Li,574774.6683766819
dispatch_Solar,1.3674524401933912e7
CAPEX_TES_Ind_charger,0.0
capRetire,0.0
CAPEX_Solar,481546.72240019526
deltaQ,"[0.0, 0.0, 0.0, 0.0, 0.0, 0.0, 0.0, 0.0, 0.0, 0.0, 0.0, 0.0, 0.0, 0.0, 0.0, 0.0, 0.0, 0.0, 0.0, 0.0, 0.0, 0.0, 0.0]"
CAPEX_TES_pipes_valves,0.0
price_fname,23REEDS_2030_MH.csv
dispatch_TES,0.0
dispatch_Coal,19089.09312969073
emissions,18516.420335800005
tank_energy_t,"[0.0, 0.0, 0.0, 0.0, 0.0, 0.0, 0.0, 0.0, 0.0, 0.0, 0.0, 0.0, 0.0, 0.0, 0.0, 0.0, 0.0, 0.0, 0.0, 0.0, 0.0, 0.0, 0.0, 0.0, 0.0, 0.0, 0.0, 0.0, 0.0, 0.0, 0.0, 0.0, 0.0, 0.0, 0.0, 0.0, 0.0, 0.0, 0.0, 0.0, 0.0, 0.0, 0.0, 0.0, 0.0, 0.0, 0.0, 0.0, 0.0, 0.0, 0.0, 0.0, 0.0, 0.0, 0.0, 0.0, 0.0, 0.0, 0.0, 0.0, 0.0, 0.0, 0.0, 0.0, 0.0, 0.0, 0.0, 0.0, 0.0, 0.0, 0.0, 0.0, 0.0, 0.0, 0.0, 0.0, 0.0, 0.0, 0.0, 0.0, 0.0, 0.0, 0.0, 0.0, 0.0, 0.0, 0.0, 0.0, 0.0, 0.0, 0.0, 0.0, 0.0, 0.0, 0.0, 0.0, 0.0, 0.0, 0.0, 0.0, 0.0, 0.0, 0.0, 0.0, 0.0, 0.0, 0.0, 0.0, 0.0, 0.0, 0.0, 0.0, 0.0, 0.0, 0.0, 0.0, 0.0, 0.0, 0.0, 0.0, 0.0, 0.0, 0.0, 0.0, 0.0, 0.0, 0.0, 0.0, 0.0, 0.0, 0.0, 0.0, 0.0, 0.0, 0.0, 0.0, 0.0, 0.0, 0.0, 0.0, 0.0, 0.0, 0.0, 0.0, 0.0, 0.0, 0.0, 0.0, 0.0, 0.0, 0.0, 0.0, 0.0, 0.0, 0.0, 0.0, 0.0, 0.0, 0.0, 0.0, 0.0, 0.0, 0.0, 0.0, 0.0, 0.0, 0.0, 0.0, 0.0, 0.0, 0.0, 0.0, 0.0, 0.0, 0.0, 0.0, 0.0, 0.0, 0.0, 0.0, 0.0, 0.0, 0.0, 0.0, 0.0, 0.0, 0.0, 0.0, 0.0, 0.0, 0.0, 0.0, 0.0, 0.0, 0.0, 0.0, 0.0, 0.0, 0.0, 0.0, 0.0, 0.0, 0.0, 0.0, 0.0, 0.0, 0.0, 0.0, 0.0, 0.0, 0.0, 0.0, 0.0, 0.0, 0.0, 0.0, 0.0, 0.0, 0.0, 0.0, 0.0, 0.0, 0.0, 0.0, 0.0, 0.0, 0.0, 0.0, 0.0, 0.0, 0.0, 0.0, 0.0, 0.0, 0.0, 0.0, 0.0, 0.0, 0.0, 0.0, 0.0, 0.0, 0.0, 0.0, 0.0, 0.0, 0.0, 0.0, 0.0, 0.0, 0.0, 0.0, 0.0, 0.0, 0.0, 0.0, 0.0, 0.0, 0.0, 0.0, 0.0, 0.0, 0.0, 0.0, 0.0, 0.0, 0.0, 0.0, 0.0, 0.0, 0.0, 0.0, 0.0, 0.0, 0.0, 0.0, 0.0, 0.0, 0.0, 0.0, 0.0, 0.0, 0.0, 0.0, 0.0, 0.0, 0.0, 0.0, 0.0, 0.0, 0.0, 0.0, 0.0, 0.0, 0.0, 0.0, 0.0, 0.0, 0.0, 0.0, 0.0, 0.0, 0.0, 0.0, 0.0, 0.0, 0.0, 0.0, 0.0, 0.0, 0.0, 0.0, 0.0, 0.0, 0.0, 0.0, 0.0, 0.0, 0.0, 0.0, 0.0, 0.0, 0.0, 0.0, 0.0, 0.0, 0.0, 0.0, 0.0, 0.0, 0.0, 0.0, 0.0, 0.0, 0.0, 0.0, 0.0, 0.0, 0.0, 0.0, 0.0, 0.0, 0.0, 0.0, 0.0, 0.0, 0.0, 0.0, 0.0, 0.0, 0.0, 0.0, 0.0, 0.0, 0.0, 0.0, 0.0, 0.0, 0.0, 0.0, 0.0, 0.0, 0.0, 0.0, 0.0, 0.0, 0.0, 0.0, 0.0, 0.0, 0.0, 0.0, 0.0, 0.0, 0.0, 0.0, 0.0, 0.0, 0.0, 0.0, 0.0, 0.0, 0.0, 0.0, 0.0, 0.0, 0.0, 0.0, 0.0, 0.0, 0.0, 0.0, 0.0, 0.0, 0.0, 0.0, 0.0, 0.0, 0.0, 0.0, 0.0, 0.0, 0.0, 0.0, 0.0, 0.0, 0.0, 0.0, 0.0, 0.0, 0.0, 0.0, 0.0, 0.0, 0.0, 0.0, 0.0, 0.0, 0.0, 0.0, 0.0, 0.0, 0.0, 0.0, 0.0, 0.0, 0.0, 0.0, 0.0, 0.0, 0.0, 0.0, 0.0, 0.0, 0.0, 0.0, 0.0, 0.0, 0.0, 0.0, 0.0, 0.0, 0.0, 0.0, 0.0, 0.0, 0.0, 0.0, 0.0, 0.0, 0.0, 0.0, 0.0, 0.0, 0.0, 0.0, 0.0, 0.0, 0.0, 0.0, 0.0, 0.0, 0.0, 0.0, 0.0, 0.0, 0.0, 0.0, 0.0, 0.0, 0.0, 0.0, 0.0, 0.0, 0.0, 0.0, 0.0, 0.0, 0.0, 0.0, 0.0, 0.0, 0.0, 0.0, 0.0, 0.0, 0.0, 0.0, 0.0, 0.0, 0.0, 0.0, 0.0, 0.0, 0.0, 0.0, 0.0, 0.0, 0.0, 0.0, 0.0, 0.0, 0.0, 0.0, 0.0, 0.0, 0.0, 0.0, 0.0, 0.0, 0.0, 0.0, 0.0, 0.0, 0.0, 0.0, 0.0, 0.0, 0.0, 0.0, 0.0, 0.0, 0.0, 0.0, 0.0, 0.0, 0.0, 0.0, 0.0, 0.0, 0.0, 0.0, 0.0, 0.0, 0.0, 0.0, 0.0, 0.0, 0.0, 0.0, 0.0, 0.0, 0.0, 0.0, 0.0, 0.0, 0.0, 0.0, 0.0, 0.0, 0.0, 0.0, 0.0, 0.0, 0.0, 0.0, 0.0, 0.0, 0.0, 0.0, 0.0, 0.0, 0.0, 0.0, 0.0, 0.0, 0.0, 0.0, 0.0, 0.0, 0.0, 0.0, 0.0, 0.0, 0.0, 0.0, 0.0, 0.0, 0.0, 0.0, 0.0, 0.0, 0.0, 0.0, 0.0, 0.0, 0.0, 0.0, 0.0, 0.0, 0.0, 0.0, 0.0, 0.0, 0.0, 0.0, 0.0, 0.0, 0.0, 0.0, 0.0, 0.0, 0.0, 0.0, 0.0, 0.0, 0.0, 0.0, 0.0, 0.0, 0.0, 0.0, 0.0, 0.0, 0.0, 0.0, 0.0, 0.0, 0.0, 0.0, 0.0, 0.0, 0.0, 0.0, 0.0, 0.0, 0.0, 0.0, 0.0, 0.0, 0.0, 0.0, 0.0, 0.0, 0.0, 0.0, 0.0, 0.0, 0.0, 0.0, 0.0, 0.0, 0.0, 0.0, 0.0, 0.0, 0.0, 0.0, 0.0, 0.0, 0.0, 0.0, 0.0, 0.0, 0.0, 0.0, 0.0, 0.0, 0.0, 0.0, 0.0, 0.0, 0.0, 0.0, 0.0, 0.0, 0.0, 0.0, 0.0, 0.0, 0.0, 0.0, 0.0, 0.0, 0.0, 0.0, 0.0, 0.0, 0.0, 0.0, 0.0, 0.0, 0.0, 0.0, 0.0, 0.0, 0.0, 0.0, 0.0, 0.0, 0.0, 0.0, 0.0, 0.0, 0.0, 0.0, 0.0, 0.0, 0.0, 0.0, 0.0, 0.0, 0.0, 0.0, 0.0, 0.0, 0.0, 0.0, 0.0, 0.0, 0.0, 0.0, 0.0, 0.0, 0.0, 0.0, 0.0, 0.0, 0.0, 0.0, 0.0, 0.0, 0.0, 0.0, 0.0, 0.0, 0.0, 0.0, 0.0, 0.0, 0.0, 0.0, 0.0, 0.0, 0.0, 0.0, 0.0, 0.0, 0.0, 0.0, 0.0, 0.0, 0.0, 0.0, 0.0, 0.0, 0.0, 0.0, 0.0, 0.0, 0.0, 0.0, 0.0, 0.0, 0.0, 0.0, 0.0, 0.0, 0.0, 0.0, 0.0, 0.0, 0.0, 0.0, 0.0, 0.0, 0.0, 0.0, 0.0, 0.0, 0.0, 0.0, 0.0, 0.0, 0.0, 0.0, 0.0, 0.0, 0.0, 0.0, 0.0, 0.0, 0.0, 0.0, 0.0, 0.0, 0.0, 0.0, 0.0, 0.0, 0.0, 0.0, 0.0, 0.0, 0.0, 0.0, 0.0, 0.0, 0.0, 0.0, 0.0, 0.0, 0.0, 0.0, 0.0, 0.0, 0.0, 0.0, 0.0, 0.0, 0.0, 0.0, 0.0, 0.0, 0.0, 0.0, 0.0, 0.0, 0.0, 0.0, 0.0, 0.0, 0.0, 0.0, 0.0, 0.0, 0.0, 0.0, 0.0, 0.0, 0.0, 0.0, 0.0, 0.0, 0.0, 0.0, 0.0, 0.0, 0.0, 0.0, 0.0, 0.0, 0.0, 0.0, 0.0, 0.0, 0.0, 0.0, 0.0, 0.0, 0.0, 0.0, 0.0, 0.0, 0.0, 0.0, 0.0, 0.0, 0.0, 0.0, 0.0, 0.0, 0.0, 0.0, 0.0, 0.0, 0.0, 0.0, 0.0, 0.0, 0.0, 0.0, 0.0, 0.0, 0.0, 0.0, 0.0, 0.0, 0.0, 0.0, 0.0, 0.0, 0.0, 0.0, 0.0, 0.0, 0.0, 0.0, 0.0, 0.0, 0.0, 0.0, 0.0, 0.0, 0.0, 0.0, 0.0, 0.0, 0.0, 0.0, 0.0, 0.0, 0.0, 0.0, 0.0, 0.0, 0.0, 0.0, 0.0, 0.0, 0.0, 0.0, 0.0, 0.0, 0.0, 0.0, 0.0, 0.0, 0.0, 0.0, 0.0, 0.0, 0.0, 0.0, 0.0, 0.0, 0.0, 0.0, 0.0, 0.0, 0.0, 0.0, 0.0, 0.0, 0.0, 0.0, 0.0, 0.0, 0.0, 0.0, 0.0, 0.0, 0.0, 0.0, 0.0, 0.0, 0.0, 0.0, 0.0, 0.0, 0.0, 0.0, 0.0, 0.0, 0.0, 0.0, 0.0, 0.0, 0.0, 0.0, 0.0, 0.0, 0.0, 0.0, 0.0, 0.0, 0.0, 0.0, 0.0, 0.0, 0.0, 0.0, 0.0, 0.0, 0.0, 0.0, 0.0, 0.0, 0.0, 0.0, 0.0, 0.0, 0.0, 0.0, 0.0, 0.0, 0.0, 0.0, 0.0, 0.0, 0.0, 0.0, 0.0, 0.0, 0.0, 0.0, 0.0, 0.0, 0.0, 0.0, 0.0, 0.0, 0.0, 0.0, 0.0, 0.0, 0.0, 0.0, 0.0, 0.0, 0.0, 0.0, 0.0, 0.0, 0.0, 0.0, 0.0, 0.0, 0.0, 0.0, 0.0, 0.0, 0.0, 0.0, 0.0, 0.0, 0.0, 0.0, 0.0, 0.0, 0.0, 0.0, 0.0, 0.0, 0.0, 0.0, 0.0, 0.0, 0.0, 0.0, 0.0, 0.0, 0.0, 0.0, 0.0, 0.0, 0.0, 0.0, 0.0, 0.0, 0.0, 0.0, 0.0, 0.0, 0.0, 0.0, 0.0, 0.0, 0.0, 0.0, 0.0, 0.0, 0.0, 0.0, 0.0, 0.0, 0.0, 0.0, 0.0, 0.0, 0.0, 0.0, 0.0, 0.0, 0.0, 0.0, 0.0, 0.0, 0.0, 0.0, 0.0, 0.0, 0.0, 0.0, 0.0, 0.0, 0.0, 0.0, 0.0, 0.0, 0.0, 0.0, 0.0, 0.0, 0.0, 0.0, 0.0, 0.0, 0.0, 0.0, 0.0, 0.0, 0.0, 0.0, 0.0, 0.0, 0.0, 0.0, 0.0, 0.0, 0.0, 0.0, 0.0, 0.0, 0.0, 0.0, 0.0, 0.0, 0.0, 0.0, 0.0, 0.0, 0.0, 0.0, 0.0, 0.0, 0.0, 0.0, 0.0, 0.0, 0.0, 0.0, 0.0, 0.0, 0.0, 0.0, 0.0, 0.0, 0.0, 0.0, 0.0, 0.0, 0.0, 0.0, 0.0, 0.0, 0.0, 0.0, 0.0, 0.0, 0.0, 0.0, 0.0, 0.0, 0.0, 0.0, 0.0, 0.0, 0.0, 0.0, 0.0, 0.0, 0.0, 0.0, 0.0, 0.0, 0.0, 0.0, 0.0, 0.0, 0.0, 0.0, 0.0, 0.0, 0.0, 0.0, 0.0, 0.0, 0.0, 0.0, 0.0, 0.0, 0.0, 0.0, 0.0, 0.0, 0.0, 0.0, 0.0, 0.0, 0.0, 0.0, 0.0, 0.0, 0.0, 0.0, 0.0, 0.0, 0.0, 0.0, 0.0, 0.0, 0.0, 0.0, 0.0, 0.0, 0.0, 0.0, 0.0, 0.0, 0.0, 0.0, 0.0, 0.0, 0.0, 0.0, 0.0, 0.0, 0.0, 0.0, 0.0, 0.0, 0.0, 0.0, 0.0, 0.0, 0.0, 0.0, 0.0, 0.0, 0.0, 0.0, 0.0, 0.0, 0.0, 0.0, 0.0, 0.0, 0.0, 0.0, 0.0, 0.0, 0.0, 0.0, 0.0, 0.0, 0.0, 0.0, 0.0, 0.0, 0.0, 0.0, 0.0, 0.0, 0.0, 0.0, 0.0, 0.0, 0.0, 0.0, 0.0, 0.0, 0.0, 0.0, 0.0, 0.0, 0.0, 0.0, 0.0, 0.0, 0.0, 0.0, 0.0, 0.0, 0.0, 0.0, 0.0, 0.0, 0.0, 0.0, 0.0, 0.0, 0.0, 0.0, 0.0, 0.0, 0.0, 0.0, 0.0, 0.0, 0.0, 0.0, 0.0, 0.0, 0.0, 0.0, 0.0, 0.0, 0.0, 0.0, 0.0, 0.0, 0.0, 0.0, 0.0, 0.0, 0.0, 0.0, 0.0, 0.0, 0.0, 0.0, 0.0, 0.0, 0.0, 0.0, 0.0, 0.0, 0.0, 0.0, 0.0, 0.0, 0.0, 0.0, 0.0, 0.0, 0.0, 0.0, 0.0, 0.0, 0.0, 0.0, 0.0, 0.0, 0.0, 0.0, 0.0, 0.0, 0.0, 0.0, 0.0, 0.0, 0.0, 0.0, 0.0, 0.0, 0.0, 0.0, 0.0, 0.0, 0.0, 0.0, 0.0, 0.0, 0.0, 0.0, 0.0, 0.0, 0.0, 0.0, 0.0, 0.0, 0.0, 0.0, 0.0, 0.0, 0.0, 0.0, 0.0, 0.0, 0.0, 0.0, 0.0, 0.0, 0.0, 0.0, 0.0, 0.0, 0.0, 0.0, 0.0, 0.0, 0.0, 0.0, 0.0, 0.0, 0.0, 0.0, 0.0, 0.0, 0.0, 0.0, 0.0, 0.0, 0.0, 0.0, 0.0, 0.0, 0.0, 0.0, 0.0, 0.0, 0.0, 0.0, 0.0, 0.0, 0.0, 0.0, 0.0, 0.0, 0.0, 0.0, 0.0, 0.0, 0.0, 0.0, 0.0, 0.0, 0.0, 0.0, 0.0, 0.0, 0.0, 0.0, 0.0, 0.0, 0.0, 0.0, 0.0, 0.0, 0.0, 0.0, 0.0, 0.0, 0.0, 0.0, 0.0, 0.0, 0.0, 0.0, 0.0, 0.0, 0.0, 0.0, 0.0, 0.0, 0.0, 0.0, 0.0, 0.0, 0.0, 0.0, 0.0, 0.0, 0.0, 0.0, 0.0, 0.0, 0.0, 0.0, 0.0, 0.0, 0.0, 0.0, 0.0, 0.0, 0.0, 0.0, 0.0, 0.0, 0.0, 0.0, 0.0, 0.0, 0.0, 0.0, 0.0, 0.0, 0.0, 0.0, 0.0, 0.0, 0.0, 0.0, 0.0, 0.0, 0.0, 0.0, 0.0, 0.0, 0.0, 0.0, 0.0, 0.0, 0.0, 0.0, 0.0, 0.0, 0.0, 0.0, 0.0, 0.0, 0.0, 0.0, 0.0, 0.0, 0.0, 0.0, 0.0, 0.0, 0.0, 0.0, 0.0, 0.0, 0.0, 0.0, 0.0, 0.0, 0.0, 0.0, 0.0, 0.0, 0.0, 0.0, 0.0, 0.0, 0.0, 0.0, 0.0, 0.0, 0.0, 0.0, 0.0, 0.0, 0.0, 0.0, 0.0, 0.0, 0.0, 0.0, 0.0, 0.0, 0.0, 0.0, 0.0, 0.0, 0.0, 0.0, 0.0, 0.0, 0.0, 0.0, 0.0, 0.0, 0.0, 0.0, 0.0, 0.0, 0.0, 0.0, 0.0, 0.0, 0.0, 0.0, 0.0, 0.0, 0.0, 0.0, 0.0, 0.0, 0.0, 0.0, 0.0, 0.0, 0.0, 0.0, 0.0, 0.0, 0.0, 0.0, 0.0, 0.0, 0.0, 0.0, 0.0, 0.0, 0.0, 0.0, 0.0, 0.0, 0.0, 0.0, 0.0, 0.0, 0.0, 0.0, 0.0, 0.0, 0.0, 0.0, 0.0, 0.0, 0.0, 0.0, 0.0, 0.0, 0.0, 0.0, 0.0, 0.0, 0.0, 0.0, 0.0, 0.0, 0.0, 0.0, 0.0, 0.0, 0.0, 0.0, 0.0, 0.0, 0.0, 0.0, 0.0, 0.0, 0.0, 0.0, 0.0, 0.0, 0.0, 0.0, 0.0, 0.0, 0.0, 0.0, 0.0, 0.0, 0.0, 0.0, 0.0, 0.0, 0.0, 0.0, 0.0, 0.0, 0.0, 0.0, 0.0, 0.0, 0.0, 0.0, 0.0, 0.0, 0.0, 0.0, 0.0, 0.0, 0.0, 0.0, 0.0, 0.0, 0.0, 0.0, 0.0, 0.0, 0.0, 0.0, 0.0, 0.0, 0.0, 0.0, 0.0, 0.0, 0.0, 0.0, 0.0, 0.0, 0.0, 0.0, 0.0, 0.0, 0.0, 0.0, 0.0, 0.0, 0.0, 0.0, 0.0, 0.0, 0.0, 0.0, 0.0, 0.0, 0.0, 0.0, 0.0, 0.0, 0.0, 0.0, 0.0, 0.0, 0.0, 0.0, 0.0, 0.0, 0.0, 0.0, 0.0, 0.0, 0.0, 0.0, 0.0, 0.0, 0.0, 0.0, 0.0, 0.0, 0.0, 0.0, 0.0, 0.0, 0.0, 0.0, 0.0, 0.0, 0.0, 0.0, 0.0, 0.0, 0.0, 0.0, 0.0, 0.0, 0.0, 0.0, 0.0, 0.0, 0.0, 0.0, 0.0, 0.0, 0.0, 0.0, 0.0, 0.0, 0.0, 0.0, 0.0, 0.0, 0.0, 0.0, 0.0, 0.0, 0.0, 0.0, 0.0, 0.0, 0.0, 0.0, 0.0, 0.0, 0.0, 0.0, 0.0, 0.0, 0.0, 0.0, 0.0, 0.0, 0.0, 0.0, 0.0, 0.0, 0.0, 0.0, 0.0, 0.0, 0.0, 0.0, 0.0, 0.0, 0.0, 0.0, 0.0, 0.0, 0.0, 0.0, 0.0, 0.0, 0.0, 0.0, 0.0, 0.0, 0.0, 0.0, 0.0, 0.0, 0.0, 0.0, 0.0, 0.0, 0.0, 0.0, 0.0, 0.0, 0.0, 0.0, 0.0, 0.0, 0.0, 0.0, 0.0, 0.0, 0.0, 0.0, 0.0, 0.0, 0.0, 0.0, 0.0, 0.0, 0.0, 0.0, 0.0, 0.0, 0.0, 0.0, 0.0, 0.0, 0.0, 0.0, 0.0, 0.0, 0.0, 0.0, 0.0, 0.0, 0.0, 0.0, 0.0, 0.0, 0.0, 0.0, 0.0, 0.0, 0.0, 0.0, 0.0, 0.0, 0.0, 0.0, 0.0, 0.0, 0.0, 0.0, 0.0, 0.0, 0.0, 0.0, 0.0, 0.0, 0.0, 0.0, 0.0, 0.0, 0.0, 0.0, 0.0, 0.0, 0.0, 0.0, 0.0, 0.0, 0.0, 0.0, 0.0, 0.0, 0.0, 0.0, 0.0, 0.0, 0.0, 0.0, 0.0, 0.0, 0.0, 0.0, 0.0, 0.0, 0.0, 0.0, 0.0, 0.0, 0.0, 0.0, 0.0, 0.0, 0.0, 0.0, 0.0, 0.0, 0.0, 0.0, 0.0, 0.0, 0.0, 0.0, 0.0, 0.0, 0.0, 0.0, 0.0, 0.0, 0.0, 0.0, 0.0, 0.0, 0.0, 0.0, 0.0, 0.0, 0.0, 0.0, 0.0, 0.0, 0.0, 0.0, 0.0, 0.0, 0.0, 0.0, 0.0, 0.0, 0.0, 0.0, 0.0, 0.0, 0.0, 0.0, 0.0, 0.0, 0.0, 0.0, 0.0, 0.0, 0.0, 0.0, 0.0, 0.0, 0.0, 0.0, 0.0, 0.0, 0.0, 0.0, 0.0, 0.0, 0.0, 0.0, 0.0, 0.0, 0.0, 0.0, 0.0, 0.0, 0.0, 0.0, 0.0, 0.0, 0.0, 0.0, 0.0, 0.0, 0.0, 0.0, 0.0, 0.0, 0.0, 0.0, 0.0, 0.0, 0.0, 0.0, 0.0, 0.0, 0.0, 0.0, 0.0, 0.0, 0.0, 0.0, 0.0, 0.0, 0.0, 0.0, 0.0, 0.0, 0.0, 0.0, 0.0, 0.0, 0.0, 0.0, 0.0, 0.0, 0.0, 0.0, 0.0, 0.0, 0.0, 0.0, 0.0, 0.0, 0.0, 0.0, 0.0, 0.0, 0.0, 0.0, 0.0, 0.0, 0.0, 0.0, 0.0, 0.0, 0.0, 0.0, 0.0, 0.0, 0.0, 0.0, 0.0, 0.0, 0.0, 0.0, 0.0, 0.0, 0.0, 0.0, 0.0, 0.0, 0.0, 0.0, 0.0, 0.0, 0.0, 0.0, 0.0, 0.0, 0.0, 0.0, 0.0, 0.0, 0.0, 0.0, 0.0, 0.0, 0.0, 0.0, 0.0, 0.0, 0.0, 0.0, 0.0, 0.0, 0.0, 0.0, 0.0, 0.0, 0.0, 0.0, 0.0, 0.0, 0.0, 0.0, 0.0, 0.0, 0.0, 0.0, 0.0, 0.0, 0.0, 0.0, 0.0, 0.0, 0.0, 0.0, 0.0, 0.0, 0.0, 0.0, 0.0, 0.0, 0.0, 0.0, 0.0, 0.0, 0.0, 0.0, 0.0, 0.0, 0.0, 0.0, 0.0, 0.0, 0.0, 0.0, 0.0, 0.0, 0.0, 0.0, 0.0, 0.0, 0.0, 0.0, 0.0, 0.0, 0.0, 0.0, 0.0, 0.0, 0.0, 0.0, 0.0, 0.0, 0.0, 0.0, 0.0, 0.0, 0.0, 0.0, 0.0, 0.0, 0.0, 0.0, 0.0, 0.0, 0.0, 0.0, 0.0, 0.0, 0.0, 0.0, 0.0, 0.0, 0.0, 0.0, 0.0, 0.0, 0.0, 0.0, 0.0, 0.0, 0.0, 0.0, 0.0, 0.0, 0.0, 0.0, 0.0, 0.0, 0.0, 0.0, 0.0, 0.0, 0.0, 0.0, 0.0, 0.0, 0.0, 0.0, 0.0, 0.0, 0.0, 0.0, 0.0, 0.0, 0.0, 0.0, 0.0, 0.0, 0.0, 0.0, 0.0, 0.0, 0.0, 0.0, 0.0, 0.0, 0.0, 0.0, 0.0, 0.0, 0.0, 0.0, 0.0, 0.0, 0.0, 0.0, 0.0, 0.0, 0.0, 0.0, 0.0, 0.0, 0.0, 0.0, 0.0, 0.0, 0.0, 0.0, 0.0, 0.0, 0.0, 0.0, 0.0, 0.0, 0.0, 0.0, 0.0, 0.0, 0.0, 0.0, 0.0, 0.0, 0.0, 0.0, 0.0, 0.0, 0.0, 0.0, 0.0, 0.0, 0.0, 0.0, 0.0, 0.0, 0.0, 0.0, 0.0, 0.0, 0.0, 0.0, 0.0, 0.0, 0.0, 0.0, 0.0, 0.0, 0.0, 0.0, 0.0, 0.0, 0.0, 0.0, 0.0, 0.0, 0.0, 0.0, 0.0, 0.0, 0.0, 0.0, 0.0, 0.0, 0.0, 0.0, 0.0, 0.0, 0.0, 0.0, 0.0, 0.0, 0.0, 0.0, 0.0, 0.0, 0.0, 0.0, 0.0, 0.0, 0.0, 0.0, 0.0, 0.0, 0.0, 0.0, 0.0, 0.0, 0.0, 0.0, 0.0, 0.0, 0.0, 0.0, 0.0, 0.0, 0.0, 0.0, 0.0, 0.0, 0.0, 0.0, 0.0, 0.0, 0.0, 0.0, 0.0, 0.0, 0.0, 0.0, 0.0, 0.0, 0.0, 0.0, 0.0, 0.0, 0.0, 0.0, 0.0, 0.0, 0.0, 0.0, 0.0, 0.0, 0.0, 0.0, 0.0, 0.0, 0.0, 0.0, 0.0, 0.0, 0.0, 0.0, 0.0, 0.0, 0.0, 0.0, 0.0, 0.0, 0.0, 0.0, 0.0, 0.0, 0.0, 0.0, 0.0, 0.0, 0.0, 0.0, 0.0, 0.0, 0.0, 0.0, 0.0, 0.0, 0.0, 0.0, 0.0, 0.0, 0.0, 0.0, 0.0, 0.0, 0.0, 0.0, 0.0, 0.0, 0.0, 0.0, 0.0, 0.0, 0.0, 0.0, 0.0, 0.0, 0.0, 0.0, 0.0, 0.0, 0.0, 0.0, 0.0, 0.0, 0.0, 0.0, 0.0, 0.0, 0.0, 0.0, 0.0, 0.0, 0.0, 0.0, 0.0, 0.0, 0.0, 0.0, 0.0, 0.0, 0.0, 0.0, 0.0, 0.0, 0.0, 0.0, 0.0, 0.0, 0.0, 0.0, 0.0, 0.0, 0.0, 0.0, 0.0, 0.0, 0.0, 0.0, 0.0, 0.0, 0.0, 0.0, 0.0, 0.0, 0.0, 0.0, 0.0, 0.0, 0.0, 0.0, 0.0, 0.0, 0.0, 0.0, 0.0, 0.0, 0.0, 0.0, 0.0, 0.0, 0.0, 0.0, 0.0, 0.0, 0.0, 0.0, 0.0, 0.0, 0.0, 0.0, 0.0, 0.0, 0.0, 0.0, 0.0, 0.0, 0.0, 0.0, 0.0, 0.0, 0.0, 0.0, 0.0, 0.0, 0.0, 0.0, 0.0, 0.0, 0.0, 0.0, 0.0, 0.0, 0.0, 0.0, 0.0, 0.0, 0.0, 0.0, 0.0, 0.0, 0.0, 0.0, 0.0, 0.0, 0.0, 0.0, 0.0, 0.0, 0.0, 0.0, 0.0, 0.0, 0.0, 0.0, 0.0, 0.0, 0.0, 0.0, 0.0, 0.0, 0.0, 0.0, 0.0, 0.0, 0.0, 0.0, 0.0, 0.0, 0.0, 0.0, 0.0, 0.0, 0.0, 0.0, 0.0, 0.0, 0.0, 0.0, 0.0, 0.0, 0.0, 0.0, 0.0, 0.0, 0.0, 0.0, 0.0, 0.0, 0.0, 0.0, 0.0, 0.0, 0.0, 0.0, 0.0, 0.0, 0.0, 0.0, 0.0, 0.0, 0.0, 0.0, 0.0, 0.0, 0.0, 0.0, 0.0, 0.0, 0.0, 0.0, 0.0, 0.0, 0.0, 0.0, 0.0, 0.0, 0.0, 0.0, 0.0, 0.0, 0.0, 0.0, 0.0, 0.0, 0.0, 0.0, 0.0, 0.0, 0.0, 0.0, 0.0, 0.0, 0.0, 0.0, 0.0, 0.0, 0.0, 0.0, 0.0, 0.0, 0.0, 0.0, 0.0, 0.0, 0.0, 0.0, 0.0, 0.0, 0.0, 0.0, 0.0, 0.0, 0.0, 0.0, 0.0, 0.0, 0.0, 0.0, 0.0, 0.0, 0.0, 0.0, 0.0, 0.0, 0.0, 0.0, 0.0, 0.0, 0.0, 0.0, 0.0, 0.0, 0.0, 0.0, 0.0, 0.0, 0.0, 0.0, 0.0, 0.0, 0.0, 0.0, 0.0, 0.0, 0.0, 0.0, 0.0, 0.0, 0.0, 0.0, 0.0, 0.0, 0.0, 0.0, 0.0, 0.0, 0.0, 0.0, 0.0, 0.0, 0.0, 0.0, 0.0, 0.0, 0.0, 0.0, 0.0, 0.0, 0.0, 0.0, 0.0, 0.0, 0.0, 0.0, 0.0, 0.0, 0.0, 0.0, 0.0, 0.0, 0.0, 0.0, 0.0, 0.0, 0.0, 0.0, 0.0, 0.0, 0.0, 0.0, 0.0, 0.0, 0.0, 0.0, 0.0, 0.0, 0.0, 0.0, 0.0, 0.0, 0.0, 0.0, 0.0, 0.0, 0.0, 0.0, 0.0, 0.0, 0.0, 0.0, 0.0, 0.0, 0.0, 0.0, 0.0, 0.0, 0.0, 0.0, 0.0, 0.0, 0.0, 0.0, 0.0, 0.0, 0.0, 0.0, 0.0, 0.0, 0.0, 0.0, 0.0, 0.0, 0.0, 0.0, 0.0, 0.0, 0.0, 0.0, 0.0, 0.0, 0.0, 0.0, 0.0, 0.0, 0.0, 0.0, 0.0, 0.0, 0.0, 0.0, 0.0, 0.0, 0.0, 0.0, 0.0, 0.0, 0.0, 0.0, 0.0, 0.0, 0.0, 0.0, 0.0, 0.0, 0.0, 0.0, 0.0, 0.0, 0.0, 0.0, 0.0, 0.0, 0.0, 0.0, 0.0, 0.0, 0.0, 0.0, 0.0, 0.0, 0.0, 0.0, 0.0, 0.0, 0.0, 0.0, 0.0, 0.0, 0.0, 0.0, 0.0, 0.0, 0.0, 0.0, 0.0, 0.0, 0.0, 0.0, 0.0, 0.0, 0.0, 0.0, 0.0, 0.0, 0.0, 0.0, 0.0, 0.0, 0.0, 0.0, 0.0, 0.0, 0.0, 0.0, 0.0, 0.0, 0.0, 0.0, 0.0, 0.0, 0.0, 0.0, 0.0, 0.0, 0.0, 0.0, 0.0, 0.0, 0.0, 0.0, 0.0, 0.0, 0.0, 0.0, 0.0, 0.0, 0.0, 0.0, 0.0, 0.0, 0.0, 0.0, 0.0, 0.0, 0.0, 0.0, 0.0, 0.0, 0.0, 0.0, 0.0, 0.0, 0.0, 0.0, 0.0, 0.0, 0.0, 0.0, 0.0, 0.0, 0.0, 0.0, 0.0, 0.0, 0.0, 0.0, 0.0, 0.0, 0.0, 0.0, 0.0, 0.0, 0.0, 0.0, 0.0, 0.0, 0.0, 0.0, 0.0, 0.0, 0.0, 0.0, 0.0, 0.0, 0.0, 0.0, 0.0, 0.0, 0.0, 0.0, 0.0, 0.0, 0.0, 0.0, 0.0, 0.0, 0.0, 0.0, 0.0, 0.0, 0.0, 0.0, 0.0, 0.0, 0.0, 0.0, 0.0, 0.0, 0.0, 0.0, 0.0, 0.0, 0.0, 0.0, 0.0, 0.0, 0.0, 0.0, 0.0, 0.0, 0.0, 0.0, 0.0, 0.0, 0.0, 0.0, 0.0, 0.0, 0.0, 0.0, 0.0, 0.0, 0.0, 0.0, 0.0, 0.0, 0.0, 0.0, 0.0, 0.0, 0.0, 0.0, 0.0, 0.0, 0.0, 0.0, 0.0, 0.0, 0.0, 0.0, 0.0, 0.0, 0.0, 0.0, 0.0, 0.0, 0.0, 0.0, 0.0, 0.0, 0.0, 0.0, 0.0, 0.0, 0.0, 0.0, 0.0, 0.0, 0.0, 0.0, 0.0, 0.0, 0.0, 0.0, 0.0, 0.0, 0.0, 0.0, 0.0, 0.0, 0.0, 0.0, 0.0, 0.0, 0.0, 0.0, 0.0, 0.0, 0.0, 0.0, 0.0, 0.0, 0.0, 0.0, 0.0, 0.0, 0.0, 0.0, 0.0, 0.0, 0.0, 0.0, 0.0, 0.0, 0.0, 0.0, 0.0, 0.0, 0.0, 0.0, 0.0, 0.0, 0.0, 0.0, 0.0, 0.0, 0.0, 0.0, 0.0, 0.0, 0.0, 0.0, 0.0, 0.0, 0.0, 0.0, 0.0, 0.0, 0.0, 0.0, 0.0, 0.0, 0.0, 0.0, 0.0, 0.0, 0.0, 0.0, 0.0, 0.0, 0.0, 0.0, 0.0, 0.0, 0.0, 0.0, 0.0, 0.0, 0.0, 0.0, 0.0, 0.0, 0.0, 0.0, 0.0, 0.0, 0.0, 0.0, 0.0, 0.0, 0.0, 0.0, 0.0, 0.0, 0.0, 0.0, 0.0, 0.0, 0.0, 0.0, 0.0, 0.0, 0.0, 0.0, 0.0, 0.0, 0.0, 0.0, 0.0, 0.0, 0.0, 0.0, 0.0, 0.0, 0.0, 0.0, 0.0, 0.0, 0.0, 0.0, 0.0, 0.0, 0.0, 0.0, 0.0, 0.0, 0.0, 0.0, 0.0, 0.0, 0.0, 0.0, 0.0, 0.0, 0.0, 0.0, 0.0, 0.0, 0.0, 0.0, 0.0, 0.0, 0.0, 0.0, 0.0, 0.0, 0.0, 0.0, 0.0, 0.0, 0.0, 0.0, 0.0, 0.0, 0.0, 0.0, 0.0, 0.0, 0.0, 0.0, 0.0, 0.0, 0.0, 0.0, 0.0, 0.0, 0.0, 0.0, 0.0, 0.0, 0.0, 0.0, 0.0, 0.0, 0.0, 0.0, 0.0, 0.0, 0.0, 0.0, 0.0, 0.0, 0.0, 0.0, 0.0, 0.0, 0.0, 0.0, 0.0, 0.0, 0.0, 0.0, 0.0, 0.0, 0.0, 0.0, 0.0, 0.0, 0.0, 0.0, 0.0, 0.0, 0.0, 0.0, 0.0, 0.0, 0.0, 0.0, 0.0, 0.0, 0.0, 0.0, 0.0, 0.0, 0.0, 0.0, 0.0, 0.0, 0.0, 0.0, 0.0, 0.0, 0.0, 0.0, 0.0, 0.0, 0.0, 0.0, 0.0, 0.0, 0.0, 0.0, 0.0, 0.0, 0.0, 0.0, 0.0, 0.0, 0.0, 0.0, 0.0, 0.0, 0.0, 0.0, 0.0, 0.0, 0.0, 0.0, 0.0, 0.0, 0.0, 0.0, 0.0, 0.0, 0.0, 0.0, 0.0, 0.0, 0.0, 0.0, 0.0, 0.0, 0.0, 0.0, 0.0, 0.0, 0.0, 0.0, 0.0, 0.0, 0.0, 0.0, 0.0, 0.0, 0.0, 0.0, 0.0, 0.0, 0.0, 0.0, 0.0, 0.0, 0.0, 0.0, 0.0, 0.0, 0.0, 0.0, 0.0, 0.0, 0.0, 0.0, 0.0, 0.0, 0.0, 0.0, 0.0, 0.0, 0.0, 0.0, 0.0, 0.0, 0.0, 0.0, 0.0, 0.0, 0.0, 0.0, 0.0, 0.0, 0.0, 0.0, 0.0, 0.0, 0.0, 0.0, 0.0, 0.0, 0.0, 0.0, 0.0, 0.0, 0.0, 0.0, 0.0, 0.0, 0.0, 0.0, 0.0, 0.0, 0.0, 0.0, 0.0, 0.0, 0.0, 0.0, 0.0, 0.0, 0.0, 0.0, 0.0, 0.0, 0.0, 0.0, 0.0, 0.0, 0.0, 0.0, 0.0, 0.0, 0.0, 0.0, 0.0, 0.0, 0.0, 0.0, 0.0, 0.0, 0.0, 0.0, 0.0, 0.0, 0.0, 0.0, 0.0, 0.0, 0.0, 0.0, 0.0, 0.0, 0.0, 0.0, 0.0, 0.0, 0.0, 0.0, 0.0, 0.0, 0.0, 0.0, 0.0, 0.0, 0.0, 0.0, 0.0, 0.0, 0.0, 0.0, 0.0, 0.0, 0.0, 0.0, 0.0, 0.0, 0.0, 0.0, 0.0, 0.0, 0.0, 0.0, 0.0, 0.0, 0.0, 0.0, 0.0, 0.0, 0.0, 0.0, 0.0, 0.0, 0.0, 0.0, 0.0, 0.0, 0.0, 0.0, 0.0, 0.0, 0.0, 0.0, 0.0, 0.0, 0.0, 0.0, 0.0, 0.0, 0.0, 0.0, 0.0, 0.0, 0.0, 0.0, 0.0, 0.0, 0.0, 0.0, 0.0, 0.0, 0.0, 0.0, 0.0, 0.0, 0.0, 0.0, 0.0, 0.0, 0.0, 0.0, 0.0, 0.0, 0.0, 0.0, 0.0, 0.0, 0.0, 0.0, 0.0, 0.0, 0.0, 0.0, 0.0, 0.0, 0.0, 0.0, 0.0, 0.0, 0.0, 0.0, 0.0, 0.0, 0.0, 0.0, 0.0, 0.0, 0.0, 0.0, 0.0, 0.0, 0.0, 0.0, 0.0, 0.0, 0.0, 0.0, 0.0, 0.0, 0.0, 0.0, 0.0, 0.0, 0.0, 0.0, 0.0, 0.0, 0.0, 0.0, 0.0, 0.0, 0.0, 0.0, 0.0, 0.0, 0.0, 0.0, 0.0, 0.0, 0.0, 0.0, 0.0, 0.0, 0.0, 0.0, 0.0, 0.0, 0.0, 0.0, 0.0, 0.0, 0.0, 0.0, 0.0, 0.0, 0.0, 0.0, 0.0, 0.0, 0.0, 0.0, 0.0, 0.0, 0.0, 0.0, 0.0, 0.0, 0.0, 0.0, 0.0, 0.0, 0.0, 0.0, 0.0, 0.0, 0.0, 0.0, 0.0, 0.0, 0.0, 0.0, 0.0, 0.0, 0.0, 0.0, 0.0, 0.0, 0.0, 0.0, 0.0, 0.0, 0.0, 0.0, 0.0, 0.0, 0.0, 0.0, 0.0, 0.0, 0.0, 0.0, 0.0, 0.0, 0.0, 0.0, 0.0, 0.0, 0.0, 0.0, 0.0, 0.0, 0.0, 0.0, 0.0, 0.0, 0.0, 0.0, 0.0, 0.0, 0.0, 0.0, 0.0, 0.0, 0.0, 0.0, 0.0, 0.0, 0.0, 0.0, 0.0, 0.0, 0.0, 0.0, 0.0, 0.0, 0.0, 0.0, 0.0, 0.0, 0.0, 0.0, 0.0, 0.0, 0.0, 0.0, 0.0, 0.0, 0.0, 0.0, 0.0, 0.0, 0.0, 0.0, 0.0, 0.0, 0.0, 0.0, 0.0, 0.0, 0.0, 0.0, 0.0, 0.0, 0.0, 0.0, 0.0, 0.0, 0.0, 0.0, 0.0, 0.0, 0.0, 0.0, 0.0, 0.0, 0.0, 0.0, 0.0, 0.0, 0.0, 0.0, 0.0, 0.0, 0.0, 0.0, 0.0, 0.0, 0.0, 0.0, 0.0, 0.0, 0.0, 0.0, 0.0, 0.0, 0.0, 0.0, 0.0, 0.0, 0.0, 0.0, 0.0, 0.0, 0.0, 0.0, 0.0, 0.0, 0.0, 0.0, 0.0, 0.0, 0.0, 0.0, 0.0, 0.0, 0.0, 0.0, 0.0, 0.0, 0.0, 0.0, 0.0, 0.0, 0.0, 0.0, 0.0, 0.0, 0.0, 0.0, 0.0, 0.0, 0.0, 0.0, 0.0, 0.0, 0.0, 0.0, 0.0, 0.0, 0.0, 0.0, 0.0, 0.0, 0.0, 0.0, 0.0, 0.0, 0.0, 0.0, 0.0, 0.0, 0.0, 0.0, 0.0, 0.0, 0.0, 0.0, 0.0, 0.0, 0.0, 0.0, 0.0, 0.0, 0.0, 0.0, 0.0, 0.0, 0.0, 0.0, 0.0, 0.0, 0.0, 0.0, 0.0, 0.0, 0.0, 0.0, 0.0, 0.0, 0.0, 0.0, 0.0, 0.0, 0.0, 0.0, 0.0, 0.0, 0.0, 0.0, 0.0, 0.0, 0.0, 0.0, 0.0, 0.0, 0.0, 0.0, 0.0, 0.0, 0.0, 0.0, 0.0, 0.0, 0.0, 0.0, 0.0, 0.0, 0.0, 0.0, 0.0, 0.0, 0.0, 0.0, 0.0, 0.0, 0.0, 0.0, 0.0, 0.0, 0.0, 0.0, 0.0, 0.0, 0.0, 0.0, 0.0, 0.0, 0.0, 0.0, 0.0, 0.0, 0.0, 0.0, 0.0, 0.0, 0.0, 0.0, 0.0, 0.0, 0.0, 0.0, 0.0, 0.0, 0.0, 0.0, 0.0, 0.0, 0.0, 0.0, 0.0, 0.0, 0.0, 0.0, 0.0, 0.0, 0.0, 0.0, 0.0, 0.0, 0.0, 0.0, 0.0, 0.0, 0.0, 0.0, 0.0, 0.0, 0.0, 0.0, 0.0, 0.0, 0.0, 0.0, 0.0, 0.0, 0.0, 0.0, 0.0, 0.0, 0.0, 0.0, 0.0, 0.0, 0.0, 0.0, 0.0, 0.0, 0.0, 0.0, 0.0, 0.0, 0.0, 0.0, 0.0, 0.0, 0.0, 0.0, 0.0, 0.0, 0.0, 0.0, 0.0, 0.0, 0.0, 0.0, 0.0, 0.0, 0.0, 0.0, 0.0, 0.0, 0.0, 0.0, 0.0, 0.0, 0.0, 0.0, 0.0, 0.0, 0.0, 0.0, 0.0, 0.0, 0.0, 0.0, 0.0, 0.0, 0.0, 0.0, 0.0, 0.0, 0.0, 0.0, 0.0, 0.0, 0.0, 0.0, 0.0, 0.0, 0.0, 0.0, 0.0, 0.0, 0.0, 0.0]"
lambda_2,"[1.0, 0.0, 0.0, 0.0, 0.0, 0.0, 0.0, 0.0, 0.0, 0.0, 0.0, 0.0, 0.0, 0.0, 0.0, 0.0, 0.0, 0.0, 0.0, 0.0, 0.0, 0.0, 0.0, 0.0, 0.0, 0.0, 0.0, 0.0, 0.0, 0.0, 0.0, 0.0, 0.0, 0.0, 0.0, 0.0, 0.0, 0.0, 0.0, 0.0, 0.0, 0.0, 0.0, 0.0, 0.0, 0.0, 0.0, 0.0, 0.0, 0.0, 0.0, 0.0, 0.0, 0.0, 0.0, 0.0, 0.0, 0.0, 0.0, 0.0, 0.0, 0.0, 0.0, 0.0, 0.0, 0.0, 0.0, 0.0, 0.0, 0.0, 0.0, 0.0, 0.0, 0.0, 0.0, 0.0, 0.0, 0.0, 0.0, 0.0, 0.0, 0.0, 0.0, 0.0, 0.0, 0.0, 0.0, 0.0, 0.0, 0.0, 0.0, 0.0, 0.0, 0.0, 0.0, 0.0, 0.0, 0.0, 0.0, 0.0, 0.0, 0.0, 0.0, 0.0, 0.0, 0.0, 0.0, 0.0, 0.0, 0.0, 0.0, 0.0, 0.0, 0.0, 0.0, 0.0, 0.0, 0.0, 0.0, 0.0, 0.0, 0.0, 0.0, 0.0, 0.0, 0.0, 0.0, 0.0, 0.0, 0.0, 0.0, 0.0, 0.0, 0.0, 0.0, 0.0, 0.0, 0.0, 0.0, 0.0, 0.0, 0.0, 0.0, 0.0, 0.0, 0.0, 0.0, 0.0, 0.0, 0.0, 0.0, 0.0, 0.0, 0.0, 0.0, 0.0, 0.0, 0.0, 0.0, 0.0, 0.0, 0.0, 0.0, 0.0, 0.0, 0.0, 0.0, 0.0, 0.0, 0.0, 0.0, 0.0, 0.0, 0.0, 0.0, 0.0, 0.0, 0.0, 0.0, 0.0, 0.0, 0.0, 0.0, 0.0, 0.0, 0.0, 0.0, 0.0, 0.0, 0.0, 0.0, 0.0, 0.0, 0.0, 0.0, 0.0, 0.0, 0.0, 0.0, 0.0, 0.0, 0.0, 0.0, 0.0, 0.0, 0.0, 0.0, 0.0, 0.0, 0.0, 0.0, 0.0, 0.0, 0.0, 0.0, 0.0, 0.0, 0.0, 0.0, 0.0, 0.0, 0.0, 0.0, 0.0, 0.0, 0.0, 0.0, 0.0, 0.0, 0.0, 0.0, 0.0, 0.0, 0.0, 0.0, 0.0, 0.0, 0.0, 0.0, 0.0, 0.0, 0.0, 0.0, 0.0, 0.0, 0.0, 0.0, 0.0, 0.0, 0.0, 0.0, 0.0, 0.0, 0.0, 0.0, 0.0, 0.0, 0.0, 0.0, 0.0, 0.0]"
net_charge_t,"[0.0, 0.0, 0.0, 0.0, 0.0, 0.0, 0.0, 0.0, 0.0, 0.0, 0.0, 0.0, 0.0, 0.0, 0.0, 0.0, 0.0, 0.0, 0.0, 0.0, 0.0, 0.0, 0.0, 0.0, 0.0, 0.0, 0.0, 0.0, 0.0, 0.0, 0.0, 0.0, 0.0, 0.0, 0.0, 0.0, 0.0, 0.0, 0.0, 0.0, 0.0, 0.0, 0.0, 0.0, 0.0, 0.0, 0.0, 0.0, 0.0, 0.0, 0.0, 0.0, 0.0, 0.0, 0.0, 0.0, 0.0, 0.0, 0.0, 0.0, 0.0, 0.0, 0.0, 0.0, 0.0, 0.0, 0.0, 0.0, 0.0, 0.0, 0.0, 0.0, 0.0, 0.0, 0.0, 0.0, 0.0, 0.0, 0.0, 0.0, 0.0, 0.0, 0.0, 0.0, 0.0, 0.0, 0.0, 0.0, 0.0, 0.0, 0.0, 0.0, 0.0, 0.0, 0.0, 0.0, 0.0, 0.0, 0.0, 0.0, 0.0, 0.0, 0.0, 0.0, 0.0, 0.0, 0.0, 0.0, 0.0, 0.0, 0.0, 0.0, 0.0, 0.0, 0.0, 0.0, 0.0, 0.0, 0.0, 0.0, 0.0, 0.0, 0.0, 0.0, 0.0, 0.0, 0.0, 0.0, 0.0, 0.0, 0.0, 0.0, 0.0, 0.0, 0.0, 0.0, 0.0, 0.0, 0.0, 0.0, 0.0, 0.0, 0.0, 0.0, 0.0, 0.0, 0.0, 0.0, 0.0, 0.0, 0.0, 0.0, 0.0, 0.0, 0.0, 0.0, 0.0, 0.0, 0.0, 0.0, 0.0, 0.0, 0.0, 0.0, 0.0, 0.0, 0.0, 0.0, 0.0, 0.0, 0.0, 0.0, 0.0, 0.0, 0.0, 0.0, 0.0, 0.0, 0.0, 0.0, 0.0, 0.0, 0.0, 0.0, 0.0, 0.0, 0.0, 0.0, 0.0, 0.0, 0.0, 0.0, 0.0, 0.0, 0.0, 0.0, 0.0, 0.0, 0.0, 0.0, 0.0, 0.0, 0.0, 0.0, 0.0, 0.0, 0.0, 0.0, 0.0, 0.0, 0.0, 0.0, 0.0, 0.0, 0.0, 0.0, 0.0, 0.0, 0.0, 0.0, 0.0, 0.0, 0.0, 0.0, 0.0, 0.0, 0.0, 0.0, 0.0, 0.0, 0.0, 0.0, 0.0, 0.0, 0.0, 0.0, 0.0, 0.0, 0.0, 0.0, 0.0, 0.0, 0.0, 0.0, 0.0, 0.0, 0.0, 0.0, 0.0, 0.0, 0.0, 0.0, 0.0, 0.0, 0.0, 0.0, 0.0, 0.0, 0.0, 0.0, 0.0, 0.0, 0.0, 0.0, 0.0, 0.0, 0.0, 0.0, 0.0, 0.0, 0.0, 0.0, 0.0, 0.0, 0.0, 0.0, 0.0, 0.0, 0.0, 0.0, 0.0, 0.0, 0.0, 0.0, 0.0, 0.0, 0.0, 0.0, 0.0, 0.0, 0.0, 0.0, 0.0, 0.0, 0.0, 0.0, 0.0, 0.0, 0.0, 0.0, 0.0, 0.0, 0.0, 0.0, 0.0, 0.0, 0.0, 0.0, 0.0, 0.0, 0.0, 0.0, 0.0, 0.0, 0.0, 0.0, 0.0, 0.0, 0.0, 0.0, 0.0, 0.0, 0.0, 0.0, 0.0, 0.0, 0.0, 0.0, 0.0, 0.0, 0.0, 0.0, 0.0, 0.0, 0.0, 0.0, 0.0, 0.0, 0.0, 0.0, 0.0, 0.0, 0.0, 0.0, 0.0, 0.0, 0.0, 0.0, 0.0, 0.0, 0.0, 0.0, 0.0, 0.0, 0.0, 0.0, 0.0, 0.0, 0.0, 0.0, 0.0, 0.0, 0.0, 0.0, 0.0, 0.0, 0.0, 0.0, 0.0, 0.0, 0.0, 0.0, 0.0, 0.0, 0.0, 0.0, 0.0, 0.0, 0.0, 0.0, 0.0, 0.0, 0.0, 0.0, 0.0, 0.0, 0.0, 0.0, 0.0, 0.0, 0.0, 0.0, 0.0, 0.0, 0.0, 0.0, 0.0, 0.0, 0.0, 0.0, 0.0, 0.0, 0.0, 0.0, 0.0, 0.0, 0.0, 0.0, 0.0, 0.0, 0.0, 0.0, 0.0, 0.0, 0.0, 0.0, 0.0, 0.0, 0.0, 0.0, 0.0, 0.0, 0.0, 0.0, 0.0, 0.0, 0.0, 0.0, 0.0, 0.0, 0.0, 0.0, 0.0, 0.0, 0.0, 0.0, 0.0, 0.0, 0.0, 0.0, 0.0, 0.0, 0.0, 0.0, 0.0, 0.0, 0.0, 0.0, 0.0, 0.0, 0.0, 0.0, 0.0, 0.0, 0.0, 0.0, 0.0, 0.0, 0.0, 0.0, 0.0, 0.0, 0.0, 0.0, 0.0, 0.0, 0.0, 0.0, 0.0, 0.0, 0.0, 0.0, 0.0, 0.0, 0.0, 0.0, 0.0, 0.0, 0.0, 0.0, 0.0, 0.0, 0.0, 0.0, 0.0, 0.0, 0.0, 0.0, 0.0, 0.0, 0.0, 0.0, 0.0, 0.0, 0.0, 0.0, 0.0, 0.0, 0.0, 0.0, 0.0, 0.0, 0.0, 0.0, 0.0, 0.0, 0.0, 0.0, 0.0, 0.0, 0.0, 0.0, 0.0, 0.0, 0.0, 0.0, 0.0, 0.0, 0.0, 0.0, 0.0, 0.0, 0.0, 0.0, 0.0, 0.0, 0.0, 0.0, 0.0, 0.0, 0.0, 0.0, 0.0, 0.0, 0.0, 0.0, 0.0, 0.0, 0.0, 0.0, 0.0, 0.0, 0.0, 0.0, 0.0, 0.0, 0.0, 0.0, 0.0, 0.0, 0.0, 0.0, 0.0, 0.0, 0.0, 0.0, 0.0, 0.0, 0.0, 0.0, 0.0, 0.0, 0.0, 0.0, 0.0, 0.0, 0.0, 0.0, 0.0, 0.0, 0.0, 0.0, 0.0, 0.0, 0.0, 0.0, 0.0, 0.0, 0.0, 0.0, 0.0, 0.0, 0.0, 0.0, 0.0, 0.0, 0.0, 0.0, 0.0, 0.0, 0.0, 0.0, 0.0, 0.0, 0.0, 0.0, 0.0, 0.0, 0.0, 0.0, 0.0, 0.0, 0.0, 0.0, 0.0, 0.0, 0.0, 0.0, 0.0, 0.0, 0.0, 0.0, 0.0, 0.0, 0.0, 0.0, 0.0, 0.0, 0.0, 0.0, 0.0, 0.0, 0.0, 0.0, 0.0, 0.0, 0.0, 0.0, 0.0, 0.0, 0.0, 0.0, 0.0, 0.0, 0.0, 0.0, 0.0, 0.0, 0.0, 0.0, 0.0, 0.0, 0.0, 0.0, 0.0, 0.0, 0.0, 0.0, 0.0, 0.0, 0.0, 0.0, 0.0, 0.0, 0.0, 0.0, 0.0, 0.0, 0.0, 0.0, 0.0, 0.0, 0.0, 0.0, 0.0, 0.0, 0.0, 0.0, 0.0, 0.0, 0.0, 0.0, 0.0, 0.0, 0.0, 0.0, 0.0, 0.0, 0.0, 0.0, 0.0, 0.0, 0.0, 0.0, 0.0, 0.0, 0.0, 0.0, 0.0, 0.0, 0.0, 0.0, 0.0, 0.0, 0.0, 0.0, 0.0, 0.0, 0.0, 0.0, 0.0, 0.0, 0.0, 0.0, 0.0, 0.0, 0.0, 0.0, 0.0, 0.0, 0.0, 0.0, 0.0, 0.0, 0.0, 0.0, 0.0, 0.0, 0.0, 0.0, 0.0, 0.0, 0.0, 0.0, 0.0, 0.0, 0.0, 0.0, 0.0, 0.0, 0.0, 0.0, 0.0, 0.0, 0.0, 0.0, 0.0, 0.0, 0.0, 0.0, 0.0, 0.0, 0.0, 0.0, 0.0, 0.0, 0.0, 0.0, 0.0, 0.0, 0.0, 0.0, 0.0, 0.0, 0.0, 0.0, 0.0, 0.0, 0.0, 0.0, 0.0, 0.0, 0.0, 0.0, 0.0, 0.0, 0.0, 0.0, 0.0, 0.0, 0.0, 0.0, 0.0, 0.0, 0.0, 0.0, 0.0, 0.0, 0.0, 0.0, 0.0, 0.0, 0.0, 0.0, 0.0, 0.0, 0.0, 0.0, 0.0, 0.0, 0.0, 0.0, 0.0, 0.0, 0.0, 0.0, 0.0, 0.0, 0.0, 0.0, 0.0, 0.0, 0.0, 0.0, 0.0, 0.0, 0.0, 0.0, 0.0, 0.0, 0.0, 0.0, 0.0, 0.0, 0.0, 0.0, 0.0, 0.0, 0.0, 0.0, 0.0, 0.0, 0.0, 0.0, 0.0, 0.0, 0.0, 0.0, 0.0, 0.0, 0.0, 0.0, 0.0, 0.0, 0.0, 0.0, 0.0, 0.0, 0.0, 0.0, 0.0, 0.0, 0.0, 0.0, 0.0, 0.0, 0.0, 0.0, 0.0, 0.0, 0.0, 0.0, 0.0, 0.0, 0.0, 0.0, 0.0, 0.0, 0.0, 0.0, 0.0, 0.0, 0.0, 0.0, 0.0, 0.0, 0.0, 0.0, 0.0, 0.0, 0.0, 0.0, 0.0, 0.0, 0.0, 0.0, 0.0, 0.0, 0.0, 0.0, 0.0, 0.0, 0.0, 0.0, 0.0, 0.0, 0.0, 0.0, 0.0, 0.0, 0.0, 0.0, 0.0, 0.0, 0.0, 0.0, 0.0, 0.0, 0.0, 0.0, 0.0, 0.0, 0.0, 0.0, 0.0, 0.0, 0.0, 0.0, 0.0, 0.0, 0.0, 0.0, 0.0, 0.0, 0.0, 0.0, 0.0, 0.0, 0.0, 0.0, 0.0, 0.0, 0.0, 0.0, 0.0, 0.0, 0.0, 0.0, 0.0, 0.0, 0.0, 0.0, 0.0, 0.0, 0.0, 0.0, 0.0, 0.0, 0.0, 0.0, 0.0, 0.0, 0.0, 0.0, 0.0, 0.0, 0.0, 0.0, 0.0, 0.0, 0.0, 0.0, 0.0, 0.0, 0.0, 0.0, 0.0, 0.0, 0.0, 0.0, 0.0, 0.0, 0.0, 0.0, 0.0, 0.0, 0.0, 0.0, 0.0, 0.0, 0.0, 0.0, 0.0, 0.0, 0.0, 0.0, 0.0, 0.0, 0.0, 0.0, 0.0, 0.0, 0.0, 0.0, 0.0, 0.0, 0.0, 0.0, 0.0, 0.0, 0.0, 0.0, 0.0, 0.0, 0.0, 0.0, 0.0, 0.0, 0.0, 0.0, 0.0, 0.0, 0.0, 0.0, 0.0, 0.0, 0.0, 0.0, 0.0, 0.0, 0.0, 0.0, 0.0, 0.0, 0.0, 0.0, 0.0, 0.0, 0.0, 0.0, 0.0, 0.0, 0.0, 0.0, 0.0, 0.0, 0.0, 0.0, 0.0, 0.0, 0.0, 0.0, 0.0, 0.0, 0.0, 0.0, 0.0, 0.0, 0.0, 0.0, 0.0, 0.0, 0.0, 0.0, 0.0, 0.0, 0.0, 0.0, 0.0, 0.0, 0.0, 0.0, 0.0, 0.0, 0.0, 0.0, 0.0, 0.0, 0.0, 0.0, 0.0, 0.0, 0.0, 0.0, 0.0, 0.0, 0.0, 0.0, 0.0, 0.0, 0.0, 0.0, 0.0, 0.0, 0.0, 0.0, 0.0, 0.0, 0.0, 0.0, 0.0, 0.0, 0.0, 0.0, 0.0, 0.0, 0.0, 0.0, 0.0, 0.0, 0.0, 0.0, 0.0, 0.0, 0.0, 0.0, 0.0, 0.0, 0.0, 0.0, 0.0, 0.0, 0.0, 0.0, 0.0, 0.0, 0.0, 0.0, 0.0, 0.0, 0.0, 0.0, 0.0, 0.0, 0.0, 0.0, 0.0, 0.0, 0.0, 0.0, 0.0, 0.0, 0.0, 0.0, 0.0, 0.0, 0.0, 0.0, 0.0, 0.0, 0.0, 0.0, 0.0, 0.0, 0.0, 0.0, 0.0, 0.0, 0.0, 0.0, 0.0, 0.0, 0.0, 0.0, 0.0, 0.0, 0.0, 0.0, 0.0, 0.0, 0.0, 0.0, 0.0, 0.0, 0.0, 0.0, 0.0, 0.0, 0.0, 0.0, 0.0, 0.0, 0.0, 0.0, 0.0, 0.0, 0.0, 0.0, 0.0, 0.0, 0.0, 0.0, 0.0, 0.0, 0.0, 0.0, 0.0, 0.0, 0.0, 0.0, 0.0, 0.0, 0.0, 0.0, 0.0, 0.0, 0.0, 0.0, 0.0, 0.0, 0.0, 0.0, 0.0, 0.0, 0.0, 0.0, 0.0, 0.0, 0.0, 0.0, 0.0, 0.0, 0.0, 0.0, 0.0, 0.0, 0.0, 0.0, 0.0, 0.0, 0.0, 0.0, 0.0, 0.0, 0.0, 0.0, 0.0, 0.0, 0.0, 0.0, 0.0, 0.0, 0.0, 0.0, 0.0, 0.0, 0.0, 0.0, 0.0, 0.0, 0.0, 0.0, 0.0, 0.0, 0.0, 0.0, 0.0, 0.0, 0.0, 0.0, 0.0, 0.0, 0.0, 0.0, 0.0, 0.0, 0.0, 0.0, 0.0, 0.0, 0.0, 0.0, 0.0, 0.0, 0.0, 0.0, 0.0, 0.0, 0.0, 0.0, 0.0, 0.0, 0.0, 0.0, 0.0, 0.0, 0.0, 0.0, 0.0, 0.0, 0.0, 0.0, 0.0, 0.0, 0.0, 0.0, 0.0, 0.0, 0.0, 0.0, 0.0, 0.0, 0.0, 0.0, 0.0, 0.0, 0.0, 0.0, 0.0, 0.0, 0.0, 0.0, 0.0, 0.0, 0.0, 0.0, 0.0, 0.0, 0.0, 0.0, 0.0, 0.0, 0.0, 0.0, 0.0, 0.0, 0.0, 0.0, 0.0, 0.0, 0.0, 0.0, 0.0, 0.0, 0.0, 0.0, 0.0, 0.0, 0.0, 0.0, 0.0, 0.0, 0.0, 0.0, 0.0, 0.0, 0.0, 0.0, 0.0, 0.0, 0.0, 0.0, 0.0, 0.0, 0.0, 0.0, 0.0, 0.0, 0.0, 0.0, 0.0, 0.0, 0.0, 0.0, 0.0, 0.0, 0.0, 0.0, 0.0, 0.0, 0.0, 0.0, 0.0, 0.0, 0.0, 0.0, 0.0, 0.0, 0.0, 0.0, 0.0, 0.0, 0.0, 0.0, 0.0, 0.0, 0.0, 0.0, 0.0, 0.0, 0.0, 0.0, 0.0, 0.0, 0.0, 0.0, 0.0, 0.0, 0.0, 0.0, 0.0, 0.0, 0.0, 0.0, 0.0, 0.0, 0.0, 0.0, 0.0, 0.0, 0.0, 0.0, 0.0, 0.0, 0.0, 0.0, 0.0, 0.0, 0.0, 0.0, 0.0, 0.0, 0.0, 0.0, 0.0, 0.0, 0.0, 0.0, 0.0, 0.0, 0.0, 0.0, 0.0, 0.0, 0.0, 0.0, 0.0, 0.0, 0.0, 0.0, 0.0, 0.0, 0.0, 0.0, 0.0, 0.0, 0.0, 0.0, 0.0, 0.0, 0.0, 0.0, 0.0, 0.0, 0.0, 0.0, 0.0, 0.0, 0.0, 0.0, 0.0, 0.0, 0.0, 0.0, 0.0, 0.0, 0.0, 0.0, 0.0, 0.0, 0.0, 0.0, 0.0, 0.0, 0.0, 0.0, 0.0, 0.0, 0.0, 0.0, 0.0, 0.0, 0.0, 0.0, 0.0, 0.0, 0.0, 0.0, 0.0, 0.0, 0.0, 0.0, 0.0, 0.0, 0.0, 0.0, 0.0, 0.0, 0.0, 0.0, 0.0, 0.0, 0.0, 0.0, 0.0, 0.0, 0.0, 0.0, 0.0, 0.0, 0.0, 0.0, 0.0, 0.0, 0.0, 0.0, 0.0, 0.0, 0.0, 0.0, 0.0, 0.0, 0.0, 0.0, 0.0, 0.0, 0.0, 0.0, 0.0, 0.0, 0.0, 0.0, 0.0, 0.0, 0.0, 0.0, 0.0, 0.0, 0.0, 0.0, 0.0, 0.0, 0.0, 0.0, 0.0, 0.0, 0.0, 0.0, 0.0, 0.0, 0.0, 0.0, 0.0, 0.0, 0.0, 0.0, 0.0, 0.0, 0.0, 0.0, 0.0, 0.0, 0.0, 0.0, 0.0, 0.0, 0.0, 0.0, 0.0, 0.0, 0.0, 0.0, 0.0, 0.0, 0.0, 0.0, 0.0, 0.0, 0.0, 0.0, 0.0, 0.0, 0.0, 0.0, 0.0, 0.0, 0.0, 0.0, 0.0, 0.0, 0.0, 0.0, 0.0, 0.0, 0.0, 0.0, 0.0, 0.0, 0.0, 0.0, 0.0, 0.0, 0.0, 0.0, 0.0, 0.0, 0.0, 0.0, 0.0, 0.0, 0.0, 0.0, 0.0, 0.0, 0.0, 0.0, 0.0, 0.0, 0.0, 0.0, 0.0, 0.0, 0.0, 0.0, 0.0, 0.0, 0.0, 0.0, 0.0, 0.0, 0.0, 0.0, 0.0, 0.0, 0.0, 0.0, 0.0, 0.0, 0.0, 0.0, 0.0, 0.0, 0.0, 0.0, 0.0, 0.0, 0.0, 0.0, 0.0, 0.0, 0.0, 0.0, 0.0, 0.0, 0.0, 0.0, 0.0, 0.0, 0.0, 0.0, 0.0, 0.0, 0.0, 0.0, 0.0, 0.0, 0.0, 0.0, 0.0, 0.0, 0.0, 0.0, 0.0, 0.0, 0.0, 0.0, 0.0, 0.0, 0.0, 0.0, 0.0, 0.0, 0.0, 0.0, 0.0, 0.0, 0.0, 0.0, 0.0, 0.0, 0.0, 0.0, 0.0, 0.0, 0.0, 0.0, 0.0, 0.0, 0.0, 0.0, 0.0, 0.0, 0.0, 0.0, 0.0, 0.0, 0.0, 0.0, 0.0, 0.0, 0.0, 0.0, 0.0, 0.0, 0.0, 0.0, 0.0, 0.0, 0.0, 0.0, 0.0, 0.0, 0.0, 0.0, 0.0, 0.0, 0.0, 0.0, 0.0, 0.0, 0.0, 0.0, 0.0, 0.0, 0.0, 0.0, 0.0, 0.0, 0.0, 0.0, 0.0, 0.0, 0.0, 0.0, 0.0, 0.0, 0.0, 0.0, 0.0, 0.0, 0.0, 0.0, 0.0, 0.0, 0.0, 0.0, 0.0, 0.0, 0.0, 0.0, 0.0, 0.0, 0.0, 0.0, 0.0, 0.0, 0.0, 0.0, 0.0, 0.0, 0.0, 0.0, 0.0, 0.0, 0.0, 0.0, 0.0, 0.0, 0.0, 0.0, 0.0, 0.0, 0.0, 0.0, 0.0, 0.0, 0.0, 0.0, 0.0, 0.0, 0.0, 0.0, 0.0, 0.0, 0.0, 0.0, 0.0, 0.0, 0.0, 0.0, 0.0, 0.0, 0.0, 0.0, 0.0, 0.0, 0.0, 0.0, 0.0, 0.0, 0.0, 0.0, 0.0, 0.0, 0.0, 0.0, 0.0, 0.0, 0.0, 0.0, 0.0, 0.0, 0.0, 0.0, 0.0, 0.0, 0.0, 0.0, 0.0, 0.0, 0.0, 0.0, 0.0, 0.0, 0.0, 0.0, 0.0, 0.0, 0.0, 0.0, 0.0, 0.0, 0.0, 0.0, 0.0, 0.0, 0.0, 0.0, 0.0, 0.0, 0.0, 0.0, 0.0, 0.0, 0.0, 0.0, 0.0, 0.0, 0.0, 0.0, 0.0, 0.0, 0.0, 0.0, 0.0, 0.0, 0.0, 0.0, 0.0, 0.0, 0.0, 0.0, 0.0, 0.0, 0.0, 0.0, 0.0, 0.0, 0.0, 0.0, 0.0, 0.0, 0.0, 0.0, 0.0, 0.0, 0.0, 0.0, 0.0, 0.0, 0.0, 0.0, 0.0, 0.0, 0.0, 0.0, 0.0, 0.0, 0.0, 0.0, 0.0, 0.0, 0.0, 0.0, 0.0, 0.0, 0.0, 0.0, 0.0, 0.0, 0.0, 0.0, 0.0, 0.0, 0.0, 0.0, 0.0, 0.0, 0.0, 0.0, 0.0, 0.0, 0.0, 0.0, 0.0, 0.0, 0.0, 0.0, 0.0, 0.0, 0.0, 0.0, 0.0, 0.0, 0.0, 0.0, 0.0, 0.0, 0.0, 0.0, 0.0, 0.0, 0.0, 0.0, 0.0, 0.0, 0.0, 0.0, 0.0, 0.0, 0.0, 0.0, 0.0, 0.0, 0.0, 0.0, 0.0, 0.0, 0.0, 0.0, 0.0, 0.0, 0.0, 0.0, 0.0, 0.0, 0.0, 0.0, 0.0, 0.0, 0.0, 0.0, 0.0, 0.0, 0.0, 0.0, 0.0, 0.0, 0.0, 0.0, 0.0, 0.0, 0.0, 0.0, 0.0, 0.0, 0.0, 0.0, 0.0, 0.0, 0.0, 0.0, 0.0, 0.0, 0.0, 0.0, 0.0, 0.0, 0.0, 0.0, 0.0, 0.0, 0.0, 0.0, 0.0, 0.0, 0.0, 0.0, 0.0, 0.0, 0.0, 0.0, 0.0, 0.0, 0.0, 0.0, 0.0, 0.0, 0.0, 0.0, 0.0, 0.0, 0.0, 0.0, 0.0, 0.0, 0.0, 0.0, 0.0, 0.0, 0.0, 0.0, 0.0, 0.0, 0.0, 0.0, 0.0, 0.0, 0.0, 0.0, 0.0, 0.0, 0.0, 0.0, 0.0, 0.0, 0.0, 0.0, 0.0, 0.0, 0.0, 0.0, 0.0, 0.0, 0.0, 0.0, 0.0, 0.0, 0.0, 0.0, 0.0, 0.0, 0.0, 0.0, 0.0, 0.0, 0.0, 0.0, 0.0, 0.0, 0.0, 0.0, 0.0, 0.0, 0.0, 0.0, 0.0, 0.0, 0.0, 0.0, 0.0, 0.0, 0.0, 0.0, 0.0, 0.0, 0.0, 0.0, 0.0, 0.0, 0.0, 0.0, 0.0, 0.0, 0.0, 0.0, 0.0, 0.0, 0.0, 0.0, 0.0, 0.0, 0.0, 0.0, 0.0, 0.0, 0.0, 0.0, 0.0, 0.0, 0.0, 0.0, 0.0, 0.0, 0.0, 0.0, 0.0, 0.0, 0.0, 0.0, 0.0, 0.0, 0.0, 0.0, 0.0, 0.0, 0.0, 0.0, 0.0, 0.0, 0.0, 0.0, 0.0, 0.0, 0.0, 0.0, 0.0, 0.0, 0.0, 0.0, 0.0, 0.0, 0.0, 0.0, 0.0, 0.0, 0.0, 0.0, 0.0, 0.0, 0.0, 0.0, 0.0, 0.0, 0.0, 0.0, 0.0, 0.0, 0.0, 0.0, 0.0, 0.0, 0.0, 0.0, 0.0, 0.0, 0.0, 0.0, 0.0, 0.0, 0.0, 0.0, 0.0, 0.0, 0.0, 0.0, 0.0, 0.0, 0.0, 0.0, 0.0, 0.0, 0.0, 0.0, 0.0, 0.0, 0.0, 0.0, 0.0, 0.0, 0.0, 0.0, 0.0, 0.0, 0.0, 0.0, 0.0, 0.0, 0.0, 0.0, 0.0, 0.0, 0.0, 0.0, 0.0, 0.0, 0.0, 0.0, 0.0, 0.0, 0.0, 0.0, 0.0, 0.0, 0.0, 0.0, 0.0, 0.0, 0.0, 0.0, 0.0, 0.0, 0.0, 0.0, 0.0, 0.0, 0.0, 0.0, 0.0, 0.0, 0.0, 0.0, 0.0, 0.0, 0.0, 0.0, 0.0, 0.0, 0.0, 0.0, 0.0, 0.0, 0.0, 0.0, 0.0, 0.0, 0.0, 0.0, 0.0, 0.0, 0.0, 0.0, 0.0, 0.0, 0.0, 0.0, 0.0, 0.0, 0.0, 0.0, 0.0, 0.0, 0.0, 0.0, 0.0, 0.0, 0.0, 0.0, 0.0, 0.0, 0.0, 0.0, 0.0, 0.0, 0.0, 0.0, 0.0, 0.0, 0.0, 0.0, 0.0, 0.0, 0.0, 0.0, 0.0, 0.0, 0.0, 0.0, 0.0, 0.0, 0.0, 0.0, 0.0, 0.0, 0.0, 0.0, 0.0, 0.0, 0.0, 0.0, 0.0, 0.0, 0.0, 0.0, 0.0, 0.0, 0.0, 0.0, 0.0, 0.0, 0.0, 0.0, 0.0, 0.0, 0.0, 0.0, 0.0, 0.0, 0.0, 0.0, 0.0, 0.0, 0.0, 0.0, 0.0, 0.0, 0.0, 0.0, 0.0, 0.0, 0.0, 0.0, 0.0, 0.0, 0.0, 0.0, 0.0, 0.0, 0.0, 0.0, 0.0, 0.0, 0.0, 0.0, 0.0, 0.0, 0.0, 0.0, 0.0, 0.0, 0.0, 0.0, 0.0, 0.0, 0.0, 0.0, 0.0, 0.0, 0.0, 0.0, 0.0, 0.0, 0.0, 0.0, 0.0, 0.0, 0.0, 0.0, 0.0, 0.0, 0.0, 0.0, 0.0, 0.0, 0.0, 0.0, 0.0, 0.0, 0.0, 0.0, 0.0, 0.0, 0.0, 0.0, 0.0, 0.0, 0.0, 0.0, 0.0, 0.0, 0.0, 0.0, 0.0, 0.0, 0.0, 0.0, 0.0, 0.0, 0.0, 0.0, 0.0, 0.0, 0.0, 0.0, 0.0, 0.0, 0.0, 0.0, 0.0, 0.0, 0.0, 0.0, 0.0, 0.0, 0.0, 0.0, 0.0, 0.0, 0.0, 0.0, 0.0, 0.0, 0.0, 0.0, 0.0, 0.0, 0.0, 0.0, 0.0, 0.0, 0.0, 0.0, 0.0, 0.0, 0.0, 0.0, 0.0, 0.0, 0.0, 0.0, 0.0, 0.0, 0.0, 0.0, 0.0, 0.0, 0.0, 0.0, 0.0, 0.0, 0.0, 0.0, 0.0, 0.0, 0.0, 0.0, 0.0, 0.0, 0.0, 0.0, 0.0, 0.0, 0.0, 0.0, 0.0, 0.0, 0.0, 0.0, 0.0, 0.0, 0.0, 0.0, 0.0, 0.0, 0.0, 0.0, 0.0, 0.0, 0.0, 0.0, 0.0, 0.0, 0.0, 0.0, 0.0, 0.0, 0.0, 0.0, 0.0, 0.0, 0.0, 0.0, 0.0, 0.0, 0.0, 0.0, 0.0, 0.0, 0.0, 0.0, 0.0, 0.0, 0.0, 0.0, 0.0, 0.0, 0.0, 0.0, 0.0, 0.0, 0.0, 0.0, 0.0, 0.0, 0.0, 0.0, 0.0, 0.0, 0.0, 0.0, 0.0, 0.0, 0.0, 0.0, 0.0, 0.0, 0.0, 0.0, 0.0, 0.0, 0.0, 0.0, 0.0, 0.0, 0.0, 0.0, 0.0, 0.0, 0.0, 0.0, 0.0, 0.0, 0.0, 0.0, 0.0, 0.0, 0.0, 0.0, 0.0, 0.0, 0.0, 0.0, 0.0, 0.0, 0.0, 0.0, 0.0, 0.0, 0.0, 0.0, 0.0, 0.0, 0.0, 0.0, 0.0, 0.0, 0.0, 0.0, 0.0, 0.0, 0.0, 0.0, 0.0, 0.0, 0.0, 0.0, 0.0, 0.0, 0.0, 0.0, 0.0, 0.0, 0.0, 0.0, 0.0, 0.0, 0.0, 0.0, 0.0, 0.0, 0.0, 0.0, 0.0, 0.0, 0.0, 0.0, 0.0, 0.0, 0.0, 0.0, 0.0, 0.0, 0.0, 0.0, 0.0, 0.0, 0.0, 0.0, 0.0, 0.0, 0.0, 0.0, 0.0, 0.0, 0.0, 0.0, 0.0, 0.0, 0.0, 0.0, 0.0, 0.0, 0.0, 0.0, 0.0, 0.0, 0.0, 0.0, 0.0, 0.0, 0.0, 0.0, 0.0, 0.0, 0.0, 0.0, 0.0, 0.0, 0.0, 0.0, 0.0, 0.0, 0.0, 0.0, 0.0, 0.0, 0.0, 0.0, 0.0, 0.0, 0.0, 0.0, 0.0, 0.0, 0.0, 0.0, 0.0, 0.0, 0.0, 0.0, 0.0, 0.0, 0.0, 0.0, 0.0, 0.0, 0.0, 0.0, 0.0, 0.0, 0.0, 0.0, 0.0, 0.0, 0.0, 0.0, 0.0, 0.0, 0.0, 0.0, 0.0, 0.0, 0.0, 0.0, 0.0, 0.0, 0.0, 0.0, 0.0, 0.0, 0.0, 0.0, 0.0, 0.0, 0.0, 0.0, 0.0, 0.0, 0.0, 0.0, 0.0, 0.0, 0.0, 0.0, 0.0, 0.0, 0.0, 0.0, 0.0, 0.0, 0.0, 0.0, 0.0, 0.0, 0.0, 0.0, 0.0, 0.0, 0.0, 0.0, 0.0, 0.0, 0.0, 0.0, 0.0, 0.0, 0.0, 0.0, 0.0, 0.0, 0.0, 0.0, 0.0, 0.0, 0.0, 0.0, 0.0, 0.0, 0.0, 0.0, 0.0, 0.0, 0.0, 0.0, 0.0, 0.0, 0.0, 0.0, 0.0, 0.0, 0.0, 0.0, 0.0, 0.0, 0.0, 0.0, 0.0, 0.0, 0.0, 0.0, 0.0, 0.0, 0.0, 0.0, 0.0, 0.0, 0.0, 0.0, 0.0, 0.0, 0.0, 0.0, 0.0, 0.0, 0.0, 0.0, 0.0, 0.0, 0.0, 0.0, 0.0, 0.0, 0.0, 0.0, 0.0, 0.0, 0.0, 0.0, 0.0, 0.0, 0.0, 0.0, 0.0, 0.0, 0.0, 0.0, 0.0, 0.0, 0.0, 0.0, 0.0, 0.0, 0.0, 0.0, 0.0, 0.0, 0.0, 0.0, 0.0, 0.0, 0.0, 0.0, 0.0, 0.0, 0.0, 0.0, 0.0, 0.0, 0.0, 0.0, 0.0, 0.0, 0.0, 0.0, 0.0, 0.0, 0.0, 0.0, 0.0, 0.0, 0.0, 0.0, 0.0, 0.0, 0.0, 0.0, 0.0, 0.0, 0.0, 0.0, 0.0, 0.0, 0.0, 0.0, 0.0, 0.0, 0.0, 0.0, 0.0, 0.0, 0.0, 0.0, 0.0, 0.0, 0.0, 0.0, 0.0, 0.0, 0.0, 0.0, 0.0, 0.0, 0.0, 0.0, 0.0, 0.0, 0.0, 0.0, 0.0, 0.0, 0.0, 0.0, 0.0, 0.0, 0.0, 0.0, 0.0, 0.0, 0.0, 0.0, 0.0, 0.0, 0.0, 0.0, 0.0, 0.0, 0.0, 0.0, 0.0, 0.0, 0.0, 0.0, 0.0, 0.0, 0.0, 0.0, 0.0, 0.0, 0.0, 0.0, 0.0, 0.0, 0.0, 0.0, 0.0, 0.0, 0.0, 0.0, 0.0, 0.0, 0.0, 0.0, 0.0, 0.0, 0.0, 0.0, 0.0, 0.0, 0.0, 0.0, 0.0, 0.0, 0.0, 0.0, 0.0, 0.0, 0.0, 0.0, 0.0, 0.0, 0.0, 0.0, 0.0, 0.0, 0.0, 0.0, 0.0, 0.0, 0.0, 0.0, 0.0, 0.0, 0.0, 0.0, 0.0, 0.0, 0.0, 0.0, 0.0, 0.0, 0.0, 0.0, 0.0, 0.0, 0.0, 0.0, 0.0, 0.0, 0.0, 0.0, 0.0, 0.0, 0.0, 0.0, 0.0, 0.0, 0.0, 0.0, 0.0, 0.0, 0.0, 0.0, 0.0, 0.0, 0.0, 0.0, 0.0, 0.0, 0.0, 0.0, 0.0, 0.0, 0.0, 0.0, 0.0, 0.0, 0.0, 0.0, 0.0, 0.0, 0.0, 0.0, 0.0, 0.0, 0.0, 0.0, 0.0, 0.0, 0.0, 0.0, 0.0, 0.0, 0.0, 0.0, 0.0, 0.0, 0.0, 0.0, 0.0, 0.0, 0.0, 0.0, 0.0, 0.0, 0.0, 0.0, 0.0, 0.0, 0.0, 0.0, 0.0, 0.0, 0.0, 0.0, 0.0, 0.0, 0.0, 0.0, 0.0, 0.0, 0.0, 0.0, 0.0, 0.0, 0.0, 0.0, 0.0, 0.0, 0.0, 0.0, 0.0, 0.0, 0.0, 0.0, 0.0, 0.0, 0.0, 0.0, 0.0, 0.0, 0.0, 0.0, 0.0, 0.0, 0.0, 0.0, 0.0, 0.0, 0.0, 0.0, 0.0, 0.0, 0.0, 0.0, 0.0, 0.0, 0.0, 0.0, 0.0, 0.0, 0.0, 0.0, 0.0, 0.0, 0.0, 0.0, 0.0, 0.0, 0.0, 0.0, 0.0, 0.0, 0.0, 0.0, 0.0, 0.0, 0.0, 0.0, 0.0, 0.0, 0.0, 0.0, 0.0, 0.0, 0.0, 0.0, 0.0, 0.0, 0.0, 0.0, 0.0, 0.0, 0.0, 0.0, 0.0, 0.0, 0.0, 0.0, 0.0, 0.0, 0.0, 0.0, 0.0, 0.0, 0.0, 0.0, 0.0, 0.0, 0.0, 0.0, 0.0, 0.0, 0.0, 0.0, 0.0, 0.0, 0.0, 0.0, 0.0, 0.0, 0.0, 0.0, 0.0, 0.0, 0.0, 0.0, 0.0, 0.0, 0.0, 0.0, 0.0, 0.0, 0.0, 0.0, 0.0, 0.0, 0.0, 0.0, 0.0, 0.0, 0.0, 0.0, 0.0, 0.0, 0.0, 0.0, 0.0, 0.0, 0.0, 0.0, 0.0, 0.0, 0.0, 0.0, 0.0, 0.0, 0.0, 0.0, 0.0, 0.0, 0.0, 0.0, 0.0, 0.0, 0.0, 0.0, 0.0, 0.0, 0.0, 0.0, 0.0, 0.0, 0.0, 0.0, 0.0, 0.0, 0.0, 0.0, 0.0, 0.0, 0.0, 0.0, 0.0, 0.0, 0.0, 0.0, 0.0, 0.0, 0.0, 0.0, 0.0, 0.0, 0.0, 0.0, 0.0, 0.0, 0.0, 0.0, 0.0, 0.0, 0.0, 0.0, 0.0, 0.0, 0.0, 0.0, 0.0, 0.0, 0.0, 0.0, 0.0, 0.0, 0.0, 0.0, 0.0, 0.0, 0.0, 0.0, 0.0, 0.0, 0.0, 0.0, 0.0, 0.0, 0.0, 0.0, 0.0, 0.0, 0.0, 0.0, 0.0, 0.0, 0.0, 0.0, 0.0, 0.0, 0.0, 0.0, 0.0, 0.0, 0.0, 0.0, 0.0, 0.0, 0.0, 0.0, 0.0, 0.0, 0.0, 0.0, 0.0, 0.0, 0.0, 0.0, 0.0, 0.0, 0.0, 0.0, 0.0, 0.0, 0.0, 0.0, 0.0, 0.0, 0.0, 0.0, 0.0, 0.0, 0.0, 0.0, 0.0, 0.0, 0.0, 0.0, 0.0, 0.0, 0.0, 0.0, 0.0, 0.0, 0.0, 0.0, 0.0, 0.0, 0.0, 0.0, 0.0, 0.0, 0.0, 0.0, 0.0, 0.0, 0.0, 0.0, 0.0, 0.0, 0.0, 0.0, 0.0, 0.0, 0.0, 0.0, 0.0, 0.0, 0.0, 0.0, 0.0, 0.0, 0.0, 0.0, 0.0, 0.0, 0.0, 0.0, 0.0, 0.0, 0.0, 0.0, 0.0, 0.0, 0.0, 0.0, 0.0, 0.0, 0.0, 0.0, 0.0, 0.0, 0.0, 0.0, 0.0, 0.0, 0.0, 0.0, 0.0, 0.0, 0.0, 0.0, 0.0, 0.0, 0.0, 0.0, 0.0, 0.0, 0.0, 0.0, 0.0, 0.0, 0.0, 0.0, 0.0, 0.0, 0.0, 0.0, 0.0, 0.0, 0.0, 0.0, 0.0, 0.0, 0.0, 0.0, 0.0, 0.0, 0.0, 0.0, 0.0, 0.0, 0.0, 0.0, 0.0, 0.0, 0.0, 0.0, 0.0, 0.0, 0.0, 0.0, 0.0, 0.0, 0.0, 0.0, 0.0, 0.0, 0.0, 0.0, 0.0, 0.0, 0.0, 0.0, 0.0, 0.0, 0.0, 0.0, 0.0, 0.0, 0.0, 0.0, 0.0, 0.0, 0.0, 0.0, 0.0, 0.0, 0.0, 0.0, 0.0, 0.0, 0.0, 0.0, 0.0, 0.0, 0.0, 0.0, 0.0, 0.0, 0.0, 0.0, 0.0, 0.0, 0.0, 0.0, 0.0, 0.0, 0.0, 0.0, 0.0, 0.0, 0.0, 0.0, 0.0, 0.0, 0.0, 0.0, 0.0, 0.0, 0.0, 0.0, 0.0, 0.0, 0.0, 0.0, 0.0, 0.0, 0.0, 0.0, 0.0, 0.0, 0.0, 0.0, 0.0, 0.0, 0.0, 0.0, 0.0, 0.0, 0.0, 0.0, 0.0, 0.0, 0.0, 0.0, 0.0, 0.0, 0.0, 0.0, 0.0, 0.0, 0.0, 0.0, 0.0, 0.0, 0.0, 0.0, 0.0, 0.0, 0.0, 0.0, 0.0, 0.0, 0.0, 0.0, 0.0, 0.0, 0.0, 0.0, 0.0, 0.0, 0.0, 0.0, 0.0, 0.0, 0.0, 0.0, 0.0, 0.0, 0.0, 0.0, 0.0, 0.0, 0.0, 0.0, 0.0, 0.0, 0.0, 0.0, 0.0, 0.0, 0.0, 0.0, 0.0, 0.0, 0.0, 0.0, 0.0, 0.0, 0.0, 0.0, 0.0, 0.0, 0.0, 0.0, 0.0, 0.0, 0.0, 0.0, 0.0, 0.0, 0.0, 0.0, 0.0, 0.0, 0.0, 0.0, 0.0, 0.0, 0.0, 0.0, 0.0, 0.0, 0.0, 0.0, 0.0, 0.0, 0.0, 0.0, 0.0, 0.0, 0.0, 0.0, 0.0, 0.0, 0.0, 0.0, 0.0, 0.0, 0.0, 0.0, 0.0, 0.0, 0.0, 0.0, 0.0, 0.0, 0.0, 0.0, 0.0, 0.0, 0.0, 0.0, 0.0, 0.0, 0.0, 0.0, 0.0, 0.0, 0.0, 0.0, 0.0, 0.0, 0.0, 0.0, 0.0, 0.0, 0.0, 0.0, 0.0, 0.0, 0.0, 0.0, 0.0, 0.0, 0.0, 0.0, 0.0, 0.0, 0.0, 0.0, 0.0, 0.0, 0.0, 0.0, 0.0, 0.0, 0.0, 0.0, 0.0, 0.0, 0.0, 0.0, 0.0, 0.0, 0.0, 0.0, 0.0, 0.0, 0.0, 0.0, 0.0, 0.0, 0.0, 0.0, 0.0, 0.0, 0.0, 0.0, 0.0, 0.0, 0.0, 0.0, 0.0, 0.0, 0.0, 0.0, 0.0, 0.0, 0.0, 0.0, 0.0, 0.0, 0.0, 0.0, 0.0, 0.0, 0.0, 0.0, 0.0, 0.0, 0.0, 0.0, 0.0, 0.0, 0.0, 0.0, 0.0, 0.0, 0.0, 0.0, 0.0, 0.0, 0.0, 0.0, 0.0, 0.0, 0.0, 0.0, 0.0, 0.0, 0.0, 0.0, 0.0, 0.0, 0.0, 0.0, 0.0, 0.0, 0.0, 0.0, 0.0, 0.0, 0.0, 0.0, 0.0, 0.0, 0.0, 0.0, 0.0, 0.0, 0.0, 0.0, 0.0, 0.0, 0.0, 0.0, 0.0, 0.0, 0.0, 0.0, 0.0, 0.0, 0.0, 0.0, 0.0, 0.0, 0.0, 0.0, 0.0, 0.0, 0.0, 0.0, 0.0, 0.0, 0.0, 0.0, 0.0, 0.0, 0.0, 0.0, 0.0, 0.0, 0.0, 0.0, 0.0, 0.0, 0.0, 0.0, 0.0, 0.0, 0.0, 0.0, 0.0, 0.0, 0.0, 0.0, 0.0, 0.0, 0.0, 0.0, 0.0, 0.0, 0.0, 0.0, 0.0, 0.0, 0.0, 0.0, 0.0, 0.0, 0.0, 0.0, 0.0, 0.0, 0.0, 0.0, 0.0, 0.0, 0.0, 0.0, 0.0, 0.0, 0.0, 0.0, 0.0, 0.0, 0.0, 0.0, 0.0, 0.0, 0.0, 0.0, 0.0, 0.0, 0.0, 0.0, 0.0, 0.0, 0.0, 0.0, 0.0, 0.0, 0.0, 0.0, 0.0, 0.0, 0.0, 0.0, 0.0, 0.0, 0.0, 0.0, 0.0, 0.0, 0.0, 0.0, 0.0, 0.0, 0.0, 0.0, 0.0, 0.0, 0.0, 0.0, 0.0, 0.0, 0.0, 0.0, 0.0, 0.0, 0.0, 0.0, 0.0, 0.0, 0.0, 0.0, 0.0, 0.0, 0.0, 0.0, 0.0, 0.0, 0.0, 0.0, 0.0, 0.0, 0.0, 0.0, 0.0, 0.0, 0.0, 0.0, 0.0, 0.0, 0.0, 0.0, 0.0, 0.0, 0.0, 0.0, 0.0, 0.0, 0.0, 0.0, 0.0, 0.0, 0.0, 0.0, 0.0, 0.0, 0.0, 0.0, 0.0, 0.0, 0.0, 0.0, 0.0, 0.0, 0.0, 0.0, 0.0, 0.0, 0.0, 0.0, 0.0, 0.0, 0.0, 0.0, 0.0, 0.0, 0.0, 0.0, 0.0, 0.0, 0.0, 0.0]"
m,0.0
TES_charge_costs,0.0
x_coal,1.0
relative_gap,8.943689172151542e-5
CAPEX_TES_charger,0.0
charger_cost,0.0
Q_IND_heater_peak,0.0
a_ch_t,"[0.0, 0.0, 0.0, 0.0, 0.0, 0.0, 0.0, 0.0, 0.0, 0.0, 0.0, 0.0, 0.0, 0.0, 0.0, 0.0, 0.0, 0.0, 0.0, 0.0, 0.0, 0.0, 0.0, 0.0, 0.0, 0.0, 0.0, 0.0, 0.0, 0.0, 0.0, 0.0, 0.0, 0.0, 0.0, 0.0, 0.0, 0.0, 0.0, 0.0, 0.0, 0.0, 0.0, 0.0, 0.0, 0.0, 0.0, 0.0, 0.0, 0.0, 0.0, 0.0, 0.0, 0.0, 0.0, 0.0, 0.0, 0.0, 0.0, 0.0, 0.0, 0.0, 0.0, 0.0, 0.0, 0.0, 0.0, 0.0, 0.0, 0.0, 0.0, 0.0, 0.0, 0.0, 0.0, 0.0, 0.0, 0.0, 0.0, 0.0, 0.0, 0.0, 0.0, 0.0, 0.0, 0.0, 0.0, 0.0, 0.0, 0.0, 0.0, 0.0, 0.0, 0.0, 0.0, 0.0, 0.0, 0.0, 0.0, 0.0, 0.0, 0.0, 0.0, 0.0, 0.0, 0.0, 0.0, 0.0, 0.0, 0.0, 0.0, 0.0, 0.0, 0.0, 0.0, 0.0, 0.0, 0.0, 0.0, 0.0, 0.0, 0.0, 0.0, 0.0, 0.0, 0.0, 0.0, 0.0, 0.0, 0.0, 0.0, 0.0, 0.0, 0.0, 0.0, 0.0, 0.0, 0.0, 0.0, 0.0, 0.0, 0.0, 0.0, 0.0, 0.0, 0.0, 0.0, 0.0, 0.0, 0.0, 0.0, 0.0, 0.0, 0.0, 0.0, 0.0, 0.0, 0.0, 0.0, 0.0, 0.0, 0.0, 0.0, 0.0, 0.0, 0.0, 0.0, 0.0, 0.0, 0.0, 0.0, 0.0, 0.0, 0.0, 0.0, 0.0, 0.0, 0.0, 0.0, 0.0, 0.0, 0.0, 0.0, 0.0, 21.454489436011727, 0.0, 0.0, 0.0, 0.0, 0.0, 445.4889077860073, 0.0, 0.0, 0.0, 0.0, 0.0, 0.0, 0.0, 76.4717648653641, 0.0, 0.0, 0.0, 0.0, 0.0, 0.0, 0.0, 0.0, 1565.572990825901, 1359.241736022367, 1666.1816660137147, 1443.8092800717236, 0.0, 1176.9672302294703, 2394.170591380129, 1505.267801058459, 1660.6544482519446, 1525.3879816567587, 619.7842590927257, 1402.0739756517373, 330.82714130161526, 1307.8939790352485, 0.0, 2027.3370191220008, 0.0, 23.427618440809283, 1186.3537728167155, 0.0, 1599.196063878001, 218.69277840522818, 284.42919320725923, 3522.8568678111083, 2523.4760041474206, 3225.75660908802, 2183.7334347917636, 306.6937370483322, 2552.589001524956, 3522.8568678111083, 3297.3340106702176, 2968.2219515526176, 3163.3672778759815, 1754.2200684368688, 3154.406103134846, 747.4852324109409, 2832.080912162126, 3099.9093849514334, 3470.560534787293, 0.0, 2363.430385968092, 2277.969536310119, 923.3247843104907, 3438.951883399298, 1735.025168825952, 567.8548399614976, 3522.8568678111083, 3522.8568678111083, 898.8615300824363, 3522.8568678111083, 679.6444587163509, 3522.8568678111083, 3522.8568678111083, 3522.8568678111083, 3522.8568678111083, 3522.8568678111083, 3522.8568678111083, 3522.8568678111083, 57.436185700097894, 3522.8568678111083, 3522.8568678111083, 3522.8568678111083, 0.0, 1581.3457864607237, 3522.8568678111083, 2254.1892723778415, 3522.8568678111083, 2085.5707817359207, 1477.0239752264824, 3522.8568678111083, 3522.8568678111083, 3087.845685428014, 3522.8568678111083, 2159.78915985421, 3522.8568678111083, 3522.8568678111083, 3522.8568678111083, 3522.8568678111083, 3522.8568678111083, 3522.8568678111083, 3522.8568678111083, 2546.933568007212, 3522.8568678111083, 2404.3417863449813, 3522.8568678111083, 0.0, 0.0, 3522.8568678111083, 3522.8568678111083, 3478.426481627116, 892.5486534140628, 283.8209861344774, 3522.8568678111083, 3522.8568678111083, 2537.4310427554674, 3522.8568678111083, 3522.8568678111083, 3522.8568678111083, 3522.8568678111083, 0.0, 3522.8568678111083, 3522.8568678111083, 3522.8568678111083, 3522.8568678111083, 2115.5698975102996, 3522.8568678111083, 0.0, 3522.8568678111083, 0.0, 0.0, 3522.8568678111083, 3522.8568678111083, 0.0, 3457.276141521109, 1806.7502158466812, 3132.933073549066, 3344.4353105520736, 3522.8568678111083, 3522.8568678111083, 3164.5211873410076, 3522.8568678111083, 1138.2293922785957, 3522.8568678111083, 1019.668213257066, 2603.6767033428787, 3522.8568678111083, 2317.0816857594345, 2001.9987519226604, 2964.9029846473977, 0.0, 3522.8568678111083, 0.0, 0.0, 3522.8568678111083, 3522.8568678111083, 3522.8568678111083, 1916.728584511778, 1536.9056262910449, 1762.9498635674477, 3522.8568678111083, 0.0, 3522.8568678111083, 2985.360694296699, 3522.8568678111083, 554.4223166975204, 3522.8568678111083, 0.0, 3522.8568678111083, 3522.8568678111083, 3522.8568678111083, 235.0453264981952, 2978.7745528936175, 1908.14289528646, 1773.632702953998, 0.0, 356.64061977107144, 3280.8154761114206, 3522.8568678111083, 3522.8568678111083, 3522.8568678111083, 2710.918464210765, 1175.7046196276353, 2696.9496340923433, 3210.206629271035, 2274.602918227027, 434.8489865510738, 2029.9801888420548, 1528.6404154065513, 3204.38196698883, 0.0, 3095.566772446121, 2380.565477476312, 2442.4015227675777, 762.3355183557233, 1772.3342262745196, 1212.2470848913142, 2318.8732487311154, 1537.1265181018282, 705.1645693041498, 1935.046480323122, 2384.194501059244, 3522.8568678111083, 1103.0334153313847, 2527.1859674702528, 0.0, 463.8960505075331, 1509.607032803267, 962.9962344201167, 184.63303445988484, 787.1685861602563, 121.99810829243165, 0.0, 0.0, 0.0, 615.4670837641677, 1072.0354480081423, 0.0, 394.96061721639285, 0.0, 797.5952297273302, 0.0, 0.0, 731.9014818830269, 515.3940452757802, 1871.4243064173254, 669.8415853059912, 275.370932170674, 0.0, 0.0, 0.0, 0.0, 0.0, 0.0, 0.0, 0.0, 0.0, 0.0, 0.0, 0.0, 0.0, 0.0, 0.0, 0.0, 0.0, 0.0, 0.0, 0.0, 0.0, 0.0, 0.0, 0.0, 0.0, 0.0, 0.0, 0.0, 0.0, 0.0, 0.0, 0.0, 0.0, 0.0, 0.0, 0.0, 0.0, 0.0, 0.0, 0.0, 0.0, 0.0, 0.0, 0.0, 0.0, 0.0, 0.0, 0.0, 0.0, 0.0, 0.0, 0.0, 0.0, 0.0, 0.0, 0.0, 0.0, 0.0, 0.0, 0.0, 0.0, 0.0, 0.0, 0.0, 0.0, 0.0, 0.0, 0.0, 0.0, 0.0, 0.0, 0.0, 0.0, 0.0, 0.0, 0.0, 0.0, 0.0, 0.0, 0.0, 0.0, 0.0, 0.0, 0.0, 0.0, 0.0, 0.0, 0.0, 0.0, 0.0, 0.0, 0.0, 0.0, 0.0, 0.0, 0.0, 0.0, 0.0, 0.0, 0.0, 0.0, 0.0, 0.0, 0.0, 0.0, 0.0, 0.0, 0.0, 0.0, 0.0, 0.0, 0.0, 0.0, 0.0, 0.0, 0.0, 0.0, 0.0, 0.0, 0.0, 0.0, 0.0, 0.0, 0.0, 0.0, 0.0, 0.0, 0.0, 0.0, 0.0, 0.0, 0.0, 0.0, 0.0, 0.0, 0.0, 0.0, 0.0, 0.0, 0.0, 0.0, 0.0, 0.0, 0.0, 0.0, 0.0, 0.0, 0.0, 0.0, 0.0, 0.0, 0.0, 0.0, 0.0, 0.0, 0.0, 0.0, 0.0, 0.0, 0.0, 0.0, 0.0, 0.0, 0.0, 0.0, 0.0, 0.0, 0.0, 0.0, 0.0, 0.0, 0.0, 0.0, 0.0, 0.0, 0.0, 0.0, 0.0, 0.0, 0.0, 0.0, 0.0, 0.0, 0.0, 0.0, 0.0, 0.0, 0.0, 0.0, 0.0, 0.0, 0.0, 0.0, 0.0, 0.0, 0.0, 0.0, 0.0, 0.0, 0.0, 0.0, 0.0, 0.0, 0.0, 0.0, 0.0, 0.0, 0.0, 0.0, 0.0, 0.0, 0.0, 0.0, 0.0, 0.0, 0.0, 0.0, 0.0, 0.0, 0.0, 0.0, 0.0, 0.0, 0.0, 0.0, 0.0, 0.0, 0.0, 0.0, 0.0, 0.0, 0.0, 0.0, 0.0, 0.0, 0.0, 0.0, 0.0, 0.0, 0.0, 0.0, 0.0, 0.0, 0.0, 0.0, 0.0, 0.0, 0.0, 0.0, 0.0, 0.0, 0.0, 0.0, 0.0, 0.0, 0.0, 0.0, 0.0, 0.0, 0.0, 0.0, 0.0, 0.0, 0.0, 0.0, 0.0, 0.0, 0.0, 0.0, 0.0, 0.0, 0.0, 0.0, 0.0, 0.0, 0.0, 0.0, 0.0, 0.0, 0.0, 0.0, 0.0, 0.0, 0.0, 0.0, 0.0, 0.0, 0.0, 0.0, 0.0, 0.0, 0.0, 0.0, 0.0, 0.0, 0.0, 0.0, 0.0, 0.0, 0.0, 0.0, 0.0, 0.0, 0.0, 0.0, 0.0, 0.0, 0.0, 0.0, 0.0, 0.0, 0.0, 0.0, 0.0, 0.0, 0.0, 0.0, 0.0, 0.0, 0.0, 0.0, 0.0, 0.0, 0.0, 0.0, 0.0, 85.13847161081236, 0.0, 0.0, 0.0, 0.0, 0.0, 0.0, 0.0, 0.0, 0.0, 119.37668253678817, 0.0, 0.0, 0.0, 0.0, 0.0, 0.0, 0.0, 0.0, 452.29948315057464, 575.2656247474449, 434.7586828675254, 1422.2598134633959, 2211.8261303722306, 1321.4489825390733, 1024.2122494495916, 1534.6005666252274, 1512.2586527778262, 1663.669043294169, 1144.8215816551854, 1632.575450210814, 347.41811670125276, 1230.461022168497, 2310.515678001434, 2218.322081454724, 0.0, 770.2368764393641, 1394.0274130448006, 1607.8961592137184, 1735.8058114710589, 1041.5742725036275, 1614.2385332735157, 1007.0873399896492, 2996.954010227057, 3200.232351010334, 2978.964861793256, 2925.8431388148965, 2861.796808088533, 3522.8568678111083, 0.0, 0.0, 3311.07392075219, 2740.8733219412793, 2891.890069561297, 1452.4636867902154, 2794.656738555972, 2448.620154696545, 1217.547223477066, 624.7620015093153, 1831.5704388740687, 2959.1049801321237, 3143.0454394753547, 3522.8568678111083, 2137.8259494401846, 2224.3206834357065, 1968.2930461095634, 3128.368115209578, 3522.8568678111083, 3522.8568678111083, 1348.4380838571412, 3522.8568678111083, 3522.8568678111083, 3522.8568678111083, 3522.8568678111083, 1436.562713441806, 3522.8568678111083, 2008.4714374825346, 1801.4004363569748, 3522.8568678111083, 3522.8568678111083, 3522.8568678111083, 2592.8613089353357, 1097.9753515536822, 3522.8568678111083, 3522.8568678111083, 0.0, 3522.8568678111083, 2233.865872276674, 2265.897491144629, 3522.8568678111083, 3522.8568678111083, 3522.8568678111083, 3099.9686491821, 3522.8568678111083, 3522.8568678111083, 3522.8568678111083, 3522.8568678111083, 3522.8568678111083, 3522.8568678111083, 3522.8568678111083, 3522.8568678111083, 3522.8568678111083, 3522.8568678111083, 3522.8568678111083, 3522.8568678111083, 1691.3647950952206, 3522.8568678111083, 3522.8568678111083, 3522.8568678111083, 3522.8568678111083, 2546.0622576701985, 3367.4244250597676, 2563.3958268639835, 1227.6366580592965, 3522.8568678111083, 3522.8568678111083, 3522.8568678111083, 3522.8568678111083, 3522.8568678111083, 3522.8568678111083, 3522.8568678111083, 3522.8568678111083, 3522.8568678111083, 3522.8568678111083, 3522.8568678111083, 3522.8568678111083, 3522.8568678111083, 3522.8568678111083, 3112.1644259173936, 3522.8568678111083, 3522.8568678111083, 3522.8568678111083, 2389.8583434009147, 449.6563696465637, 622.2492139058243, 2033.148359408396, 1373.097736911096, 3319.1092291019004, 2573.765588721504, 3522.8568678111083, 3384.875137264799, 3522.8568678111083, 3522.8568678111083, 3522.8568678111083, 3522.8568678111083, 3522.8568678111083, 3522.8568678111083, 2139.23528824417, 3522.8568678111083, 3522.8568678111083, 3286.0094902878313, 2393.1298045907706, 3522.8568678111083, 3522.8568678111083, 0.0, 1335.794731785144, 1246.4196597813952, 0.0, 2520.649081076333, 1146.4581243350171, 3522.8568678111083, 1201.7185925055546, 3522.8568678111083, 223.77321102639632, 3522.8568678111083, 3522.8568678111083, 3522.8568678111083, 2131.945098104633, 3522.8568678111083, 2534.278144087672, 2543.7112836854294, 3096.192806812968, 3522.8568678111083, 2338.806770831833, 0.0, 3144.631782717424, 3522.8568678111083, 3522.8568678111083, 793.0773595225298, 850.496697832268, 0.0, 2658.3950943911927, 3046.7227880630953, 2667.6648309631855, 0.0, 2554.1606337863527, 2361.4425397452096, 0.0, 2165.154948452554, 2935.113212040382, 2387.2653123813825, 2708.110532913577, 2204.3674978778904, 2082.782482197134, 909.01532722967, 2885.409539128116, 580.4725725893525, 689.1989718188493, 924.0134980189482, 1583.8257555811172, 1689.6583423738796, 618.8069880037035, 556.0940081894867, 0.0, 963.0072373364471, 1103.3668727900692, 0.0, 0.0, 127.7354430966692, 1245.4841916877074, 1511.2271490281098, 0.0, 1041.5798457931894, 432.767256278883, 1146.9512451535159, 0.0, 485.12377014632284, 0.0, 543.8630234507239, 597.0250959612893, 664.006464307208, 759.4445758918941, 377.8797067693654, 1083.1750485294208, 0.0, 0.0, 0.0, 0.0, 0.0, 0.0, 0.0, 0.0, 0.0, 0.0, 0.0, 0.0, 0.0, 0.0, 0.0, 0.0, 0.0, 0.0, 0.0, 0.0, 0.0, 0.0, 0.0, 0.0, 0.0, 0.0, 0.0, 0.0, 0.0, 0.0, 0.0, 0.0, 0.0, 0.0, 0.0, 0.0, 0.0, 0.0, 0.0, 0.0, 0.0, 0.0, 0.0, 0.0, 0.0, 0.0, 0.0, 0.0, 0.0, 0.0, 0.0, 0.0, 0.0, 0.0, 0.0, 0.0, 0.0, 0.0, 0.0, 0.0, 0.0, 0.0, 0.0, 0.0, 0.0, 0.0, 0.0, 0.0, 0.0, 0.0, 0.0, 0.0, 0.0, 0.0, 0.0, 0.0, 0.0, 0.0, 0.0, 0.0, 0.0, 0.0, 0.0, 0.0, 0.0, 0.0, 0.0, 0.0, 0.0, 0.0, 0.0, 0.0, 0.0, 0.0, 0.0, 0.0, 0.0, 0.0, 0.0, 0.0, 0.0, 0.0, 0.0, 0.0, 0.0, 0.0, 0.0, 0.0, 0.0, 0.0, 0.0, 0.0, 0.0, 0.0, 0.0, 0.0, 0.0, 0.0, 0.0, 0.0, 0.0, 0.0, 0.0, 0.0, 0.0, 0.0, 0.0, 0.0, 0.0, 0.0, 0.0, 0.0, 0.0, 0.0, 0.0, 0.0, 0.0, 0.0, 0.0, 0.0, 0.0, 0.0, 0.0, 0.0, 0.0, 0.0, 0.0, 0.0, 0.0, 0.0, 0.0, 0.0, 0.0, 0.0, 0.0, 0.0, 0.0, 0.0, 0.0, 0.0, 0.0, 0.0, 0.0, 0.0, 0.0, 0.0, 0.0, 0.0, 0.0, 0.0, 0.0, 0.0, 0.0, 0.0, 0.0, 0.0, 0.0, 0.0, 0.0, 0.0, 0.0, 0.0, 0.0, 0.0, 0.0, 0.0, 0.0, 0.0, 0.0, 0.0, 0.0, 0.0, 0.0, 0.0, 0.0, 0.0, 0.0, 0.0, 0.0, 0.0, 0.0, 0.0, 0.0, 0.0, 0.0, 0.0, 0.0, 0.0, 0.0, 0.0, 0.0, 0.0, 0.0, 0.0, 0.0, 0.0, 0.0, 0.0, 0.0, 0.0, 0.0, 0.0, 0.0, 0.0, 0.0, 0.0, 0.0, 0.0, 0.0, 0.0, 0.0, 0.0, 0.0, 0.0, 0.0, 0.0, 0.0, 0.0, 0.0, 0.0, 0.0, 0.0, 0.0, 0.0, 0.0, 0.0, 0.0, 0.0, 0.0, 0.0, 0.0, 0.0, 0.0, 0.0, 0.0, 0.0, 0.0, 0.0, 0.0, 0.0, 0.0, 0.0, 0.0, 0.0, 0.0, 0.0, 0.0, 0.0, 0.0, 0.0, 0.0, 0.0, 0.0, 0.0, 0.0, 0.0, 0.0, 0.0, 0.0, 0.0, 0.0, 0.0, 0.0, 0.0, 0.0, 0.0, 0.0, 0.0, 0.0, 0.0, 0.0, 0.0, 0.0, 0.0, 0.0, 0.0, 0.0, 0.0, 0.0, 0.0, 0.0, 0.0, 0.0, 0.0, 0.0, 0.0, 0.0, 0.0, 0.0, 0.0, 0.0, 0.0, 0.0, 0.0, 0.0, 0.0, 0.0, 0.0, 0.0, 0.0, 0.0, 0.0, 0.0, 0.0, 422.271119497129, 0.0, 0.0, 0.0, 535.8028541488568, 0.0, 0.0, 0.0, 0.0, 0.0, 0.0, 0.0, 0.0, 0.0, 0.0, 0.0, 0.0, 0.0, 0.0, 0.0, 0.0, 0.0, 0.0, 0.0, 1359.1260884852109, 1466.9213849098783, 1223.7378543856166, 2397.1137577957406, 1374.6312820506187, 823.7539785037134, 1463.4802605440939, 1561.4819858379938, 1502.6146558853427, 1087.1324732761943, 1391.8311243746898, 1292.5611229682568, 1459.480575726884, 0.0, 0.09482895060021915, 1621.4493465413364, 1876.4273401344917, 479.18035294944275, 1028.4816682296828, 1471.0321453370955, 1497.70921415025, 394.5705704639993, 2624.970665211446, 2240.935503748965, 3226.793517736435, 2706.7333536188066, 3522.8568678111083, 2955.449255267355, 185.33556163605894, 3303.155405270115, 3370.8443729798823, 3112.5977039210184, 2766.6031574162853, 2753.036966577306, 2693.3376203812677, 2643.888259041002, 0.0, 3522.8568678111083, 3357.0938959604564, 3522.8568678111083, 1729.446782508202, 1203.2958046745023, 3488.5790260229137, 3385.4535733777884, 873.5873032976783, 3087.4827716664026, 3522.8568678111083, 3522.8568678111083, 2276.6112842153602, 3522.8568678111083, 3522.8568678111083, 3522.8568678111083, 3522.8568678111083, 0.0, 3522.8568678111083, 3522.8568678111083, 3218.0924828205425, 3228.6907327915173, 2785.072409198092, 0.0, 3522.8568678111083, 3522.8568678111083, 3515.291640128129, 2394.341904441017, 3522.8568678111083, 3522.8568678111083, 3370.189269685344, 1578.2696003532483, 3522.8568678111083, 1430.2613062641983, 3522.8568678111083, 3522.8568678111083, 3522.8568678111083, 3522.8568678111083, 3522.8568678111083, 3522.8568678111083, 3522.8568678111083, 3522.8568678111083, 3522.8568678111083, 1017.3685646622675, 3522.8568678111083, 3522.8568678111083, 0.0, 3522.8568678111083, 3522.8568678111083, 3522.8568678111083, 2933.569797079823, 2617.4279596008037, 3522.8568678111083, 2278.5499241428415, 3054.837568585959, 2628.9611452536187, 3522.8568678111083, 0.0, 3522.8568678111083, 3522.8568678111083, 3297.654241476812, 3522.8568678111083, 3522.8568678111083, 3522.8568678111083, 2041.1100343495684, 2675.579339297473, 863.5294301437866, 3393.0509765801316, 3522.8568678111083, 0.0, 3522.8568678111083, 810.9229732086322, 3522.8568678111083, 1501.01470854213, 1076.6945325195218, 0.0, 3522.8568678111083, 3522.8568678111083, 2419.1572191340215, 3522.8568678111083, 3522.8568678111083, 3522.8568678111083, 1476.339316746706, 3522.8568678111083, 3371.9082967795516, 3522.8568678111083, 3522.8568678111083, 3522.8568678111083, 1600.3479506513434, 0.0, 2701.4284758655117, 3522.8568678111083, 291.1619413271976, 3522.8568678111083, 0.0, 3522.8568678111083, 3522.8568678111083, 1775.8724928120257, 0.0, 3522.8568678111083, 3522.8568678111083, 2154.214538026387, 3522.8568678111083, 3522.8568678111083, 3522.8568678111083, 1098.0842342859864, 3522.8568678111083, 3522.8568678111083, 3522.8568678111083, 3522.8568678111083, 3522.8568678111083, 3522.8568678111083, 592.9597284034776, 2851.4253027839845, 3522.8568678111083, 978.3027372540948, 3522.8568678111083, 3522.8568678111083, 3499.4488893597418, 3019.062653063783, 3522.8568678111083, 3522.8568678111083, 3522.8568678111083, 1718.402323428436, 153.80991274160215, 222.1501238418432, 3076.565367007958, 2238.8074691073857, 0.0, 1806.7718482275584, 2029.4139076493775, 0.0, 0.0, 2735.7740435287487, 0.0, 0.0, 1214.6486927867204, 2331.1852701521316, 1201.7148882102035, 2671.8791648992915, 3075.624017679236, 847.7548764641174, 1030.9338655370348, 1713.663354342956, 3522.8568678111083, 2640.050535554357, 893.9897383734374, 0.0, 8.616498026267436, 1301.1454161546167, 498.1385042467009, 748.1089251638333, 953.4921082993958, 0.0, 0.0, 1639.1631480604055, 995.9022976370582, 698.1505252005531, 0.0, 461.114010530971, 714.8349654693438, 0.0, 670.3110058496311, 1343.29140634636, 398.5958306494922, 0.0, 0.0, 1869.4759916731405, 738.9030862222694, 0.0, 0.0, 0.0, 0.0, 0.0, 0.0, 0.0, 0.0, 0.0, 0.0, 0.0, 0.0, 0.0, 0.0, 0.0, 0.0, 0.0, 0.0, 0.0, 0.0, 0.0, 0.0, 0.0, 0.0, 0.0, 0.0, 0.0, 0.0, 0.0, 0.0, 0.0, 0.0, 0.0, 0.0, 0.0, 0.0, 0.0, 0.0, 0.0, 0.0, 0.0, 0.0, 0.0, 0.0, 0.0, 0.0, 0.0, 0.0, 0.0, 0.0, 0.0, 0.0, 0.0, 0.0, 0.0, 0.0, 0.0, 0.0, 0.0, 0.0, 0.0, 0.0, 0.0, 0.0, 0.0, 0.0, 0.0, 0.0, 0.0, 0.0, 0.0, 0.0, 0.0, 0.0, 0.0, 0.0, 526.2612294277546, 0.0, 0.0, 0.0, 0.0, 0.0, 0.0, 0.0, 0.0, 0.0, 0.0, 0.0, 0.0, 0.0, 0.0, 0.0, 0.0, 0.0, 0.0, 0.0, 0.0, 0.0, 0.0, 821.9570599752692, 0.0, 0.0, 0.0, 0.0, 0.0, 0.0, 0.0, 0.0, 0.0, 0.0, 0.0, 0.0, 0.0, 0.0, 0.0, 0.0, 0.0, 0.0, 0.0, 0.0, 0.0, 0.0, 732.4842962886787, 0.0, 0.0, 0.0, 0.0, 0.0, 0.0, 0.0, 0.0, 0.0, 0.0, 0.0, 0.0, 0.0, 0.0, 0.0, 0.0, 0.0, 0.0, 0.0, 0.0, 0.0, 0.0, 155.95470858495582, 0.0, 0.0, 0.0, 0.0, 0.0, 0.0, 0.0, 0.0, 0.0, 0.0, 0.0, 0.0, 0.0, 0.0, 0.0, 0.0, 0.0, 0.0, 0.0, 0.0, 0.0, 0.0, 0.0, 0.0, 0.0, 0.0, 0.0, 0.0, 0.0, 0.0, 0.0, 0.0, 0.0, 0.0, 0.0, 0.0, 0.0, 0.0, 0.0, 0.0, 0.0, 0.0, 0.0, 0.0, 0.0, 0.0, 0.0, 0.0, 0.0, 0.0, 0.0, 0.0, 0.0, 0.0, 0.0, 0.0, 0.0, 0.0, 0.0, 0.0, 0.0, 0.0, 0.0, 0.0, 0.0, 0.0, 0.0, 0.0, 0.0, 0.0, 0.0, 0.0, 0.0, 0.0, 0.0, 0.0, 0.0, 0.0, 0.0, 0.0, 0.0, 0.0, 0.0, 0.0, 0.0, 0.0, 0.0, 0.0, 0.0, 0.0, 0.0, 0.0, 0.0, 0.0, 0.0, 0.0, 0.0, 0.0, 0.0, 0.0, 0.0, 0.0, 0.0, 0.0, 0.0, 0.0, 0.0, 0.0, 0.0, 0.0, 0.0, 0.0, 0.0, 0.0, 0.0, 0.0, 0.0, 0.0, 0.0, 0.0, 0.0, 0.0, 0.0, 0.0, 0.0, 0.0, 0.0, 0.0, 0.0, 0.0, 0.0, 0.0, 0.0, 0.0, 0.0, 0.0, 0.0, 0.0, 0.0, 0.0, 0.0, 0.0, 0.0, 0.0, 0.0, 0.0, 0.0, 0.0, 0.0, 0.0, 0.0, 0.0, 0.0, 0.0, 0.0, 0.0, 0.0, 0.0, 0.0, 0.0, 0.0, 0.0, 0.0, 0.0, 0.0, 0.0, 0.0, 0.0, 0.0, 0.0, 0.0, 0.0, 0.0, 0.0, 0.0, 0.0, 0.0, 0.0, 0.0, 0.0, 0.0, 205.8999374881501, 0.0, 0.0, 0.0, 0.0, 0.0, 0.0, 0.0, 0.0, 0.0, 0.0, 0.0, 0.0, 0.0, 0.0, 0.0, 0.0, 0.0, 0.0, 704.7631124717002, 1738.9575516900782, 1212.760107124612, 1204.159053400102, 1936.3715881333837, 1418.422806058608, 14.262237757999905, 0.0, 1573.312344187643, 1583.1543657252794, 899.6493008349128, 794.5985261506019, 1524.3113098370507, 1246.8551545709959, 0.0, 0.0, 939.2010117152241, 21.679435133269862, 1413.1024616226198, 1257.5906665608081, 1073.308616146773, 901.1200165278042, 877.1663819117025, 2787.9158009005214, 3186.719456184819, 3133.2435524210546, 2505.02311972479, 3522.8568678111083, 3018.75031943018, 405.19872734400894, 3335.155944097911, 3371.7868812762463, 3224.9175628928006, 818.4810102417675, 2710.430623180356, 2696.816202051908, 2733.9634493084804, 837.9110098506756, 3522.8568678111083, 3390.3586971060536, 104.18321709111956, 2536.0931285358984, 3109.8538788007954, 3361.7255073680253, 1717.0352978761343, 2962.844636935, 3522.8568678111083, 2477.4392322709773, 3522.8568678111083, 3522.8568678111083, 3522.8568678111083, 3522.8568678111083, 2906.27428653092, 0.0, 3522.8568678111083, 3522.8568678111083, 3522.8568678111083, 3522.8568678111083, 3522.8568678111083, 3522.8568678111083, 505.2862751462676, 3522.8568678111083, 0.0, 3522.8568678111083, 2465.769396387599, 3522.8568678111083, 3522.8568678111083, 2423.6928951251884, 3522.8568678111083, 3522.8568678111083, 3248.4675207234295, 3522.8568678111083, 3522.8568678111083, 383.7808118482203, 3522.8568678111083, 3522.8568678111083, 3522.8568678111083, 3522.8568678111083, 3522.8568678111083, 3522.8568678111083, 3522.8568678111083, 3522.8568678111083, 3522.8568678111083, 0.0, 3522.8568678111083, 0.0, 3522.8568678111083, 3522.8568678111083, 3522.8568678111083, 3522.8568678111083, 3522.8568678111083, 2588.7044332984933, 3522.8568678111083, 3522.8568678111083, 3522.8568678111083, 3522.8568678111083, 2143.512077389103, 3522.8568678111083, 3522.8568678111083, 3522.8568678111083, 3522.8568678111083, 3522.8568678111083, 3522.8568678111083, 3522.8568678111083, 3053.6511976648303, 3522.8568678111083, 0.0, 3522.8568678111083, 3522.8568678111083, 3522.8568678111083, 2695.485909662912, 3522.8568678111083, 1135.8267153982945, 3522.8568678111083, 1617.3511012816966, 3522.8568678111083, 3522.8568678111083, 3522.8568678111083, 3522.8568678111083, 829.5946902910135, 3522.8568678111083, 1824.4486238461418, 3522.8568678111083, 3522.8568678111083, 3522.8568678111083, 3522.8568678111083, 3522.8568678111083, 3522.8568678111083, 3522.8568678111083, 0.0, 3522.8568678111083, 3522.8568678111083, 2718.452499582144, 3522.8568678111083, 3522.8568678111083, 3522.8568678111083, 3522.8568678111083, 1266.4038256008782, 3522.8568678111083, 3522.8568678111083, 0.0, 3522.8568678111083, 3108.933274167357, 2280.5877339192475, 228.59505575854268, 3522.8568678111083, 0.0, 3522.8568678111083, 3522.8568678111083, 2006.1597230958344, 3418.8026610017314, 3520.5746443280236, 0.0, 3110.483511648341, 3522.8568678111083, 3198.262844727091, 3022.775426932661, 3225.092649321764, 3522.8568678111083, 3522.8568678111083, 1614.724590334189, 2038.730456105781, 2653.614814280338, 3031.727644874796, 2249.4585030516787, 2621.039798594188, 740.9504176532337, 0.0, 3522.8568678111083, 0.0, 2057.069938892551, 1495.8813551442001, 157.97505343691523, 2357.135196308909, 2211.0341527427836, 0.0, 2845.091874074408, 3124.6571322445798, 2661.563633933267, 2031.0764463580078, 2369.074356710068, 2663.510718985537, 1916.359389821057, 1567.1703170864077, 0.0, 605.6570279832063, 1287.543336860487, 633.992865510259, 482.5504357625316, 222.06240371375884, 0.0, 0.0, 1547.6841169098182, 0.0, 0.0, 0.0, 860.1390362684169, 523.0732265869005, 0.0, 909.5664817878817, 1359.0122537170382, 915.0818690012993, 428.92837459599036, 0.0, 1561.3597284079067, 846.3347389699629, 862.5187874768719, 0.0, 0.0, 0.0, 0.0, 0.0, 0.0, 0.0, 0.0, 0.0, 0.0, 0.0, 0.0, 0.0, 0.0, 0.0, 0.0, 0.0, 0.0, 0.0, 0.0, 0.0, 0.0, 0.0, 0.0, 0.0, 0.0, 0.0, 0.0, 0.0, 0.0, 0.0, 0.0, 0.0, 0.0, 0.0, 0.0, 0.0, 0.0, 0.0, 0.0, 0.0, 0.0, 0.0, 0.0, 0.0, 0.0, 0.0, 0.0, 0.0, 0.0, 0.0, 0.0, 0.0, 0.0, 0.0, 0.0, 0.0, 0.0, 0.0, 0.0, 0.0, 0.0, 0.0, 0.0, 0.0, 0.0, 0.0, 0.0, 0.0, 0.0, 0.0, 0.0, 0.0, 0.0, 0.0, 0.0, 0.0, 0.0, 0.0, 0.0, 0.0, 0.0, 0.0, 0.0, 0.0, 0.0, 0.0, 0.0, 0.0, 0.0, 0.0, 0.0, 0.0, 0.0, 0.0, 0.0, 0.0, 0.0, 0.0, 0.0, 0.0, 0.0, 0.0, 0.0, 0.0, 0.0, 0.0, 0.0, 0.0, 0.0, 0.0, 0.0, 0.0, 0.0, 0.0, 0.0, 0.0, 0.0, 0.0, 0.0, 0.0, 0.0, 0.0, 0.0, 0.0, 0.0, 0.0, 0.0, 0.0, 0.0, 0.0, 0.0, 0.0, 0.0, 0.0, 0.0, 0.0, 0.0, 0.0, 0.0, 0.0, 0.0, 0.0, 0.0, 0.0, 0.0, 0.0, 0.0, 0.0, 0.0, 0.0, 0.0, 0.0, 0.0, 0.0, 0.0, 0.0, 0.0, 0.0, 0.0, 0.0, 0.0, 0.0, 0.0, 0.0, 0.0, 0.0, 0.0, 0.0, 0.0, 0.0, 0.0, 0.0, 0.0, 0.0, 0.0, 0.0, 0.0, 0.0, 0.0, 0.0, 0.0, 0.0, 0.0, 0.0, 0.0, 0.0, 0.0, 0.0, 0.0, 0.0, 0.0, 0.0, 0.0, 0.0, 0.0, 0.0, 0.0, 0.0, 0.0, 0.0, 0.0, 0.0, 0.0, 0.0, 0.0, 0.0, 0.0, 0.0, 0.0, 0.0, 0.0, 0.0, 0.0, 0.0, 0.0, 0.0, 0.0, 0.0, 0.0, 0.0, 0.0, 0.0, 0.0, 0.0, 0.0, 0.0, 0.0, 0.0, 0.0, 0.0, 0.0, 0.0, 0.0, 0.0, 0.0, 0.0, 0.0, 0.0, 0.0, 0.0, 0.0, 0.0, 0.0, 0.0, 0.0, 0.0, 0.0, 0.0, 0.0, 0.0, 0.0, 0.0, 0.0, 0.0, 0.0, 0.0, 0.0, 0.0, 0.0, 0.0, 0.0, 0.0, 0.0, 0.0, 0.0, 0.0, 0.0, 0.0, 0.0, 0.0, 0.0, 0.0, 0.0, 0.0, 0.0, 0.0, 0.0, 0.0, 0.0, 0.0, 0.0, 0.0, 0.0, 0.0, 0.0, 0.0, 0.0, 0.0, 0.0, 0.0, 0.0, 0.0, 0.0, 0.0, 0.0, 0.0, 0.0, 0.0, 0.0, 0.0, 0.0, 0.0, 0.0, 0.0, 0.0, 0.0, 0.0, 0.0, 0.0, 0.0, 0.0, 0.0, 0.0, 0.0, 0.0, 0.0, 0.0, 0.0, 0.0, 0.0, 0.0, 48.8638111729158, 0.0, 0.0, 0.0, 312.5099920661064, 0.0, 719.6063488576501, 0.0, 0.0, 0.0, 0.0, 0.0, 0.0, 0.0, 84.52818867324663, 0.0, 0.0, 0.0, 0.0, 0.0, 0.0, 0.0, 0.0, 994.1000596415879, 1843.8778543549995, 1540.9571516826536, 1191.5412708960885, 1164.55380883503, 127.34493299001042, 2942.93960808307, 1602.83080052449, 1558.5389181989058, 563.5788425808005, 322.2956401036072, 1164.2050106651045, 1603.7841266788143, 1500.8510674942947, 1762.9328799706052, 0.0, 1656.7431316245375, 1815.1593669207018, 1301.5726145891679, 624.3785963933226, 0.0, 1215.3578085675545, 1438.4330456409239, 810.3133760317917, 3515.3524948906534, 3338.6789602213503, 2066.4264850052537, 3522.8568678111083, 2016.4464272929918, 3522.8568678111083, 3446.740809189895, 3359.765485763459, 1635.0304975977613, 860.0345606517171, 2719.0787719748896, 2950.470575387262, 3020.206189035356, 2051.8301780529614, 2811.8054784204696, 3397.8331885182356, 3325.3947317535317, 3254.806900456044, 527.430573734322, 2319.8593090781515, 2610.1908569469374, 3379.05599450676, 3522.8568678111083, 3522.8568678111083, 3522.8568678111083, 3522.8568678111083, 3522.8568678111083, 1652.6700598785299, 3522.8568678111083, 0.0, 3522.8568678111083, 3522.8568678111083, 2873.7443480713, 2711.1178735016724, 3522.8568678111083, 3522.8568678111083, 142.397640931591, 3522.8568678111083, 3522.8568678111083, 3522.8568678111083, 3522.8568678111083, 98.7099175475339, 1428.3902004232923, 2564.4413706587, 3522.8568678111083, 3522.8568678111083, 3522.8568678111083, 1017.6416612288775, 3522.8568678111083, 3522.8568678111083, 3522.8568678111083, 3522.8568678111083, 3522.8568678111083, 3522.8568678111083, 3522.8568678111083, 1895.8000099765748, 3522.8568678111083, 3522.8568678111083, 3522.8568678111083, 2303.1148765466723, 3522.8568678111083, 0.0, 3522.8568678111083, 3522.8568678111083, 2372.8047918777024, 1760.8812567604666, 3522.8568678111083, 3522.8568678111083, 3522.8568678111083, 2387.3620657826773, 0.0, 3522.8568678111083, 3522.8568678111083, 3522.8568678111083, 3522.8568678111083, 3522.8568678111083, 3522.8568678111083, 3522.8568678111083, 3522.8568678111083, 3522.8568678111083, 3522.8568678111083, 3522.8568678111083, 3522.8568678111083, 3522.8568678111083, 1649.8698740922823, 3522.8568678111083, 2644.946097902648, 1905.6440061277576, 1783.2600151537051, 3522.8568678111083, 3175.2247742966865, 260.76896157272313, 3522.8568678111083, 3522.8568678111083, 3522.8568678111083, 2689.4598255528776, 3522.8568678111083, 1581.1759046176035, 3522.8568678111083, 3522.8568678111083, 3522.8568678111083, 3522.8568678111083, 3522.8568678111083, 2505.6544058230106, 3522.8568678111083, 2635.0622995824506, 3522.8568678111083, 3522.8568678111083, 3522.8568678111083, 3392.5609356171663, 2580.51563353934, 3522.8568678111083, 3522.8568678111083, 2671.300272493204, 0.0, 3522.8568678111083, 3522.8568678111083, 3388.4809371833444, 1783.0868855346664, 3053.2101455300744, 3089.2819066734346, 0.0, 3522.8568678111083, 3522.8568678111083, 3522.8568678111083, 3522.8568678111083, 3522.8568678111083, 3522.8568678111083, 625.5086444985338, 3522.8568678111083, 3522.8568678111083, 2008.5441131428563, 3097.606488427429, 258.91856131567124, 3025.4449088355564, 3522.8568678111083, 243.8094560897739, 74.68047884582961, 1595.40981081051, 3002.614891435736, 2690.917041867846, 785.2372408082767, 2575.9534905029786, 1213.9353914902754, 1993.321614184855, 1946.8374635482676, 1656.2611443710925, 2505.8306381649927, 2796.684349703927, 2490.7129938772905, 1334.0256561161866, 0.0, 2994.397711301717, 3158.254528532214, 2490.1804975384616, 2593.424992881899, 0.0, 2282.594929159076, 2681.1473979177576, 1469.063613400677, 0.0, 1045.9965094829006, 0.0, 968.014415042042, 103.84817234975867, 322.3799668666952, 0.0, 1864.760353248532, 0.0, 0.0, 739.3906434451155, 996.9127294761433, 837.3766335553603, 1010.058954864794, 0.0, 1058.938677788441, 859.6670295149042, 748.7200259661836, 1148.7944410695993, 0.0, 0.0, 887.8140745347814, 108.40562853156871, 0.0, 0.0, 0.0, 0.0, 0.0, 0.0, 0.0, 0.0, 0.0, 0.0, 0.0, 0.0, 0.0, 0.0, 0.0, 0.0, 0.0, 0.0, 0.0, 0.0, 0.0, 0.0, 0.0, 0.0, 0.0, 0.0, 0.0, 0.0, 0.0, 0.0, 0.0, 0.0, 0.0, 0.0, 0.0, 0.0, 0.0, 0.0, 0.0, 0.0, 0.0, 0.0, 0.0, 0.0, 0.0, 0.0, 0.0, 0.0, 0.0, 0.0, 0.0, 0.0, 0.0, 0.0, 0.0, 0.0, 0.0, 0.0, 0.0, 0.0, 0.0, 0.0, 0.0, 0.0, 0.0, 0.0, 0.0, 0.0, 0.0, 0.0, 0.0, 0.0, 0.0, 0.0, 0.0, 0.0, 0.0, 0.0, 0.0, 0.0, 0.0, 0.0, 0.0, 0.0, 0.0, 0.0, 0.0, 0.0, 0.0, 0.0, 0.0, 0.0, 0.0, 0.0, 0.0, 0.0, 0.0, 0.0, 0.0, 0.0, 0.0, 0.0, 0.0, 0.0, 0.0, 0.0, 0.0, 0.0, 0.0, 0.0, 0.0, 0.0, 0.0, 0.0, 0.0, 0.0, 0.0, 0.0, 0.0, 0.0, 0.0, 0.0, 0.0, 0.0, 0.0, 0.0, 0.0, 0.0, 0.0, 0.0, 0.0, 0.0, 0.0, 0.0, 0.0, 0.0, 0.0, 0.0, 0.0, 0.0, 0.0, 0.0, 0.0, 0.0, 0.0, 0.0, 0.0, 0.0, 0.0, 0.0, 0.0, 0.0, 0.0, 0.0, 0.0, 0.0, 0.0, 0.0, 0.0, 0.0, 0.0, 0.0, 0.0, 0.0, 0.0, 0.0, 0.0, 0.0, 0.0, 0.0, 0.0, 0.0, 0.0, 0.0, 0.0, 0.0, 0.0, 0.0, 0.0, 0.0, 0.0, 0.0, 0.0, 0.0, 0.0, 0.0, 0.0, 0.0, 0.0, 0.0, 0.0, 0.0, 0.0, 0.0, 0.0, 0.0, 0.0, 0.0, 0.0, 0.0, 0.0, 0.0, 0.0, 0.0, 0.0, 0.0, 0.0, 0.0, 0.0, 0.0, 0.0, 0.0, 0.0, 0.0, 0.0, 0.0, 0.0, 0.0, 0.0, 0.0, 0.0, 0.0, 0.0, 0.0, 0.0, 0.0, 0.0, 0.0, 0.0, 0.0, 0.0, 0.0, 0.0, 0.0, 0.0, 0.0, 0.0, 0.0, 0.0, 0.0, 0.0, 0.0, 0.0, 0.0, 0.0, 0.0, 0.0, 0.0, 0.0, 0.0, 0.0, 0.0, 0.0, 0.0, 0.0, 0.0, 0.0, 0.0, 0.0, 0.0, 0.0, 0.0, 0.0, 0.0, 0.0, 0.0, 0.0, 0.0, 0.0, 0.0, 0.0, 0.0, 0.0, 0.0, 0.0, 0.0, 0.0, 0.0, 0.0, 0.0, 0.0, 0.0, 0.0, 0.0, 0.0, 0.0, 0.0, 0.0, 0.0, 0.0, 0.0, 0.0, 0.0, 0.0, 0.0, 0.0, 0.0, 0.0, 0.0, 0.0, 0.0, 0.0, 0.0, 0.0, 0.0, 0.0, 0.0, 0.0, 0.0, 0.0, 0.0, 0.0, 0.0, 0.0, 0.0, 0.0, 0.0, 0.0, 0.0, 0.0, 0.0, 0.0, 0.0, 25.34903956103767, 0.0, 0.0, 506.064958941138, 0.0, 499.4156221758676, 0.0, 0.0, 0.0, 0.0, 0.0, 0.0, 0.0, 0.0, 0.0, 0.0, 0.0, 0.0, 0.0, 0.0, 0.0, 0.0, 1011.6447476038913, 1842.8857275590092, 0.0, 685.4211521370652, 1676.904672615542, 230.55758983908527, 2363.0948462155575, 1584.5633289037858, 1635.9712274079184, 1332.151509930525, 981.5294335293011, 399.1676186704037, 1449.4863888605726, 1606.7079526064217, 100.58441935760357, 2345.593219349855, 0.0, 1907.7915212411006, 847.385385027673, 1691.4872587901248, 1933.2423603496388, 1943.1215460031933, 1148.869317858131, 1091.5409102363374, 1798.874039367375, 0.0, 2529.836838694237, 3522.8568678111083, 307.38399070554806, 3522.8568678111083, 3433.156098741136, 1342.0598654936452, 3233.7197278801505, 2539.213674214633, 436.4067783055541, 3099.330665187015, 2671.9520795613453, 706.4191951387072, 3522.8568678111083, 0.0, 1484.0748055119334, 667.7960111711136, 3249.9214291928674, 0.0, 2306.744543098095, 3207.2681853783206, 750.9314504890508, 3522.8568678111083, 3522.8568678111083, 3522.8568678111083, 3522.8568678111083, 3431.077493002001, 3522.8568678111083, 2229.9481414140573, 3522.8568678111083, 3522.8568678111083, 3522.8568678111083, 2126.2450333559555, 3522.8568678111083, 3522.8568678111083, 2306.550357862384, 3405.31642339927, 1967.5797793794563, 3522.8568678111083, 3501.752364676154, 2884.987741823041, 2985.940266614284, 3522.8568678111083, 2241.5542884233046, 3302.9725219150005, 3522.8568678111083, 3522.8568678111083, 3522.8568678111083, 3522.8568678111083, 3522.8568678111083, 3522.8568678111083, 3522.8568678111083, 3522.8568678111083, 3522.8568678111083, 3522.8568678111083, 2417.740196396935, 3522.8568678111083, 3522.8568678111083, 3522.8568678111083, 3522.8568678111083, 3522.8568678111083, 3522.8568678111083, 3522.8568678111083, 3522.8568678111083, 3522.8568678111083, 3522.8568678111083, 3522.8568678111083, 2073.579138150815, 3522.8568678111083, 3522.8568678111083, 3522.8568678111083, 2309.547592754418, 3522.8568678111083, 3330.3571907213377, 3522.8568678111083, 3496.7202690781987, 3522.8568678111083, 3522.8568678111083, 2926.420281142331, 2544.4272344768847, 3522.8568678111083, 3522.8568678111083, 3522.8568678111083, 3522.8568678111083, 3522.8568678111083, 3522.8568678111083, 3522.8568678111083, 3522.8568678111083, 3522.8568678111083, 3522.8568678111083, 2849.806244964545, 3522.8568678111083, 3522.8568678111083, 3522.8568678111083, 997.8838378769558, 3030.5007978109534, 2871.122934307622, 3522.8568678111083, 3224.825669832828, 3522.8568678111083, 3522.8568678111083, 3522.8568678111083, 3522.8568678111083, 2145.0180118234557, 3522.8568678111083, 3522.8568678111083, 3522.8568678111083, 3522.8568678111083, 3522.8568678111083, 3522.8568678111083, 3522.8568678111083, 2073.4136346187274, 3522.8568678111083, 2384.337917754729, 678.7882134790427, 3522.8568678111083, 3522.8568678111083, 729.1162022025737, 3399.6304050962035, 1984.0043537910647, 3522.8568678111083, 0.0, 3522.8568678111083, 3522.8568678111083, 1732.4968876377854, 3522.8568678111083, 2557.179309850856, 356.97060211468784, 3522.8568678111083, 3522.8568678111083, 3522.8568678111083, 3522.8568678111083, 3522.8568678111083, 3522.8568678111083, 3522.8568678111083, 3522.8568678111083, 0.0, 2760.2870883976425, 3463.6838905706486, 2657.286894709576, 0.0, 1132.238622215437, 2384.2153581826506, 0.0, 0.0, 1778.6825942785208, 2233.3753738193136, 1584.731835501838, 2467.4968618620524, 2127.286388693677, 1749.1684509960587, 0.0, 3250.3202337840085, 2619.6254946467316, 2656.396521563379, 2525.044230809417, 3522.8568678111083, 2987.8571856096014, 2771.5615255055773, 0.0, 711.5183089834725, 1636.2207417743905, 992.5969819697509, 0.0, 132.32536629810738, 478.6452977387453, 0.0, 0.0, 28.7612593957017, 1111.023385947383, 389.0898963656148, 827.2575849352156, 1064.5675742251883, 0.0, 1114.2322247615039, 1493.94924637443, 853.650046110864, 1452.5804746762897, 0.0, 1945.9592405467083, 1076.8618259921172, 1018.7454181564049, 0.0, 0.0, 0.0, 0.0, 0.0, 0.0, 0.0, 0.0, 0.0, 0.0, 0.0, 0.0, 0.0, 0.0, 0.0, 0.0, 0.0, 0.0, 0.0, 0.0, 0.0, 0.0, 0.0, 0.0, 0.0, 0.0, 0.0, 0.0, 0.0, 0.0, 0.0, 0.0, 0.0, 0.0, 0.0, 0.0, 0.0, 0.0, 0.0, 0.0, 0.0, 0.0, 0.0, 0.0, 0.0, 0.0, 0.0, 0.0, 0.0, 0.0, 0.0, 0.0, 0.0, 0.0, 0.0, 0.0, 0.0, 0.0, 0.0, 0.0, 0.0, 0.0, 0.0, 0.0, 0.0, 0.0, 0.0, 0.0, 0.0, 0.0, 0.0, 0.0, 0.0, 0.0, 0.0, 0.0, 0.0, 0.0, 0.0, 0.0, 0.0, 0.0, 0.0, 0.0, 0.0, 0.0, 0.0, 0.0, 0.0, 0.0, 0.0, 0.0, 0.0, 0.0, 0.0, 0.0, 0.0, 0.0, 0.0, 0.0, 0.0, 0.0, 0.0, 0.0, 0.0, 0.0, 0.0, 0.0, 0.0, 0.0, 0.0, 0.0, 0.0, 0.0, 0.0, 0.0, 0.0, 0.0, 0.0, 0.0, 0.0, 0.0, 0.0, 0.0, 0.0, 0.0, 0.0, 0.0, 0.0, 0.0, 0.0, 0.0, 0.0, 0.0, 0.0, 0.0, 0.0, 0.0, 0.0, 0.0, 0.0, 0.0, 0.0, 0.0, 0.0, 0.0, 0.0, 0.0, 0.0, 0.0, 0.0, 0.0, 0.0, 0.0, 0.0, 0.0, 0.0, 0.0, 0.0, 0.0, 0.0, 0.0, 0.0, 0.0, 0.0, 0.0, 0.0, 0.0, 0.0, 0.0, 0.0, 0.0, 0.0, 0.0, 0.0, 0.0, 0.0, 0.0, 0.0, 0.0, 0.0, 0.0, 0.0, 0.0, 0.0, 0.0, 0.0, 0.0, 0.0, 0.0, 0.0, 0.0, 0.0, 0.0, 0.0, 0.0, 0.0, 0.0, 0.0, 0.0, 0.0, 0.0, 0.0, 0.0, 0.0, 0.0, 0.0, 0.0, 0.0, 0.0, 0.0, 0.0, 0.0, 0.0, 0.0, 0.0, 0.0, 0.0, 0.0, 0.0, 0.0, 0.0, 0.0, 0.0, 0.0, 0.0, 0.0, 0.0, 0.0, 0.0, 0.0, 0.0, 0.0, 0.0, 0.0, 0.0, 0.0, 0.0, 0.0, 0.0, 0.0, 0.0, 0.0, 0.0, 0.0, 0.0, 0.0, 0.0, 0.0, 0.0, 0.0, 0.0, 0.0, 0.0, 0.0, 0.0, 0.0, 0.0, 0.0, 0.0, 0.0, 0.0, 0.0, 0.0, 0.0, 0.0, 0.0, 0.0, 0.0, 0.0, 0.0, 0.0, 0.0, 0.0, 0.0, 0.0, 0.0, 0.0, 0.0, 0.0, 0.0, 0.0, 0.0, 0.0, 0.0, 0.0, 0.0, 0.0, 0.0, 0.0, 0.0, 0.0, 0.0, 0.0, 0.0, 0.0, 0.0, 0.0, 0.0, 0.0, 0.0, 0.0, 0.0, 0.0, 0.0, 0.0, 0.0, 0.0, 0.0, 0.0, 0.0, 0.0, 0.0, 0.0, 0.0, 0.0, 0.0, 0.0, 0.0, 0.0, 0.0, 0.0, 0.0, 0.0, 0.0, 0.0, 0.0, 0.0, 546.1264249788933, 0.0, 0.0, 0.0, 0.0, 0.0, 0.0, 0.0, 0.0, 0.0, 0.0, 0.0, 0.0, 0.0, 0.0, 0.0, 0.0, 1160.4585924988992, 1204.7190212845942, 1610.7552704582033, 1084.1880207910094, 2166.878856262665, 1036.5492328871876, 2425.102423856133, 1715.2498471192355, 0.0, 1529.3909491018596, 553.3106526040701, 0.0, 735.7191704135914, 895.7678669539769, 457.2119981055687, 2172.7922957027085, 1552.0450485715285, 1763.0833627536103, 1268.1588709254013, 301.3070715879712, 1821.7716326875297, 0.0, 1386.219426930309, 1326.082288358148, 3428.2338409689146, 3395.0825275069, 2488.511965113871, 3522.8568678111083, 2872.8664010294474, 3522.8568678111083, 3522.8568678111083, 0.0, 1810.5140884021284, 2321.616924644778, 3115.8919133872287, 2640.1633133670975, 2827.992924230955, 1188.3141257515754, 3026.0009000136124, 3286.1980510735066, 3289.6401566801233, 2948.0936582494314, 1541.6082559749461, 3522.8568678111083, 2957.1443900362788, 2442.911168917386, 2417.434983043555, 3522.8568678111083, 3522.8568678111083, 3522.8568678111083, 3522.8568678111083, 3522.8568678111083, 3522.8568678111083, 3522.8568678111083, 3522.8568678111083, 3522.8568678111083, 1601.2014353607308, 3522.8568678111083, 3522.8568678111083, 3522.8568678111083, 394.61565629396887, 3522.8568678111083, 3522.8568678111083, 3117.453531913043, 3522.8568678111083, 1056.8600610728704, 1121.7134368673694, 3522.8568678111083, 3522.8568678111083, 3522.8568678111083, 3522.8568678111083, 3522.8568678111083, 3522.8568678111083, 3522.8568678111083, 3522.8568678111083, 3522.8568678111083, 0.0, 3522.8568678111083, 3522.8568678111083, 3522.8568678111083, 3522.8568678111083, 3522.8568678111083, 3522.8568678111083, 464.0393645508127, 3522.8568678111083, 1020.5824658601265, 3522.8568678111083, 3522.8568678111083, 2747.61880963801, 0.0, 3522.8568678111083, 3522.8568678111083, 3522.8568678111083, 3522.8568678111083, 3522.8568678111083, 3522.8568678111083, 3522.8568678111083, 3522.8568678111083, 3522.8568678111083, 0.0, 3522.8568678111083, 3522.8568678111083, 2219.168149123372, 3522.8568678111083, 3522.8568678111083, 3522.8568678111083, 856.2170959939901, 1583.6220727509308, 3522.8568678111083, 3522.8568678111083, 3522.8568678111083, 2136.5917109503503, 0.0, 3522.8568678111083, 3522.8568678111083, 2630.5102498847955, 3522.8568678111083, 3522.8568678111083, 3522.8568678111083, 3522.8568678111083, 3522.8568678111083, 639.2415580238078, 3522.8568678111083, 3522.8568678111083, 3522.8568678111083, 3302.4347928701964, 3522.8568678111083, 2971.7290388736374, 3392.8666859854156, 567.7833079807042, 3522.8568678111083, 3522.8568678111083, 3291.739652767099, 3415.046061263684, 3353.739386793285, 0.0, 3522.8568678111083, 3522.8568678111083, 925.3237651673649, 3522.8568678111083, 3522.8568678111083, 279.25760611766145, 1831.422478032366, 3522.8568678111083, 3522.8568678111083, 3522.8568678111083, 3522.8568678111083, 3522.8568678111083, 2744.0261918945926, 3522.8568678111083, 1756.0834910794824, 2917.3506790061847, 887.6094442128604, 3522.8568678111083, 3522.8568678111083, 3522.8568678111083, 2119.9322649415835, 3420.0832681594393, 3522.8568678111083, 3522.8568678111083, 1308.4370087392388, 114.1299484049689, 1214.9073092739995, 0.0, 586.1339822687492, 2517.7710050740834, 2258.577337961858, 2586.752875608746, 3501.2778219579577, 3522.8568678111083, 2668.598945899153, 1045.0342432639225, 2640.0782002850533, 1661.043248936804, 937.1020837560716, 0.0, 2796.8221445299628, 3138.5373813964598, 2448.938899018972, 1690.1312668180037, 2008.5749679487676, 3522.8568678111083, 2911.9519634938883, 130.73088655584343, 0.0, 514.3847420474458, 0.0, 367.544965006015, 0.0, 678.5683220647579, 667.9185850430508, 1751.7488447170879, 1811.8230310699885, 856.6378841074898, 0.0, 1109.171753838346, 0.0, 0.0, 0.0, 808.7613223245253, 1390.6357884201175, 0.0, 597.4922348381183, 470.0634549927097, 1854.7998352240336, 996.0455139804626, 0.0, 0.0, 0.0, 0.0, 0.0, 0.0, 0.0, 0.0, 0.0, 0.0, 0.0, 0.0, 0.0, 0.0, 0.0, 0.0, 0.0, 0.0, 0.0, 0.0, 0.0, 0.0, 0.0, 0.0, 0.0, 0.0, 0.0, 0.0, 0.0, 0.0, 0.0, 0.0, 0.0, 0.0, 0.0, 0.0, 0.0, 0.0, 0.0, 0.0, 0.0, 0.0, 0.0, 0.0, 0.0, 0.0, 0.0, 0.0, 0.0, 0.0, 0.0, 0.0, 0.0, 0.0, 0.0, 0.0, 0.0, 0.0, 0.0, 0.0, 0.0, 0.0, 0.0, 0.0, 0.0, 0.0, 0.0, 0.0, 0.0, 0.0, 0.0, 0.0, 0.0, 0.0, 0.0, 0.0, 0.0, 0.0, 0.0, 0.0, 0.0, 0.0, 0.0, 0.0, 0.0, 0.0, 0.0, 0.0, 0.0, 0.0, 0.0, 0.0, 0.0, 0.0, 0.0, 0.0, 0.0, 458.7089787918519, 0.0, 0.0, 0.0, 0.0, 0.0, 0.0, 0.0, 0.0, 0.0, 0.0, 0.0, 0.0, 0.0, 0.0, 0.0, 0.0, 0.0, 0.0, 0.0, 0.0, 0.0, 0.0, 760.2656380910796, 0.0, 0.0, 0.0, 0.0, 0.0, 0.0, 0.0, 0.0, 0.0, 0.0, 0.0, 0.0, 0.0, 0.0, 0.0, 0.0, 0.0, 0.0]"
CAPEX_Wind,282581.0097784616
flowSalt_discharge_peak,0.0
p_solar_t,"[0.0, 0.0, 0.0, 0.0, 0.0, 0.0, 0.0, 0.0, 0.0, 0.0, 0.0, 0.0, 0.0, 0.0, 0.0, 0.0, 0.0, 0.0, 0.0, 0.0, 0.0, 0.0, 0.0, 0.0, 0.0, 0.0, 0.0, 0.0, 0.0, 0.0, 0.0, 0.0, 0.0, 0.0, 0.0, 0.0, 0.0, 0.0, 0.0, 0.0, 0.0, 0.0, 0.0, 0.0, 0.0, 0.0, 0.0, 0.0, 0.0, 0.0, 0.0, 0.0, 0.0, 0.0, 0.0, 0.0, 0.0, 0.0, 0.0, 0.0, 0.0, 0.0, 0.0, 0.0, 0.0, 0.0, 0.0, 0.0, 0.0, 0.0, 0.0, 0.0, 0.0, 0.0, 0.0, 0.0, 0.0, 0.0, 0.0, 0.0, 0.0, 0.0, 0.0, 0.0, 0.0, 0.0, 0.0, 0.0, 0.0, 0.0, 0.0, 0.0, 0.0, 0.0, 0.0, 0.0, 0.0, 0.0, 0.0, 0.0, 0.0, 0.0, 0.0, 0.0, 0.0, 0.0, 0.0, 0.0, 0.0, 0.0, 0.0, 0.0, 0.0, 0.0, 0.0, 0.0, 0.0, 0.0, 0.0, 0.0, 0.0, 0.0, 0.0, 0.0, 0.0, 0.0, 0.0, 0.0, 0.0, 0.0, 0.0, 0.0, 0.0, 0.0, 0.0, 0.0, 0.0, 0.0, 0.0, 0.0, 0.0, 0.0, 0.0, 0.0, 0.0, 0.0, 0.0, 0.0, 0.0, 0.0, 0.0, 0.0, 0.0, 0.0, 0.0, 0.0, 0.0, 0.0, 0.0, 0.0, 0.0, 87.29885546911923, 99.77012053613628, 0.0, 87.29885546911923, 62.356325335085174, 70.67050204642986, 225.5220432952247, 0.0, 0.0, 70.67050204642986, 121.59483440341609, 70.67050204642986, 163.16571796013952, 169.40135049364804, 88.33812755803734, 146.53736453745015, 0.0, 196.4224248055183, 78.98467875777456, 43.649427734559616, 0.0, 137.1839157371874, 0.0, 1630.6179075124774, 1424.8420339066963, 693.1944833083635, 1338.582450526495, 721.2548297091519, 1207.6341673228162, 1972.5384247665277, 908.3238057144074, 1033.0364563845778, 1439.3918431515497, 1150.4742024323216, 1385.3496945278089, 525.8716769925517, 1335.464634259741, 1553.711772932539, 1663.0606302386948, 570.5603768160294, 1189.9665418112088, 1141.1207536320587, 658.8985043740666, 1192.0450859890448, 1496.551808042044, 1055.9004423407755, 3237.3325569798385, 3090.7951924423883, 3015.9676020402862, 3141.719524799375, 1389.5067828834815, 3090.7951924423883, 3934.6841286438744, 3046.106492618911, 3052.3421251524196, 3073.2343554011695, 2503.6064622036697, 3134.444620176948, 2129.4685101931586, 3116.7769946653407, 948.8554171822128, 3730.9867992159293, 886.4990918471276, 1705.4454979145794, 3107.423545865078, 1458.0987407520752, 3212.390026845804, 1929.9282691208862, 1766.7625511607466, 5254.815572867346, 4346.2358758554365, 4621.64297941873, 3896.583135487167, 1949.6744388103295, 4481.341247414788, 5123.166841357281, 4888.735906270677, 4362.864229278126, 4754.669806800244, 3669.6697459697625, 4928.228245649565, 2598.1802222952156, 4685.038576842732, 4556.16883781689, 5134.004119255346, 955.0910497157212, 4049.004058424864, 4262.054836653072, 2723.932145054304, 5063.333617208917, 3533.5251023214933, 2078.5441778361724, 5254.477870522702, 5393.753113044146, 2303.026949042479, 5258.3427738374885, 2342.519288421366, 5503.497479615277, 5154.982570591483, 5127.70147615049, 4923.266410868344, 5146.669375353685, 5477.29531684237, 5324.163424827461, 1962.1457038773467, 5437.2384753001625, 5036.869233272685, 5249.636965195174, 1169.181100032847, 3322.5528682711215, 5553.241356155373, 4105.124751226441, 5136.578324823154, 3899.348877620659, 3037.7923159075663, 5283.852962308756, 5416.687857926807, 4494.851784570723, 5288.373137372921, 3617.706141523858, 5558.8637141593335, 5201.447337374262, 5143.904944350718, 4924.982654964639, 5158.219496983741, 5520.973156502239, 5341.668895790799, 4471.987798614525, 5449.192459727964, 3909.74159850984, 5258.199191629727, 1115.1389514091065, 1356.2500760381026, 5603.137467414019, 5387.756615293981, 5069.266862416871, 2684.4398056754167, 1875.8861204971456, 5276.613760432085, 5406.45199886451, 3956.508842511154, 5293.8622088815955, 5071.6477939202605, 5586.631611429428, 5204.0571978093285, 1641.60524019696, 4933.454564220878, 5155.758287368092, 5529.233305968339, 5338.6875372300965, 4054.2004188694546, 5453.827899970059, 1235.6945137236046, 5292.292657519124, 1456.0201965742388, 1549.5546845768667, 5619.074684540196, 5392.016784208786, 1549.617304428192, 5275.3451233482065, 3276.824896358726, 4877.303913292579, 5286.372383839869, 4950.332613060958, 5294.043927159759, 3733.065343393766, 5596.677702028879, 2826.820081857195, 5171.505777955403, 2445.4598430153405, 4261.0155645641535, 5528.50708968893, 4189.566421147715, 3982.4906447341064, 4936.54242236091, 1146.317114076649, 5297.6589369973935, 1363.5249806605293, 1452.9023803074847, 5631.047163510647, 5421.133802198032, 5028.046820722302, 3765.2827781502265, 3032.595955462976, 3526.2501976990666, 5478.386371805551, 1424.5306688707055, 5328.709434243881, 3604.195604367923, 5617.425533260226, 1938.2424458322307, 5163.562047433861, 1398.0913732855292, 5203.830760517369, 5557.47661513439, 5424.916287078991, 2236.5135353517217, 4985.38821054006, 3532.4858302325747, 3591.4126733192516, 1047.586265629431, 2214.688821484442, 5410.450494907556, 5450.167531774747, 5002.244825780362, 5378.813422325099, 4199.698511317986, 3020.1246903959586, 4642.428421197091, 4656.978230441944, 4131.106553449393, 1870.6897600525551, 4149.8134510499185, 2631.436929140594, 4866.911192403398, 1403.87429876431, 4769.219616045098, 4429.377642968884, 4377.414038522979, 2747.83540309942, 3771.518410683735, 2826.820081857195, 4195.541422962314, 2973.3574463946447, 2621.0442082514132, 4034.4542491800107, 4324.411161988157, 4959.483439062553, 2968.1610859500543, 4004.315358601386, 830.3783990455509, 2387.207988244844, 2935.9436511935933, 2856.958972435819, 1939.2817179211488, 2930.747290748138, 1858.218494985538, 1637.9217528087042, 1398.7841811058568, 1665.0011697375653, 2655.3401871857104, 3017.0068741292043, 1119.296039764779, 2380.9723557113357, 391.8055775221185, 2707.303791631615, 485.34006552474625, 577.8352814384559, 2795.641919189651, 2463.0748507358644, 3321.5135961822034, 2555.570066649574, 1743.8985652045487, 27.02107431187024, 601.7385394835719, 857.3994733574211, 1117.2174955869427, 154.85154124879486, 1123.4531281204513, 419.8659239229068, 990.4263007389361, 1259.5977717687206, 962.3659543381478, 916.637982425752, 1108.903318875598, 498.8506026806814, 764.9042574437115, 53.0028765348224, 663.0555927297389, 561.2069280157666, 282.68200818571944, 1129.68876065396, 940.541240470868, 1273.1083089246556, 759.707896999121, 70.67050204642986, 0.0, 0.0, 0.0, 0.0, 0.0, 0.0, 0.0, 0.0, 0.0, 0.0, 0.0, 0.0, 0.0, 0.0, 0.0, 0.0, 0.0, 0.0, 0.0, 0.0, 0.0, 0.0, 0.0, 0.0, 0.0, 0.0, 0.0, 0.0, 0.0, 0.0, 0.0, 0.0, 0.0, 0.0, 0.0, 0.0, 0.0, 0.0, 0.0, 0.0, 0.0, 0.0, 0.0, 0.0, 0.0, 0.0, 0.0, 0.0, 0.0, 0.0, 0.0, 0.0, 0.0, 0.0, 0.0, 0.0, 0.0, 0.0, 0.0, 0.0, 0.0, 0.0, 0.0, 0.0, 0.0, 0.0, 0.0, 0.0, 0.0, 0.0, 0.0, 0.0, 0.0, 0.0, 0.0, 0.0, 0.0, 0.0, 0.0, 0.0, 0.0, 0.0, 0.0, 0.0, 0.0, 0.0, 0.0, 0.0, 0.0, 0.0, 0.0, 0.0, 0.0, 0.0, 0.0, 0.0, 0.0, 0.0, 0.0, 0.0, 0.0, 0.0, 0.0, 0.0, 0.0, 0.0, 0.0, 0.0, 0.0, 0.0, 0.0, 0.0, 0.0, 0.0, 0.0, 0.0, 0.0, 0.0, 0.0, 0.0, 0.0, 0.0, 0.0, 0.0, 0.0, 0.0, 0.0, 0.0, 0.0, 0.0, 0.0, 0.0, 0.0, 0.0, 0.0, 0.0, 0.0, 0.0, 0.0, 0.0, 0.0, 0.0, 0.0, 0.0, 0.0, 0.0, 0.0, 0.0, 0.0, 0.0, 0.0, 0.0, 0.0, 0.0, 0.0, 0.0, 0.0, 0.0, 0.0, 0.0, 0.0, 0.0, 0.0, 0.0, 0.0, 0.0, 0.0, 0.0, 0.0, 0.0, 0.0, 0.0, 0.0, 0.0, 0.0, 0.0, 0.0, 0.0, 0.0, 0.0, 0.0, 0.0, 0.0, 0.0, 0.0, 0.0, 0.0, 0.0, 0.0, 0.0, 0.0, 0.0, 0.0, 0.0, 0.0, 0.0, 0.0, 0.0, 0.0, 0.0, 0.0, 0.0, 0.0, 0.0, 0.0, 0.0, 0.0, 0.0, 0.0, 0.0, 0.0, 0.0, 0.0, 0.0, 0.0, 0.0, 0.0, 0.0, 0.0, 0.0, 0.0, 0.0, 0.0, 0.0, 0.0, 0.0, 0.0, 0.0, 0.0, 0.0, 0.0, 0.0, 0.0, 0.0, 0.0, 0.0, 0.0, 0.0, 0.0, 0.0, 0.0, 0.0, 0.0, 0.0, 0.0, 0.0, 0.0, 0.0, 0.0, 0.0, 0.0, 0.0, 0.0, 0.0, 0.0, 0.0, 0.0, 0.0, 0.0, 0.0, 0.0, 0.0, 0.0, 0.0, 0.0, 0.0, 0.0, 0.0, 0.0, 0.0, 0.0, 0.0, 0.0, 0.0, 0.0, 0.0, 175.63698302715656, 99.77012053613628, 0.0, 87.29885546911923, 188.10824809417363, 87.29885546911923, 208.89368987253533, 0.0, 0.0, 70.67050204642986, 121.59483440341609, 70.67050204642986, 138.22318782610546, 177.71552720499275, 54.04214862374048, 167.32280631581187, 0.0, 203.6973294279449, 78.98467875777456, 210.9722340503715, 0.0, 128.86973902584268, 0.0, 1233.6159695457684, 763.8649853547934, 1022.6437354953969, 1306.3650157700345, 1331.3075459040683, 1374.9569736386281, 1304.2864715921983, 989.3870286500181, 1024.722279673233, 1453.9416523964026, 1276.22612519141, 1413.4100409285975, 1119.296039764779, 1256.4799555019663, 1567.222310088474, 1598.1497128623296, 706.7050204642987, 1096.432053808581, 1331.3075459040683, 1478.8841825304369, 1197.2414464336352, 972.7586752273287, 886.4990918471276, 1976.6955131222, 2309.2625815759875, 1957.618055847343, 3153.1515177774736, 3716.436989971076, 3164.5835107555727, 2210.5317331287692, 3079.3631994642897, 3055.4599414191734, 3324.631412448958, 2951.5327325273647, 3273.7070800919714, 2134.664870637749, 3120.934083021013, 3733.065343393766, 3873.367075397707, 1370.7998852829555, 2389.28653242268, 3196.800945512033, 3272.667808003054, 3240.4503732465932, 2737.4426822102396, 3209.2722105790504, 1660.7567980911017, 4790.0050578234595, 4776.494520667525, 4732.845092932965, 4558.247381994726, 4734.923637110801, 5280.3400693576605, 1593.147354352554, 1544.9873661723045, 4989.545298895732, 4642.428421197091, 4581.111367950924, 3286.1783451589886, 4722.452372043784, 3870.2492591309533, 2915.343430638276, 2185.5892029947354, 3458.6975119193908, 4779.612336934279, 4838.85084600261, 5015.89699178071, 3881.681252109052, 3840.1103685523285, 2645.9867383854476, 4952.131503694681, 5114.098259139284, 5308.605233797836, 3008.6926974178596, 5439.3804892184935, 5277.171433398858, 5125.159460917688, 5078.754702689727, 3139.528590858169, 5438.2125443820105, 3727.4212195996547, 3687.33737148137, 5511.885106316553, 4987.015725921572, 5247.543692204554, 4164.363260294772, 2790.4455587450616, 5365.680553090163, 5258.829284362065, 1472.119771890656, 5303.290142846229, 3850.5030894415095, 3229.0183802684937, 5357.889205062465, 5128.764705969313, 5345.307371220583, 4471.987798614525, 5490.201036372861, 5327.82955462723, 5137.425882671677, 5088.0948158229085, 5239.314894748104, 5460.677985812584, 5259.473359036446, 5448.425803870485, 5532.113535110346, 4948.688577409303, 5244.044364433103, 5099.573484762073, 2024.502029212432, 5408.275378712176, 5279.864963033997, 4968.8312524552475, 5292.225033866672, 4195.541422962314, 4658.017502530863, 4389.8853035899965, 2861.1160607914912, 5354.137744891219, 5011.370012763012, 5512.142875314139, 5336.727097868265, 5154.362876660223, 5105.775616787299, 5236.544974377657, 5462.168751970726, 5261.459894065802, 5465.015046606605, 5529.889561247915, 4954.081984557061, 5259.433667591658, 5113.409742356862, 3245.6467336911837, 5443.250490689202, 5292.935271832687, 5020.740202948139, 4170.5988928282795, 2098.290347525616, 2204.296100595261, 3914.9379589544305, 3024.2817787516306, 5145.534136198053, 4212.169776385003, 5533.881909125308, 4442.888180124819, 5158.870241482887, 5123.729342053504, 5273.241508458736, 5467.1693536671, 5346.961995299415, 5500.31497630229, 4170.5988928282795, 5012.778665022339, 5271.921367141336, 4883.539545826087, 2770.6993890556178, 5508.7416452419475, 5321.13698032199, 1484.847484078761, 3125.0911713766855, 2927.629474482249, 1123.4531281204513, 4404.43511283485, 2793.5633750118154, 5373.423100312354, 2913.0796652373956, 5569.888098538875, 1375.996245727546, 5154.721126081185, 5093.962587937492, 5311.200581876721, 4138.381458071819, 5393.004477791777, 4574.875735417415, 4621.64297941873, 4589.425544662268, 5285.625450897455, 3935.7234007327925, 1554.751045021457, 5192.203356234759, 5386.873648336841, 5022.265256703824, 2598.1802222952156, 2549.3344341160655, 1036.154272651332, 4512.51941008233, 4716.216739510275, 4561.36519826148, 1210.7519835895705, 4619.5644352408935, 4270.369013364416, 1662.7791823196842, 3741.3795201051103, 4774.415976489688, 4466.791438169935, 4588.386272573351, 4289.075910964942, 4201.777055495822, 2393.443620778353, 4696.470569820832, 2200.1390122395887, 1074.6073399413012, 3005.5748811511057, 3502.346939653951, 3165.6227828444903, 2466.1926670026187, 2233.3957190849674, 368.9415915659206, 2789.406286656144, 2753.0317635440106, 1920.1425401557858, 383.4914008107738, 2196.6649950429146, 2344.5978325992023, 3150.0337015107193, 1567.013707121998, 2911.00112105956, 2562.8449712720007, 3005.5748811511057, 1723.113123426187, 2623.12275242925, 744.1188156653498, 2374.736723177827, 2202.217556417425, 901.0489010919807, 2865.2731491471636, 2307.1840373981513, 2569.0806038055093, 1182.6916371887821, 705.6657483753805, 87.29885546911923, 968.6015868716564, 725.4119180648242, 1147.356386165567, 320.09580338677057, 1163.9847395882555, 331.52779636486946, 1007.0546541616255, 797.1216922001722, 1155.6705628769118, 1108.903318875598, 1149.4349303434035, 645.3879672181316, 954.0517776268032, 10.392720889180863, 536.2643978817325, 800.2395084669264, 408.4339309448079, 937.4234242041138, 999.7797495391989, 279.5641919189652, 301.388905786244, 95.61303218046393, 0.0, 0.0, 0.0, 0.0, 0.0, 0.0, 0.0, 0.0, 0.0, 0.0, 0.0, 0.0, 0.0, 0.0, 0.0, 0.0, 0.0, 0.0, 0.0, 0.0, 0.0, 0.0, 0.0, 0.0, 0.0, 0.0, 0.0, 0.0, 0.0, 0.0, 0.0, 0.0, 0.0, 0.0, 0.0, 0.0, 0.0, 0.0, 0.0, 0.0, 0.0, 0.0, 0.0, 0.0, 0.0, 0.0, 0.0, 0.0, 0.0, 0.0, 0.0, 0.0, 0.0, 0.0, 0.0, 0.0, 0.0, 0.0, 0.0, 0.0, 0.0, 0.0, 0.0, 0.0, 0.0, 0.0, 0.0, 0.0, 0.0, 0.0, 0.0, 0.0, 0.0, 0.0, 0.0, 0.0, 0.0, 0.0, 0.0, 0.0, 0.0, 0.0, 0.0, 0.0, 0.0, 0.0, 0.0, 0.0, 0.0, 0.0, 0.0, 0.0, 0.0, 0.0, 0.0, 0.0, 0.0, 0.0, 0.0, 0.0, 0.0, 0.0, 0.0, 0.0, 0.0, 0.0, 0.0, 0.0, 0.0, 0.0, 0.0, 0.0, 0.0, 0.0, 0.0, 0.0, 0.0, 0.0, 0.0, 0.0, 0.0, 0.0, 0.0, 0.0, 0.0, 0.0, 0.0, 0.0, 0.0, 0.0, 0.0, 0.0, 0.0, 0.0, 0.0, 0.0, 0.0, 0.0, 0.0, 0.0, 0.0, 0.0, 0.0, 0.0, 0.0, 0.0, 0.0, 0.0, 0.0, 0.0, 0.0, 0.0, 0.0, 0.0, 0.0, 0.0, 0.0, 0.0, 0.0, 0.0, 0.0, 0.0, 0.0, 0.0, 0.0, 0.0, 0.0, 0.0, 0.0, 0.0, 0.0, 0.0, 0.0, 0.0, 0.0, 0.0, 0.0, 0.0, 0.0, 0.0, 0.0, 0.0, 0.0, 0.0, 0.0, 0.0, 0.0, 0.0, 0.0, 0.0, 0.0, 0.0, 0.0, 0.0, 0.0, 0.0, 0.0, 0.0, 0.0, 0.0, 0.0, 0.0, 0.0, 0.0, 0.0, 0.0, 0.0, 0.0, 0.0, 0.0, 0.0, 0.0, 0.0, 0.0, 0.0, 0.0, 0.0, 0.0, 0.0, 0.0, 0.0, 0.0, 0.0, 0.0, 0.0, 0.0, 0.0, 0.0, 0.0, 0.0, 0.0, 0.0, 0.0, 0.0, 0.0, 0.0, 0.0, 0.0, 0.0, 0.0, 0.0, 0.0, 0.0, 0.0, 0.0, 0.0, 0.0, 0.0, 0.0, 0.0, 0.0, 0.0, 0.0, 0.0, 0.0, 0.0, 0.0, 0.0, 0.0, 0.0, 0.0, 0.0, 0.0, 0.0, 0.0, 0.0, 0.0, 0.0, 0.0, 0.0, 0.0, 0.0, 0.0, 0.0, 0.0, 0.0, 200.57951316119065, 100.80939262505437, 0.0, 87.29885546911923, 228.63985956197897, 44.688699823477705, 193.30460853876403, 0.0, 0.0, 70.67050204642986, 137.1839157371874, 70.67050204642986, 202.6580573390268, 145.49809244853103, 44.688699823477705, 167.32280631581187, 0.0, 202.6580573390268, 53.0028765348224, 203.6973294279449, 0.0, 128.86973902584268, 0.0, 1861.3363112522925, 1079.8037003858917, 1031.9971842956595, 1372.878429460792, 1974.6169689443639, 1226.3410649233417, 956.1303218046393, 984.1906682054278, 1044.4684493626767, 1456.0201965742388, 1414.4493130175154, 1350.0144435045938, 1287.6581181695087, 1277.265397280328, 771.13988997722, 1469.530733730174, 1094.3535096307448, 1500.7088963977164, 1414.4493130175154, 832.4569432233872, 1206.5948952338981, 1480.9627267082728, 588.2280023276368, 981.0728519386734, 3220.7042035571494, 3009.731969506778, 3136.5231643547845, 3858.8172661528542, 3160.4264223999, 2583.630413050362, 3058.5777576859277, 3053.3813972413373, 3335.024133338139, 2948.414916260611, 3290.335433514661, 3127.1697155545216, 3177.05477582259, 616.2883487284251, 1803.7307897564262, 3071.0490227529444, 3454.5404235637184, 2300.948404864643, 2766.5423006999454, 3082.4810157310435, 3441.0298864077836, 1703.3669537367432, 4248.544299497136, 4163.323988205853, 4817.02613213533, 4738.041453377556, 5059.176528853244, 4786.887241556706, 1965.263520144101, 4918.874796849302, 4880.4217295593335, 4999.938019784913, 4722.452372043784, 4681.920760575978, 4564.483014528235, 4386.767487323242, 819.98567815637, 5379.858277605876, 4853.400655247463, 5102.947720359487, 3588.606523034152, 2967.1218138611357, 5085.158331076196, 5384.468692684605, 2203.2568285063426, 4720.3738278659475, 5489.123405614118, 5129.231177192686, 4316.096985276812, 5097.911444310682, 5404.765984634237, 5331.472332293216, 5108.750598244947, 1553.8386041677206, 5445.675248398427, 5479.468201682878, 5164.143009833971, 5141.2790238777725, 4577.99355168417, 1417.5671292842696, 5407.964433603647, 5028.215252218908, 5153.75028894479, 4291.154455142778, 5333.652849683145, 5082.215888342256, 5404.214862374049, 2913.0796652373956, 5251.448359839897, 3428.558621340767, 5139.780179368334, 5586.638035849332, 5145.064015368009, 5463.894088550158, 5382.268016240322, 5096.914128252672, 5086.007594821894, 5462.234683243779, 5500.604484590326, 2956.729092971955, 5443.869900251114, 5331.5798012058185, 1282.4617577249185, 5401.987302828183, 5028.5717137804295, 5163.298510338439, 4853.400655247463, 4427.299098791047, 5027.874197148633, 4308.580853085352, 4422.102738346457, 3857.7779940639357, 5515.451635613637, 1627.7352875227239, 5591.609490190151, 5168.8579512873275, 5263.913130370106, 5388.315382864942, 5087.492441161246, 5087.379631140262, 3964.534024434841, 4670.48876759788, 2818.5059051458497, 5329.387271971947, 5345.053734784813, 1154.6312907879937, 5426.474076472339, 2317.0813780394624, 5180.3182412314645, 3424.4015329850945, 2886.0585909255256, 1517.1009908515227, 5580.758820581708, 4889.8413939980655, 4208.012688029331, 5567.0132411645645, 5152.0863399025075, 5599.1644164747, 2525.4311760709493, 5488.229417837638, 4376.374766434061, 5105.751291552626, 5073.510631215399, 5498.65504756238, 3608.3526927235953, 1503.8267126644707, 4702.70620235434, 5415.60752858898, 1727.2702117818592, 5436.131524241215, 1505.459018338975, 5223.278622466837, 5477.165834787045, 3611.4705089903496, 1464.1130003473547, 5594.991546477364, 4909.490773582858, 3951.3124820665635, 5587.811365965757, 5149.126350077054, 5644.891559648982, 2364.344002288646, 5510.188286731641, 5395.004960413416, 5092.34766886965, 5093.877942506586, 5510.141615213988, 5581.738403913848, 2769.6601169667, 4985.38821054006, 5523.762090511085, 2420.464695090223, 5456.645145852511, 5025.132672161873, 5217.145886368793, 5018.644917385438, 5387.571502118907, 4981.163698003489, 5620.733852442425, 3115.7377225764226, 1967.3420643219372, 2300.948404864643, 4723.491644132702, 4402.356568657013, 1348.975171415676, 3812.179241690969, 3276.824896358726, 1574.9110690885577, 1565.5003483062117, 4737.002181288637, 1903.946466897934, 2063.994368591319, 3421.2837167183397, 4393.00311985675, 2630.397657051676, 4675.68512804247, 4598.778993462532, 2581.5518688725265, 3126.1304434656035, 3596.9206997454967, 4947.9463029361505, 4813.908315868575, 2272.8880584638546, 933.2663358484415, 2072.308545302664, 2931.7865628379213, 2681.3219894086624, 2259.37752130792, 2961.9254534165457, 691.1159391305274, 1611.6660115578782, 3235.2540128020028, 2999.339248617597, 2834.094986479621, 1391.5853270613175, 2674.0470847862357, 2764.4637565221096, 1433.1562106180409, 2709.3823358094505, 2847.6055236355555, 2131.547054370995, 2134.664870637749, 1656.5997097354293, 3308.0030590262686, 2949.4541883495285, 1197.2414464336352, 164.20499004905764, 996.6619332724447, 956.1303218046393, 971.7194031384106, 297.2318174305727, 1146.317114076649, 121.59483440341609, 571.5996489049475, 1228.419609101178, 561.2069280157666, 1086.0393329194, 267.09292685194816, 995.6226611835266, 1068.3717074077927, 138.22318782610546, 728.5297343315784, 864.6743779798477, 538.3429420595686, 701.5086600197083, 629.7988858843603, 1286.6188460805906, 963.4052264270659, 103.92720889180862, 0.0, 0.0, 0.0, 0.0, 0.0, 0.0, 0.0, 0.0, 0.0, 0.0, 0.0, 0.0, 0.0, 0.0, 0.0, 0.0, 0.0, 0.0, 0.0, 0.0, 0.0, 0.0, 0.0, 0.0, 0.0, 0.0, 0.0, 0.0, 0.0, 0.0, 0.0, 0.0, 0.0, 0.0, 0.0, 0.0, 0.0, 0.0, 0.0, 0.0, 0.0, 0.0, 0.0, 0.0, 0.0, 0.0, 0.0, 0.0, 0.0, 0.0, 0.0, 0.0, 0.0, 0.0, 0.0, 0.0, 0.0, 0.0, 0.0, 0.0, 0.0, 0.0, 0.0, 0.0, 0.0, 0.0, 0.0, 0.0, 0.0, 0.0, 0.0, 0.0, 0.0, 0.0, 0.0, 0.0, 0.0, 0.0, 0.0, 0.0, 0.0, 0.0, 0.0, 0.0, 0.0, 0.0, 0.0, 0.0, 0.0, 0.0, 0.0, 0.0, 0.0, 0.0, 0.0, 0.0, 0.0, 0.0, 0.0, 0.0, 0.0, 0.0, 0.0, 0.0, 0.0, 0.0, 0.0, 0.0, 0.0, 0.0, 0.0, 0.0, 0.0, 0.0, 0.0, 0.0, 0.0, 0.0, 0.0, 0.0, 0.0, 0.0, 0.0, 0.0, 0.0, 0.0, 0.0, 0.0, 0.0, 0.0, 0.0, 0.0, 0.0, 0.0, 0.0, 0.0, 0.0, 0.0, 0.0, 0.0, 0.0, 0.0, 0.0, 0.0, 0.0, 0.0, 0.0, 0.0, 0.0, 0.0, 0.0, 0.0, 0.0, 0.0, 0.0, 0.0, 0.0, 0.0, 0.0, 0.0, 0.0, 0.0, 0.0, 0.0, 0.0, 0.0, 0.0, 0.0, 0.0, 0.0, 0.0, 0.0, 0.0, 0.0, 0.0, 0.0, 0.0, 0.0, 0.0, 0.0, 0.0, 0.0, 0.0, 0.0, 0.0, 0.0, 0.0, 0.0, 0.0, 0.0, 0.0, 0.0, 0.0, 0.0, 0.0, 0.0, 0.0, 0.0, 0.0, 0.0, 0.0, 0.0, 0.0, 0.0, 0.0, 0.0, 0.0, 0.0, 0.0, 0.0, 0.0, 0.0, 0.0, 0.0, 0.0, 0.0, 0.0, 0.0, 0.0, 0.0, 0.0, 0.0, 0.0, 0.0, 0.0, 0.0, 0.0, 0.0, 0.0, 0.0, 0.0, 0.0, 0.0, 0.0, 0.0, 0.0, 0.0, 0.0, 0.0, 0.0, 0.0, 0.0, 0.0, 0.0, 0.0, 0.0, 0.0, 0.0, 0.0, 0.0, 0.0, 0.0, 0.0, 0.0, 0.0, 0.0, 0.0, 0.0, 0.0, 0.0, 0.0, 0.0, 0.0, 0.0, 0.0, 0.0, 0.0, 0.0, 0.0, 0.0, 0.0, 0.0, 0.0, 0.0, 0.0, 0.0, 149.6551808042044, 100.80939262505437, 0.0, 61.317053246167085, 225.5220432952247, 62.356325335085174, 193.30460853876403, 0.0, 0.0, 70.67050204642986, 137.1839157371874, 70.67050204642986, 194.34388062768213, 169.40135049364804, 36.37452311213302, 169.40135049364804, 0.0, 102.88793680289055, 78.98467875777456, 219.2864107617162, 0.0, 137.1839157371874, 0.0, 1108.903318875598, 1575.536486799819, 867.7921942466021, 1199.3199906114714, 1742.8592931156304, 1267.9119484800651, 1039.2720889180862, 981.0728519386734, 1000.819021628117, 1461.2165570188292, 1354.1715318602664, 1291.815206525181, 1414.4493130175154, 1438.3525710626313, 971.7194031384106, 1740.9305693473132, 1074.6073399413012, 607.9741720170805, 1340.6609947043312, 1225.3017928344236, 1155.6705628769118, 1382.2318782610548, 1063.1753469632022, 2318.6160303762504, 3542.8785511217557, 2857.9982445247374, 3139.6409806215383, 3587.567250945234, 3180.1725920893437, 1753.2520140048114, 1552.9531491722835, 3057.5384855970096, 3348.534670494074, 2742.6390426548296, 2523.352631893113, 3087.677376175634, 3133.4053480880298, 1255.4406834130482, 1822.0711314322664, 2404.022365728036, 1583.8506635111635, 3239.4111011576747, 2973.3574463946447, 2779.013565766963, 2886.0585909255256, 2353.951281399465, 4403.395840745931, 5055.019440497572, 4830.536669291265, 4548.893933194463, 5262.570411940795, 4799.358506623722, 2206.374644773097, 4939.660238627664, 4875.2253691147425, 5031.116182452455, 2679.243445230826, 4470.948526525607, 4325.450434077075, 4648.664053730599, 2353.951281399465, 5427.499090650883, 4904.324987604448, 1671.1495189802827, 4412.749289546194, 4855.479199425299, 5082.040514809441, 3791.264580373179, 4462.634349814262, 5177.850780550186, 4380.531854789733, 5224.223156885171, 5567.468001400255, 5312.121993855747, 5338.431821391912, 4663.213862975453, 1601.944368510815, 5082.122426681349, 5354.045029299028, 5433.768494382078, 5308.13654714032, 5198.847826298202, 5491.314390132155, 2068.1514569469905, 5460.327868713261, 1529.663418893276, 5146.255379483387, 4383.649671056488, 5326.649173420611, 5237.858432010052, 4531.226307682856, 5032.598513458763, 5176.645164872573, 5162.064465656134, 5219.846786117998, 5582.468252657036, 2178.3142983723087, 5380.4508850131415, 5376.15451597326, 5105.76165989584, 5102.764743223937, 5345.511205222216, 5479.94833657307, 5326.9649145034555, 5209.84687594833, 5505.050437714181, 1293.8937507030173, 5450.0122607535095, 1540.1148519219807, 5154.024803924665, 5458.243444579948, 5349.303776882081, 5248.509696939422, 5614.92367506938, 4134.224369716147, 5165.912772020547, 5421.776992993677, 5219.812491214409, 5578.585136070671, 3898.3096055317415, 5391.013154045462, 5347.054897483553, 5066.133137502693, 5116.23848113617, 5357.212503788784, 5492.639729634426, 5369.051264666842, 4742.94428477913, 5520.350509419286, 1153.5920186990757, 5491.122524650869, 5079.659062643697, 5175.812298566202, 4635.1535165746645, 5368.601951256514, 2855.226428737048, 5658.315371347746, 3162.5049665777365, 5218.827054633563, 5458.540032610818, 5223.220724194244, 5586.878675490278, 2601.29803856197, 5385.552424194097, 2603.376582739806, 5034.962134622131, 5098.309870111825, 5467.014602342753, 5491.541376626411, 5482.025154942934, 5236.488352668581, 5555.927719186497, 1095.3927817196627, 5506.120307869469, 5083.380223126331, 4417.945649990785, 5497.472179333673, 5412.026989193367, 5229.545147335848, 5683.481169570296, 2838.2520748352936, 5222.993048785553, 5474.582706288087, 1691.7566639797094, 5660.482521192753, 4920.953341027138, 4179.952341628543, 1658.6782539132655, 5005.193582554484, 1600.9158426593522, 5564.357052394145, 5509.502079322339, 4013.668807401649, 5174.535730723152, 5603.755103446321, 944.6983288265403, 5079.015750584491, 5076.344515443707, 4926.149701471729, 5013.448556940848, 5154.789561033707, 5227.12142335926, 5684.930107616036, 3210.3114826679684, 3727.8689829491755, 4643.467693286009, 4753.630534711326, 4473.027070703443, 4142.538546427491, 2696.911070742434, 1559.9474054660475, 5014.656646506399, 1586.2632190492918, 4164.38992066477, 3506.5040280096227, 2183.510658816899, 4125.910193004803, 4375.335494345143, 700.4693879307902, 4804.554867068313, 4704.7847465321765, 4420.024194168621, 4006.3939027792226, 4312.979169010057, 4329.607522432748, 4069.7895002032255, 3139.6409806215383, 484.3007934358282, 2619.774868823145, 2983.7501672838257, 2925.5509303044123, 1821.8439718734053, 2227.160086551459, 475.9866167244835, 1470.7482363536717, 3161.4656944888184, 2130.884189043459, 1487.1983592417814, 971.7194031384106, 2649.104554652202, 2761.345940255355, 506.125507303108, 2842.409163190966, 2913.0796652373956, 2691.7147102978433, 2367.4618185554004, 1692.9742328475625, 3239.4111011576747, 2953.6112767052014, 2447.485769402093, 18.70689760052555, 876.1063709579466, 920.7950707814243, 1089.1571491861544, 189.1475201830917, 727.4904622426604, 44.688699823477705, 1049.664809807266, 1213.8697998563248, 720.2155576202338, 1068.3717074077927, 368.9415915659206, 869.8707384244382, 1043.4291772737586, 28.06034640078833, 734.765366865087, 887.5383639360457, 882.3420034914552, 890.6561802027999, 709.8228367310529, 1004.9761099837893, 897.9310848252265, 366.8630473880844, 0.0, 0.0, 0.0, 0.0, 0.0, 0.0, 0.0, 0.0, 0.0, 0.0, 0.0, 0.0, 0.0, 0.0, 0.0, 0.0, 0.0, 0.0, 0.0, 0.0, 0.0, 0.0, 0.0, 0.0, 0.0, 0.0, 0.0, 0.0, 0.0, 0.0, 0.0, 0.0, 0.0, 0.0, 0.0, 0.0, 0.0, 0.0, 0.0, 0.0, 0.0, 0.0, 0.0, 0.0, 0.0, 0.0, 0.0, 0.0, 0.0, 0.0, 0.0, 0.0, 0.0, 0.0, 0.0, 0.0, 0.0, 0.0, 0.0, 0.0, 0.0, 0.0, 0.0, 0.0, 0.0, 0.0, 0.0, 0.0, 0.0, 0.0, 0.0, 0.0, 0.0, 0.0, 0.0, 0.0, 0.0, 0.0, 0.0, 0.0, 0.0, 0.0, 0.0, 0.0, 0.0, 0.0, 0.0, 0.0, 0.0, 0.0, 0.0, 0.0, 0.0, 0.0, 0.0, 0.0, 0.0, 0.0, 0.0, 0.0, 0.0, 0.0, 0.0, 0.0, 0.0, 0.0, 0.0, 0.0, 0.0, 0.0, 0.0, 0.0, 0.0, 0.0, 0.0, 0.0, 0.0, 0.0, 0.0, 0.0, 0.0, 0.0, 0.0, 0.0, 0.0, 0.0, 0.0, 0.0, 0.0, 0.0, 0.0, 0.0, 0.0, 0.0, 0.0, 0.0, 0.0, 0.0, 0.0, 0.0, 0.0, 0.0, 0.0, 0.0, 0.0, 0.0, 0.0, 0.0, 0.0, 0.0, 0.0, 0.0, 0.0, 0.0, 0.0, 0.0, 0.0, 0.0, 0.0, 0.0, 0.0, 0.0, 0.0, 0.0, 0.0, 0.0, 0.0, 0.0, 0.0, 0.0, 0.0, 0.0, 0.0, 0.0, 0.0, 0.0, 0.0, 0.0, 0.0, 0.0, 0.0, 0.0, 0.0, 0.0, 0.0, 0.0, 0.0, 0.0, 0.0, 0.0, 0.0, 0.0, 0.0, 0.0, 0.0, 0.0, 0.0, 0.0, 0.0, 0.0, 0.0, 0.0, 0.0, 0.0, 0.0, 0.0, 0.0, 0.0, 0.0, 0.0, 0.0, 0.0, 0.0, 0.0, 0.0, 0.0, 0.0, 0.0, 0.0, 0.0, 0.0, 0.0, 0.0, 0.0, 0.0, 0.0, 0.0, 0.0, 0.0, 0.0, 0.0, 0.0, 0.0, 0.0, 0.0, 0.0, 0.0, 0.0, 0.0, 0.0, 0.0, 0.0, 0.0, 0.0, 0.0, 0.0, 0.0, 0.0, 0.0, 0.0, 0.0, 0.0, 0.0, 0.0, 0.0, 0.0, 0.0, 0.0, 0.0, 0.0, 0.0, 0.0, 0.0, 0.0, 0.0, 0.0, 0.0, 0.0, 0.0, 0.0, 0.0, 0.0, 0.0, 0.0, 0.0, 0.0, 140.30173200394165, 101.84866471397245, 0.0, 103.92720889180862, 157.96935751554912, 61.317053246167085, 194.34388062768213, 0.0, 0.0, 70.67050204642986, 104.9664809807267, 70.67050204642986, 170.44062258256616, 162.12644587122145, 28.06034640078833, 170.44062258256616, 0.0, 226.5613153841428, 78.98467875777456, 120.55556231449799, 0.0, 128.86973902584268, 0.0, 1506.944528931225, 1594.2433844003444, 1037.19354474025, 1373.91770154971, 1779.2338162277636, 1085.0000608304822, 1871.7290321414735, 981.0728519386734, 1011.2117425172979, 1001.8582937170352, 1302.207927414362, 1213.8697998563248, 1431.0776664402047, 1430.0383943512866, 1566.183037999556, 1613.2032551813475, 1011.2117425172979, 1554.3229766802926, 1148.3956582544854, 1096.432053808581, 600.6992673946538, 1692.9742328475625, 985.2299402943457, 2457.878490291274, 3564.703264989035, 3049.224308885665, 3041.9494042632386, 2683.4005335864986, 1687.777872402972, 3563.6639929001176, 3082.4810157310435, 3083.520287819962, 2312.380397842742, 2106.6045242369605, 2991.0250719062524, 3263.314359202791, 3131.326803910194, 3216.547115201477, 1649.3123522757794, 3059.617029774846, 3455.579695652637, 2890.215679281198, 2407.9934300232057, 965.483770604902, 3123.012627198849, 2899.56912808146, 2274.9666026416908, 5286.777116326305, 4892.89299462635, 3938.8412169995468, 5096.539557940024, 3662.394841347336, 5034.566196478325, 4963.56349667278, 4881.461001648251, 3430.6371655186026, 2679.243445230826, 4598.778993462532, 4629.9571561300745, 4692.313481465159, 3495.0720350315237, 4413.452814944289, 4819.104676313166, 4984.348938451142, 4861.714831958808, 2329.0087512654313, 3855.6994498861, 4591.504088840105, 4858.597015692053, 5031.752818923373, 5328.666595522271, 5095.247998345396, 5417.4874135424725, 5091.537093345576, 3295.5317939592514, 5055.297550132139, 1507.719830358098, 5058.046762832141, 5347.182571153761, 4739.080725466473, 4621.5995889379965, 5244.835798670293, 5244.021515399718, 1634.7749958681495, 5184.527116181505, 4928.576913995362, 5245.544043358614, 5153.025536843778, 1941.360262098985, 2961.9254534165457, 4563.443742439316, 4997.852403950009, 5035.858910013154, 5348.8795299501335, 2607.062749831272, 5447.3650435819045, 5132.604942175877, 5175.956188326803, 5090.569244095693, 5005.545537992723, 5071.348859772455, 5359.761145111784, 3799.578757084523, 5444.904072784783, 5245.3768476406785, 5255.13533226125, 3781.911131572916, 5177.931544723645, 1420.1917194081584, 5263.263977316772, 5160.274254733855, 4213.209048473921, 3306.96378693735, 5498.088672241717, 5013.037964715719, 5022.96322524999, 4203.6508663019795, 1614.0646716086842, 5455.329451543239, 5142.342822727525, 5183.200819218177, 5113.863859914645, 4971.057444582618, 5095.023558341998, 5359.339659713628, 5425.358184009511, 5433.5493571669895, 5256.192719815717, 5261.860761355711, 5031.475466520765, 5196.269287786387, 3088.4696743122304, 5276.0466290589975, 4281.809264047584, 3749.693696816455, 3332.9455891603025, 5523.29859994262, 4654.899686264109, 1801.0585300950436, 5389.6563563398295, 5150.932100683027, 5452.902944920091, 4317.13625736573, 5198.519098614836, 3108.4628179539955, 4941.595569783832, 5118.813970198919, 5451.426240518453, 5419.321131140002, 5485.693424644074, 4309.740648052021, 5295.659440040314, 4214.24832056284, 5184.861186274556, 4998.513456430543, 5313.775805383354, 5069.569249742424, 4451.202356836164, 5063.77514127691, 5540.170597290385, 4175.7952532728705, 1358.3286202159388, 5412.917778646151, 5157.408848285426, 5332.5050882387, 3411.930267918077, 4767.141071867261, 4364.942773455962, 1389.546699252152, 5094.096707481102, 5513.784427694628, 5448.319688060648, 5485.870823505394, 5371.8362892757195, 5308.435484984859, 2231.317174907131, 5203.394821648291, 5008.441755764432, 3828.937878156905, 4807.672683335067, 2161.685944949619, 4568.640102883907, 5531.0505960776, 1763.6447348939923, 1598.4004727560166, 3503.386211742869, 4661.1353187976165, 4637.232060752501, 2419.425423001305, 4304.6649922987135, 2364.344002288646, 3388.368422808206, 3520.0161317602206, 3679.023194770025, 4481.341247414788, 4754.669806800244, 4350.392964211109, 3095.2461100409837, 1046.5469935405129, 4712.059651154604, 4658.017502530863, 4361.824957189208, 4318.175529454648, 1864.4541275190468, 3791.264580373179, 4696.470569820832, 2969.2003580389724, 915.598710336834, 2949.4541883495285, 1655.768133255401, 2905.8047606149694, 1747.016381471303, 2049.444559346466, 391.8055775221185, 3238.3718290687566, 1573.5762230794585, 1112.0211351423523, 2763.4244844331915, 2933.8651070157575, 2705.225247453778, 2767.5815727888635, 386.60921707752806, 2785.249198300471, 2387.207988244844, 2661.575819719219, 2871.508781680672, 917.6772545146702, 1435.234754795877, 2944.257827904938, 1622.3037308011326, 18.70689760052555, 964.4444985159839, 887.5383639360457, 1135.9243931874682, 205.7758736057811, 769.0613457993837, 44.688699823477705, 1070.4502515856288, 1188.9272697222907, 691.1159391305274, 1094.3535096307448, 1140.0814815431406, 1010.1724704283797, 1059.01825860753, 18.70689760052555, 692.1552112194455, 255.66093387384922, 932.2270637595234, 719.1762855313157, 214.09005031712576, 870.9100105133563, 950.9339613600489, 155.89081333771293, 0.0, 0.0, 0.0, 0.0, 0.0, 0.0, 0.0, 0.0, 0.0, 0.0, 0.0, 0.0, 0.0, 0.0, 0.0, 0.0, 0.0, 0.0, 0.0, 0.0, 0.0, 0.0, 0.0, 0.0, 0.0, 0.0, 0.0, 0.0, 0.0, 0.0, 0.0, 0.0, 0.0, 0.0, 0.0, 0.0, 0.0, 0.0, 0.0, 0.0, 0.0, 0.0, 0.0, 0.0, 0.0, 0.0, 0.0, 0.0, 0.0, 0.0, 0.0, 0.0, 0.0, 0.0, 0.0, 0.0, 0.0, 0.0, 0.0, 0.0, 0.0, 0.0, 0.0, 0.0, 0.0, 0.0, 0.0, 0.0, 0.0, 0.0, 0.0, 0.0, 0.0, 0.0, 0.0, 0.0, 0.0, 0.0, 0.0, 0.0, 0.0, 0.0, 0.0, 0.0, 0.0, 0.0, 0.0, 0.0, 0.0, 0.0, 0.0, 0.0, 0.0, 0.0, 0.0, 0.0, 0.0, 0.0, 0.0, 0.0, 0.0, 0.0, 0.0, 0.0, 0.0, 0.0, 0.0, 0.0, 0.0, 0.0, 0.0, 0.0, 0.0, 0.0, 0.0, 0.0, 0.0, 0.0, 0.0, 0.0, 0.0, 0.0, 0.0, 0.0, 0.0, 0.0, 0.0, 0.0, 0.0, 0.0, 0.0, 0.0, 0.0, 0.0, 0.0, 0.0, 0.0, 0.0, 0.0, 0.0, 0.0, 0.0, 0.0, 0.0, 0.0, 0.0, 0.0, 0.0, 0.0, 0.0, 0.0, 0.0, 0.0, 0.0, 0.0, 0.0, 0.0, 0.0, 0.0, 0.0, 0.0, 0.0, 0.0, 0.0, 0.0, 0.0, 0.0, 0.0, 0.0, 0.0, 0.0, 0.0, 0.0, 0.0, 0.0, 0.0, 0.0, 0.0, 0.0, 0.0, 0.0, 0.0, 0.0, 0.0, 0.0, 0.0, 0.0, 0.0, 0.0, 0.0, 0.0, 0.0, 0.0, 0.0, 0.0, 0.0, 0.0, 0.0, 0.0, 0.0, 0.0, 0.0, 0.0, 0.0, 0.0, 0.0, 0.0, 0.0, 0.0, 0.0, 0.0, 0.0, 0.0, 0.0, 0.0, 0.0, 0.0, 0.0, 0.0, 0.0, 0.0, 0.0, 0.0, 0.0, 0.0, 0.0, 0.0, 0.0, 0.0, 0.0, 0.0, 0.0, 0.0, 0.0, 0.0, 0.0, 0.0, 0.0, 0.0, 0.0, 0.0, 0.0, 0.0, 0.0, 0.0, 0.0, 0.0, 0.0, 0.0, 0.0, 0.0, 0.0, 0.0, 0.0, 0.0, 0.0, 0.0, 0.0, 0.0, 0.0, 0.0, 0.0, 0.0, 0.0, 0.0, 0.0, 0.0, 0.0, 0.0, 0.0, 0.0, 0.0, 0.0, 0.0, 0.0, 0.0, 159.0086296044672, 120.55556231449799, 0.0, 78.98467875777456, 96.65230426938201, 78.98467875777456, 228.63985956197897, 0.0, 0.0, 70.67050204642986, 121.59483440341609, 70.67050204642986, 194.34388062768213, 129.90901111476077, 19.74616968944364, 179.79407138282892, 0.0, 210.9722340503715, 78.98467875777456, 146.53736453745015, 0.0, 138.22318782610546, 0.0, 1427.9598501734504, 1626.460819156805, 1037.19354474025, 1266.872676391147, 1927.84972494305, 901.0489010919807, 1978.7740573000362, 1033.0364563845778, 1060.0575306964479, 1245.0479625238672, 1248.1657787906215, 1272.0690368357375, 1509.0230731090612, 1342.7395388821676, 889.6169081138818, 1525.0993285118552, 761.7864411769573, 1508.8121963750682, 928.069975403851, 849.0852966460764, 1247.1265067017034, 1531.887059065259, 1080.8429724748096, 2521.2740877152773, 3482.600769964507, 1370.6157852677024, 2504.2291872201286, 3135.4838922658664, 1857.17922289662, 3884.7990683758067, 3120.934083021013, 3011.810513684614, 3090.7951924423883, 2602.337310650888, 1975.6562410332817, 3087.677376175634, 3140.680252710457, 1390.5460549723994, 3901.4274217984957, 1370.546630448675, 3464.9331444528993, 2356.029825577302, 3296.5710660481695, 3287.217617247907, 3640.5701274800563, 2684.4398056754167, 2594.023133939543, 3472.208049075326, 1392.050043253486, 4361.824957189208, 5013.204821984318, 2016.1878525010861, 5078.5313780115675, 5013.448556940848, 2717.6965125207957, 5042.548175430555, 4248.111589803828, 2059.8372802356466, 4752.591262622408, 4235.0337623412015, 1983.9704177446265, 5025.901298768201, 1409.425434497686, 3081.543987639203, 2206.374644773097, 4863.793376136643, 1358.9018954417072, 4040.689881713519, 4762.983983511589, 2282.2415072641174, 5214.585382875701, 4898.156420864046, 5384.010216772696, 4997.180907205558, 5134.004119255346, 5070.88590071702, 3803.1967188464787, 4903.236512695978, 5360.409507664726, 5223.537362189389, 3772.5576827726527, 5222.866745310046, 5115.372292210493, 3614.588325257104, 4966.815860218758, 3377.437154179987, 5196.769612254776, 5059.176528853244, 4537.461940216364, 4336.951630879707, 5278.214512114362, 3777.832767161013, 4819.104676313166, 5199.173965192395, 4905.774146932901, 5422.981748683966, 5038.042538773619, 5234.0350355348455, 5115.013644426139, 5078.669441943085, 4900.097910059193, 5371.638391650322, 5230.448537902092, 4078.1036769145708, 5232.643042661908, 5122.193414568512, 4786.550950856496, 5085.1606805592655, 4930.4529430951925, 5225.558466457322, 5079.288845637087, 5177.133899896115, 4881.080278423001, 5266.568598506548, 5051.894540531083, 3564.703264989035, 5221.471111731185, 4912.726058654722, 5434.408946349231, 3832.8354639299023, 5234.90468608863, 4928.228245649565, 5074.770813562854, 4876.264641203661, 5355.233733512237, 5230.485761817124, 4579.032823773088, 4257.387805110043, 5121.961238518457, 4782.8146563799055, 5113.0358442608685, 4939.023490967052, 5207.813442370074, 5072.115363177232, 5185.025471105066, 4879.858676790453, 5286.462614860021, 5015.141396311497, 4383.649671056488, 5237.850068571359, 4935.430739454215, 5429.575063941093, 2520.2348156263593, 4755.709078889163, 3887.9168846425605, 5074.872202852055, 4618.074436141305, 5403.720214927337, 5242.480662605379, 5225.965408160071, 5272.640954389601, 3776.7147711283255, 4828.017309416507, 5104.1348853960535, 4942.495750514874, 5253.431897135414, 5103.875300028396, 5239.54980702048, 4874.8453157328295, 3846.361447934559, 5029.888294317519, 3925.3306798436115, 2404.8756137564515, 4938.579305815014, 5451.923574961385, 2265.613153841428, 5170.378642367479, 3595.881427656578, 5063.9177453809425, 1362.199579841214, 5421.9994052869915, 5276.9212986320335, 3441.0298864077836, 5311.683473490913, 4241.26939487471, 1668.0317027135284, 5128.897649120925, 4932.0193486810285, 5287.139213710736, 5125.194319166683, 5301.08553237396, 4878.340279537489, 5309.532069796859, 5032.704062930909, 705.6657483753805, 4511.480137993412, 4891.853722537432, 4602.936081818204, 1477.8449104415186, 2941.1400116381838, 4056.2789630472903, 1572.5816923625985, 1369.197702910136, 3715.3977178821583, 3980.4121005562693, 3275.7856242698076, 4267.251197097662, 3833.87473601882, 3054.4206693302554, 1645.7201457809335, 4681.920760575978, 4390.924575678914, 4246.4657553193, 4320.2540736324845, 4849.584042911316, 4826.3795809355925, 4265.172652919826, 360.62741485457593, 2450.6035856688472, 3092.8737366202245, 2933.8651070157575, 1121.374583942615, 1965.263520144101, 2179.353570461227, 1551.0988932157427, 1374.0413918192307, 1988.127506100299, 2846.566251546638, 2068.1514569469905, 2622.083480340332, 2776.9350215891263, 614.209804550589, 2762.385212344273, 2905.8047606149694, 2673.0078126973176, 3022.203234573795, 1382.2318782610548, 3280.981984714398, 2935.9436511935933, 2532.706080693376, 19.74616968944364, 976.9157635830011, 845.9674803793222, 1002.8975658059533, 103.92720889180862, 871.9492826022744, 241.11112462899598, 1023.683007584315, 1161.9061954104204, 1128.6494885650416, 1097.4713258974991, 1113.0604072312703, 744.1188156653498, 1030.9579122067414, 18.70689760052555, 703.5872041975443, 512.3611398366165, 915.598710336834, 1133.845849009632, 787.7682433999095, 1207.6341673228162, 923.9128870481787, 557.0498396600942, 0.0, 0.0, 0.0, 0.0, 0.0, 0.0, 0.0, 0.0, 0.0, 0.0, 0.0, 0.0, 0.0, 0.0, 0.0, 0.0, 0.0, 0.0, 0.0, 0.0, 0.0, 0.0, 0.0, 0.0, 0.0, 0.0, 0.0, 0.0, 0.0, 0.0, 0.0, 0.0, 0.0, 0.0, 0.0, 0.0, 0.0, 0.0, 0.0, 0.0, 0.0, 0.0, 0.0, 0.0, 0.0, 0.0, 0.0, 0.0, 0.0, 0.0, 0.0, 0.0, 0.0, 0.0, 0.0, 0.0, 0.0, 0.0, 0.0, 0.0, 0.0, 0.0, 0.0, 0.0, 0.0, 0.0, 0.0, 0.0, 0.0, 0.0, 0.0, 0.0, 0.0, 0.0, 0.0, 0.0, 0.0, 0.0, 0.0, 0.0, 0.0, 0.0, 0.0, 0.0, 0.0, 0.0, 0.0, 0.0, 0.0, 0.0, 0.0, 0.0, 0.0, 0.0, 0.0, 0.0, 0.0, 0.0, 0.0, 0.0, 0.0, 0.0, 0.0, 0.0, 0.0, 0.0, 0.0, 0.0, 0.0, 0.0, 0.0, 0.0, 0.0, 0.0, 0.0, 0.0, 0.0, 0.0, 0.0, 0.0, 0.0, 0.0, 0.0, 0.0, 0.0, 0.0, 0.0, 0.0, 0.0, 0.0, 0.0, 0.0, 0.0, 0.0, 0.0, 0.0, 0.0, 0.0, 0.0, 0.0, 0.0, 0.0, 0.0, 0.0, 0.0, 0.0, 0.0, 0.0, 0.0, 0.0, 0.0, 0.0, 0.0, 0.0, 0.0, 0.0, 0.0, 0.0, 0.0, 0.0, 0.0, 0.0, 0.0, 0.0, 0.0, 0.0, 0.0, 0.0, 0.0, 0.0, 0.0, 0.0, 0.0, 0.0, 0.0, 0.0, 0.0, 0.0, 0.0, 0.0, 0.0, 0.0, 0.0, 0.0, 0.0, 0.0, 0.0, 0.0, 0.0, 0.0, 0.0, 0.0, 0.0, 0.0, 0.0, 0.0, 0.0, 0.0, 0.0, 0.0, 0.0, 0.0, 0.0, 0.0, 0.0, 0.0, 0.0, 0.0, 0.0, 0.0, 0.0, 0.0, 0.0, 0.0, 0.0, 0.0, 0.0, 0.0, 0.0, 0.0, 0.0, 0.0, 0.0, 0.0, 0.0, 0.0, 0.0, 0.0, 0.0, 0.0, 0.0, 0.0, 0.0, 0.0, 0.0, 0.0, 0.0, 0.0, 0.0, 0.0, 0.0, 0.0, 0.0, 0.0, 0.0, 0.0, 0.0, 0.0, 0.0, 0.0, 0.0, 0.0, 0.0, 0.0, 0.0, 0.0, 0.0, 0.0, 0.0, 0.0, 0.0, 0.0, 0.0, 0.0, 0.0, 0.0, 0.0, 0.0, 0.0, 0.0, 0.0, 0.0, 0.0, 0.0, 0.0, 0.0, 167.32280631581187, 116.39847395882566, 0.0, 70.67050204642986, 176.67625511607469, 53.0028765348224, 232.79694791765132, 0.0, 0.0, 96.65230426938201, 121.59483440341609, 70.67050204642986, 194.34388062768213, 129.90901111476077, 10.392720889180863, 155.89081333771293, 0.0, 234.87549209548746, 78.98467875777456, 95.61303218046393, 0.0, 138.22318782610546, 0.0, 1417.5671292842696, 1595.2826564892623, 1003.9368378948714, 1235.6945137236046, 1244.0086904349491, 860.5172896241754, 1976.6955131222, 1027.8400959399873, 1081.8822445637277, 1478.8841825304369, 904.1667173587349, 1177.4952767441916, 1515.2587056425698, 1281.4224856360004, 1433.1562106180409, 1677.0915453583211, 804.3965968225987, 1613.5676784702007, 1359.3678923048567, 1519.415793998242, 1265.8334043022292, 1609.8324657341157, 1175.4167325663557, 2622.083480340332, 3007.6534253289415, 3075.2061111086173, 2931.7865628379213, 3679.023194770025, 2832.016442301785, 3915.977231043349, 3073.127566930781, 1484.5144380200834, 3357.888119294337, 2306.144765309233, 1774.6458858650267, 2669.8899964305638, 2624.1620245181675, 2006.8344037008244, 3899.348877620659, 3011.810513684614, 3482.600769964507, 3101.1879133315692, 2007.8736757897427, 3316.317235737613, 1717.824035961788, 2945.297099993856, 2782.131382033717, 5321.073095260602, 4908.482075960122, 4359.746413011371, 5100.801444369981, 4682.960032664897, 5077.45511293691, 4925.9352331785885, 1487.9538261000355, 3697.7703690988014, 4102.006934959686, 4969.799129206289, 4596.700449284695, 4577.99355168417, 2734.324865943485, 4717.256011599194, 4792.083602001296, 5045.6659916973085, 4836.772301824773, 3278.903440536562, 5024.545203422753, 4714.04702822336, 4027.179344557584, 3913.8986868655124, 5456.950654572255, 5051.915372588583, 5432.3047469164085, 5105.239348164856, 5372.193277705596, 5080.168585611506, 4941.4055967846725, 5028.79025084332, 5448.814392170166, 3412.9695400069954, 5420.970886581733, 5534.6159039618415, 5289.7036954701325, 1975.6562410332817, 5283.584848514187, 5027.09313041876, 4954.210047872517, 5435.654919135866, 2844.487707368802, 2611.590783920383, 5294.941138085414, 5119.856504299965, 5026.103807942946, 5438.41214558951, 5065.393400159129, 5487.134312588265, 5147.435669351711, 5417.835239305412, 5127.5703688562535, 1434.9646231524082, 5044.679871965593, 5479.273399192402, 5366.956459735082, 5445.751378781939, 5547.342799984798, 5316.763047535743, 2035.9340221905309, 5284.289622245844, 2521.232342985644, 5382.189816036078, 5439.663124645178, 4540.579756483119, 1492.818163569268, 5268.761177550974, 5159.370968085934, 5025.929395269672, 5469.856434368992, 5074.668579269033, 5507.06964573287, 5149.462973919858, 5434.834158849469, 5139.4729958751595, 1459.5103304050995, 5064.575743667974, 5475.844242672738, 4069.7895002032255, 5431.568233253892, 5548.611461251354, 5355.518395662518, 2410.071974201042, 3359.042616806065, 5030.443198756009, 5419.3728482574725, 5422.363464985642, 3944.0375774441372, 1491.2559683483898, 5279.971699491045, 5153.618422785751, 4187.227246250969, 5509.1228715666, 5074.280605773078, 5509.707661532028, 5144.033642026331, 5448.982303654916, 2258.370536335762, 4989.57726140041, 5082.041868705511, 5523.500281362843, 5159.985921478298, 5476.81338443836, 5026.959094096784, 5302.366197660076, 2157.5288565939472, 5280.607887535927, 5036.745607375989, 5239.550773635055, 5364.722522995161, 5236.892056058236, 1482.6197057877073, 5298.245377093873, 5167.001257673004, 2495.292285492325, 5527.054582239234, 5071.880586882704, 2301.987676953561, 3436.872798052111, 5494.73282727502, 5148.58308100976, 4994.338580912802, 5055.6718160952005, 5562.120979446401, 4641.389149108173, 5481.515824156556, 3857.7779940639357, 4875.2253691147425, 2488.0173808698983, 5319.601606322579, 5032.2322056557905, 5469.538642630112, 4078.1036769145708, 5404.214862374049, 4997.598776890155, 5321.878371997227, 2975.435990572481, 1663.874614357856, 3229.0183802684937, 1569.3760161187392, 2662.6150918081366, 4127.988737182638, 4290.11518305386, 4229.837401896611, 4986.4274826289775, 5058.876953944197, 4750.512718444572, 3004.5356090621876, 4587.870484307219, 3804.7751175291137, 2912.0403931484775, 1339.621722615413, 4671.5280396867975, 4680.881488487061, 4369.099861811635, 3659.277025080582, 4050.0433305137817, 4965.564588318484, 4788.965785734541, 1778.1945441388455, 934.3056079373595, 2504.645734292588, 1551.8380624357847, 2485.938836692062, 1436.2740268847951, 2751.992491455092, 2296.791316508971, 3220.7042035571494, 3349.5739425829915, 2942.1792837271023, 1880.043208852818, 3008.6926974178596, 2089.9761708142714, 1761.5661907161564, 702.5479321086262, 2733.2855938545667, 2912.0403931484775, 1889.9432690918661, 2563.884243360919, 2509.8420947371783, 3312.1601473819405, 2915.1582094152322, 468.7117121020569, 18.70689760052555, 961.3266822492297, 986.2692123832638, 1063.1753469632022, 27.02107431187024, 977.9550356719192, 446.886998234777, 1198.2807185225533, 1254.40141132413, 696.3122995751178, 1154.6312907879937, 1166.0632837660926, 571.5996489049475, 624.6025254397698, 18.70689760052555, 718.1370134423976, 896.8918127363085, 909.3630778033254, 712.9406529978071, 648.5057834848858, 1247.1265067017034, 914.5594382479159, 190.1867922720098, 0.0, 0.0, 0.0, 0.0, 0.0, 0.0, 0.0, 0.0, 0.0, 0.0, 0.0, 0.0, 0.0, 0.0, 0.0, 0.0, 0.0, 0.0, 0.0, 0.0, 0.0, 0.0, 0.0, 0.0, 0.0, 0.0, 0.0, 0.0, 0.0, 0.0, 0.0, 0.0, 0.0, 0.0, 0.0, 0.0, 0.0, 0.0, 0.0, 0.0, 0.0, 0.0, 0.0, 0.0, 0.0, 0.0, 0.0, 0.0, 0.0, 0.0, 0.0, 0.0, 0.0, 0.0, 0.0, 0.0, 0.0, 0.0, 0.0, 0.0, 0.0, 0.0, 0.0, 0.0, 0.0, 0.0, 0.0, 0.0, 0.0, 0.0, 0.0, 0.0, 0.0, 0.0, 0.0, 0.0, 0.0, 0.0, 0.0, 0.0, 0.0, 0.0, 0.0, 0.0, 0.0, 0.0, 0.0, 0.0, 0.0, 0.0, 0.0, 0.0, 0.0, 0.0, 0.0, 0.0, 0.0, 0.0, 0.0, 0.0, 0.0, 0.0, 0.0, 0.0, 0.0, 0.0, 0.0, 0.0, 0.0, 0.0, 0.0, 0.0, 0.0, 0.0, 0.0]"
lambda_3,"[1.0, 0.0, 0.0, 0.0, 0.0, 0.0, 0.0, 0.0, 0.0, 0.0, 0.0, 0.0, 0.0, 0.0, 0.0, 0.0, 0.0, 0.0, 0.0, 0.0, 0.0, 0.0, 0.0, 0.0, 0.0, 0.0, 0.0, 0.0, 0.0, 0.0, 0.0, 0.0, 0.0, 0.0, 0.0, 0.0, 0.0, 0.0, 0.0, 0.0, 0.0, 0.0, 0.0, 0.0, 0.0, 0.0, 0.0, 0.0, 0.0, 0.0, 0.0, 0.0, 0.0, 0.0, 0.0, 0.0, 0.0, 0.0, 0.0, 0.0, 0.0, 0.0, 0.0, 0.0, 0.0, 0.0, 0.0, 0.0, 0.0, 0.0, 0.0, 0.0, 0.0, 0.0, 0.0, 0.0, 0.0, 0.0, 0.0, 0.0, 0.0, 0.0, 0.0, 0.0, 0.0, 0.0, 0.0, 0.0, 0.0, 0.0, 0.0, 0.0, 0.0, 0.0, 0.0, 0.0, 0.0, 0.0, 0.0, 0.0, 0.0, 0.0, 0.0, 0.0, 0.0, 0.0, 0.0, 0.0, 0.0, 0.0, 0.0, 0.0, 0.0, 0.0, 0.0, 0.0, 0.0, 0.0, 0.0, 0.0, 0.0, 0.0, 0.0, 0.0, 0.0, 0.0, 0.0, 0.0, 0.0, 0.0, 0.0, 0.0, 0.0, 0.0, 0.0, 0.0, 0.0, 0.0, 0.0, 0.0, 0.0, 0.0, 0.0, 0.0, 0.0, 0.0, 0.0, 0.0, 0.0, 0.0, 0.0, 0.0, 0.0, 0.0, 0.0, 0.0, 0.0, 0.0, 0.0, 0.0, 0.0, 0.0, 0.0, 0.0, 0.0, 0.0, 0.0, 0.0, 0.0, 0.0, 0.0, 0.0, 0.0, 0.0, 0.0, 0.0, 0.0, 0.0, 0.0, 0.0, 0.0, 0.0, 0.0, 0.0, 0.0, 0.0, 0.0, 0.0, 0.0, 0.0, 0.0, 0.0, 0.0, 0.0, 0.0, 0.0, 0.0, 0.0, 0.0, 0.0, 0.0, 0.0, 0.0, 0.0, 0.0, 0.0, 0.0, 0.0, 0.0, 0.0, 0.0, 0.0, 0.0, 0.0, 0.0, 0.0, 0.0, 0.0, 0.0, 0.0, 0.0, 0.0, 0.0, 0.0, 0.0, 0.0, 0.0, 0.0, 0.0, 0.0, 0.0, 0.0, 0.0, 0.0, 0.0, 0.0, 0.0, 0.0, 0.0, 0.0, 0.0, 0.0, 0.0, 0.0, 0.0, 0.0, 0.0, 0.0, 0.0, 0.0, 0.0, 0.0, 0.0, 0.0, 0.0, 0.0, 0.0, 0.0, 0.0, 0.0, 0.0]"
flowSalt_discharge_t,"[0.0, 0.0, 0.0, 0.0, 0.0, 0.0, 0.0, 0.0, 0.0, 0.0, 0.0, 0.0, 0.0, 0.0, 0.0, 0.0, 0.0, 0.0, 0.0, 0.0, 0.0, 0.0, 0.0, 0.0, 0.0, 0.0, 0.0, 0.0, 0.0, 0.0, 0.0, 0.0, 0.0, 0.0, 0.0, 0.0, 0.0, 0.0, 0.0, 0.0, 0.0, 0.0, 0.0, 0.0, 0.0, 0.0, 0.0, 0.0, 0.0, 0.0, 0.0, 0.0, 0.0, 0.0, 0.0, 0.0, 0.0, 0.0, 0.0, 0.0, 0.0, 0.0, 0.0, 0.0, 0.0, 0.0, 0.0, 0.0, 0.0, 0.0, 0.0, 0.0, 0.0, 0.0, 0.0, 0.0, 0.0, 0.0, 0.0, 0.0, 0.0, 0.0, 0.0, 0.0, 0.0, 0.0, 0.0, 0.0, 0.0, 0.0, 0.0, 0.0, 0.0, 0.0, 0.0, 0.0, 0.0, 0.0, 0.0, 0.0, 0.0, 0.0, 0.0, 0.0, 0.0, 0.0, 0.0, 0.0, 0.0, 0.0, 0.0, 0.0, 0.0, 0.0, 0.0, 0.0, 0.0, 0.0, 0.0, 0.0, 0.0, 0.0, 0.0, 0.0, 0.0, 0.0, 0.0, 0.0, 0.0, 0.0, 0.0, 0.0, 0.0, 0.0, 0.0, 0.0, 0.0, 0.0, 0.0, 0.0, 0.0, 0.0, 0.0, 0.0, 0.0, 0.0, 0.0, 0.0, 0.0, 0.0, 0.0, 0.0, 0.0, 0.0, 0.0, 0.0, 0.0, 0.0, 0.0, 0.0, 0.0, 0.0, 0.0, 0.0, 0.0, 0.0, 0.0, 0.0, 0.0, 0.0, 0.0, 0.0, 0.0, 0.0, 0.0, 0.0, 0.0, 0.0, 0.0, 0.0, 0.0, 0.0, 0.0, 0.0, 0.0, 0.0, 0.0, 0.0, 0.0, 0.0, 0.0, 0.0, 0.0, 0.0, 0.0, 0.0, 0.0, 0.0, 0.0, 0.0, 0.0, 0.0, 0.0, 0.0, 0.0, 0.0, 0.0, 0.0, 0.0, 0.0, 0.0, 0.0, 0.0, 0.0, 0.0, 0.0, 0.0, 0.0, 0.0, 0.0, 0.0, 0.0, 0.0, 0.0, 0.0, 0.0, 0.0, 0.0, 0.0, 0.0, 0.0, 0.0, 0.0, 0.0, 0.0, 0.0, 0.0, 0.0, 0.0, 0.0, 0.0, 0.0, 0.0, 0.0, 0.0, 0.0, 0.0, 0.0, 0.0, 0.0, 0.0, 0.0, 0.0, 0.0, 0.0, 0.0, 0.0, 0.0, 0.0, 0.0, 0.0, 0.0, 0.0, 0.0, 0.0, 0.0, 0.0, 0.0, 0.0, 0.0, 0.0, 0.0, 0.0, 0.0, 0.0, 0.0, 0.0, 0.0, 0.0, 0.0, 0.0, 0.0, 0.0, 0.0, 0.0, 0.0, 0.0, 0.0, 0.0, 0.0, 0.0, 0.0, 0.0, 0.0, 0.0, 0.0, 0.0, 0.0, 0.0, 0.0, 0.0, 0.0, 0.0, 0.0, 0.0, 0.0, 0.0, 0.0, 0.0, 0.0, 0.0, 0.0, 0.0, 0.0, 0.0, 0.0, 0.0, 0.0, 0.0, 0.0, 0.0, 0.0, 0.0, 0.0, 0.0, 0.0, 0.0, 0.0, 0.0, 0.0, 0.0, 0.0, 0.0, 0.0, 0.0, 0.0, 0.0, 0.0, 0.0, 0.0, 0.0, 0.0, 0.0, 0.0, 0.0, 0.0, 0.0, 0.0, 0.0, 0.0, 0.0, 0.0, 0.0, 0.0, 0.0, 0.0, 0.0, 0.0, 0.0, 0.0, 0.0, 0.0, 0.0, 0.0, 0.0, 0.0, 0.0, 0.0, 0.0, 0.0, 0.0, 0.0, 0.0, 0.0, 0.0, 0.0, 0.0, 0.0, 0.0, 0.0, 0.0, 0.0, 0.0, 0.0, 0.0, 0.0, 0.0, 0.0, 0.0, 0.0, 0.0, 0.0, 0.0, 0.0, 0.0, 0.0, 0.0, 0.0, 0.0, 0.0, 0.0, 0.0, 0.0, 0.0, 0.0, 0.0, 0.0, 0.0, 0.0, 0.0, 0.0, 0.0, 0.0, 0.0, 0.0, 0.0, 0.0, 0.0, 0.0, 0.0, 0.0, 0.0, 0.0, 0.0, 0.0, 0.0, 0.0, 0.0, 0.0, 0.0, 0.0, 0.0, 0.0, 0.0, 0.0, 0.0, 0.0, 0.0, 0.0, 0.0, 0.0, 0.0, 0.0, 0.0, 0.0, 0.0, 0.0, 0.0, 0.0, 0.0, 0.0, 0.0, 0.0, 0.0, 0.0, 0.0, 0.0, 0.0, 0.0, 0.0, 0.0, 0.0, 0.0, 0.0, 0.0, 0.0, 0.0, 0.0, 0.0, 0.0, 0.0, 0.0, 0.0, 0.0, 0.0, 0.0, 0.0, 0.0, 0.0, 0.0, 0.0, 0.0, 0.0, 0.0, 0.0, 0.0, 0.0, 0.0, 0.0, 0.0, 0.0, 0.0, 0.0, 0.0, 0.0, 0.0, 0.0, 0.0, 0.0, 0.0, 0.0, 0.0, 0.0, 0.0, 0.0, 0.0, 0.0, 0.0, 0.0, 0.0, 0.0, 0.0, 0.0, 0.0, 0.0, 0.0, 0.0, 0.0, 0.0, 0.0, 0.0, 0.0, 0.0, 0.0, 0.0, 0.0, 0.0, 0.0, 0.0, 0.0, 0.0, 0.0, 0.0, 0.0, 0.0, 0.0, 0.0, 0.0, 0.0, 0.0, 0.0, 0.0, 0.0, 0.0, 0.0, 0.0, 0.0, 0.0, 0.0, 0.0, 0.0, 0.0, 0.0, 0.0, 0.0, 0.0, 0.0, 0.0, 0.0, 0.0, 0.0, 0.0, 0.0, 0.0, 0.0, 0.0, 0.0, 0.0, 0.0, 0.0, 0.0, 0.0, 0.0, 0.0, 0.0, 0.0, 0.0, 0.0, 0.0, 0.0, 0.0, 0.0, 0.0, 0.0, 0.0, 0.0, 0.0, 0.0, 0.0, 0.0, 0.0, 0.0, 0.0, 0.0, 0.0, 0.0, 0.0, 0.0, 0.0, 0.0, 0.0, 0.0, 0.0, 0.0, 0.0, 0.0, 0.0, 0.0, 0.0, 0.0, 0.0, 0.0, 0.0, 0.0, 0.0, 0.0, 0.0, 0.0, 0.0, 0.0, 0.0, 0.0, 0.0, 0.0, 0.0, 0.0, 0.0, 0.0, 0.0, 0.0, 0.0, 0.0, 0.0, 0.0, 0.0, 0.0, 0.0, 0.0, 0.0, 0.0, 0.0, 0.0, 0.0, 0.0, 0.0, 0.0, 0.0, 0.0, 0.0, 0.0, 0.0, 0.0, 0.0, 0.0, 0.0, 0.0, 0.0, 0.0, 0.0, 0.0, 0.0, 0.0, 0.0, 0.0, 0.0, 0.0, 0.0, 0.0, 0.0, 0.0, 0.0, 0.0, 0.0, 0.0, 0.0, 0.0, 0.0, 0.0, 0.0, 0.0, 0.0, 0.0, 0.0, 0.0, 0.0, 0.0, 0.0, 0.0, 0.0, 0.0, 0.0, 0.0, 0.0, 0.0, 0.0, 0.0, 0.0, 0.0, 0.0, 0.0, 0.0, 0.0, 0.0, 0.0, 0.0, 0.0, 0.0, 0.0, 0.0, 0.0, 0.0, 0.0, 0.0, 0.0, 0.0, 0.0, 0.0, 0.0, 0.0, 0.0, 0.0, 0.0, 0.0, 0.0, 0.0, 0.0, 0.0, 0.0, 0.0, 0.0, 0.0, 0.0, 0.0, 0.0, 0.0, 0.0, 0.0, 0.0, 0.0, 0.0, 0.0, 0.0, 0.0, 0.0, 0.0, 0.0, 0.0, 0.0, 0.0, 0.0, 0.0, 0.0, 0.0, 0.0, 0.0, 0.0, 0.0, 0.0, 0.0, 0.0, 0.0, 0.0, 0.0, 0.0, 0.0, 0.0, 0.0, 0.0, 0.0, 0.0, 0.0, 0.0, 0.0, 0.0, 0.0, 0.0, 0.0, 0.0, 0.0, 0.0, 0.0, 0.0, 0.0, 0.0, 0.0, 0.0, 0.0, 0.0, 0.0, 0.0, 0.0, 0.0, 0.0, 0.0, 0.0, 0.0, 0.0, 0.0, 0.0, 0.0, 0.0, 0.0, 0.0, 0.0, 0.0, 0.0, 0.0, 0.0, 0.0, 0.0, 0.0, 0.0, 0.0, 0.0, 0.0, 0.0, 0.0, 0.0, 0.0, 0.0, 0.0, 0.0, 0.0, 0.0, 0.0, 0.0, 0.0, 0.0, 0.0, 0.0, 0.0, 0.0, 0.0, 0.0, 0.0, 0.0, 0.0, 0.0, 0.0, 0.0, 0.0, 0.0, 0.0, 0.0, 0.0, 0.0, 0.0, 0.0, 0.0, 0.0, 0.0, 0.0, 0.0, 0.0, 0.0, 0.0, 0.0, 0.0, 0.0, 0.0, 0.0, 0.0, 0.0, 0.0, 0.0, 0.0, 0.0, 0.0, 0.0, 0.0, 0.0, 0.0, 0.0, 0.0, 0.0, 0.0, 0.0, 0.0, 0.0, 0.0, 0.0, 0.0, 0.0, 0.0, 0.0, 0.0, 0.0, 0.0, 0.0, 0.0, 0.0, 0.0, 0.0, 0.0, 0.0, 0.0, 0.0, 0.0, 0.0, 0.0, 0.0, 0.0, 0.0, 0.0, 0.0, 0.0, 0.0, 0.0, 0.0, 0.0, 0.0, 0.0, 0.0, 0.0, 0.0, 0.0, 0.0, 0.0, 0.0, 0.0, 0.0, 0.0, 0.0, 0.0, 0.0, 0.0, 0.0, 0.0, 0.0, 0.0, 0.0, 0.0, 0.0, 0.0, 0.0, 0.0, 0.0, 0.0, 0.0, 0.0, 0.0, 0.0, 0.0, 0.0, 0.0, 0.0, 0.0, 0.0, 0.0, 0.0, 0.0, 0.0, 0.0, 0.0, 0.0, 0.0, 0.0, 0.0, 0.0, 0.0, 0.0, 0.0, 0.0, 0.0, 0.0, 0.0, 0.0, 0.0, 0.0, 0.0, 0.0, 0.0, 0.0, 0.0, 0.0, 0.0, 0.0, 0.0, 0.0, 0.0, 0.0, 0.0, 0.0, 0.0, 0.0, 0.0, 0.0, 0.0, 0.0, 0.0, 0.0, 0.0, 0.0, 0.0, 0.0, 0.0, 0.0, 0.0, 0.0, 0.0, 0.0, 0.0, 0.0, 0.0, 0.0, 0.0, 0.0, 0.0, 0.0, 0.0, 0.0, 0.0, 0.0, 0.0, 0.0, 0.0, 0.0, 0.0, 0.0, 0.0, 0.0, 0.0, 0.0, 0.0, 0.0, 0.0, 0.0, 0.0, 0.0, 0.0, 0.0, 0.0, 0.0, 0.0, 0.0, 0.0, 0.0, 0.0, 0.0, 0.0, 0.0, 0.0, 0.0, 0.0, 0.0, 0.0, 0.0, 0.0, 0.0, 0.0, 0.0, 0.0, 0.0, 0.0, 0.0, 0.0, 0.0, 0.0, 0.0, 0.0, 0.0, 0.0, 0.0, 0.0, 0.0, 0.0, 0.0, 0.0, 0.0, 0.0, 0.0, 0.0, 0.0, 0.0, 0.0, 0.0, 0.0, 0.0, 0.0, 0.0, 0.0, 0.0, 0.0, 0.0, 0.0, 0.0, 0.0, 0.0, 0.0, 0.0, 0.0, 0.0, 0.0, 0.0, 0.0, 0.0, 0.0, 0.0, 0.0, 0.0, 0.0, 0.0, 0.0, 0.0, 0.0, 0.0, 0.0, 0.0, 0.0, 0.0, 0.0, 0.0, 0.0, 0.0, 0.0, 0.0, 0.0, 0.0, 0.0, 0.0, 0.0, 0.0, 0.0, 0.0, 0.0, 0.0, 0.0, 0.0, 0.0, 0.0, 0.0, 0.0, 0.0, 0.0, 0.0, 0.0, 0.0, 0.0, 0.0, 0.0, 0.0, 0.0, 0.0, 0.0, 0.0, 0.0, 0.0, 0.0, 0.0, 0.0, 0.0, 0.0, 0.0, 0.0, 0.0, 0.0, 0.0, 0.0, 0.0, 0.0, 0.0, 0.0, 0.0, 0.0, 0.0, 0.0, 0.0, 0.0, 0.0, 0.0, 0.0, 0.0, 0.0, 0.0, 0.0, 0.0, 0.0, 0.0, 0.0, 0.0, 0.0, 0.0, 0.0, 0.0, 0.0, 0.0, 0.0, 0.0, 0.0, 0.0, 0.0, 0.0, 0.0, 0.0, 0.0, 0.0, 0.0, 0.0, 0.0, 0.0, 0.0, 0.0, 0.0, 0.0, 0.0, 0.0, 0.0, 0.0, 0.0, 0.0, 0.0, 0.0, 0.0, 0.0, 0.0, 0.0, 0.0, 0.0, 0.0, 0.0, 0.0, 0.0, 0.0, 0.0, 0.0, 0.0, 0.0, 0.0, 0.0, 0.0, 0.0, 0.0, 0.0, 0.0, 0.0, 0.0, 0.0, 0.0, 0.0, 0.0, 0.0, 0.0, 0.0, 0.0, 0.0, 0.0, 0.0, 0.0, 0.0, 0.0, 0.0, 0.0, 0.0, 0.0, 0.0, 0.0, 0.0, 0.0, 0.0, 0.0, 0.0, 0.0, 0.0, 0.0, 0.0, 0.0, 0.0, 0.0, 0.0, 0.0, 0.0, 0.0, 0.0, 0.0, 0.0, 0.0, 0.0, 0.0, 0.0, 0.0, 0.0, 0.0, 0.0, 0.0, 0.0, 0.0, 0.0, 0.0, 0.0, 0.0, 0.0, 0.0, 0.0, 0.0, 0.0, 0.0, 0.0, 0.0, 0.0, 0.0, 0.0, 0.0, 0.0, 0.0, 0.0, 0.0, 0.0, 0.0, 0.0, 0.0, 0.0, 0.0, 0.0, 0.0, 0.0, 0.0, 0.0, 0.0, 0.0, 0.0, 0.0, 0.0, 0.0, 0.0, 0.0, 0.0, 0.0, 0.0, 0.0, 0.0, 0.0, 0.0, 0.0, 0.0, 0.0, 0.0, 0.0, 0.0, 0.0, 0.0, 0.0, 0.0, 0.0, 0.0, 0.0, 0.0, 0.0, 0.0, 0.0, 0.0, 0.0, 0.0, 0.0, 0.0, 0.0, 0.0, 0.0, 0.0, 0.0, 0.0, 0.0, 0.0, 0.0, 0.0, 0.0, 0.0, 0.0, 0.0, 0.0, 0.0, 0.0, 0.0, 0.0, 0.0, 0.0, 0.0, 0.0, 0.0, 0.0, 0.0, 0.0, 0.0, 0.0, 0.0, 0.0, 0.0, 0.0, 0.0, 0.0, 0.0, 0.0, 0.0, 0.0, 0.0, 0.0, 0.0, 0.0, 0.0, 0.0, 0.0, 0.0, 0.0, 0.0, 0.0, 0.0, 0.0, 0.0, 0.0, 0.0, 0.0, 0.0, 0.0, 0.0, 0.0, 0.0, 0.0, 0.0, 0.0, 0.0, 0.0, 0.0, 0.0, 0.0, 0.0, 0.0, 0.0, 0.0, 0.0, 0.0, 0.0, 0.0, 0.0, 0.0, 0.0, 0.0, 0.0, 0.0, 0.0, 0.0, 0.0, 0.0, 0.0, 0.0, 0.0, 0.0, 0.0, 0.0, 0.0, 0.0, 0.0, 0.0, 0.0, 0.0, 0.0, 0.0, 0.0, 0.0, 0.0, 0.0, 0.0, 0.0, 0.0, 0.0, 0.0, 0.0, 0.0, 0.0, 0.0, 0.0, 0.0, 0.0, 0.0, 0.0, 0.0, 0.0, 0.0, 0.0, 0.0, 0.0, 0.0, 0.0, 0.0, 0.0, 0.0, 0.0, 0.0, 0.0, 0.0, 0.0, 0.0, 0.0, 0.0, 0.0, 0.0, 0.0, 0.0, 0.0, 0.0, 0.0, 0.0, 0.0, 0.0, 0.0, 0.0, 0.0, 0.0, 0.0, 0.0, 0.0, 0.0, 0.0, 0.0, 0.0, 0.0, 0.0, 0.0, 0.0, 0.0, 0.0, 0.0, 0.0, 0.0, 0.0, 0.0, 0.0, 0.0, 0.0, 0.0, 0.0, 0.0, 0.0, 0.0, 0.0, 0.0, 0.0, 0.0, 0.0, 0.0, 0.0, 0.0, 0.0, 0.0, 0.0, 0.0, 0.0, 0.0, 0.0, 0.0, 0.0, 0.0, 0.0, 0.0, 0.0, 0.0, 0.0, 0.0, 0.0, 0.0, 0.0, 0.0, 0.0, 0.0, 0.0, 0.0, 0.0, 0.0, 0.0, 0.0, 0.0, 0.0, 0.0, 0.0, 0.0, 0.0, 0.0, 0.0, 0.0, 0.0, 0.0, 0.0, 0.0, 0.0, 0.0, 0.0, 0.0, 0.0, 0.0, 0.0, 0.0, 0.0, 0.0, 0.0, 0.0, 0.0, 0.0, 0.0, 0.0, 0.0, 0.0, 0.0, 0.0, 0.0, 0.0, 0.0, 0.0, 0.0, 0.0, 0.0, 0.0, 0.0, 0.0, 0.0, 0.0, 0.0, 0.0, 0.0, 0.0, 0.0, 0.0, 0.0, 0.0, 0.0, 0.0, 0.0, 0.0, 0.0, 0.0, 0.0, 0.0, 0.0, 0.0, 0.0, 0.0, 0.0, 0.0, 0.0, 0.0, 0.0, 0.0, 0.0, 0.0, 0.0, 0.0, 0.0, 0.0, 0.0, 0.0, 0.0, 0.0, 0.0, 0.0, 0.0, 0.0, 0.0, 0.0, 0.0, 0.0, 0.0, 0.0, 0.0, 0.0, 0.0, 0.0, 0.0, 0.0, 0.0, 0.0, 0.0, 0.0, 0.0, 0.0, 0.0, 0.0, 0.0, 0.0, 0.0, 0.0, 0.0, 0.0, 0.0, 0.0, 0.0, 0.0, 0.0, 0.0, 0.0, 0.0, 0.0, 0.0, 0.0, 0.0, 0.0, 0.0, 0.0, 0.0, 0.0, 0.0, 0.0, 0.0, 0.0, 0.0, 0.0, 0.0, 0.0, 0.0, 0.0, 0.0, 0.0, 0.0, 0.0, 0.0, 0.0, 0.0, 0.0, 0.0, 0.0, 0.0, 0.0, 0.0, 0.0, 0.0, 0.0, 0.0, 0.0, 0.0, 0.0, 0.0, 0.0, 0.0, 0.0, 0.0, 0.0, 0.0, 0.0, 0.0, 0.0, 0.0, 0.0, 0.0, 0.0, 0.0, 0.0, 0.0, 0.0, 0.0, 0.0, 0.0, 0.0, 0.0, 0.0, 0.0, 0.0, 0.0, 0.0, 0.0, 0.0, 0.0, 0.0, 0.0, 0.0, 0.0, 0.0, 0.0, 0.0, 0.0, 0.0, 0.0, 0.0, 0.0, 0.0, 0.0, 0.0, 0.0, 0.0, 0.0, 0.0, 0.0, 0.0, 0.0, 0.0, 0.0, 0.0, 0.0, 0.0, 0.0, 0.0, 0.0, 0.0, 0.0, 0.0, 0.0, 0.0, 0.0, 0.0, 0.0, 0.0, 0.0, 0.0, 0.0, 0.0, 0.0, 0.0, 0.0, 0.0, 0.0, 0.0, 0.0, 0.0, 0.0, 0.0, 0.0, 0.0, 0.0, 0.0, 0.0, 0.0, 0.0, 0.0, 0.0, 0.0, 0.0, 0.0, 0.0, 0.0, 0.0, 0.0, 0.0, 0.0, 0.0, 0.0, 0.0, 0.0, 0.0, 0.0, 0.0, 0.0, 0.0, 0.0, 0.0, 0.0, 0.0, 0.0, 0.0, 0.0, 0.0, 0.0, 0.0, 0.0, 0.0, 0.0, 0.0, 0.0, 0.0, 0.0, 0.0, 0.0, 0.0, 0.0, 0.0, 0.0, 0.0, 0.0, 0.0, 0.0, 0.0, 0.0, 0.0, 0.0, 0.0, 0.0, 0.0, 0.0, 0.0, 0.0, 0.0, 0.0, 0.0, 0.0, 0.0, 0.0, 0.0, 0.0, 0.0, 0.0, 0.0, 0.0, 0.0, 0.0, 0.0, 0.0, 0.0, 0.0, 0.0, 0.0, 0.0, 0.0, 0.0, 0.0, 0.0, 0.0, 0.0, 0.0, 0.0, 0.0, 0.0, 0.0, 0.0, 0.0, 0.0, 0.0, 0.0, 0.0, 0.0, 0.0, 0.0, 0.0, 0.0, 0.0, 0.0, 0.0, 0.0, 0.0, 0.0, 0.0, 0.0, 0.0, 0.0, 0.0, 0.0, 0.0, 0.0, 0.0, 0.0, 0.0, 0.0, 0.0, 0.0, 0.0, 0.0, 0.0, 0.0, 0.0, 0.0, 0.0, 0.0, 0.0, 0.0, 0.0, 0.0, 0.0, 0.0, 0.0, 0.0, 0.0, 0.0, 0.0, 0.0, 0.0, 0.0, 0.0, 0.0, 0.0, 0.0, 0.0, 0.0, 0.0, 0.0, 0.0, 0.0, 0.0, 0.0, 0.0, 0.0, 0.0, 0.0, 0.0, 0.0, 0.0, 0.0, 0.0, 0.0, 0.0, 0.0, 0.0, 0.0, 0.0, 0.0, 0.0, 0.0, 0.0, 0.0, 0.0, 0.0, 0.0, 0.0, 0.0, 0.0, 0.0, 0.0, 0.0, 0.0, 0.0, 0.0, 0.0, 0.0, 0.0, 0.0, 0.0, 0.0, 0.0, 0.0, 0.0, 0.0, 0.0, 0.0, 0.0, 0.0, 0.0, 0.0, 0.0, 0.0, 0.0, 0.0, 0.0, 0.0, 0.0, 0.0, 0.0, 0.0, 0.0, 0.0, 0.0, 0.0, 0.0, 0.0, 0.0, 0.0, 0.0, 0.0, 0.0, 0.0, 0.0, 0.0, 0.0, 0.0, 0.0, 0.0, 0.0, 0.0, 0.0, 0.0, 0.0, 0.0, 0.0, 0.0, 0.0, 0.0, 0.0, 0.0, 0.0, 0.0, 0.0, 0.0, 0.0, 0.0, 0.0, 0.0, 0.0, 0.0, 0.0, 0.0, 0.0, 0.0, 0.0, 0.0, 0.0, 0.0, 0.0, 0.0, 0.0, 0.0, 0.0, 0.0, 0.0, 0.0, 0.0, 0.0, 0.0, 0.0, 0.0, 0.0, 0.0, 0.0, 0.0, 0.0, 0.0, 0.0, 0.0, 0.0, 0.0, 0.0, 0.0, 0.0, 0.0, 0.0, 0.0, 0.0, 0.0, 0.0, 0.0, 0.0, 0.0, 0.0, 0.0, 0.0, 0.0, 0.0, 0.0, 0.0, 0.0, 0.0, 0.0, 0.0, 0.0, 0.0, 0.0, 0.0, 0.0, 0.0, 0.0, 0.0, 0.0, 0.0, 0.0, 0.0, 0.0, 0.0, 0.0, 0.0, 0.0, 0.0, 0.0, 0.0, 0.0, 0.0, 0.0, 0.0, 0.0, 0.0, 0.0, 0.0, 0.0, 0.0, 0.0, 0.0, 0.0, 0.0, 0.0, 0.0, 0.0, 0.0, 0.0, 0.0, 0.0, 0.0, 0.0, 0.0, 0.0, 0.0, 0.0, 0.0, 0.0, 0.0, 0.0, 0.0, 0.0, 0.0, 0.0, 0.0, 0.0, 0.0, 0.0, 0.0, 0.0, 0.0, 0.0, 0.0, 0.0, 0.0, 0.0, 0.0, 0.0, 0.0, 0.0, 0.0, 0.0, 0.0, 0.0, 0.0, 0.0, 0.0, 0.0, 0.0, 0.0, 0.0, 0.0, 0.0, 0.0, 0.0, 0.0, 0.0, 0.0, 0.0, 0.0, 0.0, 0.0, 0.0, 0.0, 0.0, 0.0, 0.0, 0.0, 0.0, 0.0, 0.0, 0.0, 0.0, 0.0, 0.0, 0.0, 0.0, 0.0, 0.0, 0.0, 0.0, 0.0, 0.0, 0.0, 0.0, 0.0, 0.0, 0.0, 0.0, 0.0, 0.0, 0.0, 0.0, 0.0, 0.0, 0.0, 0.0, 0.0, 0.0, 0.0, 0.0, 0.0, 0.0, 0.0, 0.0, 0.0, 0.0, 0.0, 0.0, 0.0, 0.0, 0.0, 0.0, 0.0, 0.0, 0.0, 0.0, 0.0, 0.0, 0.0, 0.0, 0.0, 0.0, 0.0, 0.0, 0.0, 0.0, 0.0, 0.0, 0.0, 0.0, 0.0, 0.0, 0.0, 0.0, 0.0, 0.0, 0.0, 0.0, 0.0, 0.0, 0.0, 0.0, 0.0, 0.0, 0.0, 0.0, 0.0, 0.0, 0.0, 0.0, 0.0, 0.0, 0.0, 0.0, 0.0, 0.0, 0.0, 0.0, 0.0, 0.0, 0.0, 0.0, 0.0, 0.0, 0.0, 0.0, 0.0, 0.0, 0.0, 0.0, 0.0, 0.0, 0.0, 0.0, 0.0, 0.0, 0.0, 0.0, 0.0, 0.0, 0.0, 0.0, 0.0, 0.0, 0.0, 0.0, 0.0, 0.0, 0.0, 0.0, 0.0, 0.0, 0.0, 0.0, 0.0, 0.0, 0.0, 0.0, 0.0, 0.0, 0.0, 0.0, 0.0, 0.0, 0.0, 0.0, 0.0, 0.0, 0.0, 0.0, 0.0, 0.0, 0.0, 0.0, 0.0, 0.0, 0.0, 0.0, 0.0, 0.0, 0.0, 0.0, 0.0, 0.0, 0.0, 0.0, 0.0, 0.0, 0.0, 0.0, 0.0, 0.0, 0.0, 0.0, 0.0, 0.0, 0.0, 0.0, 0.0, 0.0, 0.0, 0.0, 0.0, 0.0, 0.0, 0.0, 0.0, 0.0, 0.0, 0.0, 0.0, 0.0, 0.0, 0.0, 0.0, 0.0, 0.0, 0.0, 0.0, 0.0, 0.0, 0.0, 0.0, 0.0, 0.0, 0.0, 0.0, 0.0, 0.0, 0.0, 0.0, 0.0, 0.0, 0.0, 0.0, 0.0, 0.0, 0.0, 0.0, 0.0, 0.0, 0.0, 0.0, 0.0, 0.0, 0.0, 0.0, 0.0, 0.0, 0.0, 0.0, 0.0, 0.0, 0.0, 0.0, 0.0, 0.0, 0.0, 0.0, 0.0, 0.0, 0.0, 0.0, 0.0, 0.0, 0.0, 0.0, 0.0, 0.0, 0.0, 0.0, 0.0, 0.0, 0.0, 0.0, 0.0, 0.0, 0.0, 0.0, 0.0, 0.0, 0.0, 0.0, 0.0, 0.0, 0.0, 0.0, 0.0, 0.0, 0.0, 0.0, 0.0, 0.0, 0.0, 0.0, 0.0, 0.0, 0.0, 0.0, 0.0, 0.0, 0.0, 0.0, 0.0, 0.0, 0.0, 0.0, 0.0, 0.0, 0.0, 0.0, 0.0, 0.0, 0.0, 0.0, 0.0, 0.0, 0.0, 0.0, 0.0, 0.0, 0.0, 0.0, 0.0, 0.0, 0.0, 0.0, 0.0, 0.0, 0.0, 0.0, 0.0, 0.0, 0.0, 0.0, 0.0, 0.0, 0.0, 0.0, 0.0, 0.0, 0.0, 0.0, 0.0, 0.0, 0.0, 0.0, 0.0, 0.0, 0.0, 0.0, 0.0, 0.0, 0.0, 0.0, 0.0, 0.0, 0.0, 0.0, 0.0, 0.0, 0.0, 0.0, 0.0, 0.0, 0.0, 0.0, 0.0, 0.0, 0.0, 0.0, 0.0, 0.0, 0.0, 0.0, 0.0, 0.0, 0.0, 0.0, 0.0, 0.0, 0.0, 0.0, 0.0, 0.0, 0.0, 0.0, 0.0, 0.0, 0.0, 0.0, 0.0, 0.0, 0.0, 0.0, 0.0, 0.0, 0.0, 0.0, 0.0, 0.0, 0.0, 0.0, 0.0, 0.0, 0.0, 0.0, 0.0, 0.0, 0.0, 0.0, 0.0, 0.0, 0.0, 0.0, 0.0, 0.0, 0.0, 0.0, 0.0, 0.0, 0.0, 0.0, 0.0, 0.0, 0.0, 0.0, 0.0, 0.0, 0.0, 0.0, 0.0, 0.0, 0.0, 0.0, 0.0, 0.0, 0.0, 0.0, 0.0, 0.0, 0.0, 0.0, 0.0, 0.0, 0.0, 0.0, 0.0, 0.0, 0.0, 0.0, 0.0, 0.0, 0.0, 0.0, 0.0, 0.0, 0.0, 0.0, 0.0, 0.0, 0.0, 0.0, 0.0, 0.0, 0.0, 0.0, 0.0, 0.0, 0.0, 0.0, 0.0, 0.0, 0.0, 0.0, 0.0, 0.0, 0.0, 0.0, 0.0, 0.0, 0.0, 0.0, 0.0, 0.0, 0.0, 0.0, 0.0, 0.0, 0.0, 0.0, 0.0, 0.0, 0.0, 0.0, 0.0, 0.0, 0.0, 0.0, 0.0, 0.0, 0.0, 0.0, 0.0, 0.0, 0.0, 0.0, 0.0, 0.0, 0.0, 0.0, 0.0, 0.0, 0.0, 0.0, 0.0, 0.0, 0.0, 0.0, 0.0, 0.0, 0.0, 0.0, 0.0, 0.0, 0.0, 0.0, 0.0, 0.0, 0.0, 0.0, 0.0, 0.0, 0.0, 0.0, 0.0, 0.0, 0.0, 0.0, 0.0, 0.0, 0.0, 0.0, 0.0, 0.0, 0.0, 0.0, 0.0, 0.0, 0.0, 0.0, 0.0, 0.0, 0.0, 0.0, 0.0, 0.0, 0.0, 0.0, 0.0, 0.0, 0.0, 0.0, 0.0, 0.0, 0.0, 0.0, 0.0, 0.0, 0.0, 0.0, 0.0, 0.0, 0.0, 0.0, 0.0, 0.0, 0.0, 0.0, 0.0, 0.0, 0.0, 0.0, 0.0, 0.0, 0.0, 0.0, 0.0, 0.0, 0.0, 0.0, 0.0, 0.0, 0.0, 0.0, 0.0, 0.0, 0.0, 0.0, 0.0, 0.0, 0.0, 0.0, 0.0, 0.0, 0.0, 0.0, 0.0, 0.0, 0.0, 0.0, 0.0, 0.0, 0.0, 0.0, 0.0, 0.0, 0.0, 0.0, 0.0, 0.0, 0.0, 0.0, 0.0, 0.0, 0.0, 0.0, 0.0, 0.0, 0.0, 0.0, 0.0, 0.0, 0.0, 0.0, 0.0, 0.0, 0.0, 0.0, 0.0, 0.0, 0.0, 0.0, 0.0, 0.0, 0.0, 0.0, 0.0, 0.0, 0.0, 0.0, 0.0, 0.0, 0.0, 0.0, 0.0, 0.0, 0.0, 0.0, 0.0, 0.0, 0.0, 0.0, 0.0, 0.0, 0.0, 0.0, 0.0, 0.0, 0.0, 0.0, 0.0, 0.0, 0.0, 0.0, 0.0, 0.0, 0.0, 0.0, 0.0, 0.0, 0.0, 0.0, 0.0, 0.0, 0.0, 0.0, 0.0, 0.0, 0.0, 0.0, 0.0, 0.0, 0.0, 0.0, 0.0, 0.0, 0.0, 0.0, 0.0, 0.0, 0.0, 0.0, 0.0, 0.0, 0.0, 0.0, 0.0, 0.0, 0.0, 0.0, 0.0, 0.0, 0.0, 0.0, 0.0, 0.0, 0.0, 0.0, 0.0, 0.0, 0.0, 0.0, 0.0, 0.0, 0.0, 0.0, 0.0, 0.0, 0.0, 0.0, 0.0, 0.0, 0.0, 0.0, 0.0, 0.0, 0.0, 0.0, 0.0, 0.0, 0.0, 0.0, 0.0, 0.0, 0.0, 0.0, 0.0, 0.0, 0.0, 0.0, 0.0, 0.0, 0.0, 0.0, 0.0, 0.0, 0.0, 0.0, 0.0, 0.0, 0.0, 0.0, 0.0, 0.0, 0.0, 0.0, 0.0, 0.0, 0.0, 0.0, 0.0, 0.0, 0.0, 0.0, 0.0, 0.0, 0.0, 0.0, 0.0, 0.0, 0.0, 0.0, 0.0, 0.0, 0.0, 0.0, 0.0, 0.0, 0.0, 0.0, 0.0, 0.0, 0.0, 0.0, 0.0, 0.0, 0.0, 0.0, 0.0, 0.0, 0.0, 0.0, 0.0, 0.0, 0.0, 0.0, 0.0, 0.0, 0.0, 0.0, 0.0, 0.0, 0.0, 0.0, 0.0, 0.0, 0.0, 0.0, 0.0, 0.0, 0.0, 0.0, 0.0, 0.0, 0.0, 0.0, 0.0, 0.0, 0.0, 0.0, 0.0, 0.0, 0.0, 0.0, 0.0, 0.0, 0.0, 0.0, 0.0, 0.0, 0.0, 0.0, 0.0, 0.0, 0.0, 0.0, 0.0, 0.0, 0.0, 0.0, 0.0, 0.0, 0.0, 0.0, 0.0, 0.0, 0.0, 0.0, 0.0, 0.0, 0.0, 0.0, 0.0, 0.0, 0.0, 0.0, 0.0, 0.0, 0.0, 0.0, 0.0, 0.0, 0.0, 0.0, 0.0, 0.0, 0.0, 0.0, 0.0, 0.0, 0.0, 0.0, 0.0, 0.0, 0.0, 0.0, 0.0, 0.0, 0.0, 0.0, 0.0, 0.0, 0.0, 0.0, 0.0, 0.0, 0.0, 0.0, 0.0, 0.0, 0.0, 0.0, 0.0, 0.0, 0.0, 0.0, 0.0, 0.0, 0.0, 0.0, 0.0, 0.0, 0.0, 0.0, 0.0, 0.0, 0.0, 0.0, 0.0, 0.0, 0.0, 0.0, 0.0, 0.0, 0.0, 0.0, 0.0, 0.0, 0.0, 0.0, 0.0, 0.0, 0.0, 0.0, 0.0, 0.0, 0.0, 0.0, 0.0, 0.0, 0.0, 0.0, 0.0, 0.0, 0.0, 0.0, 0.0, 0.0, 0.0, 0.0, 0.0, 0.0, 0.0, 0.0, 0.0, 0.0, 0.0, 0.0, 0.0, 0.0, 0.0, 0.0, 0.0, 0.0, 0.0, 0.0, 0.0, 0.0, 0.0, 0.0, 0.0, 0.0, 0.0, 0.0, 0.0, 0.0, 0.0, 0.0, 0.0, 0.0, 0.0, 0.0, 0.0, 0.0, 0.0, 0.0, 0.0, 0.0, 0.0, 0.0, 0.0, 0.0, 0.0, 0.0, 0.0, 0.0, 0.0, 0.0, 0.0, 0.0, 0.0, 0.0, 0.0, 0.0, 0.0, 0.0, 0.0, 0.0, 0.0, 0.0, 0.0, 0.0, 0.0, 0.0, 0.0, 0.0, 0.0, 0.0, 0.0, 0.0, 0.0, 0.0, 0.0, 0.0, 0.0, 0.0, 0.0, 0.0, 0.0, 0.0, 0.0, 0.0, 0.0, 0.0, 0.0, 0.0, 0.0, 0.0, 0.0, 0.0, 0.0, 0.0, 0.0, 0.0, 0.0, 0.0, 0.0, 0.0, 0.0, 0.0, 0.0, 0.0, 0.0, 0.0, 0.0, 0.0, 0.0, 0.0, 0.0, 0.0, 0.0, 0.0, 0.0, 0.0, 0.0, 0.0, 0.0, 0.0, 0.0, 0.0, 0.0, 0.0, 0.0, 0.0, 0.0, 0.0, 0.0, 0.0, 0.0, 0.0, 0.0, 0.0, 0.0, 0.0, 0.0, 0.0, 0.0, 0.0, 0.0, 0.0, 0.0, 0.0, 0.0, 0.0, 0.0, 0.0, 0.0, 0.0, 0.0, 0.0, 0.0, 0.0, 0.0, 0.0, 0.0, 0.0, 0.0, 0.0, 0.0, 0.0, 0.0, 0.0, 0.0, 0.0, 0.0, 0.0, 0.0, 0.0, 0.0, 0.0, 0.0, 0.0, 0.0, 0.0, 0.0, 0.0, 0.0, 0.0, 0.0, 0.0, 0.0, 0.0, 0.0, 0.0, 0.0, 0.0, 0.0, 0.0, 0.0, 0.0, 0.0, 0.0, 0.0, 0.0, 0.0, 0.0, 0.0, 0.0, 0.0, 0.0, 0.0, 0.0, 0.0, 0.0, 0.0, 0.0, 0.0, 0.0, 0.0, 0.0, 0.0, 0.0, 0.0, 0.0, 0.0, 0.0, 0.0, 0.0, 0.0, 0.0, 0.0, 0.0, 0.0, 0.0, 0.0, 0.0, 0.0, 0.0, 0.0, 0.0, 0.0, 0.0, 0.0, 0.0, 0.0, 0.0, 0.0, 0.0, 0.0, 0.0, 0.0, 0.0, 0.0, 0.0, 0.0, 0.0, 0.0, 0.0, 0.0, 0.0, 0.0, 0.0, 0.0, 0.0, 0.0, 0.0, 0.0, 0.0, 0.0, 0.0, 0.0, 0.0, 0.0, 0.0, 0.0, 0.0, 0.0, 0.0, 0.0, 0.0, 0.0, 0.0, 0.0, 0.0, 0.0, 0.0, 0.0, 0.0, 0.0, 0.0, 0.0, 0.0, 0.0, 0.0, 0.0, 0.0, 0.0, 0.0, 0.0, 0.0, 0.0, 0.0, 0.0, 0.0, 0.0, 0.0, 0.0, 0.0, 0.0, 0.0, 0.0, 0.0, 0.0, 0.0, 0.0, 0.0, 0.0, 0.0, 0.0, 0.0, 0.0, 0.0, 0.0, 0.0, 0.0, 0.0, 0.0, 0.0, 0.0, 0.0, 0.0, 0.0, 0.0, 0.0, 0.0, 0.0, 0.0, 0.0, 0.0, 0.0, 0.0, 0.0, 0.0, 0.0, 0.0, 0.0, 0.0, 0.0, 0.0, 0.0, 0.0, 0.0, 0.0, 0.0, 0.0, 0.0, 0.0, 0.0, 0.0, 0.0, 0.0, 0.0, 0.0, 0.0, 0.0, 0.0, 0.0, 0.0, 0.0, 0.0, 0.0, 0.0, 0.0, 0.0, 0.0, 0.0, 0.0, 0.0, 0.0, 0.0, 0.0, 0.0, 0.0, 0.0, 0.0, 0.0, 0.0, 0.0, 0.0, 0.0, 0.0, 0.0, 0.0, 0.0, 0.0, 0.0, 0.0, 0.0, 0.0, 0.0, 0.0, 0.0, 0.0, 0.0, 0.0, 0.0, 0.0, 0.0, 0.0, 0.0, 0.0, 0.0, 0.0, 0.0, 0.0, 0.0, 0.0, 0.0, 0.0, 0.0, 0.0, 0.0, 0.0, 0.0, 0.0, 0.0, 0.0, 0.0, 0.0, 0.0, 0.0, 0.0, 0.0, 0.0, 0.0, 0.0, 0.0, 0.0, 0.0, 0.0, 0.0, 0.0, 0.0, 0.0, 0.0, 0.0, 0.0, 0.0, 0.0, 0.0, 0.0, 0.0, 0.0, 0.0, 0.0, 0.0, 0.0, 0.0, 0.0, 0.0, 0.0, 0.0, 0.0, 0.0, 0.0, 0.0, 0.0, 0.0, 0.0, 0.0, 0.0, 0.0, 0.0, 0.0, 0.0, 0.0, 0.0, 0.0, 0.0, 0.0, 0.0, 0.0, 0.0, 0.0, 0.0, 0.0, 0.0, 0.0, 0.0, 0.0, 0.0, 0.0, 0.0, 0.0, 0.0, 0.0, 0.0, 0.0, 0.0, 0.0, 0.0, 0.0, 0.0, 0.0, 0.0, 0.0, 0.0, 0.0, 0.0, 0.0, 0.0, 0.0, 0.0, 0.0, 0.0, 0.0, 0.0, 0.0, 0.0, 0.0, 0.0, 0.0, 0.0, 0.0, 0.0, 0.0, 0.0, 0.0, 0.0, 0.0, 0.0, 0.0, 0.0, 0.0, 0.0, 0.0, 0.0, 0.0, 0.0, 0.0, 0.0, 0.0, 0.0, 0.0, 0.0, 0.0, 0.0, 0.0, 0.0, 0.0, 0.0, 0.0, 0.0, 0.0, 0.0, 0.0, 0.0, 0.0, 0.0, 0.0, 0.0, 0.0, 0.0, 0.0, 0.0, 0.0, 0.0, 0.0, 0.0, 0.0, 0.0, 0.0, 0.0, 0.0, 0.0, 0.0, 0.0, 0.0, 0.0, 0.0, 0.0, 0.0, 0.0, 0.0, 0.0, 0.0, 0.0, 0.0, 0.0, 0.0, 0.0, 0.0, 0.0, 0.0, 0.0, 0.0, 0.0, 0.0, 0.0, 0.0, 0.0, 0.0, 0.0, 0.0, 0.0, 0.0, 0.0, 0.0, 0.0, 0.0, 0.0, 0.0, 0.0, 0.0, 0.0, 0.0, 0.0, 0.0, 0.0, 0.0, 0.0, 0.0, 0.0, 0.0, 0.0, 0.0, 0.0, 0.0, 0.0, 0.0, 0.0, 0.0, 0.0, 0.0, 0.0, 0.0, 0.0, 0.0, 0.0, 0.0, 0.0, 0.0, 0.0, 0.0, 0.0, 0.0, 0.0, 0.0, 0.0, 0.0, 0.0, 0.0, 0.0, 0.0, 0.0, 0.0, 0.0, 0.0, 0.0, 0.0, 0.0, 0.0, 0.0, 0.0, 0.0, 0.0, 0.0, 0.0, 0.0, 0.0, 0.0, 0.0, 0.0, 0.0, 0.0, 0.0, 0.0, 0.0, 0.0, 0.0, 0.0, 0.0, 0.0, 0.0, 0.0, 0.0, 0.0, 0.0, 0.0, 0.0, 0.0, 0.0, 0.0, 0.0, 0.0, 0.0, 0.0, 0.0, 0.0, 0.0, 0.0, 0.0, 0.0, 0.0, 0.0, 0.0, 0.0, 0.0, 0.0, 0.0, 0.0, 0.0, 0.0, 0.0, 0.0, 0.0, 0.0, 0.0, 0.0, 0.0, 0.0, 0.0, 0.0, 0.0, 0.0, 0.0, 0.0, 0.0]"
cost_HX_2,0.0
objective_value,1.465836440934165e6
start_z_t,"[0.0, 0.0, 0.0, 0.0, 0.0, 0.0, 0.0, 0.0, 0.0, 0.0, 0.0, 0.0, 0.0, 0.0, 0.0, 0.0, 0.0, 0.0, 0.0, 0.0, 0.0, 0.0, 0.0, 0.0, 0.0, 0.0, 0.0, 0.0, 0.0, 0.0, 0.0, 0.0, 0.0, 0.0, 0.0, 0.0, 0.0, 0.0, 0.0, 0.0, 0.0, 0.0, 0.0, 0.0, 0.0, 0.0, 0.0, 0.0, 0.0, 0.0, 0.0, 0.0, 0.0, 0.0, 0.0, 0.0, 0.0, 0.0, 0.0, 0.0, 0.0, 0.0, 0.0, 0.0, 0.0, 0.0, 0.0, 0.0, 0.0, 0.0, 0.0, 0.0, 0.0, 0.0, 0.0, 0.0, 0.0, 0.0, 0.0, 0.0, 0.0, 0.0, 0.0, 0.0, 0.0, 0.0, 0.0, 0.0, 0.0, 0.0, 0.0, 0.0, 0.0, 0.0, 0.0, 0.0, 0.0, 0.0, 0.0, 0.0, 0.0, 0.0, 0.0, 0.0, 0.0, 0.0, 0.0, 0.0, 0.0, 0.0, 0.0, 0.0, 0.0, 0.0, 0.0, 0.0, 0.0, 0.0, 0.0, 0.0, 0.0, 0.0, 0.0, 0.0, 0.0, 0.0, 0.0, 0.0, 0.0, 0.0, 0.0, 0.0, 0.0, 0.0, 0.0, 0.0, 0.0, 0.0, 0.0, 0.0, 0.0, 0.0, 0.0, 0.0, 0.0, 0.0, 0.0, 0.0, 0.0, 0.0, 0.0, 0.0, 0.0, 0.0, 0.0, 0.0, 0.0, 0.0, 0.0, 0.0, 0.0, 0.0, 0.0, 0.0, 0.0, 0.0, 0.0, 0.0, 0.0, 0.0, 0.0, 0.0, 0.0, 0.0, 0.0, 0.0, 0.0, 0.0, 0.0, 0.0, 0.0, 0.0, 0.0, 0.0, 0.0, 0.0, 0.0, 0.0, 0.0, 0.0, 0.0, 0.0, 0.0, 0.0, 0.0, 0.0, 0.0, 0.0, 0.0, 0.0, 0.0, 0.0, 0.0, 0.0, 0.0, 0.0, 0.0, 0.0, 0.0, 0.0, 0.0, 0.0, 0.0, 0.0, 0.0, 0.0, 0.0, 0.0, 0.0, 0.0, 0.0, 0.0, 0.0, 0.0, 0.0, 0.0, 0.0, 0.0, 0.0, 0.0, 0.0, 0.0, 0.0, 0.0, 0.0, 0.0, 0.0, 0.0, 0.0, 0.0, 0.0, 0.0, 0.0, 0.0, 0.0, 0.0, 0.0, 0.0, 0.0, 0.0, 0.0, 0.0, 0.0, 0.0, 0.0, 0.0, 0.0, 0.0, 0.0, 0.0, 0.0, 0.0, 0.0, 0.0, 0.0, 0.0, 0.0, 0.0, 0.0, 0.0, 0.0, 0.0, 0.0, 0.0, 0.0, 0.0, 0.0, 0.0, 0.0, 0.0, 0.0, 0.0, 0.0, 0.0, 0.0, 0.0, 0.0, 0.0, 0.0, 0.0, 0.0, 0.0, 0.0, 0.0, 0.0, 0.0, 0.0, 0.0, 0.0, 0.0, 0.0, 0.0, 0.0, 0.0, 0.0, 0.0, 0.0, 0.0, 0.0, 0.0, 0.0, 0.0, 0.0, 0.0, 0.0, 0.0, 0.0, 0.0, 0.0, 0.0, 0.0, 0.0, 0.0, 0.0, 0.0, 0.0, 0.0, 0.0, 0.0, 0.0, 0.0, 0.0, 0.0, 0.0, 0.0, 0.0, 0.0, 0.0, 0.0, 0.0, 0.0, 0.0, 0.0, 0.0, 0.0, 0.0, 0.0, 0.0, 0.0, 0.0, 0.0, 0.0, 0.0, 0.0, 0.0, 0.0, 0.0, 0.0, 0.0, 0.0, 0.0, 0.0, 0.0, 0.0, 0.0, 0.0, 0.0, 0.0, 0.0, 0.0, 0.0, 0.0, 0.0, 0.0, 0.0, 0.0, 0.0, 0.0, 0.0, 0.0, 0.0, 0.0, 0.0, 0.0, 0.0, 0.0, 0.0, 0.0, 0.0, 0.0, 0.0, 0.0, 0.0, 0.0, 0.0, 0.0, 0.0, 0.0, 0.0, 0.0, 0.0, 0.0, 0.0, 0.0, 0.0, 0.0, 0.0, 0.0, 0.0, 0.0, 0.0, 0.0, 0.0, 0.0, 0.0, 0.0, 0.0, 0.0, 0.0, 0.0, 0.0, 0.0, 0.0, 0.0, 0.0, 0.0, 0.0, 0.0, 0.0, 0.0, 0.0, 0.0, 0.0, 0.0, 0.0, 0.0, 0.0, 0.0, 0.0, 0.0, 0.0, 0.0, 0.0, 0.0, 0.0, 0.0, 0.0, 0.0, 0.0, 0.0, 0.0, 0.0, 0.0, 0.0, 0.0, 0.0, 0.0, 0.0, 0.0, 0.0, 0.0, 0.0, 0.0, 0.0, 0.0, 0.0, 0.0, 0.0, 0.0, 0.0, 0.0, 0.0, 0.0, 0.0, 0.0, 0.0, 0.0, 0.0, 0.0, 0.0, 0.0, 0.0, 0.0, 0.0, 0.0, 0.0, 0.0, 0.0, 0.0, 0.0, 0.0, 0.0, 0.0, 0.0, 0.0, 0.0, 0.0, 0.0, 0.0, 0.0, 0.0, 0.0, 0.0, 0.0, 0.0, 0.0, 0.0, 0.0, 0.0, 0.0, 0.0, 0.0, 0.0, 0.0, 0.0, 0.0, 0.0, 0.0, 0.0, 0.0, 0.0, 0.0, 0.0, 0.0, 0.0, 0.0, 0.0, 0.0, 0.0, 0.0, 0.0, 0.0, 0.0, 0.0, 0.0, 0.0, 0.0, 0.0, 0.0, 0.0, 0.0, 0.0, 0.0, 0.0, 0.0, 0.0, 0.0, 0.0, 0.0, 0.0, 0.0, 0.0, 0.0, 0.0, 0.0, 0.0, 0.0, 0.0, 0.0, 0.0, 0.0, 0.0, 0.0, 0.0, 0.0, 0.0, 0.0, 0.0, 0.0, 0.0, 0.0, 0.0, 0.0, 0.0, 0.0, 0.0, 0.0, 0.0, 0.0, 0.0, 0.0, 0.0, 0.0, 0.0, 0.0, 0.0, 0.0, 0.0, 0.0, 0.0, 0.0, 0.0, 0.0, 0.0, 0.0, 0.0, 0.0, 0.0, 0.0, 0.0, 0.0, 0.0, 0.0, 0.0, 0.0, 0.0, 0.0, 0.0, 0.0, 0.0, 0.0, 0.0, 0.0, 0.0, 0.0, 0.0, 0.0, 0.0, 0.0, 0.0, 0.0, 0.0, 0.0, 0.0, 0.0, 0.0, 0.0, 0.0, 0.0, 0.0, 0.0, 0.0, 0.0, 0.0, 0.0, 0.0, 0.0, 0.0, 0.0, 0.0, 0.0, 0.0, 0.0, 0.0, 0.0, 0.0, 0.0, 0.0, 0.0, 0.0, 0.0, 0.0, 0.0, 0.0, 0.0, 0.0, 0.0, 0.0, 0.0, 0.0, 0.0, 0.0, 0.0, 0.0, 0.0, 0.0, 0.0, 0.0, 0.0, 0.0, 0.0, 0.0, 0.0, 0.0, 0.0, 0.0, 0.0, 0.0, 0.0, 0.0, 0.0, 0.0, 0.0, 0.0, 0.0, 0.0, 0.0, 0.0, 0.0, 0.0, 0.0, 0.0, 0.0, 0.0, 0.0, 0.0, 0.0, 0.0, 0.0, 0.0, 0.0, 0.0, 0.0, 0.0, 0.0, 0.0, 0.0, 0.0, 0.0, 0.0, 0.0, 0.0, 0.0, 0.0, 0.0, 0.0, 0.0, 0.0, 0.0, 0.0, 0.0, 0.0, 0.0, 0.0, 0.0, 0.0, 0.0, 0.0, 0.0, 0.0, 0.0, 0.0, 0.0, 0.0, 0.0, 0.0, 0.0, 0.0, 0.0, 0.0, 0.0, 0.0, 0.0, 0.0, 0.0, 0.0, 0.0, 0.0, 0.0, 0.0, 0.0, 0.0, 0.0, 0.0, 0.0, 0.0, 0.0, 0.0, 0.0, 0.0, 0.0, 0.0, 0.0, 0.0, 0.0, 0.0, 0.0, 0.0, 0.0, 0.0, 0.0, 0.0, 0.0, 0.0, 0.0, 0.0, 0.0, 0.0, 0.0, 0.0, 0.0, 0.0, 0.0, 0.0, 0.0, 0.0, 0.0, 0.0, 0.0, 0.0, 0.0, 0.0, 0.0, 0.0, 0.0, 0.0, 0.0, 0.0, 0.0, 0.0, 0.0, 0.0, 0.0, 0.0, 0.0, 0.0, 0.0, 0.0, 0.0, 0.0, 0.0, 0.0, 0.0, 0.0, 0.0, 0.0, 0.0, 0.0, 0.0, 0.0, 0.0, 0.0, 0.0, 0.0, 0.0, 0.0, 0.0, 0.0, 0.0, 0.0, 0.0, 0.0, 0.0, 0.0, 0.0, 0.0, 0.0, 0.0, 0.0, 0.0, 0.0, 0.0, 0.0, 0.0, 0.0, 0.0, 0.0, 0.0, 0.0, 0.0, 0.0, 0.0, 0.0, 0.0, 0.0, 0.0, 0.0, 0.0, 0.0, 0.0, 0.0, 0.0, 0.0, 0.0, 0.0, 0.0, 0.0, 0.0, 0.0, 0.0, 0.0, 0.0, 0.0, 0.0, 0.0, 0.0, 0.0, 0.0, 0.0, 0.0, 0.0, 0.0, 0.0, 0.0, 0.0, 0.0, 0.0, 0.0, 0.0, 0.0, 0.0, 0.0, 0.0, 0.0, 0.0, 0.0, 0.0, 0.0, 0.0, 0.0, 0.0, 0.0, 0.0, 0.0, 0.0, 0.0, 0.0, 0.0, 0.0, 0.0, 0.0, 0.0, 0.0, 0.0, 0.0, 0.0, 0.0, 0.0, 0.0, 0.0, 0.0, 0.0, 0.0, 0.0, 0.0, 0.0, 0.0, 0.0, 0.0, 0.0, 0.0, 0.0, 0.0, 0.0, 0.0, 0.0, 0.0, 0.0, 0.0, 0.0, 0.0, 0.0, 0.0, 0.0, 0.0, 0.0, 0.0, 0.0, 0.0, 0.0, 0.0, 0.0, 0.0, 0.0, 0.0, 0.0, 0.0, 0.0, 0.0, 0.0, 0.0, 0.0, 0.0, 0.0, 0.0, 0.0, 0.0, 0.0, 0.0, 0.0, 0.0, 0.0, 0.0, 0.0, 0.0, 0.0, 0.0, 0.0, 0.0, 0.0, 0.0, 0.0, 0.0, 0.0, 0.0, 0.0, 0.0, 0.0, 0.0, 0.0, 0.0, 0.0, 0.0, 0.0, 0.0, 0.0, 0.0, 0.0, 0.0, 0.0, 0.0, 0.0, 0.0, 0.0, 0.0, 0.0, 0.0, 0.0, 0.0, 0.0, 0.0, 0.0, 0.0, 0.0, 0.0, 0.0, 0.0, 0.0, 0.0, 0.0, 0.0, 0.0, 0.0, 0.0, 0.0, 0.0, 0.0, 0.0, 0.0, 0.0, 0.0, 0.0, 0.0, 0.0, 0.0, 0.0, 0.0, 0.0, 0.0, 0.0, 0.0, 0.0, 0.0, 0.0, 0.0, 0.0, 0.0, 0.0, 0.0, 0.0, 0.0, 0.0, 0.0, 0.0, 0.0, 0.0, 0.0, 0.0, 0.0, 0.0, 0.0, 0.0, 0.0, 0.0, 0.0, 0.0, 0.0, 0.0, 0.0, 0.0, 0.0, 0.0, 0.0, 0.0, 0.0, 0.0, 0.0, 0.0, 0.0, 0.0, 0.0, 0.0, 0.0, 0.0, 0.0, 0.0, 0.0, 0.0, 0.0, 0.0, 0.0, 0.0, 0.0, 0.0, 0.0, 0.0, 0.0, 0.0, 0.0, 0.0, 0.0, 0.0, 0.0, 0.0, 0.0, 0.0, 0.0, 0.0, 0.0, 0.0, 0.0, 0.0, 0.0, 0.0, 0.0, 0.0, 0.0, 0.0, 0.0, 0.0, 0.0, 0.0, 0.0, 0.0, 0.0, 0.0, 0.0, 0.0, 0.0, 0.0, 0.0, 0.0, 0.0, 0.0, 0.0, 0.0, 0.0, 0.0, 0.0, 0.0, 0.0, 0.0, 0.0, 0.0, 0.0, 0.0, 0.0, 0.0, 0.0, 0.0, 0.0, 0.0, 0.0, 0.0, 0.0, 0.0, 0.0, 0.0, 0.0, 0.0, 0.0, 0.0, 0.0, 0.0, 0.0, 0.0, 0.0, 0.0, 0.0, 0.0, 0.0, 0.0, 0.0, 0.0, 0.0, 0.0, 0.0, 0.0, 0.0, 0.0, 0.0, 0.0, 0.0, 0.0, 0.0, 0.0, 0.0, 0.0, 0.0, 0.0, 0.0, 0.0, 0.0, 0.0, 0.0, 0.0, 0.0, 0.0, 0.0, 0.0, 0.0, 0.0, 0.0, 0.0, 0.0, 0.0, 0.0, 0.0, 0.0, 0.0, 0.0, 0.0, 0.0, 0.0, 0.0, 0.0, 0.0, 0.0, 0.0, 0.0, 0.0, 0.0, 0.0, 0.0, 0.0, 0.0, 0.0, 0.0, 0.0, 0.0, 0.0, 0.0, 0.0, 0.0, 0.0, 0.0, 0.0, 0.0, 0.0, 0.0, 0.0, 0.0, 0.0, 0.0, 0.0, 0.0, 0.0, 0.0, 0.0, 0.0, 0.0, 0.0, 0.0, 0.0, 0.0, 0.0, 0.0, 0.0, 0.0, 0.0, 0.0, 0.0, 0.0, 0.0, 0.0, 0.0, 0.0, 0.0, 0.0, 0.0, 0.0, 0.0, 0.0, 0.0, 0.0, 0.0, 0.0, 0.0, 0.0, 0.0, 0.0, 0.0, 0.0, 0.0, 0.0, 0.0, 0.0, 0.0, 0.0, 0.0, 0.0, 0.0, 0.0, 0.0, 0.0, 0.0, 0.0, 0.0, 0.0, 0.0, 0.0, 0.0, 0.0, 0.0, 0.0, 0.0, 0.0, 0.0, 0.0, 0.0, 0.0, 0.0, 0.0, 0.0, 0.0, 0.0, 0.0, 0.0, 0.0, 0.0, 0.0, 0.0, 0.0, 0.0, 0.0, 0.0, 0.0, 0.0, 0.0, 0.0, 0.0, 0.0, 0.0, 0.0, 0.0, 0.0, 0.0, 0.0, 0.0, 0.0, 0.0, 0.0, 0.0, 0.0, 0.0, 0.0, 0.0, 0.0, 0.0, 0.0, 0.0, 0.0, 0.0, 0.0, 0.0, 0.0, 0.0, 0.0, 0.0, 0.0, 0.0, 0.0, 0.0, 0.0, 0.0, 0.0, 0.0, 0.0, 0.0, 0.0, 0.0, 0.0, 0.0, 0.0, 0.0, 0.0, 0.0, 0.0, 0.0, 0.0, 0.0, 0.0, 0.0, 0.0, 0.0, 0.0, 0.0, 0.0, 0.0, 0.0, 0.0, 0.0, 0.0, 0.0, 0.0, 0.0, 0.0, 0.0, 0.0, 0.0, 0.0, 0.0, 0.0, 0.0, 0.0, 0.0, 0.0, 0.0, 0.0, 0.0, 0.0, 0.0, 0.0, 0.0, 0.0, 0.0, 0.0, 0.0, 0.0, 0.0, 0.0, 0.0, 0.0, 0.0, 0.0, 0.0, 0.0, 0.0, 0.0, 0.0, 0.0, 0.0, 0.0, 0.0, 0.0, 0.0, 0.0, 0.0, 0.0, 0.0, 0.0, 0.0, 0.0, 0.0, 0.0, 0.0, 0.0, 0.0, 0.0, 0.0, 0.0, 0.0, 0.0, 0.0, 0.0, 0.0, 0.0, 0.0, 0.0, 0.0, 0.0, 0.0, 0.0, 0.0, 0.0, 0.0, 0.0, 0.0, 0.0, 0.0, 0.0, 0.0, 0.0, 0.0, 0.0, 0.0, 0.0, 0.0, 0.0, 0.0, 0.0, 0.0, 0.0, 0.0, 0.0, 0.0, 0.0, 0.0, 0.0, 0.0, 0.0, 0.0, 0.0, 0.0, 0.0, 0.0, 0.0, 0.0, 0.0, 0.0, 0.0, 0.0, 0.0, 0.0, 0.0, 0.0, 0.0, 0.0, 0.0, 0.0, 0.0, 0.0, 0.0, 0.0, 0.0, 0.0, 0.0, 0.0, 0.0, 0.0, 0.0, 0.0, 0.0, 0.0, 0.0, 0.0, 0.0, 0.0, 0.0, 0.0, 0.0, 0.0, 0.0, 0.0, 0.0, 0.0, 0.0, 0.0, 0.0, 0.0, 0.0, 0.0, 0.0, 0.0, 0.0, 0.0, 0.0, 0.0, 0.0, 0.0, 0.0, 0.0, 0.0, 0.0, 0.0, 0.0, 0.0, 0.0, 0.0, 0.0, 0.0, 0.0, 0.0, 0.0, 0.0, 0.0, 0.0, 0.0, 0.0, 0.0, 0.0, 0.0, 0.0, 0.0, 0.0, 0.0, 0.0, 0.0, 0.0, 0.0, 0.0, 0.0, 0.0, 0.0, 0.0, 0.0, 0.0, 0.0, 0.0, 0.0, 0.0, 0.0, 0.0, 0.0, 0.0, 0.0, 0.0, 0.0, 0.0, 0.0, 0.0, 0.0, 0.0, 0.0, 0.0, 0.0, 0.0, 0.0, 0.0, 0.0, 0.0, 0.0, 0.0, 0.0, 0.0, 0.0, 0.0, 0.0, 0.0, 0.0, 0.0, 0.0, 0.0, 0.0, 0.0, 0.0, 0.0, 0.0, 0.0, 0.0, 0.0, 0.0, 0.0, 0.0, 0.0, 0.0, 0.0, 0.0, 0.0, 0.0, 0.0, 0.0, 0.0, 0.0, 0.0, 0.0, 0.0, 0.0, 0.0, 0.0, 0.0, 0.0, 0.0, 0.0, 0.0, 0.0, 0.0, 0.0, 0.0, 0.0, 0.0, 0.0, 0.0, 0.0, 0.0, 0.0, 0.0, 0.0, 0.0, 0.0, 0.0, 0.0, 0.0, 0.0, 0.0, 0.0, 0.0, 0.0, 0.0, 0.0, 0.0, 0.0, 0.0, 0.0, 0.0, 0.0, 0.0, 0.0, 0.0, 0.0, 0.0, 0.0, 0.0, 0.0, 0.0, 0.0, 0.0, 0.0, 0.0, 0.0, 0.0, 0.0, 0.0, 0.0, 0.0, 0.0, 0.0, 0.0, 0.0, 0.0, 0.0, 0.0, 0.0, 0.0, 0.0, 0.0, 0.0, 0.0, 0.0, 0.0, 0.0, 0.0, 0.0, 0.0, 0.0, 0.0, 0.0, 0.0, 0.0, 0.0, 0.0, 0.0, 0.0, 0.0, 0.0, 0.0, 0.0, 0.0, 0.0, 0.0, 0.0, 0.0, 0.0, 0.0, 0.0, 0.0, 0.0, 0.0, 0.0, 0.0, 0.0, 0.0, 0.0, 0.0, 0.0, 0.0, 0.0, 0.0, 0.0, 0.0, 0.0, 0.0, 0.0, 0.0, 0.0, 0.0, 0.0, 0.0, 0.0, 0.0, 0.0, 0.0, 0.0, 0.0, 0.0, 0.0, 0.0, 0.0, 0.0, 0.0, 0.0, 0.0, 0.0, 0.0, 0.0, 0.0, 0.0, 0.0, 0.0, 0.0, 0.0, 0.0, 0.0, 0.0, 0.0, 0.0, 0.0, 0.0, 0.0, 0.0, 0.0, 0.0, 0.0, 0.0, 0.0, 0.0, 0.0, 0.0, 0.0, 0.0, 0.0, 0.0, 0.0, 0.0, 0.0, 0.0, 0.0, 0.0, 0.0, 0.0, 0.0, 0.0, 0.0, 0.0, 0.0, 0.0, 0.0, 0.0, 0.0, 0.0, 0.0, 0.0, 0.0, 0.0, 0.0, 0.0, 0.0, 0.0, 0.0, 0.0, 0.0, 0.0, 0.0, 0.0, 0.0, 0.0, 0.0, 0.0, 0.0, 0.0, 0.0, 0.0, 0.0, 0.0, 0.0, 0.0, 0.0, 0.0, 0.0, 0.0, 0.0, 0.0, 0.0, 0.0, 0.0, 0.0, 0.0, 0.0, 0.0, 0.0, 0.0, 0.0, 0.0, 0.0, 0.0, 0.0, 0.0, 0.0, 0.0, 0.0, 0.0, 0.0, 0.0, 0.0, 0.0, 0.0, 0.0, 0.0, 0.0, 0.0, 0.0, 0.0, 0.0, 0.0, 0.0, 0.0, 0.0, 0.0, 0.0, 0.0, 0.0, 0.0, 0.0, 0.0, 0.0, 0.0, 0.0, 0.0, 0.0, 0.0, 0.0, 0.0, 0.0, 0.0, 0.0, 0.0, 0.0, 0.0, 0.0, 0.0, 0.0, 0.0, 0.0, 0.0, 0.0, 0.0, 0.0, 0.0, 0.0, 0.0, 0.0, 0.0, 0.0, 0.0, 0.0, 0.0, 0.0, 0.0, 0.0, 0.0, 0.0, 0.0, 0.0, 0.0, 0.0, 0.0, 0.0, 0.0, 0.0, 0.0, 0.0, 0.0, 0.0, 0.0, 0.0, 0.0, 0.0, 0.0, 0.0, 0.0, 0.0, 0.0, 0.0, 0.0, 0.0, 0.0, 0.0, 0.0, 0.0, 0.0, 0.0, 0.0, 0.0, 0.0, 0.0, 0.0, 0.0, 0.0, 0.0, 0.0, 0.0, 0.0, 0.0, 0.0, 0.0, 0.0, 0.0, 0.0, 0.0, 0.0, 0.0, 0.0, 0.0, 0.0, 0.0, 0.0, 0.0, 0.0, 0.0, 0.0, 0.0, 0.0, 0.0, 0.0, 0.0, 0.0, 0.0, 0.0, 0.0, 0.0, 0.0, 0.0, 0.0, 0.0, 0.0, 0.0, 0.0, 0.0, 0.0, 0.0, 0.0, 0.0, 0.0, 0.0, 0.0, 0.0, 0.0, 0.0, 0.0, 0.0, 0.0, 0.0, 0.0, 0.0, 0.0, 0.0, 0.0, 0.0, 0.0, 0.0, 0.0, 0.0, 0.0, 0.0, 0.0, 0.0, 0.0, 0.0, 0.0, 0.0, 0.0, 0.0, 0.0, 0.0, 0.0, 0.0, 0.0, 0.0, 0.0, 0.0, 0.0, 0.0, 0.0, 0.0, 0.0, 0.0, 0.0, 0.0, 0.0, 0.0, 0.0, 0.0, 0.0, 0.0, 0.0, 0.0, 0.0, 0.0, 0.0, 0.0, 0.0, 0.0, 0.0, 0.0, 0.0, 0.0, 0.0, 0.0, 0.0, 0.0, 0.0, 0.0, 0.0, 0.0, 0.0, 0.0, 0.0, 0.0, 0.0, 0.0, 0.0, 0.0, 0.0, 0.0, 0.0, 0.0, 0.0, 0.0, 0.0, 0.0, 0.0, 0.0, 0.0, 0.0, 0.0, 0.0, 0.0, 0.0, 0.0, 0.0, 0.0, 0.0, 0.0, 0.0, 0.0, 0.0, 0.0, 0.0, 0.0, 0.0, 0.0, 0.0, 0.0, 0.0, 0.0, 0.0, 0.0, 0.0, 0.0, 0.0, 0.0, 0.0, 0.0, 0.0, 0.0, 0.0, 0.0, 0.0, 0.0, 0.0, 0.0, 0.0, 0.0, 0.0, 0.0, 0.0, 0.0, 0.0, 0.0, 0.0, 0.0, 0.0, 0.0, 0.0, 0.0, 0.0, 0.0, 0.0, 0.0, 0.0, 0.0, 0.0, 0.0, 0.0, 0.0, 0.0, 0.0, 0.0, 0.0, 0.0, 0.0, 0.0, 0.0, 0.0, 0.0, 0.0, 0.0, 0.0, 0.0, 0.0, 0.0, 0.0, 0.0, 0.0, 0.0, 0.0, 0.0, 0.0, 0.0, 0.0, 0.0, 0.0, 0.0, 0.0, 0.0, 0.0, 0.0, 0.0, 0.0, 0.0, 0.0, 0.0, 0.0, 0.0, 0.0, 0.0, 0.0, 0.0, 0.0, 0.0, 0.0, 0.0, 0.0, 0.0, 0.0, 0.0, 0.0, 0.0, 0.0, 0.0, 0.0, 0.0, 0.0, 0.0, 0.0, 0.0, 0.0, 0.0, 0.0, 0.0, 0.0, 0.0, 0.0, 0.0, 0.0, 0.0, 0.0, 0.0, 0.0, 0.0, 0.0, 0.0, 0.0, 0.0, 0.0, 0.0, 0.0, 0.0, 0.0, 0.0, 0.0, 0.0, 0.0, 0.0, 0.0, 0.0, 0.0, 0.0, 0.0, 0.0, 0.0, 0.0, 0.0, 0.0, 0.0, 0.0, 0.0, 0.0, 0.0, 0.0, 0.0, 0.0, 0.0, 0.0, 0.0, 0.0, 0.0, 0.0, 0.0, 0.0, 0.0, 0.0, 0.0, 0.0, 0.0, 0.0, 0.0, 0.0, 0.0, 0.0, 0.0, 0.0, 0.0, 0.0, 0.0, 0.0, 0.0, 0.0, 0.0, 0.0, 0.0, 0.0, 0.0, 0.0, 0.0, 0.0, 0.0, 0.0, 0.0, 0.0, 0.0, 0.0, 0.0, 0.0, 0.0, 0.0, 0.0, 0.0, 0.0, 0.0, 0.0, 0.0, 0.0, 0.0, 0.0, 0.0, 0.0, 0.0, 0.0, 0.0, 0.0, 0.0, 0.0, 0.0, 0.0, 0.0, 0.0, 0.0, 0.0, 0.0, 0.0, 0.0, 0.0, 0.0, 0.0, 0.0, 0.0, 0.0, 0.0, 0.0, 0.0, 0.0, 0.0, 0.0, 0.0, 0.0, 0.0, 0.0, 0.0, 0.0, 0.0, 0.0, 0.0, 0.0, 0.0, 0.0, 0.0, 0.0, 0.0, 0.0, 0.0, 0.0, 0.0, 0.0, 0.0, 0.0, 0.0, 0.0, 0.0, 0.0, 0.0, 0.0, 0.0, 0.0, 0.0, 0.0, 0.0, 0.0, 0.0, 0.0, 0.0, 0.0, 0.0, 0.0, 0.0, 0.0, 0.0, 0.0, 0.0, 0.0, 0.0, 0.0, 0.0, 0.0, 0.0, 0.0, 0.0, 0.0, 0.0, 0.0, 0.0, 0.0, 0.0, 0.0, 0.0, 0.0, 0.0, 0.0, 0.0, 0.0, 0.0, 0.0, 0.0, 0.0, 0.0, 0.0, 0.0, 0.0, 0.0, 0.0, 0.0, 0.0, 0.0, 0.0, 0.0, 0.0, 0.0, 0.0, 0.0, 0.0, 0.0, 0.0, 0.0, 0.0, 0.0, 0.0, 0.0, 0.0, 0.0, 0.0, 0.0, 0.0, 0.0, 0.0, 0.0, 0.0, 0.0, 0.0, 0.0, 0.0, 0.0, 0.0, 0.0, 0.0, 0.0, 0.0, 0.0, 0.0, 0.0, 0.0, 0.0, 0.0, 0.0, 0.0, 0.0, 0.0, 0.0, 0.0, 0.0, 0.0, 0.0, 0.0, 0.0, 0.0, 0.0, 0.0, 0.0, 0.0, 0.0, 0.0, 0.0, 0.0, 0.0, 0.0, 0.0, 0.0, 0.0, 0.0, 0.0, 0.0, 0.0, 0.0, 0.0, 0.0, 0.0, 0.0, 0.0, 0.0, 0.0, 0.0, 0.0, 0.0, 0.0, 0.0, 0.0, 0.0, 0.0, 0.0, 0.0, 0.0, 0.0, 0.0, 0.0, 0.0, 0.0, 0.0, 0.0, 0.0, 0.0, 0.0, 0.0, 0.0, 0.0, 0.0, 0.0, 0.0, 0.0, 0.0, 0.0, 0.0, 0.0, 0.0, 0.0, 0.0, 0.0, 0.0, 0.0, 0.0, 0.0, 0.0, 0.0, 0.0, 0.0, 0.0, 0.0, 0.0, 0.0, 0.0, 0.0, 0.0, 0.0, 0.0, 0.0, 0.0, 0.0, 0.0, 0.0, 0.0, 0.0, 0.0, 0.0, 0.0, 0.0, 0.0, 0.0, 0.0, 0.0, 0.0, 0.0, 0.0, 0.0, 0.0, 0.0, 0.0, 0.0, 0.0, 0.0, 0.0, 0.0, 0.0, 0.0, 0.0, 0.0, 0.0, 0.0, 0.0, 0.0, 0.0, 0.0, 0.0, 0.0, 0.0, 0.0, 0.0, 0.0, 0.0, 0.0, 0.0, 0.0, 0.0, 0.0, 0.0, 0.0, 0.0, 0.0, 0.0, 0.0, 0.0, 0.0, 0.0, 0.0, 0.0, 0.0, 0.0, 0.0, 0.0, 0.0, 0.0, 0.0, 0.0, 0.0, 0.0, 0.0, 0.0, 0.0, 0.0, 0.0, 0.0, 0.0, 0.0, 0.0, 0.0, 0.0, 0.0, 0.0, 0.0, 0.0, 0.0, 0.0, 0.0, 0.0, 0.0, 0.0, 0.0, 0.0, 0.0, 0.0, 0.0, 0.0, 0.0, 0.0, 0.0, 0.0, 0.0, 0.0, 0.0, 0.0, 0.0, 0.0, 0.0, 0.0, 0.0, 0.0, 0.0, 0.0, 0.0, 0.0, 0.0, 0.0, 0.0, 0.0, 0.0, 0.0, 0.0, 0.0, 0.0, 0.0, 0.0, 0.0, 0.0, 0.0, 0.0, 0.0, 0.0, 0.0, 0.0, 0.0, 0.0, 0.0, 0.0, 0.0, 0.0, 0.0, 0.0, 0.0, 0.0, 0.0, 0.0, 0.0, 0.0, 0.0, 0.0, 0.0, 0.0, 0.0, 0.0, 0.0, 0.0, 0.0, 0.0, 0.0, 0.0, 0.0, 0.0, 0.0, 0.0, 0.0, 0.0, 0.0, 0.0, 0.0, 0.0, 0.0, 0.0, 0.0, 0.0, 0.0, 0.0, 0.0, 0.0, 0.0, 0.0, 0.0, 0.0, 0.0, 0.0, 0.0, 0.0, 0.0, 0.0, 0.0, 0.0, 0.0, 0.0, 0.0, 0.0, 0.0, 0.0, 0.0, 0.0, 0.0, 0.0, 0.0, 0.0, 0.0, 0.0, 0.0, 0.0, 0.0, 0.0, 0.0, 0.0, 0.0, 0.0, 0.0, 0.0, 0.0, 0.0, 0.0, 0.0, 0.0, 0.0, 0.0, 0.0, 0.0, 0.0, 0.0, 0.0, 0.0, 0.0, 0.0, 0.0, 0.0, 0.0, 0.0, 0.0, 0.0, 0.0, 0.0, 0.0, 0.0, 0.0, 0.0, 0.0, 0.0, 0.0, 0.0, 0.0, 0.0, 0.0, 0.0, 0.0, 0.0, 0.0, 0.0, 0.0, 0.0, 0.0, 0.0, 0.0, 0.0, 0.0, 0.0, 0.0, 0.0, 0.0, 0.0, 0.0, 0.0, 0.0, 0.0, 0.0, 0.0, 0.0, 0.0, 0.0, 0.0, 0.0, 0.0, 0.0, 0.0, 0.0, 0.0, 0.0, 0.0, 0.0, 0.0, 0.0, 0.0, 0.0, 0.0, 0.0, 0.0, 0.0, 0.0, 0.0, 0.0, 0.0, 0.0, 0.0, 0.0, 0.0, 0.0, 0.0, 0.0, 0.0, 0.0, 0.0, 0.0, 0.0, 0.0, 0.0, 0.0, 0.0, 0.0, 0.0, 0.0, 0.0, 0.0, 0.0, 0.0, 0.0, 0.0, 0.0, 0.0, 0.0, 0.0, 0.0, 0.0, 0.0, 0.0, 0.0, 0.0, 0.0, 0.0, 0.0, 0.0, 0.0, 0.0, 0.0, 0.0, 0.0, 0.0, 0.0, 0.0, 0.0, 0.0, 0.0, 0.0, 0.0, 0.0, 0.0, 0.0, 0.0, 0.0, 0.0, 0.0, 0.0, 0.0, 0.0, 0.0, 0.0, 0.0, 0.0, 0.0, 0.0, 0.0, 0.0, 0.0, 0.0, 0.0, 0.0, 0.0, 0.0, 0.0, 0.0, 0.0, 0.0, 0.0, 0.0, 0.0, 0.0, 0.0, 0.0, 0.0, 0.0, 0.0, 0.0, 0.0, 0.0, 0.0, 0.0, 0.0, 0.0, 0.0, 0.0, 0.0, 0.0, 0.0, 0.0, 0.0, 0.0, 0.0, 0.0, 0.0, 0.0, 0.0, 0.0, 0.0, 0.0, 0.0, 0.0, 0.0, 0.0, 0.0, 0.0, 0.0, 0.0, 0.0, 0.0, 0.0, 0.0, 0.0, 0.0, 0.0, 0.0, 0.0, 0.0, 0.0, 0.0, 0.0, 0.0, 0.0, 0.0, 0.0, 0.0, 0.0, 0.0, 0.0, 0.0, 0.0, 0.0, 0.0, 0.0, 0.0, 0.0, 0.0, 0.0, 0.0, 0.0, 0.0, 0.0, 0.0, 0.0, 0.0, 0.0, 0.0, 0.0, 0.0, 0.0, 0.0, 0.0, 0.0, 0.0, 0.0, 0.0, 0.0, 0.0, 0.0, 0.0, 0.0, 0.0, 0.0, 0.0, 0.0, 0.0, 0.0, 0.0, 0.0, 0.0, 0.0, 0.0, 0.0, 0.0, 0.0, 0.0, 0.0, 0.0, 0.0, 0.0, 0.0, 0.0, 0.0, 0.0, 0.0, 0.0, 0.0, 0.0, 0.0, 0.0, 0.0, 0.0, 0.0, 0.0, 0.0, 0.0, 0.0, 0.0, 0.0, 0.0, 0.0, 0.0, 0.0, 0.0, 0.0, 0.0, 0.0, 0.0, 0.0, 0.0, 0.0, 0.0, 0.0, 0.0, 0.0, 0.0, 0.0, 0.0, 0.0, 0.0, 0.0, 0.0, 0.0, 0.0, 0.0, 0.0, 0.0, 0.0, 0.0, 0.0, 0.0, 0.0, 0.0, 0.0, 0.0, 0.0, 0.0, 0.0, 0.0, 0.0, 0.0, 0.0, 0.0, 0.0, 0.0, 0.0, 0.0, 0.0, 0.0, 0.0, 0.0, 0.0, 0.0, 0.0, 0.0, 0.0, 0.0, 0.0, 0.0, 0.0, 0.0, 0.0, 0.0, 0.0, 0.0, 0.0, 0.0, 0.0, 0.0, 0.0, 0.0, 0.0, 0.0, 0.0, 0.0, 0.0, 0.0, 0.0, 0.0, 0.0, 0.0, 0.0, 0.0, 0.0, 0.0, 0.0, 0.0, 0.0, 0.0, 0.0, 0.0, 0.0, 0.0, 0.0, 0.0, 0.0, 0.0, 0.0, 0.0, 0.0, 0.0, 0.0, 0.0, 0.0, 0.0, 0.0, 0.0, 0.0, 0.0, 0.0, 0.0, 0.0, 0.0, 0.0, 0.0, 0.0, 0.0, 0.0, 0.0, 0.0, 0.0, 0.0, 0.0, 0.0, 0.0, 0.0, 0.0, 0.0, 0.0, 0.0, 0.0, 0.0, 0.0, 0.0, 0.0, 0.0, 0.0, 0.0, 0.0, 0.0, 0.0, 0.0, 0.0, 0.0, 0.0, 0.0, 0.0, 0.0, 0.0, 0.0, 0.0, 0.0, 0.0, 0.0, 0.0, 0.0, 0.0, 0.0, 0.0, 0.0, 0.0, 0.0, 0.0, 0.0, 0.0, 0.0, 0.0, 0.0, 0.0, 0.0, 0.0, 0.0, 0.0, 0.0, 0.0, 0.0, 0.0, 0.0, 0.0, 0.0, 0.0, 0.0, 0.0, 0.0, 0.0, 0.0, 0.0, 0.0, 0.0, 0.0, 0.0, 0.0, 0.0, 0.0, 0.0, 0.0, 0.0, 0.0, 0.0, 0.0, 0.0, 0.0, 0.0, 0.0, 0.0, 0.0, 0.0, 0.0, 0.0, 0.0, 0.0, 0.0, 0.0, 0.0, 0.0, 0.0, 0.0, 0.0, 0.0, 0.0, 0.0, 0.0, 0.0, 0.0, 0.0, 0.0, 0.0, 0.0, 0.0, 0.0, 0.0, 0.0, 0.0, 0.0, 0.0, 0.0, 0.0, 0.0, 0.0, 0.0, 0.0, 0.0, 0.0, 0.0, 0.0, 0.0, 0.0, 0.0, 0.0, 0.0, 0.0, 0.0, 0.0, 0.0, 0.0, 0.0, 0.0, 0.0, 0.0, 0.0, 0.0, 0.0, 0.0, 0.0, 0.0, 0.0, 0.0, 0.0, 0.0, 0.0, 0.0, 0.0, 0.0, 0.0, 0.0, 0.0, 0.0, 0.0, 0.0, 0.0, 0.0, 0.0, 0.0, 0.0, 0.0, 0.0, 0.0, 0.0, 0.0, 0.0, 0.0, 0.0, 0.0, 0.0, 0.0, 0.0, 0.0, 0.0, 0.0, 0.0, 0.0, 0.0, 0.0, 0.0, 0.0, 0.0, 0.0, 0.0, 0.0, 0.0, 0.0, 0.0, 0.0, 0.0, 0.0, 0.0, 0.0, 0.0, 0.0, 0.0, 0.0, 0.0, 0.0, 0.0, 0.0, 0.0, 0.0, 0.0, 0.0, 0.0, 0.0, 0.0, 0.0, 0.0, 0.0, 0.0, 0.0, 0.0, 0.0, 0.0, 0.0, 0.0, 0.0, 0.0, 0.0, 0.0, 0.0, 0.0, 0.0, 0.0, 0.0, 0.0, 0.0, 0.0, 0.0, 0.0, 0.0, 0.0, 0.0, 0.0, 0.0, 0.0, 0.0, 0.0, 0.0, 0.0, 0.0, 0.0, 0.0, 0.0, 0.0, 0.0, 0.0, 0.0, 0.0, 0.0, 0.0, 0.0, 0.0, 0.0, 0.0, 0.0, 0.0, 0.0, 0.0, 0.0, 0.0, 0.0, 0.0, 0.0, 0.0, 0.0, 0.0, 0.0, 0.0, 0.0, 0.0, 0.0, 0.0, 0.0, 0.0, 0.0, 0.0, 0.0, 0.0, 0.0, 0.0, 0.0, 0.0, 0.0, 0.0, 0.0, 0.0, 0.0, 0.0, 0.0, 0.0, 0.0, 0.0, 0.0, 0.0, 0.0, 0.0, 0.0, 0.0, 0.0, 0.0, 0.0, 0.0, 0.0, 0.0, 0.0, 0.0, 0.0, 0.0, 0.0, 0.0, 0.0, 0.0, 0.0, 0.0, 0.0, 0.0, 0.0, 0.0, 0.0, 0.0, 0.0, 0.0, 0.0, 0.0, 0.0, 0.0, 0.0, 0.0, 0.0, 0.0, 0.0, 0.0, 0.0, 0.0, 0.0, 0.0, 0.0, 0.0, 0.0, 0.0, 0.0, 0.0, 0.0, 0.0, 0.0, 0.0, 0.0, 0.0, 0.0, 0.0, 0.0, 0.0, 0.0, 0.0, 0.0, 0.0, 0.0, 0.0, 0.0, 0.0, 0.0, 0.0, 0.0, 0.0, 0.0, 0.0, 0.0, 0.0, 0.0, 0.0, 0.0, 0.0, 0.0, 0.0, 0.0, 0.0, 0.0, 0.0, 0.0, 0.0, 0.0, 0.0, 0.0, 0.0, 0.0, 0.0, 0.0, 0.0, 0.0, 0.0, 0.0, 0.0, 0.0, 0.0, 0.0, 0.0, 0.0, 0.0, 0.0, 0.0, 0.0, 0.0, 0.0, 0.0, 0.0, 0.0, 0.0, 0.0, 0.0, 0.0, 0.0, 0.0, 0.0, 0.0, 0.0, 0.0, 0.0, 0.0, 0.0, 0.0, 0.0, 0.0, 0.0, 0.0, 0.0, 0.0, 0.0, 0.0, 0.0, 0.0, 0.0, 0.0, 0.0, 0.0, 0.0, 0.0, 0.0, 0.0, 0.0, 0.0, 0.0, 0.0, 0.0, 0.0, 0.0, 0.0, 0.0, 0.0, 0.0, 0.0, 0.0, 0.0, 0.0, 0.0, 0.0, 0.0, 0.0, 0.0, 0.0, 0.0, 0.0, 0.0, 0.0, 0.0, 0.0, 0.0, 0.0, 0.0, 0.0, 0.0, 0.0, 0.0, 0.0, 0.0, 0.0, 0.0, 0.0, 0.0, 0.0, 0.0, 0.0, 0.0, 0.0, 0.0, 0.0, 0.0, 0.0, 0.0, 0.0, 0.0, 0.0, 0.0, 0.0, 0.0, 0.0, 0.0, 0.0, 0.0, 0.0, 0.0, 0.0, 0.0, 0.0, 0.0, 0.0, 0.0, 0.0, 0.0, 0.0, 0.0, 0.0, 0.0, 0.0, 0.0, 0.0, 0.0, 0.0, 0.0, 0.0, 0.0, 0.0, 0.0, 0.0, 0.0, 0.0, 0.0, 0.0, 0.0, 0.0, 0.0, 0.0, 0.0, 0.0, 0.0, 0.0, 0.0, 0.0, 0.0, 0.0, 0.0, 0.0, 0.0, 0.0, 0.0, 0.0, 0.0, 0.0, 0.0, 0.0, 0.0, 0.0, 0.0, 0.0, 0.0, 0.0, 0.0, 0.0, 0.0, 0.0, 0.0, 0.0, 0.0, 0.0, 0.0, 0.0, 0.0, 0.0, 0.0, 0.0, 0.0, 0.0, 0.0, 0.0, 0.0, 0.0, 0.0, 0.0, 0.0, 0.0, 0.0, 0.0, 0.0, 0.0, 0.0, 0.0, 0.0, 0.0, 0.0, 0.0, 0.0, 0.0, 0.0, 0.0, 0.0, 0.0, 0.0, 0.0, 0.0, 0.0, 0.0, 0.0, 0.0, 0.0, 0.0, 0.0, 0.0, 0.0, 0.0, 0.0, 0.0, 0.0, 0.0, 0.0, 0.0, 0.0, 0.0, 0.0, 0.0, 0.0, 0.0, 0.0, 0.0, 0.0, 0.0, 0.0, 0.0, 0.0, 0.0, 0.0, 0.0, 0.0, 0.0, 0.0, 0.0, 0.0, 0.0, 0.0, 0.0, 0.0, 0.0, 0.0, 0.0, 0.0, 0.0, 0.0, 0.0, 0.0, 0.0, 0.0, 0.0, 0.0, 0.0, 0.0, 0.0, 0.0, 0.0, 0.0]"
start_z_coal_t,"[-0.0, -0.0, -0.0, -0.0, -0.0, -0.0, -0.0, -0.0, -0.0, -0.0, -0.0, -0.0, -0.0, -0.0, -0.0, -0.0, -0.0, -0.0, -0.0, -0.0, -0.0, -0.0, -0.0, -0.0, -0.0, -0.0, -0.0, -0.0, -0.0, -0.0, -0.0, -0.0, -0.0, -0.0, -0.0, -0.0, -0.0, -0.0, -0.0, -0.0, -0.0, -0.0, -0.0, -0.0, -0.0, -0.0, -0.0, -0.0, -0.0, -0.0, -0.0, -0.0, -0.0, -0.0, -0.0, -0.0, -0.0, -0.0, -0.0, -0.0, -0.0, -0.0, -0.0, -0.0, -0.0, -0.0, -0.0, -0.0, -0.0, -0.0, -0.0, -0.0, -0.0, -0.0, -0.0, -0.0, -0.0, -0.0, -0.0, -0.0, -0.0, -0.0, -0.0, -0.0, -0.0, -0.0, -0.0, -0.0, -0.0, -0.0, -0.0, -0.0, -0.0, -0.0, -0.0, -0.0, -0.0, -0.0, -0.0, -0.0, -0.0, -0.0, -0.0, -0.0, -0.0, -0.0, -0.0, -0.0, -0.0, -0.0, -0.0, -0.0, -0.0, -0.0, -0.0, -0.0, -0.0, -0.0, -0.0, -0.0, -0.0, -0.0, -0.0, -0.0, -0.0, -0.0, -0.0, -0.0, -0.0, -0.0, -0.0, -0.0, -0.0, -0.0, -0.0, -0.0, -0.0, -0.0, -0.0, -0.0, -0.0, -0.0, -0.0, -0.0, -0.0, -0.0, -0.0, -0.0, -0.0, -0.0, -0.0, -0.0, -0.0, -0.0, -0.0, -0.0, -0.0, -0.0, -0.0, -0.0, -0.0, -0.0, -0.0, -0.0, -0.0, -0.0, -0.0, -0.0, -0.0, -0.0, -0.0, -0.0, -0.0, -0.0, -0.0, -0.0, -0.0, -0.0, -0.0, -0.0, -0.0, -0.0, -0.0, -0.0, -0.0, -0.0, -0.0, -0.0, -0.0, -0.0, -0.0, -0.0, -0.0, -0.0, -0.0, -0.0, -0.0, -0.0, -0.0, -0.0, -0.0, -0.0, -0.0, -0.0, -0.0, -0.0, -0.0, -0.0, -0.0, -0.0, -0.0, -0.0, -0.0, -0.0, -0.0, -0.0, -0.0, -0.0, -0.0, -0.0, -0.0, -0.0, -0.0, -0.0, -0.0, -0.0, -0.0, -0.0, -0.0, -0.0, -0.0, -0.0, -0.0, -0.0, -0.0, -0.0, -0.0, -0.0, -0.0, -0.0, -0.0, -0.0, -0.0, -0.0, -0.0, -0.0, -0.0, -0.0, -0.0, -0.0, -0.0, -0.0, -0.0, -0.0, -0.0, -0.0, -0.0, -0.0, -0.0, -0.0, -0.0, -0.0, -0.0, -0.0, -0.0, -0.0, -0.0, -0.0, -0.0, -0.0, -0.0, -0.0, -0.0, -0.0, -0.0, -0.0, -0.0, -0.0, -0.0, -0.0, -0.0, -0.0, -0.0, -0.0, -0.0, -0.0, -0.0, -0.0, -0.0, -0.0, -0.0, -0.0, -0.0, -0.0, -0.0, -0.0, -0.0, -0.0, -0.0, -0.0, -0.0, -0.0, -0.0, -0.0, -0.0, -0.0, -0.0, -0.0, -0.0, -0.0, -0.0, -0.0, -0.0, -0.0, -0.0, -0.0, -0.0, -0.0, -0.0, -0.0, -0.0, -0.0, -0.0, -0.0, -0.0, -0.0, -0.0, -0.0, -0.0, -0.0, -0.0, -0.0, -0.0, -0.0, -0.0, -0.0, -0.0, -0.0, -0.0, -0.0, -0.0, -0.0, -0.0, -0.0, -0.0, -0.0, -0.0, -0.0, -0.0, -0.0, -0.0, -0.0, -0.0, -0.0, -0.0, -0.0, -0.0, -0.0, -0.0, -0.0, -0.0, -0.0, -0.0, -0.0, -0.0, -0.0, -0.0, -0.0, -0.0, -0.0, -0.0, -0.0, -0.0, -0.0, -0.0, -0.0, -0.0, -0.0, -0.0, -0.0, -0.0, -0.0, -0.0, -0.0, -0.0, -0.0, -0.0, -0.0, -0.0, -0.0, -0.0, 0.0, -0.0, -0.0, -0.0, -0.0, -0.0, -0.0, -0.0, -0.0, -0.0, -0.0, -0.0, -0.0, -0.0, -0.0, -0.0, -0.0, -0.0, -0.0, -0.0, -0.0, -0.0, -0.0, -0.0, -0.0, -0.0, -0.0, -0.0, -0.0, -0.0, -0.0, -0.0, -0.0, -0.0, -0.0, -0.0, -0.0, -0.0, -0.0, -0.0, -0.0, -0.0, -0.0, -0.0, -0.0, -0.0, -0.0, -0.0, -0.0, -0.0, -0.0, -0.0, -0.0, -0.0, -0.0, -0.0, -0.0, -0.0, -0.0, -0.0, -0.0, -0.0, -0.0, 0.0, -0.0, -0.0, -0.0, -0.0, -0.0, -0.0, -0.0, -0.0, -0.0, -0.0, -0.0, -0.0, -0.0, -0.0, -0.0, -0.0, -0.0, -0.0, -0.0, -0.0, -0.0, -0.0, 0.0, -0.0, -0.0, -0.0, -0.0, -0.0, -0.0, -0.0, -0.0, -0.0, -0.0, -0.0, -0.0, -0.0, -0.0, -0.0, -0.0, -0.0, -0.0, -0.0, -0.0, -0.0, -0.0, -0.0, -0.0, -0.0, -0.0, -0.0, -0.0, -0.0, -0.0, -0.0, -0.0, -0.0, -0.0, -0.0, -0.0, -0.0, -0.0, -0.0, -0.0, -0.0, -0.0, -0.0, -0.0, -0.0, -0.0, -0.0, -0.0, -0.0, -0.0, -0.0, -0.0, -0.0, -0.0, -0.0, -0.0, -0.0, -0.0, -0.0, -0.0, -0.0, -0.0, -0.0, -0.0, -0.0, -0.0, -0.0, -0.0, -0.0, -0.0, -0.0, -0.0, -0.0, -0.0, -0.0, -0.0, -0.0, -0.0, -0.0, -0.0, -0.0, -0.0, -0.0, -0.0, -0.0, -0.0, -0.0, -0.0, -0.0, -0.0, -0.0, -0.0, -0.0, -0.0, -0.0, -0.0, -0.0, -0.0, -0.0, -0.0, -0.0, -0.0, -0.0, -0.0, -0.0, -0.0, -0.0, -0.0, -0.0, -0.0, -0.0, -0.0, -0.0, -0.0, -0.0, -0.0, -0.0, -0.0, -0.0, -0.0, -0.0, -0.0, -0.0, -0.0, -0.0, -0.0, -0.0, -0.0, -0.0, -0.0, -0.0, -0.0, -0.0, -0.0, -0.0, -0.0, -0.0, -0.0, -0.0, -0.0, -0.0, -0.0, -0.0, -0.0, -0.0, -0.0, -0.0, -0.0, -0.0, -0.0, -0.0, -0.0, -0.0, -0.0, -0.0, -0.0, -0.0, -0.0, -0.0, -0.0, -0.0, -0.0, -0.0, -0.0, -0.0, -0.0, -0.0, -0.0, -0.0, -0.0, -0.0, -0.0, -0.0, -0.0, -0.0, -0.0, -0.0, -0.0, -0.0, -0.0, -0.0, -0.0, -0.0, -0.0, -0.0, -0.0, -0.0, -0.0, -0.0, -0.0, -0.0, -0.0, -0.0, -0.0, -0.0, -0.0, -0.0, -0.0, -0.0, -0.0, -0.0, -0.0, -0.0, -0.0, -0.0, -0.0, 0.0, -0.0, -0.0, -0.0, -0.0, -0.0, -0.0, -0.0, -0.0, -0.0, -0.0, -0.0, -0.0, -0.0, -0.0, -0.0, -0.0, -0.0, -0.0, -0.0, -0.0, -0.0, -0.0, 0.0, -0.0, -0.0, -0.0, -0.0, -0.0, -0.0, -0.0, -0.0, -0.0, -0.0, -0.0, -0.0, -0.0, -0.0, -0.0, -0.0, -0.0, -0.0, -0.0, -0.0, -0.0, -0.0, -0.0, -0.0, -0.0, -0.0, -0.0, -0.0, -0.0, -0.0, -0.0, -0.0, -0.0, -0.0, -0.0, -0.0, -0.0, -0.0, -0.0, -0.0, -0.0, -0.0, -0.0, -0.0, -0.0, -0.0, -0.0, -0.0, -0.0, -0.0, -0.0, -0.0, -0.0, -0.0, -0.0, -0.0, -0.0, -0.0, -0.0, -0.0, -0.0, -0.0, -0.0, -0.0, -0.0, -0.0, -0.0, -0.0, -0.0, -0.0, -0.0, -0.0, -0.0, -0.0, -0.0, -0.0, -0.0, -0.0, -0.0, -0.0, -0.0, -0.0, -0.0, -0.0, -0.0, -0.0, -0.0, -0.0, -0.0, -0.0, -0.0, -0.0, -0.0, -0.0, -0.0, -0.0, -0.0, -0.0, -0.0, -0.0, -0.0, -0.0, -0.0, -0.0, -0.0, -0.0, -0.0, -0.0, -0.0, -0.0, -0.0, -0.0, -0.0, -0.0, -0.0, -0.0, -0.0, -0.0, -0.0, -0.0, -0.0, -0.0, -0.0, -0.0, -0.0, -0.0, -0.0, -0.0, -0.0, -0.0, -0.0, -0.0, -0.0, -0.0, -0.0, -0.0, -0.0, -0.0, -0.0, -0.0, -0.0, -0.0, -0.0, -0.0, -0.0, -0.0, -0.0, -0.0, -0.0, -0.0, -0.0, -0.0, -0.0, -0.0, -0.0, -0.0, -0.0, -0.0, -0.0, -0.0, -0.0, -0.0, -0.0, -0.0, -0.0, -0.0, -0.0, -0.0, -0.0, -0.0, -0.0, -0.0, -0.0, -0.0, -0.0, -0.0, -0.0, -0.0, -0.0, -0.0, -0.0, -0.0, -0.0, -0.0, -0.0, -0.0, -0.0, -0.0, -0.0, 1.0, -0.0, -0.0, -0.0, -0.0, -0.0, -0.0, -0.0, -0.0, -0.0, -0.0, -0.0, -0.0, -0.0, -0.0, -0.0, -0.0, -0.0, -0.0, -0.0, -0.0, -0.0, -0.0, -0.0, -0.0, -0.0, -0.0, 1.0, -0.0, -0.0, -0.0, -0.0, -0.0, -0.0, -0.0, -0.0, -0.0, -0.0, -0.0, -0.0, -0.0, -0.0, -0.0, -0.0, -0.0, -0.0, -0.0, -0.0, -0.0, -0.0, -0.0, -0.0, -0.0, -0.0, -0.0, -0.0, -0.0, -0.0, -0.0, -0.0, -0.0, -0.0, -0.0, -0.0, -0.0, -0.0, -0.0, -0.0, -0.0, -0.0, -0.0, -0.0, -0.0, -0.0, -0.0, 0.0, -0.0, -0.0, -0.0, -0.0, -0.0, -0.0, -0.0, -0.0, -0.0, -0.0, -0.0, -0.0, -0.0, -0.0, -0.0, -0.0, -0.0, -0.0, -0.0, -0.0, -0.0, -0.0, -0.0, -0.0, -0.0, -0.0, -0.0, -0.0, -0.0, -0.0, -0.0, -0.0, -0.0, -0.0, -0.0, -0.0, -0.0, -0.0, -0.0, -0.0, -0.0, -0.0, -0.0, -0.0, -0.0, -0.0, -0.0, -0.0, -0.0, -0.0, -0.0, -0.0, -0.0, -0.0, -0.0, -0.0, -0.0, -0.0, -0.0, -0.0, -0.0, -0.0, -0.0, -0.0, -0.0, -0.0, -0.0, -0.0, -0.0, -0.0, -0.0, -0.0, -0.0, -0.0, -0.0, -0.0, -0.0, -0.0, -0.0, -0.0, -0.0, -0.0, -0.0, -0.0, -0.0, -0.0, -0.0, -0.0, -0.0, -0.0, -0.0, -0.0, -0.0, -0.0, -0.0, -0.0, -0.0, -0.0, -0.0, -0.0, -0.0, -0.0, -0.0, -0.0, -0.0, -0.0, -0.0, -0.0, -0.0, -0.0, -0.0, -0.0, -0.0, -0.0, -0.0, -0.0, -0.0, -0.0, -0.0, -0.0, -0.0, -0.0, -0.0, -0.0, -0.0, -0.0, -0.0, -0.0, -0.0, -0.0, -0.0, -0.0, -0.0, -0.0, -0.0, -0.0, -0.0, -0.0, -0.0, -0.0, -0.0, -0.0, -0.0, -0.0, -0.0, -0.0, -0.0, -0.0, -0.0, -0.0, -0.0, -0.0, -0.0, -0.0, -0.0, -0.0, -0.0, -0.0, -0.0, -0.0, -0.0, -0.0, -0.0, -0.0, -0.0, -0.0, -0.0, -0.0, -0.0, -0.0, -0.0, -0.0, -0.0, -0.0, -0.0, -0.0, -0.0, -0.0, -0.0, -0.0, -0.0, -0.0, -0.0, -0.0, -0.0, -0.0, -0.0, -0.0, -0.0, -0.0, -0.0, -0.0, -0.0, -0.0, -0.0, -0.0, -0.0, -0.0, -0.0, -0.0, -0.0, -0.0, -0.0, -0.0, -0.0, -0.0, -0.0, -0.0, -0.0, -0.0, -0.0, -0.0, -0.0, -0.0, -0.0, -0.0, -0.0, -0.0, -0.0, -0.0, -0.0, -0.0, -0.0, -0.0, -0.0, -0.0, -0.0, -0.0, -0.0, -0.0, -0.0, -0.0, -0.0, -0.0, -0.0, -0.0, -0.0, -0.0, -0.0, -0.0, -0.0, -0.0, -0.0, -0.0, -0.0, -0.0, -0.0, -0.0, -0.0, -0.0, -0.0, -0.0, -0.0, -0.0, -0.0, -0.0, -0.0, -0.0, -0.0, -0.0, -0.0, -0.0, -0.0, -0.0, -0.0, -0.0, -0.0, -0.0, -0.0, -0.0, -0.0, -0.0, -0.0, -0.0, -0.0, -0.0, -0.0, -0.0, -0.0, -0.0, -0.0, -0.0, -0.0, -0.0, -0.0, -0.0, -0.0, -0.0, -0.0, -0.0, -0.0, -0.0, -0.0, -0.0, -0.0, -0.0, -0.0, -0.0, -0.0, -0.0, -0.0, -0.0, -0.0, -0.0, -0.0, -0.0, -0.0, -0.0, -0.0, -0.0, -0.0, -0.0, -0.0, -0.0, -0.0, -0.0, -0.0, -0.0, -0.0, -0.0, -0.0, -0.0, -0.0, -0.0, -0.0, -0.0, -0.0, -0.0, -0.0, -0.0, -0.0, -0.0, -0.0, -0.0, -0.0, -0.0, -0.0, -0.0, -0.0, -0.0, -0.0, -0.0, -0.0, -0.0, -0.0, -0.0, -0.0, -0.0, -0.0, -0.0, -0.0, -0.0, -0.0, -0.0, -0.0, -0.0, -0.0, -0.0, -0.0, -0.0, -0.0, -0.0, -0.0, -0.0, -0.0, -0.0, -0.0, -0.0, -0.0, -0.0, -0.0, -0.0, -0.0, -0.0, -0.0, -0.0, -0.0, -0.0, -0.0, -0.0, -0.0, -0.0, -0.0, -0.0, -0.0, -0.0, -0.0, -0.0, -0.0, -0.0, -0.0, -0.0, -0.0, -0.0, -0.0, -0.0, -0.0, -0.0, -0.0, -0.0, -0.0, -0.0, -0.0, -0.0, -0.0, -0.0, -0.0, -0.0, -0.0, -0.0, -0.0, -0.0, -0.0, -0.0, -0.0, -0.0, -0.0, -0.0, -0.0, -0.0, -0.0, -0.0, -0.0, -0.0, -0.0, -0.0, -0.0, -0.0, -0.0, -0.0, -0.0, -0.0, -0.0, -0.0, -0.0, -0.0, -0.0, -0.0, -0.0, -0.0, -0.0, -0.0, -0.0, -0.0, -0.0, -0.0, -0.0, -0.0, -0.0, -0.0, -0.0, -0.0, -0.0, -0.0, -0.0, -0.0, -0.0, -0.0, -0.0, -0.0, -0.0, -0.0, -0.0, -0.0, -0.0, -0.0, -0.0, -0.0, -0.0, -0.0, -0.0, -0.0, -0.0, -0.0, -0.0, -0.0, -0.0, -0.0, -0.0, -0.0, -0.0, -0.0, -0.0, -0.0, -0.0, -0.0, -0.0, -0.0, -0.0, -0.0, -0.0, -0.0, -0.0, -0.0, -0.0, -0.0, -0.0, -0.0, -0.0, -0.0, -0.0, -0.0, -0.0, -0.0, -0.0, -0.0, -0.0, -0.0, -0.0, -0.0, -0.0, -0.0, -0.0, -0.0, -0.0, -0.0, -0.0, -0.0, -0.0, -0.0, -0.0, -0.0, -0.0, -0.0, -0.0, -0.0, -0.0, -0.0, -0.0, -0.0, -0.0, -0.0, -0.0, -0.0, -0.0, -0.0, -0.0, -0.0, -0.0, -0.0, -0.0, -0.0, -0.0, -0.0, -0.0, -0.0, -0.0, -0.0, -0.0, 0.0, -0.0, -0.0, -0.0, -0.0, -0.0, -0.0, -0.0, -0.0, -0.0, -0.0, -0.0, -0.0, -0.0, -0.0, -0.0, -0.0, -0.0, -0.0, -0.0, -0.0, -0.0, -0.0, 0.0, -0.0, -0.0, -0.0, -0.0, -0.0, -0.0, -0.0, -0.0, -0.0, -0.0, -0.0, -0.0, -0.0, -0.0, -0.0, -0.0, -0.0, -0.0, -0.0, -0.0, -0.0, -0.0, 0.0, -0.0, -0.0, -0.0, -0.0, -0.0, -0.0, -0.0, -0.0, -0.0, -0.0, -0.0, -0.0, -0.0, -0.0, -0.0, -0.0, -0.0, -0.0, -0.0, -0.0, -0.0, -0.0, 0.0, -0.0, -0.0, -0.0, -0.0, -0.0, -0.0, -0.0, -0.0, -0.0, -0.0, -0.0, -0.0, -0.0, -0.0, -0.0, -0.0, -0.0, -0.0, -0.0, -0.0, -0.0, -0.0, 0.0, -0.0, -0.0, -0.0, -0.0, -0.0, -0.0, -0.0, -0.0, -0.0, -0.0, -0.0, -0.0, -0.0, -0.0, -0.0, -0.0, -0.0, -0.0, -0.0, -0.0, -0.0, -0.0, 0.0, -0.0, -0.0, -0.0, -0.0, -0.0, -0.0, -0.0, -0.0, -0.0, -0.0, -0.0, -0.0, -0.0, -0.0, -0.0, -0.0, -0.0, -0.0, -0.0, -0.0, -0.0, -0.0, 0.0, -0.0, -0.0, -0.0, -0.0, -0.0, -0.0, -0.0, -0.0, -0.0, -0.0, -0.0, -0.0, -0.0, -0.0, -0.0, -0.0, -0.0, -0.0, -0.0, -0.0, -0.0, -0.0, 0.0, -0.0, -0.0, -0.0, -0.0, -0.0, -0.0, -0.0, -0.0, -0.0, -0.0, -0.0, -0.0, -0.0, -0.0, -0.0, -0.0, -0.0, -0.0, -0.0, -0.0, -0.0, -0.0, 0.0, -0.0, -0.0, -0.0, -0.0, -0.0, -0.0, -0.0, -0.0, -0.0, -0.0, -0.0, -0.0, -0.0, -0.0, -0.0, -0.0, -0.0, -0.0, -0.0, -0.0, -0.0, -0.0, 0.0, -0.0, -0.0, -0.0, -0.0, -0.0, -0.0, -0.0, -0.0, -0.0, -0.0, -0.0, -0.0, -0.0, -0.0, -0.0, -0.0, -0.0, -0.0, -0.0, -0.0, -0.0, -0.0, 1.0, -0.0, -0.0, -0.0, -0.0, -0.0, -0.0, -0.0, -0.0, -0.0, -0.0, -0.0, -0.0, -0.0, -0.0, -0.0, -0.0, -0.0, -0.0, -0.0, -0.0, -0.0, -0.0, -0.0, -0.0, -0.0, -0.0, -0.0, -0.0, -0.0, -0.0, -0.0, -0.0, -0.0, -0.0, -0.0, -0.0, -0.0, -0.0, -0.0, -0.0, -0.0, -0.0, -0.0, -0.0, -0.0, -0.0, -0.0, -0.0, -0.0, -0.0, -0.0, -0.0, -0.0, -0.0, -0.0, -0.0, -0.0, -0.0, -0.0, -0.0, -0.0, -0.0, -0.0, -0.0, -0.0, -0.0, -0.0, -0.0, -0.0, -0.0, -0.0, -0.0, -0.0, -0.0, -0.0, -0.0, -0.0, -0.0, -0.0, -0.0, -0.0, -0.0, -0.0, -0.0, -0.0, -0.0, -0.0, -0.0, -0.0, -0.0, -0.0, -0.0, -0.0, -0.0, -0.0, -0.0, -0.0, -0.0, -0.0, -0.0, -0.0, -0.0, -0.0, -0.0, -0.0, -0.0, -0.0, -0.0, -0.0, -0.0, -0.0, -0.0, -0.0, -0.0, -0.0, -0.0, -0.0, -0.0, -0.0, -0.0, -0.0, -0.0, -0.0, -0.0, -0.0, -0.0, -0.0, -0.0, -0.0, -0.0, -0.0, -0.0, -0.0, -0.0, -0.0, -0.0, -0.0, -0.0, -0.0, -0.0, -0.0, -0.0, -0.0, -0.0, -0.0, -0.0, -0.0, -0.0, -0.0, -0.0, -0.0, -0.0, -0.0, -0.0, -0.0, -0.0, -0.0, -0.0, -0.0, -0.0, -0.0, -0.0, -0.0, -0.0, -0.0, -0.0, -0.0, -0.0, -0.0, -0.0, -0.0, -0.0, -0.0, -0.0, -0.0, -0.0, -0.0, -0.0, -0.0, -0.0, -0.0, -0.0, -0.0, -0.0, -0.0, -0.0, -0.0, -0.0, -0.0, -0.0, -0.0, -0.0, -0.0, -0.0, -0.0, -0.0, -0.0, -0.0, -0.0, -0.0, -0.0, -0.0, -0.0, -0.0, -0.0, -0.0, -0.0, -0.0, -0.0, -0.0, -0.0, -0.0, -0.0, -0.0, -0.0, -0.0, -0.0, -0.0, -0.0, -0.0, -0.0, -0.0, -0.0, -0.0, -0.0, -0.0, -0.0, -0.0, -0.0, -0.0, -0.0, -0.0, -0.0, -0.0, -0.0, -0.0, -0.0, -0.0, -0.0, -0.0, -0.0, -0.0, -0.0, -0.0, -0.0, -0.0, -0.0, -0.0, -0.0, -0.0, -0.0, -0.0, -0.0, -0.0, -0.0, -0.0, -0.0, -0.0, -0.0, -0.0, -0.0, -0.0, -0.0, -0.0, -0.0, -0.0, -0.0, -0.0, -0.0, -0.0, -0.0, -0.0, -0.0, -0.0, -0.0, -0.0, -0.0, 1.0, -0.0, -0.0, -0.0, -0.0, -0.0, -0.0, -0.0, -0.0, -0.0, -0.0, -0.0, -0.0, -0.0, -0.0, -0.0, -0.0, -0.0, -0.0, -0.0, -0.0, -0.0, -0.0, -0.0, -0.0, -0.0, -0.0, -0.0, -0.0, -0.0, -0.0, -0.0, -0.0, -0.0, -0.0, -0.0, -0.0, -0.0, -0.0, -0.0, -0.0, -0.0, -0.0, -0.0, 2.6563932752811946e-11, -0.0, -0.0, -0.0, -0.0, -0.0, -0.0, -0.0, -0.0, -0.0, -0.0, -0.0, -0.0, -0.0, -0.0, -0.0, -0.0, -0.0, -0.0, -0.0, -0.0, -0.0, -0.0, 0.0, -0.0, -0.0, -0.0, -0.0, -0.0, -0.0, -0.0, -0.0, -0.0, -0.0, -0.0, -0.0, -0.0, -0.0, -0.0, -0.0, -0.0, -0.0, -0.0, -0.0, -0.0, -0.0, 0.0, -0.0, -0.0, -0.0, -0.0, -0.0, -0.0, -0.0, -0.0, -0.0, -0.0, -0.0, -0.0, -0.0, -0.0, -0.0, -0.0, -0.0, -0.0, -0.0, -0.0, -0.0, -0.0, 0.0, -0.0, -0.0, -0.0, -0.0, -0.0, -0.0, -0.0, -0.0, -0.0, -0.0, -0.0, -0.0, -0.0, -0.0, -0.0, -0.0, -0.0, -0.0, -0.0, -0.0, -0.0, -0.0, 0.0, -0.0, -0.0, -0.0, -0.0, -0.0, -0.0, -0.0, -0.0, -0.0, -0.0, -0.0, -0.0, -0.0, -0.0, -0.0, -0.0, -0.0, -0.0, -0.0, -0.0, -0.0, -0.0, 0.0, -0.0, -0.0, -0.0, -0.0, -0.0, -0.0, -0.0, -0.0, -0.0, -0.0, -0.0, -0.0, -0.0, -0.0, -0.0, -0.0, -0.0, -0.0, -0.0, -0.0, -0.0, -0.0, 0.0, -0.0, -0.0, -0.0, -0.0, -0.0, -0.0, -0.0, -0.0, -0.0, -0.0, -0.0, -0.0, -0.0, -0.0, -0.0, -0.0, -0.0, -0.0, -0.0, -0.0, -0.0, -0.0, 0.0, -0.0, -0.0, -0.0, -0.0, -0.0, -0.0, -0.0, -0.0, -0.0, -0.0, -0.0, -0.0, -0.0, -0.0, -0.0, -0.0, -0.0, -0.0, -0.0, -0.0, -0.0, -0.0, 0.0, -0.0, -0.0, -0.0, -0.0, -0.0, -0.0, -0.0, -0.0, -0.0, -0.0, -0.0, -0.0, -0.0, -0.0, -0.0, -0.0, -0.0, -0.0, -0.0, -0.0, -0.0, -0.0, 0.0, -0.0, -0.0, -0.0, -0.0, -0.0, -0.0, -0.0, -0.0, -0.0, -0.0, -0.0, -0.0, -0.0, -0.0, -0.0, -0.0, -0.0, -0.0, -0.0, -0.0, -0.0, -0.0, -0.0, -0.0, -0.0, -0.0, -0.0, -0.0, -0.0, -0.0, -0.0, -0.0, -0.0, -0.0, -0.0, -0.0, -0.0, -0.0, -0.0, -0.0, -0.0, -0.0, -0.0, -0.0, -0.0, -0.0, -0.0, -0.0, -0.0, -0.0, -0.0, -0.0, -0.0, -0.0, -0.0, -0.0, -0.0, -0.0, -0.0, -0.0, -0.0, -0.0, -0.0, -0.0, -0.0, -0.0, -0.0, -0.0, -0.0, -0.0, -0.0, -0.0, -0.0, -0.0, -0.0, -0.0, -0.0, -0.0, -0.0, -0.0, -0.0, -0.0, -0.0, -0.0, -0.0, -0.0, -0.0, -0.0, -0.0, -0.0, -0.0, -0.0, -0.0, -0.0, -0.0, -0.0, -0.0, -0.0, -0.0, -0.0, -0.0, -0.0, -0.0, -0.0, -0.0, -0.0, -0.0, -0.0, -0.0, -0.0, -0.0, -0.0, -0.0, -0.0, -0.0, -0.0, -0.0, -0.0, -0.0, -0.0, -0.0, -0.0, -0.0, -0.0, -0.0, -0.0, -0.0, -0.0, -0.0, -0.0, -0.0, -0.0, -0.0, -0.0, -0.0, -0.0, -0.0, -0.0, -0.0, -0.0, -0.0, -0.0, -0.0, -0.0, -0.0, -0.0, -0.0, -0.0, -0.0, -0.0, -0.0, -0.0, -0.0, -0.0, -0.0, -0.0, -0.0, -0.0, -0.0, -0.0, -0.0, -0.0, -0.0, -0.0, -0.0, -0.0, -0.0, -0.0, -0.0, -0.0, -0.0, -0.0, -0.0, -0.0, -0.0, -0.0, -0.0, -0.0, -0.0, -0.0, -0.0, -0.0, -0.0, -0.0, -0.0, -0.0, -0.0, -0.0, -0.0, -0.0, -0.0, -0.0, -0.0, -0.0, -0.0, -0.0, -0.0, -0.0, -0.0, -0.0, -0.0, -0.0, -0.0, -0.0, -0.0, -0.0, -0.0, -0.0, -0.0, -0.0, -0.0, -0.0, -0.0, -0.0, -0.0, -0.0, -0.0, -0.0, -0.0, -0.0, -0.0, -0.0, -0.0, -0.0, -0.0, -0.0, -0.0, -0.0, -0.0, -0.0, -0.0, -0.0, -0.0, -0.0, -0.0, -0.0, -0.0, -0.0, -0.0, -0.0, -0.0, -0.0, -0.0, -0.0, -0.0, -0.0, -0.0, -0.0, -0.0, -0.0, -0.0, -0.0, -0.0, -0.0, -0.0, -0.0, -0.0, -0.0, -0.0, -0.0, -0.0, -0.0, -0.0, -0.0, -0.0, -0.0, -0.0, -0.0, -0.0, -0.0, -0.0, -0.0, -0.0, -0.0, -0.0, -0.0, -0.0, -0.0, -0.0, -0.0, -0.0, -0.0, -0.0, -0.0, -0.0, -0.0, -0.0, -0.0, -0.0, -0.0, -0.0, -0.0, -0.0, -0.0, -0.0, -0.0, -0.0, -0.0, -0.0, -0.0, -0.0, -0.0, -0.0, -0.0, -0.0, -0.0, -0.0, -0.0, -0.0, -0.0, -0.0, -0.0, -0.0, -0.0, -0.0, -0.0, -0.0, -0.0, -0.0, -0.0, -0.0, -0.0, -0.0, -0.0, -0.0, -0.0, -0.0, -0.0, -0.0, -0.0, -0.0, -0.0, -0.0, -0.0, -0.0, -0.0, -0.0, -0.0, -0.0, -0.0, -0.0, -0.0, -0.0, -0.0, -0.0, -0.0, -0.0, -0.0, -0.0, -0.0, -0.0, -0.0, -0.0, -0.0, -0.0, -0.0, -0.0, -0.0, -0.0, -0.0, -0.0, -0.0, -0.0, -0.0, -0.0, -0.0, -0.0, -0.0, -0.0, -0.0, -0.0, -0.0, -0.0, -0.0, -0.0, -0.0, -0.0, -0.0, -0.0, -0.0, -0.0, -0.0, -0.0, -0.0, -0.0, -0.0, -0.0, -0.0, -0.0, -0.0, -0.0, -0.0, -0.0, -0.0, -0.0, -0.0, -0.0, -0.0, -0.0, -0.0, -0.0, -0.0, -0.0, -0.0, -0.0, -0.0, -0.0, -0.0, -0.0, -0.0, -0.0, -0.0, -0.0, -0.0, -0.0, -0.0, -0.0, -0.0, -0.0, -0.0, -0.0, -0.0, -0.0, -0.0, -0.0, -0.0, -0.0, -0.0, -0.0, -0.0, -0.0, -0.0, -0.0, -0.0, -0.0, -0.0, -0.0, -0.0, -0.0, -0.0, -0.0, -0.0, -0.0, -0.0, -0.0, -0.0, -0.0, -0.0, -0.0, -0.0, -0.0, -0.0, -0.0, -0.0, -0.0, -0.0, -0.0, -0.0, -0.0, -0.0, -0.0, -0.0, -0.0, -0.0, -0.0, -0.0, -0.0, -0.0, -0.0, -0.0, -0.0, -0.0, -0.0, -0.0, -0.0, -0.0, -0.0, -0.0, -0.0, -0.0, -0.0, -0.0, -0.0, -0.0, -0.0, -0.0, -0.0, -0.0, -0.0, -0.0, -0.0, -0.0, -0.0, -0.0, -0.0, -0.0, -0.0, -0.0, -0.0, -0.0, -0.0, -0.0, -0.0, -0.0, -0.0, -0.0, -0.0, -0.0, -0.0, -0.0, -0.0, -0.0, -0.0, -0.0, -0.0, -0.0, -0.0, -0.0, -0.0, -0.0, -0.0, -0.0, -0.0, -0.0, -0.0, -0.0, -0.0, -0.0, -0.0, -0.0, -0.0, -0.0, -0.0, -0.0, -0.0, -0.0, -0.0, -0.0, -0.0, -0.0, -0.0, -0.0, -0.0, -0.0, -0.0, -0.0, -0.0, -0.0, -0.0, -0.0, -0.0, -0.0, -0.0, -0.0, -0.0, -0.0, -0.0, -0.0, -0.0, -0.0, -0.0, -0.0, -0.0, -0.0, -0.0, -0.0, -0.0, -0.0, -0.0, -0.0, -0.0, -0.0, -0.0, -0.0, -0.0, -0.0, -0.0, -0.0, -0.0, -0.0, -0.0, -0.0, -0.0, -0.0, -0.0, -0.0, -0.0, -0.0, -0.0, -0.0, -0.0, -0.0, -0.0, -0.0, -0.0, -0.0, -0.0, -0.0, -0.0, -0.0, -0.0, -0.0, -0.0, -0.0, -0.0, -0.0, -0.0, -0.0, -0.0, -0.0, -0.0, -0.0, -0.0, -0.0, -0.0, -0.0, -0.0, -0.0, -0.0, -0.0, -0.0, -0.0, -0.0, -0.0, -0.0, -0.0, -0.0, -0.0, -0.0, -0.0, -0.0, -0.0, -0.0, -0.0, -0.0, -0.0, -0.0, -0.0, -0.0, -0.0, -0.0, -0.0, -0.0, -0.0, -0.0, -0.0, -0.0, -0.0, -0.0, -0.0, -0.0, -0.0, -0.0, -0.0, -0.0, -0.0, -0.0, -0.0, -0.0, -0.0, -0.0, -0.0, -0.0, -0.0, -0.0, -0.0, -0.0, -0.0, -0.0, -0.0, -0.0, -0.0, -0.0, -0.0, -0.0, -0.0, -0.0, -0.0, -0.0, -0.0, -0.0, -0.0, -0.0, -0.0, -0.0, -0.0, -0.0, -0.0, -0.0, -0.0, -0.0, -0.0, -0.0, -0.0, -0.0, -0.0, -0.0, -0.0, -0.0, -0.0, -0.0, -0.0, -0.0, -0.0, -0.0, -0.0, -0.0, -0.0, -0.0, -0.0, -0.0, -0.0, -0.0, -0.0, -0.0, -0.0, -0.0, -0.0, -0.0, -0.0, -0.0, -0.0, -0.0, -0.0, -0.0, -0.0, -0.0, -0.0, -0.0, -0.0, -0.0, -0.0, -0.0, -0.0, -0.0, -0.0, -0.0, -0.0, -0.0, -0.0, -0.0, -0.0, -0.0, -0.0, -0.0, -0.0, -0.0, -0.0, -0.0, -0.0, -0.0, -0.0, -0.0, -0.0, -0.0, -0.0, -0.0, -0.0, -0.0, -0.0, -0.0, -0.0, -0.0, -0.0, -0.0, -0.0, -0.0, -0.0, -0.0, -0.0, -0.0, -0.0, -0.0, -0.0, -0.0, -0.0, -0.0, -0.0, -0.0, -0.0, -0.0, -0.0, -0.0, -0.0, -0.0, -0.0, -0.0, -0.0, -0.0, -0.0, -0.0, -0.0, -0.0, -0.0, -0.0, -0.0, -0.0, -0.0, -0.0, -0.0, -0.0, -0.0, -0.0, -0.0, -0.0, -0.0, -0.0, -0.0, -0.0, -0.0, -0.0, -0.0, -0.0, -0.0, -0.0, -0.0, -0.0, -0.0, -0.0, -0.0, -0.0, -0.0, -0.0, -0.0, -0.0, -0.0, -0.0, -0.0, -0.0, -0.0, -0.0, -0.0, -0.0, -0.0, -0.0, -0.0, -0.0, -0.0, -0.0, -0.0, -0.0, -0.0, -0.0, -0.0, -0.0, -0.0, -0.0, -0.0, -0.0, -0.0, -0.0, -0.0, -0.0, -0.0, -0.0, -0.0, -0.0, -0.0, -0.0, -0.0, -0.0, -0.0, -0.0, -0.0, -0.0, -0.0, -0.0, -0.0, -0.0, -0.0, -0.0, -0.0, -0.0, -0.0, -0.0, -0.0, -0.0, -0.0, -0.0, -0.0, -0.0, -0.0, -0.0, -0.0, -0.0, -0.0, -0.0, -0.0, -0.0, -0.0, -0.0, -0.0, -0.0, -0.0, -0.0, -0.0, -0.0, -0.0, 0.0, -0.0, -0.0, -0.0, -0.0, -0.0, -0.0, -0.0, -0.0, -0.0, -0.0, -0.0, -0.0, -0.0, -0.0, -0.0, -0.0, -0.0, -0.0, -0.0, -0.0, -0.0, -0.0, -0.0, -0.0, -0.0, -0.0, -0.0, -0.0, -0.0, -0.0, -0.0, -0.0, -0.0, -0.0, -0.0, -0.0, -0.0, -0.0, -0.0, -0.0, -0.0, -0.0, -0.0, -0.0, -0.0, -0.0, -0.0, -0.0, -0.0, -0.0, -0.0, -0.0, -0.0, -0.0, -0.0, -0.0, -0.0, -0.0, -0.0, -0.0, -0.0, -0.0, -0.0, -0.0, -0.0, -0.0, -0.0, -0.0, -0.0, -0.0, -0.0, -0.0, -0.0, -0.0, -0.0, -0.0, -0.0, -0.0, -0.0, -0.0, -0.0, -0.0, -0.0, -0.0, -0.0, -0.0, -0.0, -0.0, -0.0, -0.0, -0.0, 0.0, -0.0, -0.0, -0.0, -0.0, -0.0, -0.0, -0.0, -0.0, -0.0, -0.0, -0.0, -0.0, -0.0, -0.0, -0.0, -0.0, -0.0, -0.0, -0.0, -0.0, -0.0, -0.0, 0.0, -0.0, -0.0, -0.0, -0.0, -0.0, -0.0, -0.0, -0.0, -0.0, -0.0, -0.0, -0.0, -0.0, -0.0, -0.0, -0.0, -0.0, -0.0, -0.0, -0.0, -0.0, -0.0, 0.0, -0.0, -0.0, -0.0, -0.0, -0.0, -0.0, -0.0, -0.0, -0.0, -0.0, -0.0, -0.0, -0.0, -0.0, -0.0, -0.0, -0.0, -0.0, -0.0, -0.0, -0.0, -0.0, -0.0, -0.0, -0.0, -0.0, -0.0, -0.0, -0.0, -0.0, -0.0, -0.0, -0.0, -0.0, -0.0, -0.0, -0.0, -0.0, -0.0, -0.0, -0.0, -0.0, -0.0, -0.0, -0.0, -0.0, -0.0, -0.0, -0.0, -0.0, -0.0, -0.0, -0.0, -0.0, -0.0, -0.0, -0.0, -0.0, -0.0, -0.0, -0.0, -0.0, -0.0, -0.0, -0.0, -0.0, -0.0, -0.0, -0.0, -0.0, -0.0, -0.0, -0.0, -0.0, -0.0, -0.0, -0.0, -0.0, -0.0, -0.0, -0.0, -0.0, -0.0, -0.0, -0.0, -0.0, -0.0, -0.0, -0.0, -0.0, -0.0, -0.0, -0.0, -0.0, -0.0, -0.0, -0.0, -0.0, -0.0, -0.0, -0.0, -0.0, -0.0, -0.0, -0.0, -0.0, -0.0, -0.0, -0.0, -0.0, -0.0, -0.0, -0.0, -0.0, -0.0, -0.0, -0.0, -0.0, -0.0, -0.0, -0.0, -0.0, -0.0, -0.0, -0.0, -0.0, -0.0, -0.0, -0.0, -0.0, -0.0, -0.0, -0.0, -0.0, -0.0, -0.0, -0.0, -0.0, -0.0, -0.0, -0.0, -0.0, -0.0, -0.0, -0.0, -0.0, -0.0, -0.0, -0.0, -0.0, -0.0, -0.0, -0.0, -0.0, -0.0, -0.0, -0.0, -0.0, -0.0, -0.0, -0.0, -0.0, -0.0, -0.0, -0.0, -0.0, -0.0, -0.0, -0.0, -0.0, -0.0, -0.0, -0.0, -0.0, -0.0, -0.0, -0.0, -0.0, -0.0, -0.0, -0.0, -0.0, -0.0, -0.0, -0.0, -0.0, -0.0, -0.0, -0.0, -0.0, -0.0, -0.0, -0.0, -0.0, -0.0, -0.0, -0.0, -0.0, -0.0, -0.0, -0.0, -0.0, -0.0, -0.0, -0.0, -0.0, -0.0, -0.0, -0.0, -0.0, -0.0, -0.0, -0.0, -0.0, -0.0, -0.0, -0.0, -0.0, -0.0, -0.0, -0.0, -0.0, -0.0, -0.0, -0.0, -0.0, -0.0, -0.0, -0.0, -0.0, -0.0, -0.0, -0.0, -0.0, -0.0, -0.0, -0.0, -0.0, -0.0, -0.0, -0.0, -0.0, -0.0, -0.0, -0.0, -0.0, -0.0, -0.0, -0.0, -0.0, -0.0, -0.0, -0.0, -0.0, -0.0, -0.0, -0.0, -0.0, -0.0, -0.0, -0.0, -0.0, -0.0, -0.0, -0.0, -0.0, -0.0, -0.0, -0.0, -0.0, -0.0, -0.0, -0.0, -0.0, -0.0, -0.0, -0.0, -0.0, -0.0, -0.0, -0.0, -0.0, -0.0, -0.0, -0.0, -0.0, -0.0, -0.0, -0.0, -0.0, -0.0, -0.0, -0.0, -0.0, -0.0, -0.0, -0.0, -0.0, -0.0, -0.0, -0.0, -0.0, -0.0, -0.0, -0.0, -0.0, -0.0, -0.0, -0.0, -0.0, -0.0, -0.0, -0.0, -0.0, -0.0, -0.0, -0.0, -0.0, -0.0, -0.0, -0.0, -0.0, -0.0, -0.0, -0.0, -0.0, -0.0, -0.0, -0.0, -0.0, -0.0, -0.0, -0.0, -0.0, -0.0, -0.0, -0.0, -0.0, -0.0, -0.0, -0.0, -0.0, -0.0, -0.0, -0.0, -0.0, -0.0, -0.0, -0.0, -0.0, -0.0, -0.0, -0.0, -0.0, -0.0, -0.0, -0.0, -0.0, -0.0, -0.0, -0.0, -0.0, -0.0, -0.0, -0.0, -0.0, -0.0, -0.0, -0.0, -0.0, -0.0, -0.0, -0.0, -0.0, -0.0, -0.0, -0.0, -0.0, -0.0, -0.0, -0.0, -0.0, -0.0, -0.0, -0.0, -0.0, -0.0, -0.0, -0.0, -0.0, -0.0, -0.0, -0.0, -0.0, -0.0, -0.0, -0.0, -0.0, -0.0, -0.0, -0.0, -0.0, -0.0, -0.0, -0.0, -0.0, -0.0, -0.0, -0.0, -0.0, -0.0, -0.0, -0.0, -0.0, -0.0, -0.0, -0.0, -0.0, -0.0, -0.0, -0.0, -0.0, -0.0, -0.0, -0.0, -0.0, -0.0, -0.0, -0.0, -0.0, -0.0, -0.0, -0.0, -0.0, -0.0, -0.0, -0.0, -0.0, -0.0, -0.0, -0.0, -0.0, -0.0, -0.0, -0.0, -0.0, -0.0, -0.0, -0.0, -0.0, -0.0, -0.0, -0.0, -0.0, -0.0, -0.0, -0.0, -0.0, -0.0, -0.0, -0.0, -0.0, -0.0, -0.0, -0.0, -0.0, -0.0, -0.0, -0.0, -0.0, -0.0, -0.0, -0.0, -0.0, -0.0, -0.0, -0.0, -0.0, -0.0, -0.0, -0.0, -0.0, -0.0, -0.0, -0.0, -0.0, -0.0, -0.0, -0.0, -0.0, -0.0, -0.0, -0.0, -0.0, -0.0, -0.0, -0.0, -0.0, -0.0, -0.0, -0.0, -0.0, -0.0, -0.0, -0.0, -0.0, -0.0, -0.0, -0.0, -0.0, -0.0, -0.0, -0.0, -0.0, -0.0, -0.0, -0.0, -0.0, -0.0, -0.0, -0.0, -0.0, -0.0, -0.0, -0.0, -0.0, -0.0, -0.0, -0.0, -0.0, -0.0, -0.0, -0.0, -0.0, -0.0, -0.0, -0.0, -0.0, -0.0, -0.0, -0.0, -0.0, -0.0, -0.0, -0.0]"
TES_startup_costs,0.0
dispatch_Wind,1.6558950219313328e6
a_dis_t,"[1729.0762762089641, 2049.229877917985, 1199.159075089353, 1730.699984428894, 1649.9858776780347, 1970.565477159565, 1454.5944364094944, 1324.7580554743786, 1231.4185023410653, 1792.2204299997832, 0.0, 1834.1916576136298, 0.0, 2013.0863089244435, 0.0, 1866.6557647098066, 0.0, 625.3235909284074, 0.0, 0.0, 1351.5284600949387, 2019.6593642174562, 268.40092083736545, 1583.9861245487734, 1932.7054235559206, 1210.2789985654526, 1664.9124027983678, 1442.2926944446215, 1901.0148849955658, 1418.5946076525495, 1341.8278567939713, 1179.0500994087274, 1716.3672198689032, 1813.3659746521878, 1752.1620232450978, 1962.9815831163485, 0.0, 176.41903219108121, 1771.223869498174, 0.0, 0.0, 1954.8637249286169, 765.2001710380838, 1289.855610300512, 1874.3461667336007, 83.04968904246925, 609.4040072980588, 1830.6782894896235, 1175.814313916525, 1601.1378282752776, 1276.9183658512804, 0.0, 1330.3375936228474, 1309.2151457094433, 1163.727548109918, 1662.1027374598127, 1771.3204863249327, 1713.3149779026437, 1868.6184960018304, 44.81643564968508, 85.51432431852095, 0.0, 0.0, 761.6355724403992, 1276.7098866445856, 1758.0651273448166, 1249.727887538424, 1793.4470078241661, 0.0, 464.82420416703246, 0.0, 1155.2330763836253, 1569.5562775324647, 1343.4200739725904, 1799.0252748588925, 1315.2951566866745, 1292.1232087218186, 1147.8863314789603, 1628.9596631618722, 1757.2414583123978, 1699.3152951075813, 1784.353057492326, 1792.6637418285652, 0.0, 1616.6341409495512, 0.0, 344.3333395145912, 1826.77106004474, 1712.0517402879839, 1240.3711724694535, 1721.8630789907866, 295.05000784973447, 1399.0652507249579, 1680.1736864291668, 1138.6298611177845, 1548.9283100358136, 1336.5623309277994, 1778.2557308854516, 1284.5033100885355, 1278.1979223426304, 1143.8766280176997, 366.91279265169265, 1744.8007962295371, 0.0, 0.0, 0.0, 0.0, 1585.6087185917615, 0.0, 1090.614253709864, 0.0, 1673.626482861277, 1230.0011266693894, 1645.1109836816347, 29.95403052682468, 1459.1858756491695, 1634.753909031534, 1154.5767026676535, 0.0, 1270.4422057652837, 1752.738789810276, 1267.1710643435006, 1301.971136497542, 1204.7067894493846, 0.0, 1726.6886928588196, 1606.0863506747626, 0.0, 1733.7036618820673, 0.0, 1636.8419072856523, 0.0, 972.6810754664309, 1741.2422553425401, 1706.3174020765039, 1303.7322886731065, 1636.5674433681527, 1120.2185209925426, 1542.2750765161925, 0.0, 1222.256328979542, 0.0, 1478.8816651264592, 1790.6131016481631, 1330.4299365913114, 1386.2071307252438, 1320.3255692406249, 1518.531328789925, 1767.6518421752203, 1689.1447431819522, 0.0, 1720.5693583074258, 0.0, 1646.682421993841, 0.0, 212.3265597701361, 1776.547168021134, 1697.1337571171396, 1468.6785010202973, 1655.4361141868344, 0.0, 1232.699084356586, 1160.5768904739164, 1305.3913446529418, 0.0, 1453.4582444561363, 1739.7500904878348, 1203.5438072843015, 1487.4118099747207, 1416.85633773796, 1446.664703943763, 1668.19505341474, 1599.1184196890022, 0.0, 1565.029696455405, 0.0, 336.19161869841145, 0.0, 532.6687125703913, 1714.3304586519484, 0.0, 1572.7605262390066, 1469.9828296883059, 0.0, 0.0, 0.0, 663.5608969005359, 0.0, 835.148925960546, 0.0, 0.0, 640.6213586186136, 364.7641166807284, 0.0, 0.0, 302.35312797851657, 1202.4708307690498, 0.0, 0.0, 0.0, 0.0, 0.0, 693.3996532989593, 0.0, 395.5677600159356, 134.51731279507976, 0.0, 0.0, 0.0, 0.0, 0.0, 188.5624526061465, 0.0, 0.0, 0.0, 0.0, 0.0, 0.0, 0.0, 0.0, 0.0, 0.0, 0.0, 0.0, 0.0, 0.0, 0.0, 0.0, 0.0, 0.0, 0.0, 0.0, 0.0, 0.0, 0.0, 0.0, 0.0, 0.0, 0.0, 0.0, 0.0, 0.0, 0.0, 0.0, 0.0, 0.0, 0.0, 0.0, 0.0, 0.0, 0.0, 0.0, 0.0, 0.0, 0.0, 0.0, 0.0, 0.0, 0.0, 0.0, 0.0, 0.0, 0.0, 0.0, 0.0, 0.0, 0.0, 0.0, 0.0, 0.0, 0.0, 0.0, 0.0, 0.0, 0.0, 0.0, 0.0, 0.0, 0.0, 0.0, 0.0, 0.0, 0.0, 0.0, 0.0, 0.0, 0.0, 0.0, 0.0, 0.0, 0.0, 0.0, 0.0, 0.0, 0.0, 0.0, 0.0, 0.0, 0.0, 0.0, 0.0, 0.0, 0.0, 0.0, 0.0, 0.0, 0.0, 0.0, 0.0, 0.0, 0.0, 0.0, 0.0, 0.0, 0.0, 0.0, 0.0, 0.0, 0.0, 0.0, 0.0, 0.0, 0.0, 0.0, 0.0, 0.0, 0.0, 0.0, 0.0, 0.0, 0.0, 0.0, 0.0, 0.0, 0.0, 0.0, 0.0, 0.0, 0.0, 0.0, 0.0, 0.0, 0.0, 0.0, 0.0, 0.0, 0.0, 0.0, 0.0, 0.0, 0.0, 0.0, 0.0, 0.0, 0.0, 0.0, 0.0, 0.0, 0.0, 0.0, 0.0, 0.0, 0.0, 0.0, 0.0, 0.0, 0.0, 0.0, 0.0, 0.0, 0.0, 0.0, 0.0, 0.0, 0.0, 0.0, 0.0, 0.0, 0.0, 0.0, 0.0, 0.0, 0.0, 0.0, 0.0, 0.0, 0.0, 0.0, 0.0, 0.0, 0.0, 36.3549142794971, 0.0, 0.0, 0.0, 0.0, 0.0, 0.0, 0.0, 0.0, 0.0, 0.0, 0.0, 844.6141533233949, 0.0, 0.0, 0.0, 0.0, 864.1178572073478, 0.0, 0.0, 0.0, 0.0, 0.0, 362.2271815804297, 1364.8057569473094, 631.6668617034782, 649.9471719337939, 1718.7545989276418, 0.0, 1170.9874753255717, 707.9117400862435, 185.00971840120337, 815.2106122054073, 1090.4375588739222, 0.0, 0.0, 1258.9063480543373, 0.0, 1340.5271912265985, 0.0, 1076.3292902687876, 909.1682372460327, 0.0, 200.66928643804908, 0.0, 1154.3340582098785, 84.7234262628117, 2085.8675995082976, 1505.265194938515, 0.0, 1939.7237968237553, 2212.2609632678586, 1598.8380295478487, 1702.4252684682651, 1526.9761161658514, 1842.232173214514, 2056.2257204978523, 2013.7879355991474, 2030.970413672777, 1735.9004989437058, 0.0, 2083.2739031701885, 1523.309281501738, 1428.7348519562256, 2114.1707370634726, 1944.675514934918, 1572.4193965889633, 2230.884870170729, 1396.9603633313395, 235.26281807072678, 1935.1270541160861, 1448.9211257581517, 2051.172540693455, 2154.352236771907, 2143.926133658747, 1836.6110610941814, 1593.7362661846955, 1445.3788656626612, 2011.8483496250467, 2432.592769471474, 1948.5135366385769, 0.0, 0.0, 601.7983890138382, 1479.6717852722697, 1487.9959263254252, 1749.578971602815, 2269.2686727367845, 2051.8606346634256, 1589.7050796280018, 0.0, 1164.437509584744, 746.263194579198, 1929.0094504951592, 1372.2139557356613, 2042.7445015490364, 1938.543693064517, 2118.5650456755943, 1860.3073185364183, 1511.3253609465671, 1377.8015838167316, 1987.5321799242447, 2409.710128315782, 1900.6043963198254, 2058.83955254833, 2236.716776480227, 213.48205098961284, 2111.7002027156364, 1410.7920900056554, 1826.3757459245917, 2192.6203598015136, 2045.686618831323, 1526.4970201450633, 2014.250784528299, 923.2854956054869, 1338.6263627683588, 541.5057350697352, 1331.217299767432, 1961.472214250597, 1752.9925301249516, 2030.8452169928619, 1747.1678755889718, 1473.3203194856842, 1301.1902088571628, 1914.6623943839231, 2283.8838738825752, 1858.4021343534032, 2025.2827871346817, 2179.0301376898096, 758.4163501850892, 2038.2909657850562, 1373.8732138344544, 1591.394937137598, 2057.917566865525, 2019.9066270807243, 1470.824535175014, 1951.3966399867102, 1220.133172371789, 1440.784587218106, 1910.1845290080335, 1282.736711314076, 1878.686341200302, 1610.0747650100432, 1961.7832010963862, 1278.9954109595633, 1413.6619014795374, 1241.7111269371774, 1817.8301068387616, 2169.892511432919, 1804.5070927890313, 1961.0554542046561, 2089.3287867673953, 0.0, 1925.460171560211, 1322.2409622419086, 1605.10418062169, 1969.8046789691557, 1960.1668413491348, 1416.294426916926, 0.0, 762.4825476757696, 1388.4708018609251, 1919.7469942509977, 1295.110496225893, 1803.0294284605695, 881.1695789271467, 1865.7709440205217, 1009.4273675188324, 1326.9377616080242, 1358.1526150230095, 1860.2193479251623, 1961.9774649196743, 1681.9667777876502, 1982.969291225965, 1959.9044674485701, 0.0, 1731.5437104398745, 1306.9403833073368, 1434.4715911529843, 1704.9893876178787, 1899.3624130539495, 1305.6852456210256, 0.0, 1193.0235583978122, 1063.3572698003957, 1810.867940505871, 1312.122184199079, 1729.7605445744719, 811.3678169109952, 1810.7279992784654, 814.0419824740624, 1352.031287810059, 1303.7183313865473, 1777.7554956726713, 0.0, 1623.8882650995954, 1926.3005192518326, 1880.8764342243442, 1384.2897910187883, 1637.559511212938, 1325.686869776006, 1377.9682570721588, 366.03675384844325, 1847.5168696540438, 1230.0280769095418, 0.0, 404.17179889017746, 1042.6097998890505, 1767.9043696326567, 1280.0853521287286, 1653.6918025406403, 1051.5311984114203, 0.0, 592.9038788596109, 1321.4327170284234, 1290.1054664488427, 1711.2780816764932, 1707.2256330759649, 1609.5189771285254, 1844.0017689539768, 1810.0623865574844, 1347.4193690948546, 1588.959497683335, 1293.328298712826, 1449.5409220232723, 1615.7247653409738, 0.0, 1179.2574664020083, 1649.527664935831, 0.0, 985.8713404602831, 1745.949034892616, 1264.1638161417136, 1615.509771546795, 1147.1020042581576, 1742.4778062492667, 951.7062921882095, 1306.1952858052005, 1272.6570740696445, 1673.1934890985287, 0.0, 1614.3280447150687, 1775.5259895127997, 1755.5581630396457, 1321.4246946625067, 1547.9975871540873, 1277.0218134568488, 1419.066198410807, 0.0, 0.0, 1142.3678278591078, 1610.135734630452, 1037.0130282769526, 1083.8185287095903, 1700.780018897203, 1250.190190019493, 1592.5552996146864, 692.023431220705, 1725.5072137772247, 1190.8366878395004, 1292.062581140432, 1268.0037557578003, 1656.7731070798993, 0.0, 1596.8193751127162, 1729.9864478653556, 1714.2660375160622, 1313.595287479768, 1510.6424288275562, 1261.1302865999128, 1460.5481268919339, 1610.4580626404693, 0.0, 1142.7233407425642, 1571.7771471155904, 1315.5129482033665, 1426.512982478409, 1677.1926172037424, 1272.6521125521126, 1569.292919002969, 866.3124220059353, 1704.6909358666073, 1163.0137159703409, 1314.2755619364593, 1333.3518635503792, 0.0, 1621.0615005212192, 1097.6654210549775, 0.0, 1732.6957465956143, 1325.874672478219, 1532.3247256779061, 1283.0621786155687, 1463.1599476411384, 1624.0553802088427, 1577.918262120884, 1208.863012867879, 1595.7150463819858, 1343.7316776816544, 1516.8789784376331, 1703.741050898265, 1356.1550333650164, 1610.5663882446402, 985.8102896281775, 1741.4712348061473, 1228.8027123522647, 1397.4126614828785, 1459.8091072269476, 1288.0955426443406, 1661.4828719263242, 1633.1095903982807, 0.0, 1739.43636810877, 1408.2211526182841, 1564.73047070031, 1301.3922718987683, 1475.9054057866142, 1688.5912018489046, 1588.3868148354786, 1377.5373339273945, 1631.244259668132, 1481.4614968280266, 1313.9756579304042, 0.0, 1458.99873797011, 1555.0994921802342, 785.7907913500045, 352.8750011232605, 854.4661162800661, 1496.835262468554, 1566.641500092346, 1550.3779399596494, 1583.1114675636506, 1527.5742757952821, 0.0, 0.0, 0.0, 0.0, 0.0, 1294.4444290202232, 0.0, 1440.1736251887978, 1452.6508036510218, 1488.9509718698844, 0.0, 277.8632846768742, 0.0, 502.55508270882456, 379.15373563377625, 0.0, 416.71864898665217, 0.0, 565.6462435700897, 524.9001914684711, 185.67333117733074, 502.29947192343343, 181.99632863388865, 0.0, 0.0, 0.0, 0.0, 0.0, 305.8405445923232, 0.0, 161.46998847806867, 266.25304138214574, 673.548740354516, 0.0, 0.0, 0.0, 0.0, 0.0, 0.0, 0.0, 0.0, 0.0, 0.0, 0.0, 0.0, 0.0, 0.0, 0.0, 0.0, 0.0, 0.0, 0.0, 0.0, 0.0, 0.0, 0.0, 0.0, 0.0, 0.0, 0.0, 0.0, 0.0, 0.0, 0.0, 0.0, 0.0, 0.0, 0.0, 0.0, 0.0, 0.0, 0.0, 0.0, 0.0, 0.0, 0.0, 0.0, 0.0, 0.0, 0.0, 0.0, 0.0, 0.0, 0.0, 0.0, 0.0, 0.0, 0.0, 0.0, 0.0, 0.0, 0.0, 0.0, 0.0, 0.0, 0.0, 0.0, 0.0, 0.0, 0.0, 0.0, 0.0, 0.0, 0.0, 0.0, 0.0, 0.0, 0.0, 0.0, 0.0, 0.0, 0.0, 0.0, 0.0, 0.0, 0.0, 0.0, 0.0, 0.0, 0.0, 0.0, 0.0, 0.0, 0.0, 0.0, 0.0, 0.0, 0.0, 0.0, 0.0, 0.0, 0.0, 0.0, 0.0, 0.0, 0.0, 0.0, 0.0, 0.0, 0.0, 0.0, 0.0, 0.0, 0.0, 0.0, 0.0, 0.0, 0.0, 0.0, 0.0, 0.0, 0.0, 0.0, 0.0, 0.0, 0.0, 0.0, 0.0, 0.0, 0.0, 0.0, 0.0, 0.0, 0.0, 0.0, 0.0, 0.0, 0.0, 0.0, 0.0, 0.0, 0.0, 408.0793390233948, 0.0, 0.0, 0.0, 0.0, 0.0, 0.0, 0.0, 0.0, 0.0, 0.0, 0.0, 0.0, 0.0, 0.0, 0.0, 0.0, 0.0, 0.0, 0.0, 0.0, 0.0, 0.0, 304.1611944790325, 0.0, 0.0, 0.0, 353.1334276494863, 0.0, 0.0, 0.0, 0.0, 0.0, 0.0, 0.0, 0.0, 0.0, 0.0, 0.0, 0.0, 0.0, 0.0, 0.0, 0.0, 0.0, 0.0, 1024.5047324923319, 0.0, 0.0, 0.0, 999.6349219572757, 0.0, 0.0, 0.0, 0.0, 0.0, 0.0, 0.0, 0.0, 0.0, 163.27386145087826, 0.0, 0.0, 0.0, 0.0, 0.0, 0.0, 188.38706551505493, 116.08878539414309, 1460.132135634924, 0.0, 976.2192170024368, 0.0, 1208.398166336691, 879.0569574599983, 761.1325823597242, 693.1733605662811, 807.7036545507033, 51.16858642063653, 1046.8094980463675, 0.0, 0.0, 0.0, 935.1698591049035, 1352.4797182777581, 0.0, 0.0, 1130.9395348893127, 950.3655063574373, 1256.2248081593023, 1598.4696268196199, 696.3534242803158, 1489.728547728113, 1922.2847947370121, 1695.8648487535909, 2014.8648920943187, 1699.207704902261, 2094.0017767847435, 1406.2839610802366, 1703.7345735292, 1682.5819534692898, 2040.9047026196959, 2258.1058696419514, 1875.0298392129096, 2126.351704516175, 2173.079426085248, 1283.7581798823162, 2031.7419046692166, 0.0, 344.8175693184744, 2072.4335038247536, 1978.17003859622, 1642.1986119430896, 2071.317560163073, 1722.62548150874, 1437.3660452750707, 1996.6605364300162, 1574.2746444921345, 2095.0251121179813, 1240.117156978931, 2207.549143208409, 542.1681752247437, 1669.7170215936187, 1594.047994032763, 1919.6262221189957, 2292.5233432856394, 2148.7578760733413, 2300.0205428944364, 2184.50344639895, 1604.8596351054275, 2153.653079149219, 1066.8179580860183, 476.1610735780466, 2459.2321970491057, 1943.6433592812673, 1589.7709973026313, 0.0, 1616.5437849762218, 1488.712282135894, 1965.513525314165, 1492.8321413372698, 2084.6714801334942, 1193.3851712533306, 2184.751131426711, 711.743582836689, 1617.4531083591546, 1524.0098848571504, 1909.0780970375324, 2267.0713950071054, 2046.4494899639362, 2206.118176241099, 2130.0833956768106, 1515.122605366878, 2099.222506359399, 1481.767904373012, 734.337910183672, 2431.860096474452, 0.0, 1512.6417847478003, 50.22002598638255, 1554.6221166298578, 1078.930360627805, 0.0, 1452.096138774784, 1994.105365071584, 1076.3858537234232, 2100.3704646156093, 1598.3818202851498, 1595.9189261589586, 1447.5822572140487, 1855.6267987880694, 2178.583639112819, 1947.3189558029271, 0.0, 2029.3070839317977, 1256.1291824481314, 2013.9283358839564, 1449.080334231358, 1026.3811226876785, 0.0, 2039.6724583342366, 1458.0133739757116, 2088.395179084865, 1510.527205912086, 740.6239894733471, 1876.0737458274832, 1392.8272040780694, 1907.5246450056218, 1013.5484054666424, 2028.8708442002624, 1613.42521794836, 1540.023192823761, 1382.5307160603866, 1778.3772927626296, 2113.736491764331, 0.0, 0.0, 1923.1885096999865, 472.1623856968613, 1914.1285912396838, 1393.0901332826932, 1021.4166255925749, 0.0, 2004.2329895119008, 1367.1097503291414, 69.52281021794397, 1496.1318670846374, 27.49574732115957, 0.0, 1329.6592105625155, 1991.5338033130643, 772.2477474694783, 825.7552119404158, 1754.5927619057422, 1453.722129950408, 1342.9884719042684, 1902.9886325423633, 2027.2340647814829, 1980.2690882611619, 1996.0917915519751, 0.0, 979.4237442260976, 1930.3433220568916, 1235.6713696371623, 1026.458295899953, 2114.3916935785946, 0.0, 1295.3765319508377, 5.993216440292599, 1176.6591201222695, 566.0770021072061, 0.0, 1349.0288473535818, 1878.5054236948174, 710.6819565652268, 1701.1854189104167, 1685.7282971504521, 1343.8292782719311, 1181.493663308006, 1821.743479573407, 1915.8797487566576, 0.0, 1958.377536812858, 0.0, 961.148162281945, 54.85753602501882, 1251.7310493520893, 1013.5817832197121, 1980.8828692769553, 0.0, 1221.3081405649953, 1906.999411257732, 1137.4406515681235, 1082.4790731255705, 1793.3917810880673, 1317.8000704350832, 0.0, 892.9405918996472, 1642.7998175471173, 1442.2639406507822, 1275.7479259725887, 1149.4331728460552, 1785.9763951694308, 706.121965648523, 0.0, 1901.092896153613, 1204.8875451589308, 633.3108780853338, 1742.0889085668268, 1221.3057338081198, 1188.6216003522452, 1859.5143627704447, 1686.1699427664232, 1174.2750573242927, 1837.6237759036337, 1133.9839910952905, 1075.2949268721009, 1787.788649087016, 1301.7814685063447, 0.0, 798.4555997935438, 1615.6583864362294, 1278.5262035589499, 1223.844381594368, 1081.8791826999284, 1776.1109560581242, 1750.2897242566712, 0.0, 1859.535566072855, 1639.109745795347, 0.0, 0.0, 1206.7174762947527, 1225.2419498484837, 1789.212586417008, 1637.777671238656, 1138.7145425961032, 1781.5558359035301, 1108.0651974093182, 994.7595825664628, 1761.109877959184, 1285.760143923861, 1712.1468074738098, 722.5990033201133, 1600.2045561506127, 1497.1309288601346, 1185.7361351906502, 1033.896530328496, 1750.3322032485362, 0.0, 0.0, 1830.7396604687435, 1611.7427705949112, 0.0, 1639.4190232618334, 1193.100469026031, 1305.4205917257302, 1761.5865576346428, 1604.8531378015537, 1141.263000230968, 1736.0465990768867, 1096.218540976784, 1051.8197400281867, 1746.3738608631752, 1308.5021651997542, 1702.3253316933474, 638.6702266662621, 1584.6166891670446, 1592.189022306806, 1152.4918327323103, 1101.5740614072456, 1730.5844361489924, 1711.6368628790526, 0.0, 1767.191026386163, 1644.204432847549, 105.62575038799469, 1662.3677691230407, 1214.3698703264834, 1039.3352155699408, 1730.0941790666768, 1627.9000933064488, 1215.5873482237525, 1764.3218123736913, 1115.40424380819, 1137.3666628837434, 1786.9441817254483, 1392.7201980011748, 1746.5680197755953, 831.5665575614048, 1627.8617535784008, 1677.3492985308308, 1306.8300320926753, 1258.3407897335157, 1770.164348937553, 0.0, 0.0, 0.0, 1652.48970807627, 0.0, 1698.1734454255497, 1295.366136020053, 923.6336896973418, 1712.539750416184, 1634.5028699690602, 1406.5100178929802, 1808.7608514837314, 1225.9169138783607, 957.2286545843892, 1671.0198729140084, 1492.7318450063758, 1700.9829669271928, 898.3578498138944, 0.0, 1448.7998545027792, 1446.6245386180765, 1474.0278447444018, 0.0, 0.0, 0.0, 0.0, 1522.1023582930384, 0.0, 1528.810861277962, 1392.7315711650258, 0.0, 0.0, 0.0, 1527.702227863348, 1684.019170399267, 1311.8765865793546, 0.0, 0.0, 519.2687037020253, 490.3620968559567, 0.0, 0.0, 687.8028926528289, 594.0013952668846, 457.790586256604, 0.0, 425.52018436862613, 0.0, 0.0, 0.0, 0.0, 271.4671501096109, 0.0, 0.0, 0.0, 0.0, 361.44702996165756, 0.0, 0.0, 544.5547183330967, 0.0, 0.0, 0.0, 0.0, 0.0, 0.0, 0.0, 0.0, 0.0, 0.0, 0.0, 0.0, 0.0, 0.0, 0.0, 0.0, 0.0, 0.0, 0.0, 0.0, 0.0, 0.0, 0.0, 0.0, 0.0, 0.0, 0.0, 0.0, 0.0, 0.0, 0.0, 0.0, 0.0, 0.0, 0.0, 0.0, 0.0, 0.0, 0.0, 0.0, 0.0, 0.0, 0.0, 0.0, 0.0, 0.0, 0.0, 0.0, 0.0, 0.0, 0.0, 0.0, 0.0, 0.0, 0.0, 0.0, 0.0, 0.0, 0.0, 0.0, 0.0, 0.0, 0.0, 0.0, 0.0, 0.0, 0.0, 0.0, 0.0, 0.0, 0.0, 0.0, 0.0, 0.0, 0.0, 0.0, 0.0, 0.0, 0.0, 0.0, 0.0, 0.0, 0.0, 0.0, 0.0, 0.0, 0.0, 0.0, 0.0, 0.0, 0.0, 0.0, 0.0, 0.0, 0.0, 0.0, 0.0, 0.0, 0.0, 0.0, 0.0, 0.0, 0.0, 0.0, 0.0, 0.0, 0.0, 0.0, 0.0, 0.0, 0.0, 0.0, 0.0, 0.0, 0.0, 0.0, 0.0, 0.0, 0.0, 0.0, 0.0, 0.0, 0.0, 0.0, 0.0, 0.0, 0.0, 0.0, 0.0, 0.0, 0.0, 0.0, 0.0, 0.0, 0.0, 0.0, 0.0, 0.0, 0.0, 0.0, 0.0, 0.0, 0.0, 0.0, 0.0, 0.0, 0.0, 0.0, 0.0, 0.0, 0.0, 0.0, 0.0, 0.0, 0.0, 0.0, 0.0, 0.0, 0.0, 0.0, 0.0, 0.0, 0.0, 0.0, 145.6368064445951, 0.0, 0.0, 0.0, 0.0, 0.0, 208.7303922252736, 0.0, 0.0, 0.0, 0.0, 0.0, 0.0, 0.0, 0.0, 0.0, 0.0, 0.0, 0.0, 0.0, 0.0, 0.0, 0.0, 0.0, 0.0, 942.792817752791, 0.0, 0.0, 0.0, 0.0, 0.0, 0.0, 0.0, 0.0, 0.0, 0.0, 0.0, 0.0, 0.0, 0.0, 0.0, 190.8798154342087, 1338.544033943852, 23.129505274410622, 739.372076836538, 0.0, 987.2360657307039, 0.0, 1767.624014675523, 1155.5297864702543, 443.1551193961145, 1343.2344604150078, 1032.230150796305, 111.84923596642125, 0.0, 960.5860267361941, 880.0955454524427, 1388.760316494819, 703.891844239496, 0.0, 0.0, 1274.9993204883283, 206.36657650630332, 0.0, 1354.8907523924872, 1883.2784461639833, 2102.444425676583, 1702.1607494671066, 2271.9234060369868, 1457.4080461456501, 2027.5881550816187, 1821.1869273419204, 1876.594925787631, 1758.238236651578, 2079.9749910171886, 2235.964972722179, 2073.021836796966, 2240.4473052636954, 2027.3478532901281, 262.6840557260082, 2292.590189923748, 1577.8726980200097, 1776.2857655619525, 2418.490417908228, 1926.1165361853775, 1611.7775295934384, 2467.262341066297, 1434.2383209665443, 1389.2586072221854, 2417.6323582326827, 1585.2155711241917, 2628.3067103124063, 1470.9490405594613, 2259.001248509715, 551.1033333519447, 1721.1637953142722, 1683.6428204079784, 2363.8861239091857, 2301.2612999288262, 2096.2167979217998, 2445.2790453639955, 1944.5523230089882, 0.0, 1062.6331485271203, 1508.0662408067255, 0.0, 1986.90756982152, 1913.1277014319373, 1615.1547273902324, 2403.1680564947424, 1364.921667320641, 1137.9316791791568, 2377.9130614157384, 1513.3523695038323, 2560.918824372048, 1405.450520577414, 2226.382316286819, 0.0, 1637.0495582544158, 1573.5401205231278, 0.0, 2264.365465476163, 2044.7949478211633, 2430.1238250912543, 0.0, 325.67433825555327, 2131.9210500280874, 1427.1150109959808, 1890.7353400993945, 2016.0978231464985, 1897.2158935110192, 1522.6200087821323, 490.0634767564161, 1322.6003974857654, 817.6499215460555, 2304.074946056841, 1483.9251434984694, 2407.71204671648, 1700.9909238208947, 2101.6244141399334, 0.0, 1614.0810147491243, 1467.3797738246103, 2154.012230644187, 2176.258791862939, 1976.65017316736, 2402.366209854096, 0.0, 711.6248893374348, 2112.6273213513373, 1387.6764425975007, 1830.6668786979508, 1993.6711541120035, 1873.6584808919336, 1450.4813635469525, 0.0, 1276.6042969528175, 772.4847874471258, 2177.879021720412, 1427.3580218810503, 2297.1565621933723, 1626.44168427721, 1984.2336540555366, 0.0, 1555.9646413356252, 1444.4309650415964, 2046.4336591830358, 2134.0312505186735, 467.7412464362794, 2372.018755538004, 2168.532729877576, 1077.32137039541, 2077.03611784949, 1333.0755976159498, 1788.1494486800293, 1936.7219106629746, 1835.9156315113175, 1357.0591292756003, 2288.1601873716113, 521.7332394205864, 765.6326714221716, 0.0, 1430.2456778661385, 0.0, 1577.8615002601218, 1831.4065692447593, 0.0, 1244.14549337827, 1335.6742924407843, 1837.1766079501501, 0.0, 1839.8470688787027, 1946.972433792093, 2109.4120484557466, 1313.959188053732, 2076.561159101423, 1268.71670009727, 1636.6431189701846, 0.0, 1814.9289397683292, 1464.9751520532266, 69.06023106432349, 0.0, 525.9955028472791, 1744.90131410411, 1448.240935978762, 0.0, 1514.2108735311535, 0.0, 771.9179803526561, 1258.1596665237591, 1172.2060559862168, 1763.240697622234, 1778.667704150743, 1771.5052979105508, 0.0, 1982.185413118833, 909.8306531549314, 1961.365118474841, 1301.39920381124, 1561.7752055686612, 0.0, 1754.9102514842132, 1397.4752262800546, 84.99947581837796, 0.0, 521.2196257608203, 0.0, 1413.0366502879215, 1798.9158352719412, 1409.3683591156723, 1664.8914560119883, 1317.3740342517528, 1226.9079577419018, 1143.636409236435, 1714.6142324731018, 0.0, 1730.2863213009057, 0.0, 1868.933099680338, 1475.2154438461666, 0.0, 1270.863749503548, 1524.93694622279, 0.0, 1704.12900222046, 1354.5197420874279, 2100.2898933120755, 0.0, 785.2848676276483, 1641.931016142613, 1395.2725179633353, 1752.1506081249759, 1325.3270094292084, 1626.782851860664, 1471.602533368122, 1212.036852309346, 1074.6334770478472, 1693.9139875656435, 0.0, 1716.8870700356028, 1650.601775749254, 1785.96256336203, 1440.646114746106, 1797.0250684546002, 1258.9783132510042, 1470.6621768334887, 0.0, 0.0, 1349.0360470442781, 1986.2209057237685, 1244.2384599907518, 1035.7010663006276, 0.0, 1378.805981613258, 1725.6005920934515, 1048.8774061086838, 1605.5183921938135, 1522.6666574335577, 1199.0925022337933, 1023.359737201051, 1696.0033929163712, 0.0, 1723.1927401151784, 1580.7109634941332, 1729.2015621239252, 1257.6524198392817, 1724.4296792510968, 1246.8647413414876, 1439.7822050180948, 0.0, 1624.402954642955, 1337.6007869296413, 1883.503200804884, 1232.018594228833, 1148.7313471102302, 1615.3159213148867, 1401.218573478233, 1715.0947235448887, 1239.5421186788385, 1584.5894887812537, 1437.0627932739242, 1237.3311307066174, 1087.8503142467755, 1700.3026471216656, 1665.4716537223014, 1720.8592212786086, 0.0, 1738.769799160385, 1438.2220166303714, 1727.0041684731548, 1280.461620256441, 1439.8736067628533, 1866.191569562509, 1638.15135247376, 1406.125433827696, 1872.3501719161882, 1251.2438034365887, 1187.1465969790597, 1671.5054849520598, 1485.8604550909565, 1762.820974336372, 1387.2369596199985, 1626.2104687845065, 1451.087903715222, 1347.087588099298, 1242.6645490540577, 1699.8891206081973, 1708.2549230674388, 1699.7334575084672, 1487.6612509056113, 1745.0836894566676, 1435.7993712103046, 1740.7288134962546, 1347.3148990720017, 1450.4503274946244, 1804.8639125610914, 0.0, 1569.0646914243755, 1894.3388537791427, 1375.5028863424175, 1224.2089275248265, 0.0, 1587.9195378155794, 0.0, 932.3308522894008, 0.0, 1348.5077412221285, 1465.5249828984306, 1455.5212517608402, 0.0, 0.0, 0.0, 720.4186417036341, 1622.797669854965, 1105.8806358991742, 0.0, 1434.5370103504954, 1375.0242179785166, 1721.2591521063434, 0.0, 1665.9591167990445, 1717.158679347228, 1473.4599492411432, 440.7183595847191, 0.0, 786.951878554358, 642.9649072447795, 0.0, 0.0, 530.2296433191386, 557.3030706235676, 492.6306494019385, 0.0, 0.0, 0.0, 0.0, 0.0, 0.0, 0.0, 404.36532750118295, 281.6948438665731, 0.0, 446.39892370404095, 527.3507602045133, 504.5372796769743, 0.0, 0.0, 0.0, 0.0, 0.0, 0.0, 0.0, 0.0, 0.0, 0.0, 0.0, 0.0, 0.0, 0.0, 0.0, 0.0, 0.0, 0.0, 0.0, 0.0, 0.0, 0.0, 0.0, 0.0, 0.0, 0.0, 0.0, 0.0, 0.0, 0.0, 0.0, 0.0, 0.0, 0.0, 0.0, 0.0, 0.0, 0.0, 0.0, 0.0, 0.0, 0.0, 0.0, 0.0, 0.0, 0.0, 0.0, 0.0, 0.0, 0.0, 0.0, 0.0, 0.0, 0.0, 0.0, 0.0, 0.0, 0.0, 0.0, 0.0, 0.0, 0.0, 0.0, 0.0, 0.0, 0.0, 0.0, 0.0, 0.0, 0.0, 0.0, 0.0, 0.0, 0.0, 0.0, 0.0, 0.0, 0.0, 0.0, 0.0, 0.0, 0.0, 0.0, 0.0, 0.0, 0.0, 0.0, 0.0, 0.0, 0.0, 0.0, 0.0, 0.0, 0.0, 0.0, 0.0, 0.0, 0.0, 0.0, 0.0, 0.0, 0.0, 0.0, 0.0, 0.0, 0.0, 0.0, 358.4407165360019, 0.0, 0.0, 0.0, 0.0, 0.0, 0.0, 0.0, 0.0, 0.0, 0.0, 0.0, 0.0, 0.0, 0.0, 0.0, 0.0, 0.0, 0.0, 0.0, 0.0, 0.0, 0.0, 465.0348866263864, 0.0, 0.0, 0.0, 0.0, 0.0, 0.0, 0.0, 0.0, 0.0, 0.0, 0.0, 0.0, 0.0, 0.0, 0.0, 0.0, 0.0, 0.0, 0.0, 0.0, 0.0, 0.0, 488.86744433261805, 0.0, 0.0, 0.0, 0.0, 0.0, 0.0, 0.0, 0.0, 0.0, 0.0, 0.0, 0.0, 0.0, 0.0, 0.0, 0.0, 0.0, 0.0, 0.0, 0.0, 0.0, 0.0, 198.7483456354115, 0.0, 0.0, 0.0, 0.0, 0.0, 0.0, 0.0, 0.0, 1199.0262310839244, 0.0, 0.0, 0.0, 0.0, 0.0, 1301.4968593831466, 0.0, 0.0, 0.0, 0.0, 0.0, 0.0, 0.0, 0.0, 0.0, 0.0, 0.0, 0.0, 254.26937451434696, 0.0, 0.0, 0.0, 1451.6154104697616, 0.0, 852.5217983056505, 314.7340925325882, 846.4692299040549, 622.5245222996969, 1607.3016068123695, 489.20508063401076, 463.50861210394464, 1509.2464677950804, 0.0, 1747.072152541663, 1000.3408917744981, 0.0, 224.94546453713906, 1266.501375124275, 731.7351717037311, 0.0, 655.8198588415801, 1234.036449618789, 0.0, 0.0, 1110.2081246141881, 1768.4562495505247, 2141.3727319674254, 1790.496074313052, 2453.7851304383817, 1554.5609383758338, 2104.143766281847, 1433.3629462932145, 1562.0739159130023, 1761.1552421734139, 2268.222016913949, 2071.419847475282, 2119.3530490411194, 1966.4438895151093, 2377.2870741835886, 254.53011591379465, 2188.595608087261, 1604.6707633116632, 1826.04593072516, 2134.6338177783086, 1940.5466249384774, 1766.351416539, 2414.3531966606215, 1553.9240155977334, 1654.0759840462617, 1902.150523292275, 1733.1642112577533, 2204.2584535782617, 1519.1904319337345, 1876.1351174138676, 1455.3989421487247, 1484.0854269986128, 1691.777924799557, 2002.0076327175216, 2329.884325667867, 1983.9235216344687, 1954.7640429754917, 2152.472132626004, 0.0, 1449.8983912493181, 1512.123637486892, 2088.71404048837, 2089.3960052685584, 2093.588015455925, 1744.4204941616779, 2562.397250271506, 1371.1609632437487, 1548.2024612535336, 1856.3576300190166, 1644.3376401777127, 2162.516999822275, 1682.7450246636895, 1867.121115823226, 1439.660123098932, 1418.4413190102562, 1579.0182514978806, 1951.6397530922466, 2320.4350942563947, 1964.5552230208139, 1864.6666543585588, 2170.769556884499, 0.0, 2014.2310891302266, 1434.3370566578926, 2040.7774439025263, 2073.3161463330425, 2060.467904593544, 1662.903838145967, 2553.391886039111, 1245.6859002423791, 1509.3834449597753, 1815.849132618041, 1590.9855751683922, 2077.169279773195, 1788.8061979798756, 1795.9886619030535, 1297.748024428858, 1391.575986780372, 1467.7034921215568, 1850.7081301314252, 2203.107922631294, 1908.5340105569971, 1819.1645957547798, 2181.811173161207, 0.0, 1955.8582938130498, 1399.0210674135085, 1959.7669308374752, 2018.5044332290677, 2024.1656965980537, 1593.4210978173335, 0.0, 733.0590794926904, 1487.0441747134137, 1758.1885503429794, 1532.323848175425, 0.0, 1856.5068155761064, 1749.9185067408232, 1432.8079926273508, 1334.558044146504, 1444.019896560035, 1752.6186170232208, 2079.273405591176, 1831.9169246239153, 1799.1091453090964, 2137.2704959940133, 0.0, 1908.3143620551486, 1348.000986680545, 1874.3245419412071, 1950.72301496157, 1960.2874457867733, 1536.4498338794272, 552.0755451032128, 100.54626754339574, 1344.775298068202, 1777.2091001329595, 1325.888524650504, 1828.0676070154448, 1638.9087308184276, 1645.6909335578862, 1285.8711277539082, 1179.9381236564732, 1332.191154494314, 1775.999289065038, 1913.0226166373584, 1871.066974717955, 1688.9130907141016, 1824.0621271938749, 0.0, 1744.9858318922193, 1229.1707047720695, 1736.5386497204256, 1785.2530652141772, 62.18062934019349, 1316.1491719166415, 931.9552175548084, 0.0, 1327.777141953814, 1009.2178115362308, 1343.8506385080993, 1786.3167564037105, 1419.2376372962108, 1574.6886734897228, 1214.7602420972296, 1200.300387244508, 1279.2992809650575, 0.0, 1808.144271102853, 1802.373114317126, 1644.2665390618213, 1723.966077133583, 0.0, 1676.8081784461015, 1154.9401407252167, 1635.9491967441209, 1731.7425640442193, 0.0, 1257.0598764789852, 2080.9476429678843, 1271.8558025333339, 1310.3257786621787, 1676.0941897553635, 1309.5904126862945, 1742.726655854327, 1272.9104296949392, 0.0, 1224.6622626072458, 1176.4587782417084, 1266.8310254594464, 0.0, 0.0, 1775.1651054831898, 1610.4757701199233, 1650.1160635510228, 0.0, 1613.9983008746697, 1116.5063247542555, 1568.7143656478415, 1695.610344909536, 83.91901593173316, 1220.3856268640625, 1979.5246675395558, 1270.7540110862897, 1301.052125776753, 1670.4847496677623, 1290.2967511931884, 0.0, 1340.7326660489625, 0.0, 1301.1232516131845, 1169.9411665890204, 1254.2027193833746, 0.0, 0.0, 829.9736599528511, 1580.2745813809508, 1587.1669450242139, 0.0, 1553.4467112837685, 1081.252297745089, 1496.5325183508608, 0.0, 0.0, 1218.7553346578727, 1891.6929102113152, 1244.9259016066467, 1303.3946511123634, 1642.3287137393213, 1272.2640416123495, 1720.1143826467649, 1315.5496260612376, 1472.7150947441928, 1254.756785292659, 1162.9212155129874, 1254.1616142772868, 1668.0659234995744, 0.0, 0.0, 1555.929310611224, 1534.6808607089688, 0.0, 1532.4346704658108, 1051.9927919923584, 1458.4109609618502, 1671.0374714853547, 1678.4121324626353, 1213.4568812292212, 1812.375693377196, 1233.5095731416998, 1328.2933851434254, 1630.0450675849931, 1291.682954414711, 1707.5376385632537, 1344.7318486600673, 1464.390259462446, 1177.5115523684574, 1195.2403949787217, 1324.69989862671, 1668.5510598927135, 0.0, 0.0, 1588.9091282167733, 1543.0927207793918, 0.0, 1590.8483411244333, 1018.1849523613056, 1458.4383472387042, 0.0, 1696.3272526663075, 1279.8497735091732, 1814.0461144340418, 1253.5467966630881, 1417.197263659348, 1665.8928880624321, 1369.311218511727, 1751.9312531732332, 1343.9246512892282, 1488.2270632234033, 1099.7248146486897, 1290.2419841490134, 1449.5591550437491, 1712.3524316410294, 1659.8329848257492, 0.0, 1598.1720806101152, 1072.3573819100375, 0.0, 1596.7609978796888, 1153.7925311301926, 1475.2149778572834, 1589.4972846991354, 1692.5996348413707, 1422.5186840692043, 1834.494216456749, 1375.099368205995, 938.3689714982413, 1547.4910627071704, 1463.8755478019775, 1667.006981347074, 1013.7267682189686, 1435.5666969902472, 670.4184325361447, 1400.958363149621, 1553.9947151090853, 1612.2981980123907, 0.0, 0.0, 421.252431023528, 0.0, 0.0, 0.0, 1276.5152949434698, 0.0, 0.0, 0.0, 1506.4849266524325, 1665.4278108099695, 1469.6903959458655, 0.0, 0.0, 482.27448417906544, 430.5781562214761, 0.0, 452.9897103680644, 0.0, 492.70001718049286, 521.8141362874393, 693.0782195612742, 0.0, 0.0, 0.0, 0.0, 0.0, 0.0, 379.83050596195005, 0.0, 430.29731339665614, 0.0, 0.0, 0.0, 0.0, 0.0, 0.0, 0.0, 0.0, 0.0, 0.0, 0.0, 0.0, 0.0, 0.0, 0.0, 0.0, 0.0, 0.0, 0.0, 0.0, 0.0, 0.0, 0.0, 0.0, 301.931373930191, 0.0, 0.0, 0.0, 0.0, 0.0, 0.0, 0.0, 0.0, 0.0, 0.0, 0.0, 0.0, 0.0, 0.0, 0.0, 0.0, 0.0, 0.0, 0.0, 0.0, 0.0, 0.0, 0.0, 0.0, 0.0, 0.0, 0.0, 0.0, 0.0, 0.0, 0.0, 0.0, 0.0, 0.0, 0.0, 0.0, 0.0, 0.0, 0.0, 0.0, 0.0, 0.0, 0.0, 0.0, 0.0, 0.0, 0.0, 0.0, 0.0, 0.0, 0.0, 0.0, 0.0, 0.0, 0.0, 0.0, 0.0, 0.0, 0.0, 0.0, 0.0, 0.0, 0.0, 0.0, 0.0, 0.0, 0.0, 0.0, 0.0, 0.0, 0.0, 0.0, 0.0, 0.0, 0.0, 0.0, 0.0, 0.0, 0.0, 0.0, 0.0, 0.0, 0.0, 0.0, 0.0, 0.0, 0.0, 0.0, 0.0, 0.0, 0.0, 0.0, 0.0, 0.0, 0.0, 0.0, 0.0, 0.0, 0.0, 0.0, 0.0, 0.0, 0.0, 0.0, 0.0, 0.0, 0.0, 0.0, 0.0, 0.0, 0.0, 0.0, 0.0, 0.0, 0.0, 0.0, 0.0, 0.0, 0.0, 0.0, 0.0, 0.0, 0.0, 0.0, 0.0, 0.0, 0.0, 0.0, 0.0, 0.0, 0.0, 0.0, 0.0, 0.0, 0.0, 0.0, 0.0, 0.0, 0.0, 0.0, 0.0, 0.0, 0.0, 0.0, 0.0, 0.0, 0.0, 0.0, 0.0, 0.0, 0.0, 0.0, 0.0, 0.0, 51.63251220842682, 0.0, 0.0, 0.0, 0.0, 0.0, 0.0, 0.0, 0.0, 0.0, 0.0, 0.0, 0.0, 0.0, 0.0, 996.6779185077191, 0.0, 0.0, 914.9968407257443, 0.0, 0.0, 0.0, 0.0, 947.851636010145, 0.0, 0.0, 0.0, 0.0, 1022.2782907101392, 87.09231536400443, 0.0, 0.0, 330.75230162194293, 0.0, 841.5060778151114, 781.7053206001344, 1156.6185049035387, 948.4851388438245, 1527.2934236865217, 366.4418655499387, 423.1364175116282, 1343.973318326814, 963.1501438347998, 794.5221735451148, 848.5639432057312, 0.0, 1488.4312472442884, 1118.2520358748116, 1326.516715829989, 999.0452635085451, 0.0, 1738.0000252625862, 656.6885734662684, 1277.702669184682, 1062.5407551139465, 0.0, 1955.016072263232, 1723.7759808397686, 1977.9932498895314, 1942.6215395102545, 1779.4116842232684, 1739.7978283615676, 1458.437114516588, 1681.4830254765243, 2066.6694483268957, 2174.246755542585, 0.0, 1854.8525482939565, 1827.6927680578863, 1203.5542742470475, 1893.3583861266582, 1662.7171776584628, 2003.2629018603445, 1863.0144221474513, 1970.4957142777457, 1591.5422688428164, 2449.49150622291, 1432.6873109092403, 315.5642956010538, 1899.1153758377282, 1569.7617481613322, 2034.9461261695567, 1784.230506761655, 2052.913236980044, 1896.7114505759812, 1393.1300844059222, 1546.028984377358, 2159.413992478204, 1879.0952984605872, 0.0, 1791.0186890269097, 1775.896606756579, 544.2795111867738, 1915.9533147871728, 1551.9918924911838, 1901.8993212489609, 1873.0989765941015, 1941.4442720566055, 1542.90237364532, 2262.8944471994464, 1482.141901156992, 0.0, 1874.2281705521134, 1499.7205502630302, 2032.7757778210014, 1726.2218373256546, 2018.5806868030202, 1858.3368197870368, 1329.8465495172272, 1478.070557512908, 2127.5403973199923, 1877.3481752159523, 0.0, 1773.3696100623345, 1763.0296407684812, 432.44898585802207, 1855.5405079526136, 1473.061425535852, 1869.317298327836, 1882.8805151765707, 1909.114054056704, 1471.7882374414673, 2218.736139587451, 1261.5271114597604, 497.40802844579866, 1846.2742615572645, 1471.1764570500075, 1960.338615929811, 1669.57601302784, 1930.7385094289589, 1712.4037530651367, 1308.088455225838, 1403.4553257263838, 2076.523733541761, 1820.713155808261, 1986.2414600045902, 1744.948977654668, 1742.2428030969934, 416.79042569733133, 1809.0139668609118, 1445.0019753659128, 1815.1277603043663, 1856.1443086163138, 1873.9233486589096, 1414.6696262357987, 2151.232483006373, 1408.278572468565, 615.4874216586288, 1794.1637350372184, 1419.2734505012888, 1915.2819028923673, 1606.0065530942863, 1883.7488272527987, 1490.2725435021075, 1261.6269665536154, 1342.2849983366239, 1986.1403634826095, 1807.567558002944, 1947.0164466056026, 1709.430559594556, 1702.7531595673042, 599.1218963352766, 1728.613008711406, 1393.7488024248232, 1760.432327801578, 1817.7092623267831, 0.0, 1365.5579785074428, 2080.035510836058, 1438.1781416934252, 1080.601036663173, 1752.334841320446, 1247.6703166878413, 1853.3558116119814, 1496.1415189993595, 1739.9309220229493, 1574.7891936834167, 1340.3650853725687, 1215.8493214416162, 0.0, 1769.7347123734196, 1722.099312324022, 1719.7376226304707, 1750.07419408092, 194.78838342765357, 1658.3232114501616, 1203.7019922161023, 1731.9351492741907, 1774.6705168026094, 0.0, 1191.7984178303816, 0.0, 1243.2894613283693, 1226.2112972345656, 0.0, 1173.4071700252214, 0.0, 1233.657391271347, 1651.0525962417232, 1435.5556151562382, 1365.838455141995, 1165.7608120966213, 1733.497983943856, 1678.663078670815, 1647.2883789505358, 1681.5586854591093, 1712.7824487580835, 0.0, 1606.863495805262, 1223.5983604894461, 1611.801652238503, 1715.2498932605672, 0.0, 1138.0435829159185, 0.0, 1199.2962363313352, 1112.8178021653703, 1426.526034536547, 1133.2360909060228, 1762.7800926306159, 1346.5177121480338, 1563.968243152204, 1184.8112560485317, 1335.7402826994708, 1153.8654797697761, 1679.453686575363, 0.0, 1619.388605340096, 1649.0029098333305, 1650.3494713209473, 0.0, 1553.9880658975096, 1194.7718982670656, 1555.8784898025192, 1670.8894335764749, 0.0, 1104.360162887255, 1696.6462863162192, 1077.1855543522947, 1346.1054012907125, 1626.227681563167, 1090.833946775362, 1743.8678325447293, 1351.9191024746594, 1533.4528277435968, 1070.3153767338354, 1321.037042258983, 1139.960744400676, 1657.6953043698618, 0.0, 1609.2562551532917, 1620.0487018728468, 1594.8731756162485, 0.0, 1497.2148311354094, 1179.7048405511166, 1473.4060763165528, 1642.7130411526507, 0.0, 1099.6133635939748, 1650.4246536179755, 965.2388642990229, 1351.410798148976, 1591.5771978561168, 1052.546207000993, 1728.969525011333, 1181.8541261507376, 0.0, 1231.413753345604, 1306.6578583990351, 1138.9669917021993, 0.0, 1579.6794358079287, 1574.6792907174088, 1588.586456589206, 1552.1284197004227, 0.0, 1477.8031560065547, 1164.6247335742478, 1373.5086854966933, 1620.2089329577425, 0.0, 1089.534777513899, 1608.6079702871334, 986.0977651589867, 1377.828618536975, 1613.1764879889954, 1006.2969467556034, 1706.6825036899359, 961.3260449301113, 0.0, 1326.9019406373661, 1326.923409627101, 1204.7562219588028, 0.0, 1562.4554140309795, 1547.9117234850694, 1603.56934228353, 1475.3851441929203, 0.0, 1528.894707859271, 1182.643845370198, 1359.2770283742789, 1576.0584231578641, 0.0, 1144.456371256376, 1629.2400299644307, 781.5461106282407, 1471.3589696879505, 1633.989633021728, 1134.9100486844247, 1741.4438105249687, 839.8698439658746, 0.0, 1329.7762461680868, 1403.3247994027154, 1320.749815637835, 1680.699505356927, 1582.1151074039176, 0.0, 1590.2251693612284, 1489.6134568253074, 0.0, 1523.5400645855473, 1251.680301969008, 1427.1524658090145, 1522.5606727218112, 0.0, 1269.2772806380767, 1656.546885968906, 1317.4532019923474, 787.9148337999569, 1472.6939893021345, 1251.692298394542, 777.9783088522365, 592.8756706796619, 1471.1507288014739, 958.568765188086, 1496.854841534883, 1412.734613355579, 1577.202065936159, 1456.0741668394903, 845.7083283735352, 818.5281281843179, 1411.3925998303594, 0.0, 925.3233983726823, 1336.1055904186167, 1210.6377310625878, 0.0, 1439.413049850583, 1339.772384315227, 1023.9084471412407, 1547.2781473601945, 0.0, 0.0, 325.07957839035, 0.0, 0.0, 0.0, 0.0, 521.2091641292468, 325.7411844249384, 0.0, 100.08764015389755, 255.95090099680738, 99.2408073737679, 174.38530776481298, 0.0, 0.0, 625.2023138712108, 0.0, 563.2949475687096, 584.8816639926793, 96.71306433782865, 0.0, 423.9942505723675, 0.0, 0.0, 0.0, 0.0, 0.0, 0.0, 0.0, 0.0, 0.0, 0.0, 0.0, 0.0, 0.0, 0.0, 0.0, 0.0, 0.0, 0.0, 0.0, 0.0, 0.0, 0.0, 0.0, 0.0, 0.0, 0.0, 0.0, 0.0, 0.0, 0.0, 0.0, 0.0, 0.0, 0.0, 0.0, 0.0, 0.0, 0.0, 0.0, 0.0, 0.0, 0.0, 0.0, 0.0, 0.0, 0.0, 0.0, 0.0, 0.0, 0.0, 0.0, 0.0, 0.0, 0.0, 0.0, 0.0, 0.0, 0.0, 0.0, 0.0, 0.0, 0.0, 0.0, 0.0, 0.0, 0.0, 0.0, 0.0, 0.0, 0.0, 0.0, 0.0, 0.0, 0.0, 0.0, 0.0, 0.0, 0.0, 0.0, 0.0, 0.0, 0.0, 0.0, 0.0, 0.0, 0.0, 0.0, 0.0, 0.0, 0.0, 0.0, 0.0, 0.0, 0.0, 0.0, 0.0, 0.0, 0.0, 0.0, 0.0, 0.0, 0.0, 0.0, 0.0, 0.0, 0.0, 0.0, 0.0, 0.0, 0.0, 0.0, 0.0, 0.0, 0.0, 0.0, 0.0, 0.0, 0.0, 0.0, 0.0, 0.0, 0.0, 0.0, 0.0, 0.0, 0.0, 0.0, 0.0, 0.0, 0.0, 0.0, 0.0, 0.0, 0.0, 0.0, 0.0, 0.0, 0.0, 0.0, 0.0, 0.0, 0.0, 0.0, 0.0, 0.0, 0.0, 0.0, 0.0, 0.0, 0.0, 0.0, 0.0, 0.0, 0.0, 0.0, 0.0, 0.0, 0.0, 0.0, 0.0, 0.0, 39.71206248456531, 0.0, 0.0, 0.0, 0.0, 0.0, 0.0, 0.0, 0.0, 0.0, 0.0, 0.0, 0.0, 0.0, 0.0, 0.0, 0.0, 0.0, 0.0, 0.0, 0.0, 0.0, 0.0, 0.0, 0.0, 0.0, 0.0, 0.0, 0.0, 0.0, 0.0, 0.0, 0.0, 0.0, 0.0, 0.0, 0.0, 207.10239510954807, 0.0, 0.0, 0.0, 0.0, 399.7726730730551, 0.0, 0.0, 0.0, 50.65467936498203, 0.0, 683.9005085169355, 0.0, 1071.4698167815993, 0.0, 1543.6235288553444, 605.0484578731975, 259.56738095665764, 844.7566243155277, 584.5986620340755, 0.0, 937.1741108791266, 0.0, 1342.077669625095, 1019.3423194160256, 969.686345985278, 953.8745659824314, 199.04911155298234, 0.0, 144.14160423904923, 0.0, 1069.468502584358, 408.2532610396545, 1939.1349864938827, 1639.2444334755753, 1974.1812195086536, 202.35541615789953, 0.0, 1926.3973882503342, 1658.0704193456427, 1510.144500554076, 2047.1014999198321, 0.0, 1756.0515444582027, 0.0, 1771.0696954468958, 1305.3177940923679, 1787.7722015095205, 1500.9620681851545, 1915.597022663733, 1746.0632419028102, 1750.5627605166123, 1415.8756198493174, 2116.174874011897, 1638.579449677248, 0.0, 2204.5226131402333, 1576.8672097152564, 2328.184718393018, 852.8211799631315, 2191.0349948438443, 1915.7375341788647, 1595.032813119678, 1442.009125428852, 2077.667854226655, 2276.5525729912697, 1915.3286689252081, 2083.9152071648227, 2083.236164508964, 1404.1567899810027, 2162.859698405521, 1414.6776563925807, 2106.1066532950617, 1902.879809882927, 1987.321179817584, 1389.23205039645, 2262.0015187553095, 1594.4884973691208, 0.0, 2200.514936608805, 1495.7669889559766, 2330.386092175269, 1177.267100774111, 2149.82187009454, 1811.1801027703161, 1522.8554785957147, 1368.9160593378424, 2041.89530145625, 2227.939251310674, 1940.502633777034, 2059.4532002704755, 1983.225283808323, 1264.581900662768, 2093.1465970431245, 1350.7841100696278, 2087.303980640254, 1895.2131331449202, 1942.412230503566, 1328.0002031695767, 2191.7827132237894, 1534.602659667775, 1393.2643038681772, 288.73828530444416, 1464.9027755644934, 2231.3275964800214, 1280.7626369707077, 0.0, 1768.6566807509075, 1486.9819102080821, 1289.3838747005732, 1999.658542181078, 0.0, 1953.5590987913317, 2012.501021712837, 1904.5789468754108, 1217.3134998453668, 2011.14626710657, 1322.5463900933207, 2101.784464092898, 1843.53071493773, 1865.1214620878736, 1275.1885239071557, 2101.0352346759787, 1492.5812336947797, 1373.2738831734864, 2113.9631180893743, 1416.9890862914333, 2132.2623798422997, 1307.5246494232856, 1980.6309354320592, 1714.0862698182711, 1434.4148886777045, 1231.153203064863, 1920.1071992009943, 2053.238899024595, 1907.1896699165575, 1937.4001315602113, 1865.6329221978415, 1030.5000785663499, 1877.0194705965591, 1277.8986306053812, 2080.2085890848175, 1764.382492346101, 1787.1455885446107, 1234.0280593215894, 2002.6965847753802, 1482.081881227012, 1324.4860848866563, 2106.0805853520233, 1238.8285826699382, 1952.2511341454615, 1554.6574501870068, 1861.185696175227, 1678.917701284974, 1182.2965725522474, 1289.9321364753011, 1883.9723832576374, 1753.7271711286353, 0.0, 0.0, 1668.7217404063304, 1399.3317160185, 1842.5091201797197, 1261.7892990088883, 2003.3517930758833, 1878.4920129298216, 1733.6181448791656, 1298.1940829402351, 1755.5268377421387, 0.0, 631.7054291334215, 1995.172300227163, 1256.9992052715422, 1861.5968960637738, 1495.8028416087402, 1782.14696713439, 1586.4908010573884, 1198.2911122248158, 1237.2894753546052, 1791.8253836347014, 1685.1068421091613, 1887.8998412829628, 0.0, 1624.48700785702, 1391.4791534996511, 1739.08646346327, 1285.811291379616, 1899.7104840647544, 1797.4122381319446, 1687.9845589335314, 1241.5025387361668, 1649.755256698398, 164.7486480575726, 859.4782442299881, 0.0, 1228.0473558716817, 1766.3920389051673, 1350.3605713957218, 1704.7078074951567, 1441.1983175601367, 1167.3908644686917, 1224.7995498772834, 1738.0947606977777, 1618.0569043179853, 1813.9261942882986, 1882.3127443085289, 1584.2867448956197, 1378.711147578861, 1645.7294887955325, 1257.4373582571288, 1795.5447823903996, 1755.5604469598127, 1651.385550600444, 1206.5988703210628, 1584.7115243949913, 1333.544599530735, 1126.12749989757, 1803.2107232713686, 1215.122944558858, 1719.8524092496161, 1162.912086348845, 1669.9978108016237, 1411.9552944473628, 1146.906487845807, 1209.7829658066469, 1717.9599994039622, 1585.5143345919353, 1772.9266080825053, 1830.4749181101456, 1575.0058446830333, 1375.1072042278133, 1568.7473700490204, 1243.5233576681414, 1680.3021764666403, 1741.918485034991, 0.0, 1202.7825166259152, 1534.0083020675481, 1305.950099623074, 1284.9743744030457, 1718.0947802578173, 1203.6415716062695, 0.0, 1026.1115308208218, 1651.2618601101133, 1268.8208411553614, 1134.3796079478677, 1208.6965026912633, 1687.9350704182984, 1566.6495149452774, 1716.5546791610918, 1789.7057178928942, 0.0, 1381.431271345408, 0.0, 1231.2231159345595, 1599.96539021698, 0.0, 1597.1773789894962, 1193.7935807310055, 314.1403921824069, 1295.1482335671926, 1320.3649338461946, 1711.5222295347899, 1227.844950229707, 0.0, 910.9060557411225, 1634.822734613558, 1390.0021311899586, 1153.6670155330564, 1278.5549043896758, 1677.7554549971385, 0.0, 1679.9545674190138, 1808.873240512279, 1342.0276356502272, 1408.7283952497066, 1245.8471499702964, 1251.8963577021882, 0.0, 1714.2797767008667, 1632.9555451437914, 1254.826103175668, 1534.1354329769879, 1320.1254641244414, 1260.018990227283, 1727.7929405931322, 1310.487877591553, 0.0, 840.5391137635711, 1675.6887491235332, 1453.7625316757592, 1223.9374687010998, 1405.251716607638, 0.0, 1594.087650027426, 1703.829121671511, 1809.9857716435201, 1657.3677313037217, 1504.601520594071, 1612.5771749821176, 1324.2684526719904, 1573.255565682349, 1761.1565655388765, 0.0, 1394.472689896719, 1585.1792208637146, 1456.8543093658966, 1079.6799237756943, 1571.600896170536, 1407.3847844156392, 566.0921468291812, 602.7236016268338, 0.0, 1181.853028430993, 1308.0951513283176, 1508.9461844863058, 220.0784123528917, 1513.7348606162823, 0.0, 1657.7858711404451, 1533.376999857617, 0.0, 1486.8988299086948, 1413.2413669382165, 295.6766837697652, 1667.8985273965748, 1570.6758880655084, 1474.4522008322585, 1461.5342590574298, 1561.884347454754, 0.0, 0.0, 464.65243896480865, 559.4644644011087, 0.0, 0.0, 0.0, 333.7272855616982, 406.79306888668066, 0.0, 0.0, 515.3743923129182, 371.84203950457754, 401.0731705730241, 0.0, 0.0, 669.2114486389821, 0.0, 0.0, 0.0, 216.62414263985602, 0.0, 398.5877098744056, 0.0, 0.0, 0.0, 0.0, 0.0, 0.0, 0.0, 0.0, 0.0, 0.0, 0.0, 0.0, 0.0, 0.0, 0.0, 0.0, 0.0, 0.0, 0.0, 0.0, 0.0, 0.0, 0.0, 0.0, 0.0, 0.0, 0.0, 0.0, 0.0, 0.0, 0.0, 0.0, 0.0, 0.0, 0.0, 0.0, 0.0, 0.0, 0.0, 0.0, 0.0, 0.0, 0.0, 0.0, 0.0, 0.0, 0.0, 0.0, 0.0, 0.0, 0.0, 0.0, 0.0, 0.0, 0.0, 0.0, 0.0, 0.0, 0.0, 0.0, 0.0, 0.0, 0.0, 0.0, 0.0, 0.0, 0.0, 0.0, 0.0, 0.0, 0.0, 0.0, 0.0, 0.0, 0.0, 0.0, 0.0, 0.0, 0.0, 0.0, 0.0, 0.0, 0.0, 0.0, 0.0, 0.0, 0.0, 0.0, 0.0, 0.0, 0.0, 0.0, 0.0, 0.0, 0.0, 0.0, 0.0, 0.0, 0.0, 0.0, 0.0, 0.0, 0.0, 0.0, 0.0, 0.0, 0.0, 0.0, 0.0, 0.0, 0.0, 0.0, 0.0, 0.0, 0.0, 0.0, 0.0, 0.0, 0.0, 0.0, 0.0, 0.0, 0.0, 0.0, 0.0, 0.0, 0.0, 0.0, 0.0, 0.0, 0.0, 0.0, 0.0, 0.0, 0.0, 0.0, 0.0, 0.0, 0.0, 0.0, 0.0, 0.0, 0.0, 0.0, 0.0, 0.0, 0.0, 0.0, 0.0, 0.0, 0.0, 0.0, 0.0, 0.0, 0.0, 0.0, 0.0, 0.0, 0.0, 0.0, 0.0, 0.0, 0.0, 0.0, 0.0, 0.0, 0.0, 0.0, 0.0, 0.0, 0.0, 0.0, 0.0, 0.0, 0.0, 0.0, 0.0, 0.0, 0.0, 0.0, 0.0, 0.0, 0.0, 0.0, 0.0, 0.0, 0.0, 0.0, 0.0, 0.0, 0.0, 0.0, 0.0, 0.0, 0.0, 0.0, 0.0, 237.57026153915535, 882.0580470928181, 0.0, 0.0, 0.0, 0.0, 0.0, 0.0, 0.0, 1097.592418328128, 0.0, 0.0, 624.9958047119668, 1065.8320411325599, 340.24560278324043, 1095.2323373661548, 1213.7489192053665, 328.2488625859762, 315.4337241149269, 1395.4953885728573, 0.0, 0.0, 0.0, 1355.3314225342194, 1648.04193304723, 1315.6080879147391, 0.0, 0.0, 1268.347804089809, 0.0, 225.33162397052592, 1077.900434491748, 1165.7378980618284, 1612.9526533897742, 2278.2242478994144, 1605.1643517841608, 2213.749446653441, 119.20152572789402, 2149.8255918307714, 1877.6251901084324, 1535.0901177858489, 1640.8506783699493, 2142.106145743995, 2076.5800311012217, 1978.6671499240597, 0.0, 1991.781380961142, 941.121935292437, 2141.716573470398, 1598.465771288092, 0.0, 2053.801758760521, 1996.2977287037202, 1548.177682704131, 0.0, 1551.471960829795, 0.0, 2339.4062491354184, 1513.855142668147, 2154.1309825864437, 395.92951215607263, 2063.179563793416, 1972.3830431776416, 1515.3503534992622, 1585.3603022021632, 2193.489732979187, 2104.6317993469884, 2011.713916241463, 2323.3626037397253, 1864.1842563474254, 1204.1601228053396, 2166.224182378727, 1501.4542482893971, 0.0, 2071.562601136241, 2049.729007949942, 1550.4479860053732, 0.0, 1563.3276839771995, 0.0, 2296.92223116503, 1435.3515788086079, 2141.497847538336, 244.74795106964075, 0.0, 1926.9051600661696, 1466.2090297594216, 1548.391989357556, 2149.944546350723, 2088.4067445798582, 2004.9617383995308, 0.0, 1851.938124974242, 1520.0726136503401, 2092.7389767921386, 1437.337780360687, 0.0, 2031.9774857243099, 2069.1759077152324, 1481.301952109316, 0.0, 1324.2012298590882, 0.0, 2245.645573290191, 1398.3445131178698, 2055.6950765665465, 0.0, 2024.175857483782, 1834.6461752158611, 1430.5982839742358, 1477.6088779126158, 2088.9066215395464, 0.0, 1974.573158226415, 0.0, 1770.7929680935295, 0.0, 2020.262578061652, 1413.0246311679437, 0.0, 1993.6471701803603, 2066.3257904638513, 1415.80419449024, 0.0, 1452.7057229820239, 0.0, 2190.5012721108233, 1344.154517281851, 1979.151127398174, 0.0, 1989.2090232575242, 1723.6624581740543, 1378.3068821366207, 1411.872183643112, 1990.9808403639101, 0.0, 1927.0795932413178, 0.0, 0.0, 496.66087655888015, 1896.2933110811132, 1362.8828266303021, 0.0, 0.0, 0.0, 1368.2696885048565, 0.0, 1479.7249371633834]"
cost_tank,0.0
dispatch_Li,6.730517374882929e6
q_turbind_t,"[0.0, 0.0, 0.0, 0.0, 0.0, 0.0, 0.0, 0.0, 0.0, 0.0, 0.0, 0.0, 0.0, 0.0, 0.0, 0.0, 0.0, 0.0, 0.0, 0.0, 0.0, 0.0, 0.0, 0.0, 0.0, 0.0, 0.0, 0.0, 0.0, 0.0, 0.0, 0.0, 0.0, 0.0, 0.0, 0.0, 0.0, 0.0, 0.0, 0.0, 0.0, 0.0, 0.0, 0.0, 0.0, 0.0, 0.0, 0.0, 0.0, 0.0, 0.0, 0.0, 0.0, 0.0, 0.0, 0.0, 0.0, 0.0, 0.0, 0.0, 0.0, 0.0, 0.0, 0.0, 0.0, 0.0, 0.0, 0.0, 0.0, 0.0, 0.0, 0.0, 0.0, 0.0, 0.0, 0.0, 0.0, 0.0, 0.0, 0.0, 0.0, 0.0, 0.0, 0.0, 0.0, 0.0, 0.0, 0.0, 0.0, 0.0, 0.0, 0.0, 0.0, 0.0, 0.0, 0.0, 0.0, 0.0, 0.0, 0.0, 0.0, 0.0, 0.0, 0.0, 0.0, 0.0, 0.0, 0.0, 0.0, 0.0, 0.0, 0.0, 0.0, 0.0, 0.0, 0.0, 0.0, 0.0, 0.0, 0.0, 0.0, 0.0, 0.0, 0.0, 0.0, 0.0, 0.0, 0.0, 0.0, 0.0, 0.0, 0.0, 0.0, 0.0, 0.0, 0.0, 0.0, 0.0, 0.0, 0.0, 0.0, 0.0, 0.0, 0.0, 0.0, 0.0, 0.0, 0.0, 0.0, 0.0, 0.0, 0.0, 0.0, 0.0, 0.0, 0.0, 0.0, 0.0, 0.0, 0.0, 0.0, 0.0, 0.0, 0.0, 0.0, 0.0, 0.0, 0.0, 0.0, 0.0, 0.0, 0.0, 0.0, 0.0, 0.0, 0.0, 0.0, 0.0, 0.0, 0.0, 0.0, 0.0, 0.0, 0.0, 0.0, 0.0, 0.0, 0.0, 0.0, 0.0, 0.0, 0.0, 0.0, 0.0, 0.0, 0.0, 0.0, 0.0, 0.0, 0.0, 0.0, 0.0, 0.0, 0.0, 0.0, 0.0, 0.0, 0.0, 0.0, 0.0, 0.0, 0.0, 0.0, 0.0, 0.0, 0.0, 0.0, 0.0, 0.0, 0.0, 0.0, 0.0, 0.0, 0.0, 0.0, 0.0, 0.0, 0.0, 0.0, 0.0, 0.0, 0.0, 0.0, 0.0, 0.0, 0.0, 0.0, 0.0, 0.0, 0.0, 0.0, 0.0, 0.0, 0.0, 0.0, 0.0, 0.0, 0.0, 0.0, 0.0, 0.0, 0.0, 0.0, 0.0, 0.0, 0.0, 0.0, 0.0, 0.0, 0.0, 0.0, 0.0, 0.0, 0.0, 0.0, 0.0, 0.0, 0.0, 0.0, 0.0, 0.0, 0.0, 0.0, 0.0, 0.0, 0.0, 0.0, 0.0, 0.0, 0.0, 0.0, 0.0, 0.0, 0.0, 0.0, 0.0, 0.0, 0.0, 0.0, 0.0, 0.0, 0.0, 0.0, 0.0, 0.0, 0.0, 0.0, 0.0, 0.0, 0.0, 0.0, 0.0, 0.0, 0.0, 0.0, 0.0, 0.0, 0.0, 0.0, 0.0, 0.0, 0.0, 0.0, 0.0, 0.0, 0.0, 0.0, 0.0, 0.0, 0.0, 0.0, 0.0, 0.0, 0.0, 0.0, 0.0, 0.0, 0.0, 0.0, 0.0, 0.0, 0.0, 0.0, 0.0, 0.0, 0.0, 0.0, 0.0, 0.0, 0.0, 0.0, 0.0, 0.0, 0.0, 0.0, 0.0, 0.0, 0.0, 0.0, 0.0, 0.0, 0.0, 0.0, 0.0, 0.0, 0.0, 0.0, 0.0, 0.0, 0.0, 0.0, 0.0, 0.0, 0.0, 0.0, 0.0, 0.0, 0.0, 0.0, 0.0, 0.0, 0.0, 0.0, 0.0, 0.0, 0.0, 0.0, 0.0, 0.0, 0.0, 0.0, 0.0, 0.0, 0.0, 0.0, 0.0, 0.0, 0.0, 0.0, 0.0, 0.0, 0.0, 0.0, 0.0, 0.0, 0.0, 0.0, 0.0, 0.0, 0.0, 0.0, 0.0, 0.0, 0.0, 0.0, 0.0, 0.0, 0.0, 0.0, 0.0, 0.0, 0.0, 0.0, 0.0, 0.0, 0.0, 0.0, 0.0, 0.0, 0.0, 0.0, 0.0, 0.0, 0.0, 0.0, 0.0, 0.0, 0.0, 0.0, 0.0, 0.0, 0.0, 0.0, 0.0, 0.0, 0.0, 0.0, 0.0, 0.0, 0.0, 0.0, 0.0, 0.0, 0.0, 0.0, 0.0, 0.0, 0.0, 0.0, 0.0, 0.0, 0.0, 0.0, 0.0, 0.0, 0.0, 0.0, 0.0, 0.0, 0.0, 0.0, 0.0, 0.0, 0.0, 0.0, 0.0, 0.0, 0.0, 0.0, 0.0, 0.0, 0.0, 0.0, 0.0, 0.0, 0.0, 0.0, 0.0, 0.0, 0.0, 0.0, 0.0, 0.0, 0.0, 0.0, 0.0, 0.0, 0.0, 0.0, 0.0, 0.0, 0.0, 0.0, 0.0, 0.0, 0.0, 0.0, 0.0, 0.0, 0.0, 0.0, 0.0, 0.0, 0.0, 0.0, 0.0, 0.0, 0.0, 0.0, 0.0, 0.0, 0.0, 0.0, 0.0, 0.0, 0.0, 0.0, 0.0, 0.0, 0.0, 0.0, 0.0, 0.0, 0.0, 0.0, 0.0, 0.0, 0.0, 0.0, 0.0, 0.0, 0.0, 0.0, 0.0, 0.0, 0.0, 0.0, 0.0, 0.0, 0.0, 0.0, 0.0, 0.0, 0.0, 0.0, 0.0, 0.0, 0.0, 0.0, 0.0, 0.0, 0.0, 0.0, 0.0, 0.0, 0.0, 0.0, 0.0, 0.0, 0.0, 0.0, 0.0, 0.0, 0.0, 0.0, 0.0, 0.0, 0.0, 0.0, 0.0, 0.0, 0.0, 0.0, 0.0, 0.0, 0.0, 0.0, 0.0, 0.0, 0.0, 0.0, 0.0, 0.0, 0.0, 0.0, 0.0, 0.0, 0.0, 0.0, 0.0, 0.0, 0.0, 0.0, 0.0, 0.0, 0.0, 0.0, 0.0, 0.0, 0.0, 0.0, 0.0, 0.0, 0.0, 0.0, 0.0, 0.0, 0.0, 0.0, 0.0, 0.0, 0.0, 0.0, 0.0, 0.0, 0.0, 0.0, 0.0, 0.0, 0.0, 0.0, 0.0, 0.0, 0.0, 0.0, 0.0, 0.0, 0.0, 0.0, 0.0, 0.0, 0.0, 0.0, 0.0, 0.0, 0.0, 0.0, 0.0, 0.0, 0.0, 0.0, 0.0, 0.0, 0.0, 0.0, 0.0, 0.0, 0.0, 0.0, 0.0, 0.0, 0.0, 0.0, 0.0, 0.0, 0.0, 0.0, 0.0, 0.0, 0.0, 0.0, 0.0, 0.0, 0.0, 0.0, 0.0, 0.0, 0.0, 0.0, 0.0, 0.0, 0.0, 0.0, 0.0, 0.0, 0.0, 0.0, 0.0, 0.0, 0.0, 0.0, 0.0, 0.0, 0.0, 0.0, 0.0, 0.0, 0.0, 0.0, 0.0, 0.0, 0.0, 0.0, 0.0, 0.0, 0.0, 0.0, 0.0, 0.0, 0.0, 0.0, 0.0, 0.0, 0.0, 0.0, 0.0, 0.0, 0.0, 0.0, 0.0, 0.0, 0.0, 0.0, 0.0, 0.0, 0.0, 0.0, 0.0, 0.0, 0.0, 0.0, 0.0, 0.0, 0.0, 0.0, 0.0, 0.0, 0.0, 0.0, 0.0, 0.0, 0.0, 0.0, 0.0, 0.0, 0.0, 0.0, 0.0, 0.0, 0.0, 0.0, 0.0, 0.0, 0.0, 0.0, 0.0, 0.0, 0.0, 0.0, 0.0, 0.0, 0.0, 0.0, 0.0, 0.0, 0.0, 0.0, 0.0, 0.0, 0.0, 0.0, 0.0, 0.0, 0.0, 0.0, 0.0, 0.0, 0.0, 0.0, 0.0, 0.0, 0.0, 0.0, 0.0, 0.0, 0.0, 0.0, 0.0, 0.0, 0.0, 0.0, 0.0, 0.0, 0.0, 0.0, 0.0, 0.0, 0.0, 0.0, 0.0, 0.0, 0.0, 0.0, 0.0, 0.0, 0.0, 0.0, 0.0, 0.0, 0.0, 0.0, 0.0, 0.0, 0.0, 0.0, 0.0, 0.0, 0.0, 0.0, 0.0, 0.0, 0.0, 0.0, 0.0, 0.0, 0.0, 0.0, 0.0, 0.0, 0.0, 0.0, 0.0, 0.0, 0.0, 0.0, 0.0, 0.0, 0.0, 0.0, 0.0, 0.0, 0.0, 0.0, 0.0, 0.0, 0.0, 0.0, 0.0, 0.0, 0.0, 0.0, 0.0, 0.0, 0.0, 0.0, 0.0, 0.0, 0.0, 0.0, 0.0, 0.0, 0.0, 0.0, 0.0, 0.0, 0.0, 0.0, 0.0, 0.0, 0.0, 0.0, 0.0, 0.0, 0.0, 0.0, 0.0, 0.0, 0.0, 0.0, 0.0, 0.0, 0.0, 0.0, 0.0, 0.0, 0.0, 0.0, 0.0, 0.0, 0.0, 0.0, 0.0, 0.0, 0.0, 0.0, 0.0, 0.0, 0.0, 0.0, 0.0, 0.0, 0.0, 0.0, 0.0, 0.0, 0.0, 0.0, 0.0, 0.0, 0.0, 0.0, 0.0, 0.0, 0.0, 0.0, 0.0, 0.0, 0.0, 0.0, 0.0, 0.0, 0.0, 0.0, 0.0, 0.0, 0.0, 0.0, 0.0, 0.0, 0.0, 0.0, 0.0, 0.0, 0.0, 0.0, 0.0, 0.0, 0.0, 0.0, 0.0, 0.0, 0.0, 0.0, 0.0, 0.0, 0.0, 0.0, 0.0, 0.0, 0.0, 0.0, 0.0, 0.0, 0.0, 0.0, 0.0, 0.0, 0.0, 0.0, 0.0, 0.0, 0.0, 0.0, 0.0, 0.0, 0.0, 0.0, 0.0, 0.0, 0.0, 0.0, 0.0, 0.0, 0.0, 0.0, 0.0, 0.0, 0.0, 0.0, 0.0, 0.0, 0.0, 0.0, 0.0, 0.0, 0.0, 0.0, 0.0, 0.0, 0.0, 0.0, 0.0, 0.0, 0.0, 0.0, 0.0, 0.0, 0.0, 0.0, 0.0, 0.0, 0.0, 0.0, 0.0, 0.0, 0.0, 0.0, 0.0, 0.0, 0.0, 0.0, 0.0, 0.0, 0.0, 0.0, 0.0, 0.0, 0.0, 0.0, 0.0, 0.0, 0.0, 0.0, 0.0, 0.0, 0.0, 0.0, 0.0, 0.0, 0.0, 0.0, 0.0, 0.0, 0.0, 0.0, 0.0, 0.0, 0.0, 0.0, 0.0, 0.0, 0.0, 0.0, 0.0, 0.0, 0.0, 0.0, 0.0, 0.0, 0.0, 0.0, 0.0, 0.0, 0.0, 0.0, 0.0, 0.0, 0.0, 0.0, 0.0, 0.0, 0.0, 0.0, 0.0, 0.0, 0.0, 0.0, 0.0, 0.0, 0.0, 0.0, 0.0, 0.0, 0.0, 0.0, 0.0, 0.0, 0.0, 0.0, 0.0, 0.0, 0.0, 0.0, 0.0, 0.0, 0.0, 0.0, 0.0, 0.0, 0.0, 0.0, 0.0, 0.0, 0.0, 0.0, 0.0, 0.0, 0.0, 0.0, 0.0, 0.0, 0.0, 0.0, 0.0, 0.0, 0.0, 0.0, 0.0, 0.0, 0.0, 0.0, 0.0, 0.0, 0.0, 0.0, 0.0, 0.0, 0.0, 0.0, 0.0, 0.0, 0.0, 0.0, 0.0, 0.0, 0.0, 0.0, 0.0, 0.0, 0.0, 0.0, 0.0, 0.0, 0.0, 0.0, 0.0, 0.0, 0.0, 0.0, 0.0, 0.0, 0.0, 0.0, 0.0, 0.0, 0.0, 0.0, 0.0, 0.0, 0.0, 0.0, 0.0, 0.0, 0.0, 0.0, 0.0, 0.0, 0.0, 0.0, 0.0, 0.0, 0.0, 0.0, 0.0, 0.0, 0.0, 0.0, 0.0, 0.0, 0.0, 0.0, 0.0, 0.0, 0.0, 0.0, 0.0, 0.0, 0.0, 0.0, 0.0, 0.0, 0.0, 0.0, 0.0, 0.0, 0.0, 0.0, 0.0, 0.0, 0.0, 0.0, 0.0, 0.0, 0.0, 0.0, 0.0, 0.0, 0.0, 0.0, 0.0, 0.0, 0.0, 0.0, 0.0, 0.0, 0.0, 0.0, 0.0, 0.0, 0.0, 0.0, 0.0, 0.0, 0.0, 0.0, 0.0, 0.0, 0.0, 0.0, 0.0, 0.0, 0.0, 0.0, 0.0, 0.0, 0.0, 0.0, 0.0, 0.0, 0.0, 0.0, 0.0, 0.0, 0.0, 0.0, 0.0, 0.0, 0.0, 0.0, 0.0, 0.0, 0.0, 0.0, 0.0, 0.0, 0.0, 0.0, 0.0, 0.0, 0.0, 0.0, 0.0, 0.0, 0.0, 0.0, 0.0, 0.0, 0.0, 0.0, 0.0, 0.0, 0.0, 0.0, 0.0, 0.0, 0.0, 0.0, 0.0, 0.0, 0.0, 0.0, 0.0, 0.0, 0.0, 0.0, 0.0, 0.0, 0.0, 0.0, 0.0, 0.0, 0.0, 0.0, 0.0, 0.0, 0.0, 0.0, 0.0, 0.0, 0.0, 0.0, 0.0, 0.0, 0.0, 0.0, 0.0, 0.0, 0.0, 0.0, 0.0, 0.0, 0.0, 0.0, 0.0, 0.0, 0.0, 0.0, 0.0, 0.0, 0.0, 0.0, 0.0, 0.0, 0.0, 0.0, 0.0, 0.0, 0.0, 0.0, 0.0, 0.0, 0.0, 0.0, 0.0, 0.0, 0.0, 0.0, 0.0, 0.0, 0.0, 0.0, 0.0, 0.0, 0.0, 0.0, 0.0, 0.0, 0.0, 0.0, 0.0, 0.0, 0.0, 0.0, 0.0, 0.0, 0.0, 0.0, 0.0, 0.0, 0.0, 0.0, 0.0, 0.0, 0.0, 0.0, 0.0, 0.0, 0.0, 0.0, 0.0, 0.0, 0.0, 0.0, 0.0, 0.0, 0.0, 0.0, 0.0, 0.0, 0.0, 0.0, 0.0, 0.0, 0.0, 0.0, 0.0, 0.0, 0.0, 0.0, 0.0, 0.0, 0.0, 0.0, 0.0, 0.0, 0.0, 0.0, 0.0, 0.0, 0.0, 0.0, 0.0, 0.0, 0.0, 0.0, 0.0, 0.0, 0.0, 0.0, 0.0, 0.0, 0.0, 0.0, 0.0, 0.0, 0.0, 0.0, 0.0, 0.0, 0.0, 0.0, 0.0, 0.0, 0.0, 0.0, 0.0, 0.0, 0.0, 0.0, 0.0, 0.0, 0.0, 0.0, 0.0, 0.0, 0.0, 0.0, 0.0, 0.0, 0.0, 0.0, 0.0, 0.0, 0.0, 0.0, 0.0, 0.0, 0.0, 0.0, 0.0, 0.0, 0.0, 0.0, 0.0, 0.0, 0.0, 0.0, 0.0, 0.0, 0.0, 0.0, 0.0, 0.0, 0.0, 0.0, 0.0, 0.0, 0.0, 0.0, 0.0, 0.0, 0.0, 0.0, 0.0, 0.0, 0.0, 0.0, 0.0, 0.0, 0.0, 0.0, 0.0, 0.0, 0.0, 0.0, 0.0, 0.0, 0.0, 0.0, 0.0, 0.0, 0.0, 0.0, 0.0, 0.0, 0.0, 0.0, 0.0, 0.0, 0.0, 0.0, 0.0, 0.0, 0.0, 0.0, 0.0, 0.0, 0.0, 0.0, 0.0, 0.0, 0.0, 0.0, 0.0, 0.0, 0.0, 0.0, 0.0, 0.0, 0.0, 0.0, 0.0, 0.0, 0.0, 0.0, 0.0, 0.0, 0.0, 0.0, 0.0, 0.0, 0.0, 0.0, 0.0, 0.0, 0.0, 0.0, 0.0, 0.0, 0.0, 0.0, 0.0, 0.0, 0.0, 0.0, 0.0, 0.0, 0.0, 0.0, 0.0, 0.0, 0.0, 0.0, 0.0, 0.0, 0.0, 0.0, 0.0, 0.0, 0.0, 0.0, 0.0, 0.0, 0.0, 0.0, 0.0, 0.0, 0.0, 0.0, 0.0, 0.0, 0.0, 0.0, 0.0, 0.0, 0.0, 0.0, 0.0, 0.0, 0.0, 0.0, 0.0, 0.0, 0.0, 0.0, 0.0, 0.0, 0.0, 0.0, 0.0, 0.0, 0.0, 0.0, 0.0, 0.0, 0.0, 0.0, 0.0, 0.0, 0.0, 0.0, 0.0, 0.0, 0.0, 0.0, 0.0, 0.0, 0.0, 0.0, 0.0, 0.0, 0.0, 0.0, 0.0, 0.0, 0.0, 0.0, 0.0, 0.0, 0.0, 0.0, 0.0, 0.0, 0.0, 0.0, 0.0, 0.0, 0.0, 0.0, 0.0, 0.0, 0.0, 0.0, 0.0, 0.0, 0.0, 0.0, 0.0, 0.0, 0.0, 0.0, 0.0, 0.0, 0.0, 0.0, 0.0, 0.0, 0.0, 0.0, 0.0, 0.0, 0.0, 0.0, 0.0, 0.0, 0.0, 0.0, 0.0, 0.0, 0.0, 0.0, 0.0, 0.0, 0.0, 0.0, 0.0, 0.0, 0.0, 0.0, 0.0, 0.0, 0.0, 0.0, 0.0, 0.0, 0.0, 0.0, 0.0, 0.0, 0.0, 0.0, 0.0, 0.0, 0.0, 0.0, 0.0, 0.0, 0.0, 0.0, 0.0, 0.0, 0.0, 0.0, 0.0, 0.0, 0.0, 0.0, 0.0, 0.0, 0.0, 0.0, 0.0, 0.0, 0.0, 0.0, 0.0, 0.0, 0.0, 0.0, 0.0, 0.0, 0.0, 0.0, 0.0, 0.0, 0.0, 0.0, 0.0, 0.0, 0.0, 0.0, 0.0, 0.0, 0.0, 0.0, 0.0, 0.0, 0.0, 0.0, 0.0, 0.0, 0.0, 0.0, 0.0, 0.0, 0.0, 0.0, 0.0, 0.0, 0.0, 0.0, 0.0, 0.0, 0.0, 0.0, 0.0, 0.0, 0.0, 0.0, 0.0, 0.0, 0.0, 0.0, 0.0, 0.0, 0.0, 0.0, 0.0, 0.0, 0.0, 0.0, 0.0, 0.0, 0.0, 0.0, 0.0, 0.0, 0.0, 0.0, 0.0, 0.0, 0.0, 0.0, 0.0, 0.0, 0.0, 0.0, 0.0, 0.0, 0.0, 0.0, 0.0, 0.0, 0.0, 0.0, 0.0, 0.0, 0.0, 0.0, 0.0, 0.0, 0.0, 0.0, 0.0, 0.0, 0.0, 0.0, 0.0, 0.0, 0.0, 0.0, 0.0, 0.0, 0.0, 0.0, 0.0, 0.0, 0.0, 0.0, 0.0, 0.0, 0.0, 0.0, 0.0, 0.0, 0.0, 0.0, 0.0, 0.0, 0.0, 0.0, 0.0, 0.0, 0.0, 0.0, 0.0, 0.0, 0.0, 0.0, 0.0, 0.0, 0.0, 0.0, 0.0, 0.0, 0.0, 0.0, 0.0, 0.0, 0.0, 0.0, 0.0, 0.0, 0.0, 0.0, 0.0, 0.0, 0.0, 0.0, 0.0, 0.0, 0.0, 0.0, 0.0, 0.0, 0.0, 0.0, 0.0, 0.0, 0.0, 0.0, 0.0, 0.0, 0.0, 0.0, 0.0, 0.0, 0.0, 0.0, 0.0, 0.0, 0.0, 0.0, 0.0, 0.0, 0.0, 0.0, 0.0, 0.0, 0.0, 0.0, 0.0, 0.0, 0.0, 0.0, 0.0, 0.0, 0.0, 0.0, 0.0, 0.0, 0.0, 0.0, 0.0, 0.0, 0.0, 0.0, 0.0, 0.0, 0.0, 0.0, 0.0, 0.0, 0.0, 0.0, 0.0, 0.0, 0.0, 0.0, 0.0, 0.0, 0.0, 0.0, 0.0, 0.0, 0.0, 0.0, 0.0, 0.0, 0.0, 0.0, 0.0, 0.0, 0.0, 0.0, 0.0, 0.0, 0.0, 0.0, 0.0, 0.0, 0.0, 0.0, 0.0, 0.0, 0.0, 0.0, 0.0, 0.0, 0.0, 0.0, 0.0, 0.0, 0.0, 0.0, 0.0, 0.0, 0.0, 0.0, 0.0, 0.0, 0.0, 0.0, 0.0, 0.0, 0.0, 0.0, 0.0, 0.0, 0.0, 0.0, 0.0, 0.0, 0.0, 0.0, 0.0, 0.0, 0.0, 0.0, 0.0, 0.0, 0.0, 0.0, 0.0, 0.0, 0.0, 0.0, 0.0, 0.0, 0.0, 0.0, 0.0, 0.0, 0.0, 0.0, 0.0, 0.0, 0.0, 0.0, 0.0, 0.0, 0.0, 0.0, 0.0, 0.0, 0.0, 0.0, 0.0, 0.0, 0.0, 0.0, 0.0, 0.0, 0.0, 0.0, 0.0, 0.0, 0.0, 0.0, 0.0, 0.0, 0.0, 0.0, 0.0, 0.0, 0.0, 0.0, 0.0, 0.0, 0.0, 0.0, 0.0, 0.0, 0.0, 0.0, 0.0, 0.0, 0.0, 0.0, 0.0, 0.0, 0.0, 0.0, 0.0, 0.0, 0.0, 0.0, 0.0, 0.0, 0.0, 0.0, 0.0, 0.0, 0.0, 0.0, 0.0, 0.0, 0.0, 0.0, 0.0, 0.0, 0.0, 0.0, 0.0, 0.0, 0.0, 0.0, 0.0, 0.0, 0.0, 0.0, 0.0, 0.0, 0.0, 0.0, 0.0, 0.0, 0.0, 0.0, 0.0, 0.0, 0.0, 0.0, 0.0, 0.0, 0.0, 0.0, 0.0, 0.0, 0.0, 0.0, 0.0, 0.0, 0.0, 0.0, 0.0, 0.0, 0.0, 0.0, 0.0, 0.0, 0.0, 0.0, 0.0, 0.0, 0.0, 0.0, 0.0, 0.0, 0.0, 0.0, 0.0, 0.0, 0.0, 0.0, 0.0, 0.0, 0.0, 0.0, 0.0, 0.0, 0.0, 0.0, 0.0, 0.0, 0.0, 0.0, 0.0, 0.0, 0.0, 0.0, 0.0, 0.0, 0.0, 0.0, 0.0, 0.0, 0.0, 0.0, 0.0, 0.0, 0.0, 0.0, 0.0, 0.0, 0.0, 0.0, 0.0, 0.0, 0.0, 0.0, 0.0, 0.0, 0.0, 0.0, 0.0, 0.0, 0.0, 0.0, 0.0, 0.0, 0.0, 0.0, 0.0, 0.0, 0.0, 0.0, 0.0, 0.0, 0.0, 0.0, 0.0, 0.0, 0.0, 0.0, 0.0, 0.0, 0.0, 0.0, 0.0, 0.0, 0.0, 0.0, 0.0, 0.0, 0.0, 0.0, 0.0, 0.0, 0.0, 0.0, 0.0, 0.0, 0.0, 0.0, 0.0, 0.0, 0.0, 0.0, 0.0, 0.0, 0.0, 0.0, 0.0, 0.0, 0.0, 0.0, 0.0, 0.0, 0.0, 0.0, 0.0, 0.0, 0.0, 0.0, 0.0, 0.0, 0.0, 0.0, 0.0, 0.0, 0.0, 0.0, 0.0, 0.0, 0.0, 0.0, 0.0, 0.0, 0.0, 0.0, 0.0, 0.0, 0.0, 0.0, 0.0, 0.0, 0.0, 0.0, 0.0, 0.0, 0.0, 0.0, 0.0, 0.0, 0.0, 0.0, 0.0, 0.0, 0.0, 0.0, 0.0, 0.0, 0.0, 0.0, 0.0, 0.0, 0.0, 0.0, 0.0, 0.0, 0.0, 0.0, 0.0, 0.0, 0.0, 0.0, 0.0, 0.0, 0.0, 0.0, 0.0, 0.0, 0.0, 0.0, 0.0, 0.0, 0.0, 0.0, 0.0, 0.0, 0.0, 0.0, 0.0, 0.0, 0.0, 0.0, 0.0, 0.0, 0.0, 0.0, 0.0, 0.0, 0.0, 0.0, 0.0, 0.0, 0.0, 0.0, 0.0, 0.0, 0.0, 0.0, 0.0, 0.0, 0.0, 0.0, 0.0, 0.0, 0.0, 0.0, 0.0, 0.0, 0.0, 0.0, 0.0, 0.0, 0.0, 0.0, 0.0, 0.0, 0.0, 0.0, 0.0, 0.0, 0.0, 0.0, 0.0, 0.0, 0.0, 0.0, 0.0, 0.0, 0.0, 0.0, 0.0, 0.0, 0.0, 0.0, 0.0, 0.0, 0.0, 0.0, 0.0, 0.0, 0.0, 0.0, 0.0, 0.0, 0.0, 0.0, 0.0, 0.0, 0.0, 0.0, 0.0, 0.0, 0.0, 0.0, 0.0, 0.0, 0.0, 0.0, 0.0, 0.0, 0.0, 0.0, 0.0, 0.0, 0.0, 0.0, 0.0, 0.0, 0.0, 0.0, 0.0, 0.0, 0.0, 0.0, 0.0, 0.0, 0.0, 0.0, 0.0, 0.0, 0.0, 0.0, 0.0, 0.0, 0.0, 0.0, 0.0, 0.0, 0.0, 0.0, 0.0, 0.0, 0.0, 0.0, 0.0, 0.0, 0.0, 0.0, 0.0, 0.0, 0.0, 0.0, 0.0, 0.0, 0.0, 0.0, 0.0, 0.0, 0.0, 0.0, 0.0, 0.0, 0.0, 0.0, 0.0, 0.0, 0.0, 0.0, 0.0, 0.0, 0.0, 0.0, 0.0, 0.0, 0.0, 0.0, 0.0, 0.0, 0.0, 0.0, 0.0, 0.0, 0.0, 0.0, 0.0, 0.0, 0.0, 0.0, 0.0, 0.0, 0.0, 0.0, 0.0, 0.0, 0.0, 0.0, 0.0, 0.0, 0.0, 0.0, 0.0, 0.0, 0.0, 0.0, 0.0, 0.0, 0.0, 0.0, 0.0, 0.0, 0.0, 0.0, 0.0, 0.0, 0.0, 0.0, 0.0, 0.0, 0.0, 0.0, 0.0, 0.0, 0.0, 0.0, 0.0, 0.0, 0.0, 0.0, 0.0, 0.0, 0.0, 0.0, 0.0, 0.0, 0.0, 0.0, 0.0, 0.0, 0.0, 0.0, 0.0, 0.0, 0.0, 0.0, 0.0, 0.0, 0.0, 0.0, 0.0, 0.0, 0.0, 0.0, 0.0, 0.0, 0.0, 0.0, 0.0, 0.0, 0.0, 0.0, 0.0, 0.0, 0.0, 0.0, 0.0, 0.0, 0.0, 0.0, 0.0, 0.0, 0.0, 0.0, 0.0, 0.0, 0.0, 0.0, 0.0, 0.0, 0.0, 0.0, 0.0, 0.0, 0.0, 0.0, 0.0, 0.0, 0.0, 0.0, 0.0, 0.0, 0.0, 0.0, 0.0, 0.0, 0.0, 0.0, 0.0, 0.0, 0.0, 0.0, 0.0, 0.0, 0.0, 0.0, 0.0, 0.0, 0.0, 0.0, 0.0, 0.0, 0.0, 0.0, 0.0, 0.0, 0.0, 0.0, 0.0, 0.0, 0.0, 0.0, 0.0, 0.0, 0.0, 0.0, 0.0, 0.0, 0.0, 0.0, 0.0, 0.0, 0.0, 0.0, 0.0, 0.0, 0.0, 0.0, 0.0, 0.0, 0.0, 0.0, 0.0, 0.0, 0.0, 0.0, 0.0, 0.0, 0.0, 0.0, 0.0, 0.0, 0.0, 0.0, 0.0, 0.0, 0.0, 0.0, 0.0, 0.0, 0.0, 0.0, 0.0, 0.0, 0.0, 0.0, 0.0, 0.0, 0.0, 0.0, 0.0, 0.0, 0.0, 0.0, 0.0, 0.0, 0.0, 0.0, 0.0, 0.0, 0.0, 0.0, 0.0, 0.0, 0.0, 0.0, 0.0, 0.0, 0.0, 0.0, 0.0, 0.0, 0.0, 0.0, 0.0, 0.0, 0.0, 0.0, 0.0, 0.0, 0.0, 0.0, 0.0, 0.0, 0.0, 0.0, 0.0, 0.0, 0.0, 0.0, 0.0, 0.0, 0.0, 0.0, 0.0, 0.0, 0.0, 0.0, 0.0, 0.0, 0.0, 0.0, 0.0, 0.0, 0.0, 0.0, 0.0, 0.0, 0.0, 0.0, 0.0, 0.0, 0.0, 0.0, 0.0, 0.0, 0.0, 0.0, 0.0, 0.0, 0.0, 0.0, 0.0, 0.0, 0.0, 0.0, 0.0, 0.0, 0.0, 0.0, 0.0, 0.0, 0.0, 0.0, 0.0, 0.0, 0.0, 0.0, 0.0, 0.0, 0.0, 0.0, 0.0, 0.0, 0.0, 0.0, 0.0, 0.0, 0.0, 0.0, 0.0, 0.0, 0.0, 0.0, 0.0, 0.0, 0.0, 0.0, 0.0, 0.0, 0.0, 0.0, 0.0, 0.0, 0.0, 0.0, 0.0, 0.0, 0.0, 0.0, 0.0, 0.0, 0.0, 0.0, 0.0, 0.0, 0.0, 0.0, 0.0, 0.0, 0.0, 0.0, 0.0, 0.0, 0.0, 0.0, 0.0, 0.0, 0.0, 0.0, 0.0, 0.0, 0.0, 0.0, 0.0, 0.0, 0.0, 0.0, 0.0, 0.0, 0.0, 0.0, 0.0, 0.0, 0.0, 0.0, 0.0, 0.0, 0.0, 0.0, 0.0, 0.0, 0.0, 0.0, 0.0, 0.0, 0.0, 0.0, 0.0, 0.0, 0.0, 0.0, 0.0, 0.0, 0.0, 0.0, 0.0, 0.0, 0.0, 0.0, 0.0, 0.0, 0.0, 0.0, 0.0, 0.0, 0.0, 0.0, 0.0, 0.0, 0.0, 0.0, 0.0, 0.0, 0.0, 0.0, 0.0, 0.0, 0.0, 0.0, 0.0, 0.0, 0.0, 0.0, 0.0, 0.0, 0.0, 0.0, 0.0, 0.0, 0.0, 0.0, 0.0, 0.0, 0.0, 0.0, 0.0, 0.0, 0.0, 0.0, 0.0, 0.0, 0.0, 0.0, 0.0, 0.0, 0.0, 0.0, 0.0, 0.0, 0.0, 0.0, 0.0, 0.0, 0.0, 0.0, 0.0, 0.0, 0.0, 0.0, 0.0, 0.0, 0.0, 0.0, 0.0, 0.0, 0.0, 0.0, 0.0, 0.0, 0.0, 0.0, 0.0, 0.0, 0.0, 0.0, 0.0, 0.0, 0.0, 0.0, 0.0, 0.0, 0.0, 0.0, 0.0, 0.0, 0.0, 0.0, 0.0, 0.0, 0.0, 0.0, 0.0, 0.0, 0.0, 0.0, 0.0, 0.0, 0.0, 0.0, 0.0, 0.0, 0.0, 0.0, 0.0, 0.0, 0.0, 0.0, 0.0, 0.0, 0.0, 0.0, 0.0, 0.0, 0.0, 0.0, 0.0, 0.0, 0.0, 0.0, 0.0, 0.0, 0.0, 0.0, 0.0, 0.0, 0.0, 0.0, 0.0, 0.0, 0.0, 0.0, 0.0, 0.0, 0.0, 0.0, 0.0, 0.0, 0.0, 0.0, 0.0, 0.0, 0.0, 0.0, 0.0, 0.0, 0.0, 0.0, 0.0, 0.0, 0.0, 0.0, 0.0, 0.0, 0.0, 0.0, 0.0, 0.0, 0.0, 0.0, 0.0, 0.0, 0.0, 0.0, 0.0, 0.0, 0.0, 0.0, 0.0, 0.0, 0.0, 0.0, 0.0, 0.0, 0.0, 0.0, 0.0, 0.0, 0.0, 0.0, 0.0, 0.0, 0.0, 0.0, 0.0, 0.0, 0.0, 0.0, 0.0, 0.0, 0.0, 0.0, 0.0, 0.0, 0.0, 0.0, 0.0, 0.0, 0.0, 0.0, 0.0, 0.0, 0.0, 0.0, 0.0, 0.0, 0.0, 0.0, 0.0, 0.0, 0.0, 0.0, 0.0, 0.0, 0.0, 0.0, 0.0, 0.0, 0.0, 0.0, 0.0, 0.0, 0.0, 0.0, 0.0, 0.0, 0.0, 0.0, 0.0, 0.0, 0.0, 0.0, 0.0, 0.0, 0.0, 0.0, 0.0, 0.0, 0.0, 0.0, 0.0, 0.0, 0.0, 0.0, 0.0, 0.0, 0.0, 0.0, 0.0, 0.0, 0.0, 0.0, 0.0, 0.0, 0.0, 0.0, 0.0, 0.0, 0.0, 0.0, 0.0, 0.0, 0.0, 0.0, 0.0, 0.0, 0.0, 0.0, 0.0, 0.0, 0.0, 0.0, 0.0, 0.0, 0.0, 0.0, 0.0, 0.0, 0.0, 0.0, 0.0, 0.0, 0.0, 0.0, 0.0, 0.0, 0.0, 0.0, 0.0, 0.0, 0.0, 0.0, 0.0, 0.0, 0.0, 0.0, 0.0, 0.0, 0.0, 0.0, 0.0, 0.0, 0.0, 0.0, 0.0, 0.0, 0.0, 0.0, 0.0, 0.0, 0.0, 0.0, 0.0, 0.0, 0.0, 0.0, 0.0, 0.0, 0.0, 0.0, 0.0, 0.0, 0.0, 0.0, 0.0, 0.0, 0.0, 0.0, 0.0, 0.0, 0.0, 0.0, 0.0, 0.0, 0.0, 0.0, 0.0, 0.0, 0.0, 0.0, 0.0, 0.0, 0.0, 0.0, 0.0, 0.0, 0.0, 0.0, 0.0, 0.0, 0.0, 0.0, 0.0, 0.0, 0.0, 0.0, 0.0, 0.0, 0.0, 0.0, 0.0, 0.0, 0.0, 0.0, 0.0, 0.0, 0.0, 0.0, 0.0, 0.0, 0.0, 0.0, 0.0, 0.0, 0.0, 0.0, 0.0, 0.0, 0.0, 0.0, 0.0, 0.0, 0.0, 0.0, 0.0, 0.0, 0.0, 0.0, 0.0, 0.0, 0.0, 0.0, 0.0, 0.0, 0.0, 0.0, 0.0, 0.0, 0.0, 0.0, 0.0, 0.0, 0.0, 0.0, 0.0, 0.0, 0.0, 0.0, 0.0, 0.0, 0.0, 0.0, 0.0, 0.0, 0.0, 0.0, 0.0, 0.0, 0.0, 0.0, 0.0, 0.0, 0.0, 0.0, 0.0, 0.0, 0.0, 0.0, 0.0, 0.0, 0.0, 0.0, 0.0, 0.0, 0.0, 0.0, 0.0, 0.0, 0.0, 0.0, 0.0, 0.0, 0.0, 0.0, 0.0, 0.0, 0.0, 0.0, 0.0, 0.0, 0.0, 0.0, 0.0, 0.0, 0.0, 0.0, 0.0, 0.0, 0.0, 0.0, 0.0, 0.0, 0.0, 0.0, 0.0, 0.0, 0.0, 0.0, 0.0, 0.0, 0.0, 0.0, 0.0, 0.0, 0.0, 0.0, 0.0, 0.0, 0.0, 0.0, 0.0, 0.0, 0.0, 0.0, 0.0, 0.0, 0.0, 0.0, 0.0, 0.0, 0.0, 0.0, 0.0, 0.0, 0.0, 0.0, 0.0, 0.0, 0.0, 0.0, 0.0, 0.0, 0.0, 0.0, 0.0, 0.0, 0.0, 0.0, 0.0, 0.0, 0.0, 0.0, 0.0, 0.0, 0.0, 0.0, 0.0, 0.0, 0.0, 0.0, 0.0, 0.0, 0.0, 0.0, 0.0, 0.0, 0.0, 0.0, 0.0, 0.0, 0.0, 0.0, 0.0, 0.0, 0.0, 0.0, 0.0, 0.0, 0.0, 0.0, 0.0, 0.0, 0.0, 0.0, 0.0, 0.0, 0.0, 0.0, 0.0, 0.0, 0.0, 0.0, 0.0, 0.0, 0.0, 0.0, 0.0, 0.0, 0.0, 0.0, 0.0, 0.0, 0.0, 0.0, 0.0, 0.0, 0.0, 0.0, 0.0, 0.0, 0.0, 0.0, 0.0, 0.0, 0.0, 0.0, 0.0, 0.0, 0.0, 0.0, 0.0, 0.0, 0.0, 0.0, 0.0, 0.0, 0.0, 0.0, 0.0, 0.0, 0.0, 0.0, 0.0, 0.0, 0.0, 0.0, 0.0, 0.0, 0.0, 0.0, 0.0, 0.0, 0.0, 0.0, 0.0, 0.0, 0.0, 0.0, 0.0, 0.0, 0.0, 0.0, 0.0, 0.0, 0.0, 0.0, 0.0, 0.0, 0.0, 0.0, 0.0, 0.0, 0.0, 0.0, 0.0, 0.0, 0.0, 0.0, 0.0, 0.0, 0.0, 0.0, 0.0, 0.0, 0.0, 0.0, 0.0, 0.0, 0.0, 0.0, 0.0, 0.0, 0.0, 0.0, 0.0, 0.0, 0.0, 0.0, 0.0, 0.0, 0.0, 0.0, 0.0, 0.0, 0.0, 0.0, 0.0, 0.0, 0.0, 0.0, 0.0, 0.0, 0.0, 0.0, 0.0, 0.0, 0.0, 0.0, 0.0, 0.0, 0.0, 0.0, 0.0, 0.0, 0.0, 0.0, 0.0, 0.0, 0.0, 0.0, 0.0, 0.0, 0.0, 0.0, 0.0, 0.0, 0.0, 0.0, 0.0, 0.0, 0.0, 0.0, 0.0, 0.0, 0.0, 0.0, 0.0, 0.0, 0.0, 0.0, 0.0, 0.0, 0.0, 0.0, 0.0, 0.0, 0.0, 0.0, 0.0, 0.0, 0.0, 0.0, 0.0, 0.0, 0.0, 0.0, 0.0, 0.0, 0.0, 0.0, 0.0, 0.0, 0.0, 0.0, 0.0, 0.0, 0.0, 0.0, 0.0, 0.0, 0.0, 0.0, 0.0, 0.0, 0.0, 0.0, 0.0, 0.0, 0.0, 0.0, 0.0, 0.0, 0.0, 0.0, 0.0, 0.0, 0.0, 0.0, 0.0, 0.0, 0.0, 0.0, 0.0, 0.0, 0.0, 0.0, 0.0, 0.0, 0.0, 0.0, 0.0, 0.0, 0.0, 0.0, 0.0, 0.0, 0.0, 0.0, 0.0, 0.0, 0.0, 0.0, 0.0, 0.0, 0.0, 0.0, 0.0, 0.0, 0.0, 0.0, 0.0, 0.0, 0.0, 0.0, 0.0, 0.0, 0.0, 0.0, 0.0, 0.0, 0.0, 0.0, 0.0, 0.0, 0.0, 0.0, 0.0, 0.0, 0.0, 0.0, 0.0, 0.0, 0.0, 0.0, 0.0, 0.0, 0.0, 0.0, 0.0, 0.0, 0.0, 0.0, 0.0, 0.0, 0.0, 0.0, 0.0, 0.0, 0.0, 0.0, 0.0, 0.0, 0.0, 0.0, 0.0, 0.0, 0.0, 0.0, 0.0, 0.0, 0.0, 0.0, 0.0, 0.0, 0.0, 0.0, 0.0, 0.0, 0.0, 0.0, 0.0, 0.0, 0.0, 0.0, 0.0, 0.0, 0.0, 0.0, 0.0, 0.0, 0.0, 0.0, 0.0, 0.0, 0.0, 0.0, 0.0, 0.0, 0.0, 0.0, 0.0, 0.0, 0.0, 0.0, 0.0, 0.0, 0.0, 0.0, 0.0, 0.0, 0.0, 0.0, 0.0, 0.0, 0.0, 0.0, 0.0, 0.0, 0.0, 0.0, 0.0, 0.0, 0.0, 0.0, 0.0, 0.0, 0.0, 0.0, 0.0, 0.0, 0.0, 0.0, 0.0, 0.0, 0.0, 0.0, 0.0, 0.0, 0.0, 0.0, 0.0, 0.0, 0.0, 0.0, 0.0, 0.0, 0.0, 0.0, 0.0, 0.0, 0.0, 0.0, 0.0, 0.0, 0.0, 0.0, 0.0, 0.0, 0.0, 0.0, 0.0, 0.0, 0.0, 0.0, 0.0, 0.0, 0.0, 0.0, 0.0, 0.0, 0.0, 0.0, 0.0, 0.0, 0.0, 0.0, 0.0, 0.0, 0.0, 0.0, 0.0, 0.0, 0.0, 0.0, 0.0, 0.0, 0.0, 0.0, 0.0, 0.0, 0.0, 0.0, 0.0, 0.0, 0.0, 0.0, 0.0, 0.0, 0.0, 0.0, 0.0, 0.0, 0.0, 0.0, 0.0, 0.0, 0.0, 0.0, 0.0, 0.0, 0.0, 0.0, 0.0, 0.0, 0.0, 0.0, 0.0, 0.0, 0.0, 0.0, 0.0, 0.0, 0.0, 0.0, 0.0, 0.0, 0.0, 0.0, 0.0, 0.0, 0.0, 0.0, 0.0, 0.0, 0.0, 0.0, 0.0, 0.0, 0.0, 0.0, 0.0, 0.0, 0.0, 0.0, 0.0, 0.0, 0.0, 0.0, 0.0, 0.0, 0.0, 0.0, 0.0, 0.0, 0.0, 0.0, 0.0, 0.0, 0.0, 0.0, 0.0, 0.0, 0.0, 0.0, 0.0, 0.0, 0.0, 0.0, 0.0, 0.0, 0.0, 0.0, 0.0, 0.0, 0.0, 0.0, 0.0, 0.0, 0.0, 0.0, 0.0, 0.0, 0.0, 0.0, 0.0, 0.0, 0.0, 0.0, 0.0, 0.0, 0.0, 0.0, 0.0, 0.0, 0.0, 0.0, 0.0, 0.0, 0.0, 0.0, 0.0, 0.0, 0.0, 0.0, 0.0, 0.0, 0.0, 0.0, 0.0, 0.0, 0.0, 0.0, 0.0, 0.0, 0.0, 0.0, 0.0, 0.0, 0.0, 0.0, 0.0, 0.0, 0.0, 0.0, 0.0, 0.0, 0.0, 0.0, 0.0, 0.0, 0.0]"
p_wind_t,"[0.0, 0.0, 0.0, 0.0, 0.0, 0.0, 107.53462073662818, 0.0, 0.0, 0.0, 1853.2502400896085, 0.0, 2037.5879071351226, 0.0, 1385.7811160350007, 0.0, 1231.2089383186626, 1190.3572688218449, 2007.1181807461246, 1859.6163828907652, 0.0, 0.0, 932.2696897299265, 0.0, 0.0, 0.0, 0.0, 88.8875314770059, 0.0, 48.39315143412264, 0.0, 0.0, 0.0, 0.0, 0.0, 0.0, 1911.9892809666178, 1182.117597856807, 0.0, 1252.0377762739467, 1717.8946192554645, 0.0, 1039.7602122062826, 0.0, 0.0, 1069.1685091147624, 872.9338787652514, 0.0, 0.0, 0.0, 155.84999937450348, 1832.8710615632074, 56.35158476719943, 0.0, 0.0, 0.0, 0.0, 0.0, 0.0, 1806.4540283609558, 1252.5598338335622, 1687.1197875930543, 1225.3145886673144, 890.9551725168589, 599.2838870406335, 0.0, 0.0, 0.0, 1114.3317352770305, 964.3675886169641, 1763.2310364702853, 0.0, 0.0, 58.67826500615588, 0.0, 49.31662435216644, 0.0, 0.0, 0.0, 0.0, 0.0, 0.0, 0.0, 1320.5212187589527, 0.0, 1214.5143859193265, 1234.716758115632, 0.0, 0.0, 0.0, 0.0, 793.6388674628046, 0.0, 0.0, 0.0, 0.0, 41.594806396291126, 0.0, 62.08355727762187, 0.0, 0.0, 1239.9873976987822, 0.0, 1671.0065167052244, 1708.4441034629535, 1732.8889415925958, 1320.7558879799847, 0.0, 1204.4135659789247, 447.51767690470786, 1780.9709336990084, 0.0, 0.0, 0.0, 1053.868901918013, 0.0, 0.0, 0.0, 1529.5782680034752, 165.52453778250128, 0.0, 137.28605745395876, 0.0, 0.0, 1565.2658594895022, 0.0, 47.32963346583074, 1702.2228080320326, 0.0, 1336.3739537993963, 0.0, 1231.4460798233845, 564.5959049597166, 0.0, 0.0, 0.0, 0.0, 0.0, 8.511187580003025, 1652.8305744348907, 0.0, 1570.1088322232602, 78.63127784504343, 0.0, 195.57193566929135, 0.0, 0.0, 0.0, 0.0, 0.0, 1683.282500542705, 0.0, 1428.8370965460301, 0.0, 1318.8166965075256, 1340.905168783882, 0.0, 0.0, 0.0, 0.0, 1267.332368877903, 233.1167304756308, 364.2874777923317, 0.0, 1515.2063929767687, 4.843230881759648, 0.0, 61.86022018270704, 0.0, 0.0, 0.0, 0.0, 0.0, 1537.2787749316478, 0.0, 1381.3602767746877, 1165.1808189660046, 1423.6928042538234, 861.8469181249208, 0.0, 1676.7547380206358, 0.0, 0.0, 1427.982057129757, 0.0, 219.5849583701647, 0.0, 311.9200042689183, 0.0, 641.8417433123934, 0.0, 0.0, 0.0, 74.55146168220062, 679.2253498831994, 0.0, 0.0, 415.6463224511647, 0.0, 0.0, 912.5140638007286, 421.9403886525274, 0.0, 1086.8224991807024, 0.0, 0.0, 410.0109485268172, 0.0, 0.0, 0.0, 0.0, 0.0, 0.0, 1.6145307318545368, 0.0, 0.0, 0.0, 0.0, 0.0, 0.0, 0.0, 506.74267188257534, 0.0, 587.7466935967077, 0.0, 0.0, 326.60122372532123, 0.0, 0.0, 0.0, 0.0, 0.0, 0.0, 0.0, 0.0, 0.0, 0.0, 0.0, 0.0, 0.0, 0.0, 0.0, 0.0, 0.0, 0.0, 0.0, 556.709911873627, 0.0, 0.0, 0.0, 0.0, 0.0, 0.0, 0.0, 0.0, 0.0, 0.0, 13.088231225399461, 0.0, 0.0, 0.0, 0.0, 0.0, 0.0, 0.0, 0.0, 0.0, 0.0, 0.0, 335.20108781438057, 0.0, 0.0, 0.0, 0.0, 0.0, 0.0, 0.0, 0.0, 0.0, 0.0, 252.95168402915797, 0.0, 0.0, 0.0, 0.0, 0.0, 0.0, 0.0, 0.0, 0.0, 0.0, 0.0, 361.5259043040935, 388.8917294192779, 0.0, 0.0, 0.0, 0.0, 0.0, 0.0, 0.0, 0.0, 0.0, 180.26530507456027, 0.0, 0.0, 0.0, 0.0, 0.0, 0.0, 0.0, 0.0, 0.0, 299.6023258417863, 0.0, 0.9099023358760405, 220.47930790013334, 0.0, 0.0, 0.0, 0.0, 0.0, 0.0, 0.0, 0.0, 0.0, 1190.2799476678517, 0.0, 0.0, 0.0, 0.0, 0.0, 0.0, 0.0, 0.0, 0.0, 456.2388172899514, 0.0, 80.23192390461259, 366.3280623923838, 0.0, 0.0, 0.0, 0.0, 0.0, 0.0, 0.0, 0.0, 0.0, 1143.7618342180529, 0.0, 288.91334493280874, 0.0, 0.0, 0.0, 0.0, 0.0, 0.0, 0.0, 0.0, 0.0, 371.53910940095875, 0.0, 0.0, 0.0, 0.0, 0.0, 0.0, 0.0, 0.0, 0.0, 0.0, 411.7500943703431, 0.0, 624.2568531835005, 0.0, 0.0, 0.0, 0.0, 0.0, 0.0, 0.0, 0.0, 0.0, 0.0, 0.0, 0.0, 0.0, 0.0, 0.0, 0.0, 1037.2735330927305, 0.0, 0.0, 0.0, 132.37602868273896, 0.0, 0.0, 0.0, 0.0, 0.0, 0.0, 0.0, 0.0, 0.0, 1276.3916056332182, 0.0, 932.390873419713, 514.3261347933784, 0.0, 0.0, 0.0, 0.0, 0.0, 1648.739064669025, 0.0, 0.0, 135.98583806047282, 181.53304266211876, 1015.3353034844627, 282.348762233505, 0.0, 0.0, 0.0, 0.0, 851.7709931163367, 1481.1423422959538, 0.0, 1729.3532511255737, 0.0, 927.9255699617529, 618.796949967268, 0.0, 1000.39314160388, 0.0, 1251.3400369896417, 426.2878262477561, 2137.1836142396523, 0.0, 0.0, 1972.1523887815972, 308.6140175515649, 0.0, 450.5193816574374, 0.0, 0.0, 0.0, 0.0, 0.0, 0.0, 316.9893760483187, 1783.2627751612092, 0.0, 0.0, 614.6840697754686, 0.0, 0.0, 0.0, 0.0, 220.9032851332257, 1732.486184660725, 0.0, 0.0, 0.0, 94.99156687679333, 0.0, 369.2763469823145, 0.0, 0.0, 0.0, 0.0, 0.0, 2071.978633699245, 2263.574498509271, 1055.0976398359635, 721.6735181834458, 0.0, 415.47117490624646, 0.0, 0.0, 0.0, 2064.4200512815546, 353.2929534120541, 1116.7348390733348, 0.0, 0.0, 0.0, 199.35163936984637, 0.0, 262.51922838703337, 0.0, 0.0, 0.0, 0.0, 0.0, 0.0, 0.0, 1311.8019741946252, 0.0, 0.0, 277.41104779207626, 0.0, 0.0, 0.0, 0.0, 479.82978971311945, 401.7228685257031, 1384.6200814147876, 0.0, 0.0, 251.822533228355, 0.0, 250.31386744098606, 0.0, 0.0, 0.0, 0.0, 0.0, 0.0, 0.0, 723.096848636374, 0.0, 0.0, 424.6497197902095, 0.0, 0.0, 0.0, 0.0, 71.4316486639722, 185.1312313405377, 0.0, 0.0, 0.0, 280.2591941782296, 0.0, 592.8942730512241, 0.0, 0.0, 0.0, 0.0, 0.0, 0.0, 0.0, 1494.0488194708907, 0.0, 0.0, 333.1885952536399, 0.0, 0.0, 0.0, 1894.5143977019684, 478.05948756764354, 140.25519880012763, 0.0, 0.0, 0.0, 701.4275199770653, 0.0, 804.2044057107362, 0.0, 0.0, 0.0, 0.0, 0.0, 0.0, 0.0, 1426.8781281443928, 0.0, 0.0, 308.4225663998271, 0.0, 0.0, 0.0, 1788.5895446286456, 203.70867736449622, 384.91346643594926, 0.0, 0.0, 0.0, 653.0445756579, 0.0, 870.1616534421029, 0.0, 0.0, 0.0, 1827.2575662861661, 0.0, 0.0, 0.0, 0.0, 0.0, 0.0, 256.19727559938667, 1290.5033220673067, 0.0, 0.0, 1696.8576004371032, 945.8545016142915, 355.82504054841684, 0.0, 0.0, 0.0, 311.3515567495594, 1759.597150430714, 989.7239590618059, 0.0, 0.0, 0.0, 0.0, 0.0, 0.0, 0.0, 0.0, 0.0, 0.0, 122.39627043906167, 0.0, 1763.3435952003144, 0.0, 0.0, 1347.807784970272, 392.0174829517145, 0.0, 0.0, 0.0, 176.9203751513482, 0.0, 574.2148010419432, 0.0, 0.0, 0.0, 1659.3751847674112, 0.0, 0.0, 0.0, 0.0, 0.0, 0.0, 86.46094797132479, 1607.0076969117813, 1701.0623261734559, 0.0, 0.0, 284.8235772983435, 278.9131196025278, 0.0, 0.0, 0.0, 607.6426508761966, 0.0, 299.1167938927356, 0.0, 0.0, 0.0, 1630.9850121636885, 0.0, 0.0, 0.0, 0.0, 0.0, 0.0, 5.901609341261988, 0.0, 1657.313059117762, 0.0, 0.0, 0.0, 5.128126815980848, 0.0, 0.0, 0.0, 489.4871657154413, 0.0, 378.5819388325043, 0.0, 0.0, 1625.565870352416, 0.0, 495.88490014019953, 1650.265116483314, 0.0, 0.0, 0.0, 0.0, 2.8489593422116255, 0.0, 0.0, 0.0, 0.0, 0.0, 2.056598170687272, 0.0, 0.0, 0.0, 494.1732250925921, 0.0, 392.4244126231377, 0.0, 0.0, 302.6216613543222, 0.0, 0.0, 1669.6819842828095, 0.0, 0.0, 0.0, 65.35028294120298, 4.558334947538446, 0.0, 0.0, 0.0, 0.0, 0.0, 0.0, 1568.277697682619, 0.0, 0.0, 498.8527808212731, 1316.5323311804354, 541.3600852288197, 0.0, 0.0, 0.0, 0.0, 0.0, 1610.10648559246, 1611.3800785393078, 1389.5646109071506, 1390.74986624214, 1468.0617393139835, 18.803131658597348, 1632.5089496822088, 0.0, 0.0, 0.0, 1590.3728447920112, 0.0, 910.6464891375012, 0.0, 0.0, 285.7506220238359, 0.0, 340.7607713886639, 0.0, 0.0, 0.0, 0.0, 0.0, 629.038994960383, 577.297120737273, 0.0, 0.0, 817.837071709768, 140.3084022577233, 418.2409061927085, 0.0, 0.0, 0.0, 722.9685234407443, 37.297701328830776, 0.0, 0.0, 0.0, 63.69799768102572, 0.0, 517.2893144617875, 0.0, 0.0, 0.0, 0.0, 0.0, 0.0, 0.0, 0.0, 0.0, 144.0698994142847, 0.0, 0.0, 0.0, 0.0, 0.0, 0.0, 957.7508489297205, 0.0, 0.0, 0.0, 8.546878026634877, 0.0, 0.0, 0.0, 0.0, 0.0, 0.0, 0.0, 0.0, 0.0, 0.0, 0.0, 0.0, 0.0, 0.0, 0.0, 0.0, 0.0, 0.0, 932.0545725240452, 0.0, 0.0, 0.0, 20.130192095379144, 0.0, 0.0, 0.0, 0.0, 0.0, 0.0, 0.0, 0.0, 0.0, 0.0, 0.0, 0.0, 0.0, 0.0, 0.0, 0.0, 0.0, 0.0, 698.1250214827564, 0.0, 0.0, 0.0, 354.47029444142606, 0.0, 0.0, 0.0, 0.0, 0.0, 0.0, 0.0, 0.0, 0.0, 0.0, 0.0, 0.0, 1362.6984431534902, 0.0, 0.0, 0.0, 0.0, 0.0, 395.1238332148398, 0.0, 0.0, 0.0, 245.92865534645534, 0.0, 0.0, 0.0, 0.0, 0.0, 0.0, 0.0, 0.0, 0.0, 0.0, 0.0, 0.0, 1575.792472390343, 0.0, 0.0, 0.0, 0.0, 0.0, 148.1530217426327, 0.0, 0.0, 0.0, 109.48743151720139, 0.0, 748.117076826723, 0.0, 0.0, 0.0, 0.0, 0.0, 0.0, 0.0, 0.0, 0.0, 0.0, 1388.2305475996068, 0.0, 0.0, 0.0, 0.0, 0.0, 36.11114679746449, 0.0, 0.0, 0.0, 33.42103003620623, 0.0, 672.8795292114277, 0.0, 0.0, 0.0, 0.0, 0.0, 0.0, 0.0, 0.0, 0.0, 0.0, 252.32961868674465, 0.0, 0.0, 0.0, 0.0, 0.0, 218.66015871137571, 0.0, 0.0, 0.0, 15.197897361005971, 0.0, 0.0, 0.0, 0.0, 0.0, 0.0, 0.0, 0.0, 0.0, 0.0, 0.0, 0.0, 1481.4971594133272, 0.0, 0.0, 0.0, 0.0, 0.0, 171.80792032160255, 0.0, 0.0, 0.0, 0.0, 0.0, 864.9904851192541, 0.0, 0.0, 0.0, 0.0, 0.0, 374.423187536011, 0.0, 643.4564364132104, 0.0, 0.0, 1686.1056414416867, 0.0, 0.0, 0.0, 478.290782590715, 873.4454087828489, 70.24337789203835, 887.1567171820176, 0.0, 780.1769407230302, 5.588621258802522, 0.0, 1002.4123062349579, 0.0, 0.0, 767.0486722199328, 0.0, 697.1854870138818, 1460.5805677370404, 1197.2613639885483, 762.7406658967395, 0.0, 869.799356309968, 1544.4009495386726, 0.0, 0.0, 0.0, 0.0, 978.9888291472586, 236.20894433618662, 0.0, 0.0, 0.0, 14.964172494234653, 0.0, 862.8839353152065, 0.0, 0.0, 0.0, 0.0, 0.0, 0.0, 0.0, 471.89538374799014, 0.0, 1677.5597547840362, 1682.6111046607048, 0.0, 0.0, 0.0, 0.0, 0.0, 253.15460689416344, 0.0, 0.0, 0.0, 100.34705040375563, 0.0, 1670.6522952214618, 0.0, 0.0, 0.0, 0.0, 0.0, 0.0, 0.0, 127.85694144712699, 0.0, 486.2540052135214, 1379.340285966778, 0.0, 202.94633193649452, 0.0, 2249.489500905363, 0.0, 176.70792263476983, 0.0, 0.0, 0.0, 73.08840794663483, 0.0, 1441.8429672566947, 0.0, 0.0, 0.0, 0.0, 0.0, 0.0, 0.0, 104.92295423499942, 0.0, 0.0, 1083.456527989591, 0.0, 2096.8478303466472, 0.0, 2132.475785705829, 0.0, 547.9354093213166, 1933.0391540831101, 0.0, 0.0, 105.00230777913829, 0.0, 469.8218489927543, 0.0, 0.0, 0.0, 0.0, 0.0, 2081.08781244924, 0.0, 315.53660937364526, 0.0, 0.0, 745.5980873157439, 2307.5999989140055, 0.0, 0.0, 0.0, 0.0, 813.5720080424873, 0.0, 0.0, 0.0, 115.46229723216445, 0.0, 331.91451245332587, 0.0, 0.0, 0.0, 0.0, 1843.592776902983, 2004.0280678240374, 0.0, 1107.5861929066273, 0.0, 0.0, 711.2405319003348, 2161.8598304636057, 0.0, 0.0, 1915.9243446813248, 0.0, 1476.0430801821383, 1902.0371111898412, 0.0, 0.0, 297.71625126112514, 935.3568829745659, 135.2532156658649, 0.0, 0.0, 0.0, 0.0, 0.0, 0.0, 1748.755336393911, 429.71393922715805, 0.0, 0.0, 641.6536160254014, 0.0, 1807.4300043394298, 0.0, 2021.6416473137701, 0.0, 791.4008445984297, 1826.4009885173512, 0.0, 0.0, 265.70999058754984, 0.0, 77.62253486932558, 0.0, 0.0, 0.0, 0.0, 1914.2020446077981, 0.0, 1703.6763844467325, 391.2143275303032, 1758.2471286342814, 0.0, 593.525036624044, 0.0, 1744.3145798672388, 0.0, 0.0, 0.0, 159.9319420718575, 0.0, 0.0, 1774.367979414047, 7.4072942897504594, 0.0, 222.21882869251453, 0.0, 0.0, 0.0, 1093.8775085072978, 1871.2565379247255, 0.0, 463.9227823375463, 665.5060629265488, 0.0, 0.0, 384.54406823588687, 0.0, 0.0, 0.0, 0.0, 0.0, 90.28820960129273, 0.0, 0.0, 1734.8199361061345, 79.52769739203512, 0.0, 329.3396999596754, 0.0, 0.0, 0.0, 0.0, 1855.618312868669, 0.0, 0.0, 1272.7897370294756, 1684.2273827052443, 0.0, 293.885060343542, 0.0, 0.0, 0.0, 0.0, 0.0, 107.88446282706514, 0.0, 0.0, 0.0, 127.75608973166841, 0.0, 72.93335916062017, 0.0, 0.0, 0.0, 1721.8876159703852, 1866.0690374013832, 0.0, 0.0, 1264.1071076314727, 0.0, 0.0, 181.4493985165612, 0.0, 0.0, 0.0, 0.0, 0.0, 80.37628802426096, 0.0, 0.0, 0.0, 261.78395479649447, 0.0, 32.47813650121346, 0.0, 0.0, 0.0, 0.0, 1878.9444530776534, 0.0, 0.0, 1181.8093971822473, 0.0, 0.0, 445.4014167921867, 0.0, 0.0, 0.0, 0.0, 0.0, 54.48919276600335, 0.0, 0.0, 0.0, 172.43032851270954, 0.0, 26.414342426313684, 0.0, 0.0, 0.0, 1748.522630394928, 1880.4083922869418, 1785.6294029489784, 0.0, 1377.2298028385492, 0.0, 0.0, 566.4520642977997, 0.0, 0.0, 0.0, 0.0, 0.0, 160.42350950179792, 0.0, 0.0, 0.0, 54.984915304686425, 1619.3214437271745, 35.36837594549851, 0.0, 0.0, 1680.4141028758088, 1640.839187024093, 1832.0162814633568, 1634.223142359216, 0.0, 1377.5216843158012, 0.0, 0.0, 1305.6030537218446, 1713.5807334788635, 1465.4776560204864, 0.0, 0.0, 0.0, 71.79377542373537, 718.1273703834374, 0.0, 0.0, 0.0, 492.0444911293214, 66.38075267353331, 0.0, 0.0, 316.7575552214121, 0.0, 540.5469997655948, 519.491948827229, 399.5161308192214, 663.9949445533134, 0.0, 356.8812012196058, 10.646046374180287, 387.53090596553557, 863.7620825202772, 0.0, 389.1209115099091, 735.0043766114119, 57.83387464689805, 0.0, 0.0, 0.0, 0.0, 0.0, 6.02364307846321, 0.0, 0.0, 0.0, 0.0, 0.0, 0.0, 0.0, 796.7920702996383, 0.0, 0.0, 0.0, 0.0, 0.0, 0.0, 0.0, 0.0, 35.08375099663018, 0.0, 0.0, 0.0, 0.0, 0.0, 36.30512714582855, 0.0, 0.0, 0.0, 0.0, 0.0, 0.0, 0.0, 586.2190761053874, 0.0, 0.0, 0.0, 0.0, 0.0, 0.0, 0.0, 0.0, 37.81040561628771, 0.0, 0.0, 0.0, 0.0, 0.0, 0.0, 0.0, 0.0, 0.0, 0.0, 0.0, 0.0, 0.0, 18.488260541718546, 0.0, 0.0, 0.0, 0.0, 0.0, 0.0, 0.0, 0.0, 0.0, 0.0, 0.0, 0.0, 0.0, 0.0, 0.0, 0.0, 0.0, 0.0, 0.0, 0.0, 0.0, 0.0, 108.21360140376169, 0.0, 0.0, 0.0, 0.0, 0.0, 0.0, 0.0, 0.0, 530.4245616482522, 0.0, 0.0, 0.0, 0.0, 0.0, 0.0, 0.0, 0.0, 0.0, 0.0, 0.0, 0.0, 0.0, 233.1360403940862, 0.0, 0.0, 0.0, 0.0, 0.0, 0.0, 0.0, 0.0, 0.0, 0.0, 0.0, 0.0, 629.0156721278686, 0.0, 855.3008166957258, 0.0, 0.0, 0.0, 0.0, 563.9971885827592, 0.0, 0.0, 0.0, 0.0, 0.0, 0.0, 0.0, 0.0, 0.0, 0.0, 0.0, 0.0, 0.0, 0.0, 0.0, 394.5520992847031, 0.0, 0.0, 0.0, 0.0, 0.0, 0.0, 0.0, 0.0, 0.0, 0.0, 0.0, 0.0, 0.0, 0.0, 0.0, 0.0, 0.0, 0.0, 0.0, 0.0, 0.0, 0.0, 180.44237178141054, 0.0, 701.7102028642404, 0.0, 0.0, 0.0, 0.0, 173.37559285600219, 0.0, 0.0, 0.0, 0.0, 0.0, 0.0, 0.0, 0.0, 0.0, 0.0, 0.0, 890.9504578707515, 0.0, 0.0, 0.0, 145.3870742468222, 0.0, 365.1665379578498, 0.0, 0.0, 0.0, 0.0, 848.0909694126294, 0.0, 0.0, 60.32296613288963, 0.0, 0.0, 0.0, 25.754201886326427, 235.42930499551198, 0.0, 0.0, 0.0, 443.37674972890017, 1038.2046924875585, 0.0, 1213.7385027202713, 511.4549998164654, 839.0786094635307, 241.0860935512694, 0.0, 0.0, 110.55145573143682, 24.932492541044667, 1933.9488450929396, 1233.0527674600678, 0.0, 640.1212390196632, 0.0, 0.0, 1185.0073997181953, 1594.6022893428367, 0.0, 0.0, 1325.7996051035884, 0.0, 239.98033781925668, 0.0, 0.0, 0.0, 513.0555296384238, 0.0, 489.6941081965145, 0.0, 0.0, 0.0, 0.0, 265.49343086011095, 0.0, 0.0, 1456.7305863887705, 0.0, 0.0, 0.0, 0.0, 0.0, 0.0, 0.0, 0.0, 365.27348684374647, 0.0, 0.0, 0.0, 660.7191518339398, 0.0, 1560.2021430742864, 0.0, 0.0, 0.0, 0.0, 0.0, 0.0, 448.7472146296934, 1602.80799772052, 1081.4759138525474, 0.0, 1939.2776489715939, 0.0, 0.0, 0.0, 0.0, 9.07249928257448, 531.1354465546829, 0.0, 0.0, 0.0, 640.1501892881862, 0.0, 2543.8678632609267, 0.0, 0.0, 2248.9123336712096, 0.0, 0.0, 0.0, 2365.725119578968, 1152.3340945394013, 0.0, 0.0, 0.0, 0.0, 0.0, 0.0, 1892.332119501994, 0.0, 792.4063809141418, 0.0, 0.0, 0.0, 229.70936064979327, 0.0, 2750.819557834799, 0.0, 0.0, 0.0, 0.0, 0.0, 0.0, 2296.920022740253, 720.8175155813319, 0.0, 0.0, 0.0, 0.0, 0.0, 0.0, 2355.316172245801, 0.0, 797.4262942459135, 0.0, 0.0, 0.0, 198.83893508238944, 0.0, 2573.30947339158, 0.0, 0.0, 0.0, 0.0, 1434.4210849221206, 0.0, 0.0, 377.3349997316938, 0.0, 0.0, 0.0, 0.0, 0.0, 0.0, 0.0, 742.9288318736776, 711.9025942813998, 1861.3247392935402, 0.0, 2065.3369527036175, 105.53632958101393, 0.0, 1865.4025129726765, 0.0, 0.0, 0.0, 1829.3788714298107, 0.0, 0.0, 0.0, 257.8057091608034, 0.0, 0.0, 0.0, 2153.7428367084467, 0.0, 0.0, 2258.674478057085, 1317.5826509004853, 936.3460772275462, 0.0, 0.0, 1923.8670435354913, 47.75344534466358, 1745.8924367257334, 849.6125179913283, 0.0, 0.0, 0.0, 0.0, 0.0, 1852.562910862805, 0.0, 612.2413626412996, 0.0, 0.0, 0.0, 2078.7044311337627, 0.0, 0.0, 2136.9829947501435, 1274.962674857132, 921.8134037433875, 1672.0248663107839, 0.0, 0.0, 50.505753244384266, 0.0, 253.52513419986263, 0.0, 0.0, 0.0, 1727.1547226526882, 0.0, 1740.6401501030077, 0.0, 0.0, 1878.8830783476415, 0.0, 0.0, 2005.818018585256, 0.0, 0.0, 0.0, 1272.471147658166, 649.2991064402461, 0.0, 0.0, 0.0, 101.7779885591026, 0.0, 76.53394154298849, 0.0, 0.0, 0.0, 1701.2625462421472, 0.0, 0.0, 0.0, 0.0, 0.0, 0.0, 0.0, 1955.8079695441986, 1661.533859776699, 0.0, 0.0, 0.0, 402.5194751344232, 1615.0975111412113, 0.0, 0.0, 172.72746395203123, 0.0, 7.69219022397166, 0.0, 0.0, 0.0, 1683.805790871614, 0.0, 0.0, 0.0, 167.1445785498621, 0.0, 0.0, 0.0, 1920.9590946426338, 0.0, 0.0, 0.0, 0.0, 314.9234598487583, 0.0, 0.0, 0.0, 40.79494796333968, 0.0, 166.6077565660078, 0.0, 0.0, 0.0, 0.0, 0.0, 1491.820279888228, 0.0, 0.0, 0.0, 0.0, 0.0, 0.0, 0.0, 0.0, 0.0, 0.0, 371.7601083974318, 0.0, 0.0, 0.0, 22.221882869251374, 0.0, 246.7668046657913, 0.0, 0.0, 0.0, 0.0, 0.0, 0.0, 0.0, 98.00420137208317, 0.0, 0.0, 0.0, 0.0, 1630.5630596943172, 0.0, 0.0, 0.0, 205.97854100782007, 1584.527626297456, 0.0, 1749.2506895862703, 317.9770582965437, 1598.0716890552483, 128.5694974322586, 0.0, 0.0, 1660.3689576659763, 1600.9115185196704, 1632.4288458706503, 612.347948633713, 0.0, 426.67736769237297, 1546.0967744380432, 0.0, 0.0, 0.0, 1434.248290195832, 0.0, 0.0, 0.0, 58.78123944021171, 159.75290169526625, 0.0, 50.83271116442893, 77.7352196118557, 443.10658077126413, 122.22035578088295, 0.0, 0.0, 276.0970626130752, 427.5692781630412, 406.95679788113557, 96.6359191467518, 399.12122249225604, 593.7289242917891, 0.0, 0.0, 602.4904491290479, 450.48360899613886, 0.0, 0.0, 0.0, 427.0538125902565, 0.0, 0.0, 0.0, 0.0, 0.28489593422117226, 0.0, 9.56442802631846, 0.0, 0.0, 0.0, 0.0, 0.0, 0.0, 0.0, 271.08968594967587, 0.0, 0.0, 0.0, 0.0, 0.0, 0.0, 0.0, 0.0, 0.0, 0.0, 0.0, 0.0, 0.0, 0.0, 5.9977639772729106, 0.0, 0.0, 0.0, 0.0, 0.0, 0.0, 0.0, 0.0, 0.0, 0.0, 0.0, 0.0, 0.0, 0.0, 0.0, 0.0, 0.0, 0.0, 0.0, 0.0, 0.0, 0.0, 50.138974569398414, 0.0, 0.0, 0.0, 0.0, 0.0, 0.0, 0.0, 0.0, 0.0, 0.0, 0.0, 0.0, 0.0, 0.0, 0.0, 0.0, 0.0, 0.0, 0.0, 0.0, 47.42334002075381, 0.0, 9.898668839820857, 0.0, 0.0, 0.0, 0.0, 0.0, 0.0, 0.0, 216.50484002972053, 0.0, 0.0, 0.0, 0.0, 0.0, 0.0, 0.0, 0.0, 0.0, 0.0, 0.0, 0.0, 93.84656343285296, 0.0, 62.5168195964543, 0.0, 0.0, 0.0, 0.0, 0.0, 0.0, 0.0, 0.0, 0.0, 0.0, 0.0, 0.0, 0.0, 0.0, 0.0, 0.0, 0.0, 0.0, 0.0, 0.0, 75.35813609728264, 0.0, 1143.9133150302566, 0.0, 0.0, 0.0, 0.0, 0.0, 0.0, 0.0, 0.0, 0.0, 0.0, 0.0, 0.0, 0.0, 0.0, 0.0, 0.0, 0.0, 0.0, 0.0, 0.0, 9.205733747690417, 0.0, 541.5772799890706, 0.0, 0.0, 0.0, 0.0, 0.0, 0.0, 0.0, 140.92927486516447, 0.0, 0.0, 0.0, 0.0, 0.0, 0.0, 0.0, 0.0, 0.0, 0.0, 0.0, 0.0, 352.1491242379759, 0.0, 225.37662100844258, 0.0, 0.0, 0.0, 0.0, 0.0, 0.0, 0.0, 664.1824801351271, 0.0, 0.0, 0.0, 0.0, 0.0, 0.0, 0.0, 0.0, 0.0, 0.0, 0.0, 0.0, 544.4007215438978, 0.0, 161.50008914416165, 0.0, 0.0, 0.0, 534.6710294917896, 1074.5469089401208, 0.0, 0.0, 1137.0693999853827, 0.0, 0.0, 0.0, 0.0, 0.0, 0.0, 0.0, 0.0, 301.58511502584605, 1179.3680339866314, 0.0, 933.0117979267848, 1000.3897618902666, 672.7683430971781, 107.02471663114993, 0.0, 0.0, 0.0, 939.3323017199411, 0.0, 0.0, 1264.3425212225645, 1576.3054024989265, 0.0, 0.0, 896.4445926710303, 493.9443372265292, 0.0, 683.9395822479283, 1264.1616481908873, 177.1914508325774, 0.0, 0.0, 0.0, 0.0, 681.7027671336709, 0.0, 270.32383236818265, 0.0, 0.0, 0.0, 0.0, 0.0, 0.0, 0.0, 1645.0860640894782, 0.0, 0.0, 0.0, 0.0, 0.0, 0.0, 0.0, 65.44260138221394, 0.0, 0.0, 0.0, 0.0, 621.4417670103859, 0.0, 175.1560346836324, 0.0, 0.0, 0.0, 0.0, 0.0, 0.0, 0.0, 1732.4791080829286, 620.1431323771726, 0.0, 0.0, 0.0, 0.0, 0.0, 0.0, 153.23340997229957, 0.0, 0.0, 0.0, 0.0, 389.57278859162227, 0.0, 134.90378005345687, 0.0, 0.0, 0.0, 0.0, 0.0, 0.0, 0.0, 1580.5219311454018, 0.0, 0.0, 0.0, 0.0, 0.0, 0.0, 0.0, 229.4908561270029, 0.0, 0.0, 0.0, 0.0, 204.7812825550191, 0.0, 122.48185664631431, 0.0, 0.0, 0.0, 0.0, 0.0, 0.0, 0.0, 1530.8226053624987, 0.0, 0.0, 0.0, 0.0, 0.0, 0.0, 2496.392223505432, 702.2923874051662, 0.0, 0.0, 0.0, 2046.5312855101013, 87.00242187040178, 0.0, 141.05912201337063, 0.0, 0.0, 0.0, 0.0, 0.0, 0.0, 0.0, 1552.1581083842407, 0.0, 0.0, 0.0, 0.0, 0.0, 0.0, 1880.6300380655853, 1320.3486264001308, 0.0, 0.0, 0.0, 0.0, 95.50007089128225, 0.0, 189.53749834094236, 0.0, 0.0, 0.0, 0.0, 0.0, 0.0, 0.0, 1377.6077632647794, 0.0, 0.0, 0.0, 0.0, 1807.3074536099257, 0.0, 1335.8584423469233, 1312.898402597838, 0.0, 696.3543287679267, 0.0, 0.0, 172.7051528246525, 0.0, 170.95942001782743, 0.0, 0.0, 1702.9587056164014, 0.0, 0.0, 0.0, 0.0, 1353.5527912249283, 0.0, 0.0, 0.0, 0.0, 1815.6736787960888, 0.0, 0.0, 0.0, 0.0, 0.0, 0.0, 0.0, 232.46117174303396, 1509.0225272806354, 97.1589980567671, 0.0, 0.0, 1682.794323521048, 1715.170833846461, 0.0, 0.0, 0.0, 1336.8211083108497, 0.0, 0.0, 0.0, 0.0, 1678.3819521646847, 0.0, 0.0, 0.0, 0.0, 0.0, 0.0, 1728.9714347934719, 107.17326176869788, 1489.2268149445813, 12.74024086820651, 0.0, 0.0, 1684.0976829215604, 1671.1568046625353, 940.6922016036991, 0.0, 0.0, 1321.395792829317, 0.0, 0.0, 0.0, 1680.4424018840853, 1714.6855374766087, 0.0, 0.0, 0.0, 0.0, 0.0, 0.0, 0.0, 80.9979735877604, 0.0, 47.90334540897554, 0.0, 0.0, 0.0, 1644.681145832022, 1747.0317999634497, 0.0, 0.0, 1326.7295787348978, 0.0, 0.0, 0.0, 0.0, 0.0, 0.0, 0.0, 0.0, 0.0, 0.0, 0.0, 0.0, 88.5522322671677, 0.0, 191.83906727054142, 0.0, 0.0, 0.0, 1619.0064520954295, 1737.3795793793793, 0.0, 0.0, 1344.7715260867708, 0.0, 0.0, 0.0, 1635.3478578842723, 0.0, 0.0, 0.0, 0.0, 0.0, 0.0, 0.0, 0.0, 153.3952333921338, 0.0, 389.04030237341163, 0.0, 0.0, 0.0, 0.0, 1775.5753920137565, 0.0, 466.65279260323246, 1435.4104856837641, 0.0, 0.0, 0.0, 0.0, 0.0, 0.0, 0.0, 0.0, 355.0020580320284, 0.0, 0.0, 0.0, 281.6387806092253, 0.0, 567.4474838270066, 0.0, 0.0, 0.0, 1582.563216680945, 1681.4931574958198, 1025.444513019715, 1391.1453054916915, 1448.1900194407385, 1433.4161346007104, 0.0, 1291.9261003740974, 1509.8246948576048, 1602.9243229928113, 0.0, 0.0, 0.0, 0.0, 73.80802840278875, 0.0, 0.0, 0.0, 0.0, 293.29625433617997, 0.0, 0.0, 0.0, 429.06750084793566, 556.6835633111466, 194.5457759561209, 145.55499970322467, 0.0, 0.0, 0.0, 0.0, 0.0, 650.1569871688923, 916.0024730434188, 128.79373718478973, 495.2445057927456, 0.0, 0.0, 0.0, 0.0, 0.0, 0.0, 837.8352687384457, 0.0, 0.0, 0.0, 0.0, 0.0, 0.0, 0.0, 0.0, 0.0, 0.0, 0.0, 0.0, 0.0, 265.88049804738216, 0.0, 0.0, 0.0, 0.0, 0.0, 0.0, 0.0, 0.0, 0.0, 0.0, 0.0, 0.0, 0.0, 0.0, 0.0, 0.0, 0.0, 0.0, 0.0, 0.0, 0.0, 0.0, 0.0, 0.0, 0.0, 0.0, 0.0, 0.0, 0.0, 0.0, 0.0, 0.0, 0.0, 0.0, 0.0, 0.0, 0.0, 0.0, 0.0, 0.0, 0.0, 0.0, 0.0, 0.0, 0.0, 0.0, 0.0, 0.0, 0.0, 0.0, 0.0, 0.0, 0.0, 0.0, 0.0, 0.0, 0.0, 0.0, 0.0, 0.0, 0.0, 0.0, 0.0, 0.0, 0.0, 0.0, 0.0, 0.0, 0.0, 0.0, 0.0, 0.0, 0.0, 0.0, 0.0, 0.0, 0.0, 0.0, 0.0, 0.0, 0.0, 0.0, 0.0, 0.0, 0.0, 0.0, 0.0, 0.0, 0.0, 0.0, 0.0, 0.0, 0.0, 0.0, 0.0, 0.0, 0.0, 0.0, 0.0, 0.0, 126.7428206772729, 0.0, 0.0, 0.0, 0.0, 0.0, 0.0, 0.0, 0.0, 0.0, 0.0, 0.0, 0.0, 0.0, 0.0, 0.0, 0.0, 184.31114258664707, 0.0, 0.0, 0.0, 0.0, 0.0, 388.85101910449714, 0.0, 0.0, 0.0, 0.0, 0.0, 0.0, 0.0, 0.0, 0.0, 0.0, 0.0, 0.0, 0.0, 0.0, 0.0, 0.0, 0.0, 0.0, 0.0, 0.0, 0.0, 0.0, 563.894414209824, 0.0, 0.0, 0.0, 0.0, 0.0, 0.0, 0.0, 493.3900774230612, 0.0, 0.0, 0.0, 0.0, 62.15744931511517, 0.0, 0.0, 0.0, 610.134836817295, 0.0, 0.0, 0.0, 0.0, 0.0, 341.1762950048164, 0.0, 0.0, 0.0, 0.0, 0.0, 0.0, 0.0, 303.3810194040585, 0.0, 0.0, 0.0, 0.0, 0.0, 0.0, 0.0, 0.0, 1267.022276947127, 943.3886117519858, 0.0, 0.0, 410.21333643473395, 0.0, 287.8142658136952, 0.0, 0.0, 0.0, 0.0, 0.0, 0.0, 738.8363518345413, 253.57228565124632, 0.0, 0.0, 0.0, 1087.9569138995228, 0.0, 0.0, 0.0, 374.53337249776723, 1612.9149249104314, 0.0, 0.0, 0.0, 0.0, 0.0, 265.76454897190916, 0.0, 0.0, 0.0, 0.0, 1986.880044962837, 0.0, 0.0, 551.7532316281599, 0.0, 0.0, 0.0, 0.0, 0.0, 0.0, 0.0, 141.1173838642179, 1181.6113972178205, 0.0, 0.0, 0.0, 0.0, 0.0, 52.66744856772425, 0.0, 0.0, 0.0, 0.0, 1989.2720569211972, 0.0, 0.0, 1108.7477716213157, 0.0, 0.0, 0.0, 0.0, 0.0, 0.0, 0.0, 39.53712428419274, 1407.214911757715, 0.0, 0.0, 0.0, 0.0, 0.0, 8.913882522748256, 0.0, 0.0, 0.0, 0.0, 1986.3007234094941, 0.0, 0.0, 1097.4352170842221, 0.0, 0.0, 0.0, 0.0, 0.0, 0.0, 0.0, 224.874575478195, 866.0064092068201, 0.0, 0.0, 0.0, 0.0, 0.0, 50.67155111605936, 0.0, 0.0, 0.0, 0.0, 0.0, 0.0, 0.0, 1072.4651814239894, 0.0, 0.0, 0.0, 0.0, 0.0, 0.0, 0.0, 56.23433843789733, 724.8578168628078, 0.0, 0.0, 0.0, 0.0, 0.0, 191.65398427459377, 0.0, 0.0, 0.0, 0.0, 0.0, 0.0, 0.0, 912.1993853975104, 0.0, 0.0, 0.0, 0.0, 1840.4916344174135, 0.0, 0.0, 15.020627776063284, 291.4147127033874, 0.0, 0.0, 0.0, 0.0, 0.0, 9.118295807194144, 0.0, 0.0, 1837.958261620744, 0.0, 0.0, 0.0, 0.0, 1120.8949610449667, 0.0, 0.0, 0.0, 0.0, 1660.9926777195299, 0.0, 1858.4568799342933, 178.53748024405388, 137.7330929575924, 1682.1185092908695, 0.0, 1808.9712916387073, 191.68889622087656, 0.0, 53.03192386721144, 0.0, 0.0, 0.0, 0.0, 0.0, 0.0, 0.0, 1275.1927984224305, 0.0, 0.0, 0.0, 0.0, 1632.9892033025535, 0.0, 1755.2733422879908, 165.5794123164388, 238.35923408162716, 227.25638251860846, 0.0, 0.0, 29.722350956132292, 0.0, 236.9932662755789, 0.0, 0.0, 0.0, 1618.273271001708, 0.0, 0.0, 0.0, 1236.7809087618034, 0.0, 0.0, 0.0, 0.0, 1607.4720383215906, 0.0, 0.0, 276.0202154689405, 0.0, 0.0, 0.0, 0.0, 0.0, 0.0, 317.0803225999742, 0.0, 0.0, 0.0, 1600.954829583963, 0.0, 0.0, 0.0, 1211.5305777365002, 0.0, 0.0, 0.0, 0.0, 1581.5385590819567, 0.0, 0.0, 351.97352572937547, 0.0, 0.0, 0.0, 0.0, 147.47223700093718, 1512.3159050843055, 129.4790597688597, 0.0, 0.0, 1626.0258597651905, 0.0, 0.0, 0.0, 0.0, 1200.6740506941985, 0.0, 0.0, 0.0, 0.0, 1556.5928306943451, 0.0, 0.0, 313.0808497783155, 0.0, 0.0, 0.0, 0.0, 416.82239820365254, 1505.6843587954936, 83.47450872680346, 0.0, 0.0, 1620.0973793052606, 0.0, 0.0, 0.0, 0.0, 1212.0436020653244, 0.0, 0.0, 0.0, 0.0, 1581.3808389514231, 0.0, 0.0, 537.917622799798, 0.0, 0.0, 0.0, 0.0, 603.0191439513145, 1533.3215728332077, 150.7444998354796, 0.0, 0.0, 0.0, 0.0, 1567.9197024332273, 0.0, 0.0, 1289.8293517730747, 0.0, 0.0, 0.0, 0.0, 1578.9488252264273, 0.0, 0.0, 130.0365973424755, 542.3205024832913, 0.0, 0.0, 895.9138314954638, 716.8727818009331, 0.0, 266.2209786344392, 0.0, 0.0, 22.04601722780741, 0.0, 612.4923898049182, 588.5897733129581, 0.0, 1302.0385556331503, 420.040607182261, 0.0, 28.111497221691735, 1431.6785297195656, 0.0, 0.0, 467.2670297224979, 0.0, 83.03890765771848, 0.0, 0.0, 512.1708463715797, 0.0, 701.7852631070373, 0.0, 0.0, 0.0, 457.4184876795141, 256.35188714919354, 0.0, 0.0, 0.0, 431.3206399080865, 0.0, 0.0, 0.0, 0.0, 148.96950674832829, 0.0, 119.86832246572499, 53.75780329885426, 0.0, 0.0, 0.0, 0.0, 0.0, 0.0, 0.0, 0.0, 0.0, 0.0, 0.0, 0.0, 0.0, 0.0, 0.0, 0.0, 0.0, 0.0, 0.0, 0.0, 0.0, 0.0, 0.0, 0.0, 0.0, 0.0, 0.0, 0.0, 0.0, 0.0, 0.0, 0.0, 0.0, 0.0, 0.0, 0.0, 0.0, 0.0, 0.0, 0.0, 0.0, 0.0, 0.0, 0.0, 0.0, 0.0, 0.0, 0.0, 0.0, 0.0, 0.0, 0.0, 0.0, 0.0, 0.0, 0.0, 0.0, 0.0, 0.0, 0.0, 0.0, 0.0, 0.0, 0.0, 0.0, 0.0, 0.0, 0.0, 0.0, 0.0, 0.0, 0.0, 0.0, 0.0, 0.0, 0.0, 0.0, 0.0, 0.0, 0.0, 0.0, 0.0, 0.0, 0.0, 0.0, 0.0, 0.0, 0.0, 0.0, 0.0, 0.0, 0.0, 0.0, 0.0, 0.0, 0.0, 0.0, 0.0, 0.0, 0.0, 0.0, 0.0, 0.0, 0.0, 0.0, 0.0, 0.0, 0.0, 0.0, 0.0, 0.0, 0.0, 0.0, 0.0, 0.0, 0.0, 0.0, 0.0, 0.0, 0.0, 0.0, 575.9048638442341, 0.0, 0.0, 0.0, 0.0, 0.0, 0.0, 0.0, 0.0, 0.0, 0.0, 0.0, 0.0, 0.0, 0.0, 0.0, 0.0, 0.0, 0.0, 0.0, 0.0, 0.0, 0.0, 0.0, 0.0, 0.0, 0.0, 0.0, 0.0, 0.0, 0.0, 0.0, 0.0, 0.0, 0.0, 0.0, 0.0, 0.0, 0.0, 0.0, 780.4501909999731, 0.0, 0.0, 0.0, 100.40789286185282, 0.0, 0.0, 0.0, 0.0, 0.0, 0.0, 0.0, 0.0, 0.0, 0.0, 0.0, 0.0, 0.0, 0.0, 0.0, 0.0, 0.0, 0.0, 1172.2825175762573, 0.0, 0.0, 0.0, 465.9268815655116, 0.0, 0.0, 0.0, 0.0, 0.0, 0.0, 0.0, 0.0, 0.0, 547.3865284892617, 0.0, 0.0, 0.0, 0.0, 0.0, 0.0, 0.0, 0.0, 1559.6957617783942, 807.7550196774682, 0.0, 913.6418906935153, 488.34105584190104, 971.1115527579096, 8.921063634596742, 0.0, 0.0, 0.0, 62.10205547070609, 593.5595008465539, 111.24251663854238, 700.1371297068126, 161.21067678739422, 0.0, 0.0, 0.0, 336.8604111268571, 976.6070199048091, 0.0, 1010.0323419953228, 0.0, 1229.716765906317, 0.0, 0.0, 0.0, 1584.977611251223, 1923.3317575079147, 7.782157361094125, 0.0, 0.0, 0.0, 1815.190768473757, 0.0, 1794.6494386517882, 0.0, 274.3367189648036, 0.0, 0.0, 0.0, 0.0, 0.0, 0.0, 0.0, 0.0, 1532.3698675718053, 0.0, 0.0, 0.0, 1062.160105264303, 0.0, 9.137445438790234, 0.0, 0.0, 0.0, 0.0, 0.0, 0.0, 0.0, 46.87224614165322, 0.0, 0.0, 0.0, 0.0, 0.0, 0.0, 0.0, 0.0, 1436.4399885869095, 0.0, 0.0, 0.0, 741.8148156413789, 0.0, 97.65874021151603, 0.0, 0.0, 0.0, 0.0, 0.0, 0.0, 0.0, 59.51032553186253, 0.0, 0.0, 0.0, 0.0, 0.0, 0.0, 0.0, 0.0, 0.0, 1880.7491361281318, 0.0, 0.0, 610.9762675218531, 2044.9082573552687, 113.16881269892323, 0.0, 0.0, 0.0, 2121.606751112427, 0.0, 0.0, 0.0, 60.52584314139993, 0.0, 0.0, 0.0, 0.0, 0.0, 0.0, 0.0, 0.0, 0.0, 0.0, 0.0, 0.0, 526.1949770954996, 0.0, 99.44042374180965, 0.0, 0.0, 0.0, 0.0, 0.0, 0.0, 0.0, 266.3776984967961, 0.0, 0.0, 0.0, 0.0, 0.0, 0.0, 0.0, 0.0, 0.0, 0.0, 0.0, 0.0, 146.62692256423486, 0.0, 18.205789612622432, 0.0, 0.0, 0.0, 0.0, 1954.8860445934795, 2008.17376607145, 0.0, 0.0, 0.0, 0.0, 0.0, 0.0, 0.0, 0.0, 0.0, 1375.824070872699, 680.5325168876958, 0.0, 0.0, 0.0, 93.15717669538444, 0.0, 13.675004842616113, 0.0, 0.0, 0.0, 0.0, 0.0, 1944.6721301632458, 0.0, 0.0, 0.0, 0.0, 0.0, 0.0, 0.0, 0.0, 0.0, 1168.379182441643, 436.46666839727163, 1893.9248410800078, 0.0, 0.0, 131.92239920218753, 0.0, 57.640571761915794, 0.0, 0.0, 0.0, 0.0, 0.0, 0.0, 0.0, 0.0, 0.0, 0.0, 0.0, 0.0, 0.0, 0.0, 0.0, 0.0, 163.4505965492362, 0.0, 0.0, 0.0, 250.39209187948808, 0.0, 19.8684202445953, 0.0, 0.0, 0.0, 0.0, 0.0, 0.0, 0.0, 0.0, 0.0, 0.0, 0.0, 0.0, 1621.2996733316966, 0.0, 0.0, 0.0, 9.580370997906945, 0.0, 0.0, 1694.4381746719268, 334.66496861980255, 0.0, 103.89573909106691, 0.0, 0.0, 0.0, 0.0, 0.0, 0.0, 1579.3282756128149, 0.0, 1540.8824122624976, 0.0, 0.0, 1718.8429978633314, 0.0, 0.0, 1184.3882935053284, 0.0, 0.0, 0.0, 0.0, 1674.1416291544704, 489.84712459238415, 0.0, 9.72729022333844, 0.0, 0.0, 0.0, 1549.9094972929083, 0.0, 0.0, 255.08547164770653, 0.0, 348.39032905072577, 0.0, 1571.0612149467352, 0.0, 0.0, 0.0, 0.0, 0.0, 150.21648487559062, 0.0, 0.0, 1716.1294582190906, 623.508165817997, 0.0, 2.8489593422116255, 0.0, 0.0, 1728.723006620494, 0.0, 0.0, 0.0, 0.0, 0.0, 0.0, 0.0, 0.0, 0.0, 1643.693797288328, 0.0, 0.0, 0.0, 182.28100740001318, 0.0, 0.0, 1110.2768424871254, 648.5903894142781, 1651.4359439933146, 0.0, 0.0, 0.0, 1416.8233325045478, 0.0, 1601.2553542687212, 0.0, 0.0, 1512.5199453662324, 0.0, 0.0, 1065.8811721267107, 0.0, 0.0, 0.0, 0.0, 0.0, 38.58534751559796, 116.57617303556731, 0.0, 0.0, 207.0932662374114, 888.7619513595187, 0.0, 0.0, 0.0, 291.7242317393561, 789.4500295044685, 0.0, 0.0, 0.0, 113.94215766694856, 0.0, 0.0, 0.0, 413.9718837994908, 151.14759463641008, 0.0, 47.39611656935335, 0.0, 0.0, 0.0, 0.0, 0.0, 0.0, 0.0, 0.0, 0.0, 0.0, 0.0, 0.0, 0.0, 0.0, 0.0, 0.0, 0.0, 0.0, 0.0, 0.0, 0.0, 0.0, 0.0, 0.0, 0.0, 0.0, 0.0, 0.0, 0.0, 0.0, 0.0, 0.0, 0.0, 0.0, 0.0, 0.0, 0.0, 0.0, 0.0, 0.0, 0.0, 0.0, 0.0, 0.0, 0.0, 0.0, 0.0, 0.0, 0.0, 0.0, 0.0, 0.0, 0.0, 0.0, 0.0, 0.0, 0.0, 0.0, 0.0, 0.0, 0.0, 0.0, 0.0, 0.0, 0.0, 0.0, 0.0, 0.0, 0.0, 0.0, 0.0, 0.0, 0.0, 0.0, 0.0, 0.0, 0.0, 0.0, 0.0, 0.0, 0.0, 0.0, 0.0, 0.0, 0.0, 0.0, 0.0, 0.0, 0.0, 0.0, 0.0, 0.0, 0.0, 0.0, 0.0, 0.0, 0.0, 0.0, 0.0, 0.0, 0.0, 0.0, 0.0, 0.0, 0.0, 0.0, 0.0, 0.0, 0.0, 0.0, 0.0, 0.0, 0.0, 0.0, 0.0, 0.0, 0.0, 0.0, 0.0, 0.0, 0.0, 0.0, 0.0, 0.0, 0.0, 0.0, 0.0, 0.0, 0.0, 0.0, 0.0, 0.0, 0.0, 0.0, 0.0, 0.0, 0.0, 0.0, 0.0, 0.0, 0.0, 0.0, 0.0, 0.0, 0.0, 0.0, 0.0, 0.0, 0.0, 0.0, 0.0, 0.0, 0.0, 0.0, 0.0, 0.0, 0.0, 0.0, 0.0, 0.0, 0.0, 0.0, 0.0, 0.0, 0.0, 0.0, 0.0, 0.0, 0.0, 0.0, 0.0, 0.0, 0.0, 0.0, 0.0, 0.0, 244.30401055374682, 0.0, 0.0, 0.0, 0.0, 0.0, 0.0, 0.0, 0.0, 614.0636195639435, 0.0, 0.0, 0.0, 162.47889521235652, 0.0, 0.0, 0.0, 0.0, 0.0, 120.30438776587289, 0.0, 70.19552654361496, 0.0, 0.0, 0.0, 0.0, 0.0, 0.0, 0.0, 0.0, 0.0, 93.62119394779232, 1603.7774065595206, 1097.7715599264866, 0.0, 0.0, 1324.792018393867, 0.0, 58.403666515340454, 0.0, 0.0, 0.0, 851.1316007824059, 721.6792763846713, 1595.2938242721266, 0.0, 0.0, 0.0, 691.6750073174795, 977.2722844196975, 0.0, 1366.135597969385, 0.0, 0.0, 374.53337249776723, 0.0, 0.0, 0.0, 0.0, 1744.345135997467, 0.0, 9.38675196334646, 0.0, 0.0, 0.0, 0.0, 0.0, 2181.858159675868, 0.0, 734.564331542434, 0.0, 0.0, 1972.4026953200055, 0.0, 0.0, 0.0, 2157.175488049387, 141.1173838642179, 1516.511400521926, 0.0, 0.0, 0.0, 1736.160746044401, 0.0, 26.49532188256901, 0.0, 0.0, 0.0, 0.0, 0.0, 0.0, 0.0, 378.70460486886196, 0.0, 0.0, 2091.9690005230486, 0.0, 0.0, 0.0, 1835.3280013962265, 39.53712428419274, 1415.727366659864, 0.0, 0.0, 0.0, 1818.7525199845254, 2075.883949399831, 0.0, 0.0, 0.0, 0.0, 0.0, 0.0, 2297.122160817644, 0.0, 0.0, 0.0, 0.0, 2036.58761285177, 0.0, 0.0, 0.0, 1777.884485497401, 224.874575478195, 1355.8967185289766, 0.0, 0.0, 0.0, 2422.4800196480055, 0.0, 0.0, 0.0, 0.0, 0.0, 1993.0041775907118, 0.0, 2243.000461843473, 0.0, 1499.998873587998, 0.0, 0.0, 1946.1646927372572, 0.0, 0.0, 0.0, 1720.8825487387426, 56.23433843789733, 1334.5594585939857, 0.0, 0.0, 0.0, 2590.9183274362563, 0.0, 0.0, 0.0, 0.0, 0.0, 1899.7077499153954, 0.0, 2159.3064667426365, 1712.5123657095307, 980.4878461892445, 0.0, 0.0, 1873.7651220309117, 1932.17007837196, 2030.3860617952566, 0.0, 1675.8487463926474, 15.020627776063284]"
UA_2,0.0
TES_LCOE_IndustrialCharge,0
UA_3,0.0
powerPeak,0.0
cost_coldpump,0.0
x_TES,0.0
net_discharge_t,"[0.0, 0.0, 0.0, 0.0, 0.0, 0.0, 0.0, 0.0, 0.0, 0.0, 0.0, 0.0, 0.0, 0.0, 0.0, 0.0, 0.0, 0.0, 0.0, 0.0, 0.0, 0.0, 0.0, 0.0, 0.0, 0.0, 0.0, 0.0, 0.0, 0.0, 0.0, 0.0, 0.0, 0.0, 0.0, 0.0, 0.0, 0.0, 0.0, 0.0, 0.0, 0.0, 0.0, 0.0, 0.0, 0.0, 0.0, 0.0, 0.0, 0.0, 0.0, 0.0, 0.0, 0.0, 0.0, 0.0, 0.0, 0.0, 0.0, 0.0, 0.0, 0.0, 0.0, 0.0, 0.0, 0.0, 0.0, 0.0, 0.0, 0.0, 0.0, 0.0, 0.0, 0.0, 0.0, 0.0, 0.0, 0.0, 0.0, 0.0, 0.0, 0.0, 0.0, 0.0, 0.0, 0.0, 0.0, 0.0, 0.0, 0.0, 0.0, 0.0, 0.0, 0.0, 0.0, 0.0, 0.0, 0.0, 0.0, 0.0, 0.0, 0.0, 0.0, 0.0, 0.0, 0.0, 0.0, 0.0, 0.0, 0.0, 0.0, 0.0, 0.0, 0.0, 0.0, 0.0, 0.0, 0.0, 0.0, 0.0, 0.0, 0.0, 0.0, 0.0, 0.0, 0.0, 0.0, 0.0, 0.0, 0.0, 0.0, 0.0, 0.0, 0.0, 0.0, 0.0, 0.0, 0.0, 0.0, 0.0, 0.0, 0.0, 0.0, 0.0, 0.0, 0.0, 0.0, 0.0, 0.0, 0.0, 0.0, 0.0, 0.0, 0.0, 0.0, 0.0, 0.0, 0.0, 0.0, 0.0, 0.0, 0.0, 0.0, 0.0, 0.0, 0.0, 0.0, 0.0, 0.0, 0.0, 0.0, 0.0, 0.0, 0.0, 0.0, 0.0, 0.0, 0.0, 0.0, 0.0, 0.0, 0.0, 0.0, 0.0, 0.0, 0.0, 0.0, 0.0, 0.0, 0.0, 0.0, 0.0, 0.0, 0.0, 0.0, 0.0, 0.0, 0.0, 0.0, 0.0, 0.0, 0.0, 0.0, 0.0, 0.0, 0.0, 0.0, 0.0, 0.0, 0.0, 0.0, 0.0, 0.0, 0.0, 0.0, 0.0, 0.0, 0.0, 0.0, 0.0, 0.0, 0.0, 0.0, 0.0, 0.0, 0.0, 0.0, 0.0, 0.0, 0.0, 0.0, 0.0, 0.0, 0.0, 0.0, 0.0, 0.0, 0.0, 0.0, 0.0, 0.0, 0.0, 0.0, 0.0, 0.0, 0.0, 0.0, 0.0, 0.0, 0.0, 0.0, 0.0, 0.0, 0.0, 0.0, 0.0, 0.0, 0.0, 0.0, 0.0, 0.0, 0.0, 0.0, 0.0, 0.0, 0.0, 0.0, 0.0, 0.0, 0.0, 0.0, 0.0, 0.0, 0.0, 0.0, 0.0, 0.0, 0.0, 0.0, 0.0, 0.0, 0.0, 0.0, 0.0, 0.0, 0.0, 0.0, 0.0, 0.0, 0.0, 0.0, 0.0, 0.0, 0.0, 0.0, 0.0, 0.0, 0.0, 0.0, 0.0, 0.0, 0.0, 0.0, 0.0, 0.0, 0.0, 0.0, 0.0, 0.0, 0.0, 0.0, 0.0, 0.0, 0.0, 0.0, 0.0, 0.0, 0.0, 0.0, 0.0, 0.0, 0.0, 0.0, 0.0, 0.0, 0.0, 0.0, 0.0, 0.0, 0.0, 0.0, 0.0, 0.0, 0.0, 0.0, 0.0, 0.0, 0.0, 0.0, 0.0, 0.0, 0.0, 0.0, 0.0, 0.0, 0.0, 0.0, 0.0, 0.0, 0.0, 0.0, 0.0, 0.0, 0.0, 0.0, 0.0, 0.0, 0.0, 0.0, 0.0, 0.0, 0.0, 0.0, 0.0, 0.0, 0.0, 0.0, 0.0, 0.0, 0.0, 0.0, 0.0, 0.0, 0.0, 0.0, 0.0, 0.0, 0.0, 0.0, 0.0, 0.0, 0.0, 0.0, 0.0, 0.0, 0.0, 0.0, 0.0, 0.0, 0.0, 0.0, 0.0, 0.0, 0.0, 0.0, 0.0, 0.0, 0.0, 0.0, 0.0, 0.0, 0.0, 0.0, 0.0, 0.0, 0.0, 0.0, 0.0, 0.0, 0.0, 0.0, 0.0, 0.0, 0.0, 0.0, 0.0, 0.0, 0.0, 0.0, 0.0, 0.0, 0.0, 0.0, 0.0, 0.0, 0.0, 0.0, 0.0, 0.0, 0.0, 0.0, 0.0, 0.0, 0.0, 0.0, 0.0, 0.0, 0.0, 0.0, 0.0, 0.0, 0.0, 0.0, 0.0, 0.0, 0.0, 0.0, 0.0, 0.0, 0.0, 0.0, 0.0, 0.0, 0.0, 0.0, 0.0, 0.0, 0.0, 0.0, 0.0, 0.0, 0.0, 0.0, 0.0, 0.0, 0.0, 0.0, 0.0, 0.0, 0.0, 0.0, 0.0, 0.0, 0.0, 0.0, 0.0, 0.0, 0.0, 0.0, 0.0, 0.0, 0.0, 0.0, 0.0, 0.0, 0.0, 0.0, 0.0, 0.0, 0.0, 0.0, 0.0, 0.0, 0.0, 0.0, 0.0, 0.0, 0.0, 0.0, 0.0, 0.0, 0.0, 0.0, 0.0, 0.0, 0.0, 0.0, 0.0, 0.0, 0.0, 0.0, 0.0, 0.0, 0.0, 0.0, 0.0, 0.0, 0.0, 0.0, 0.0, 0.0, 0.0, 0.0, 0.0, 0.0, 0.0, 0.0, 0.0, 0.0, 0.0, 0.0, 0.0, 0.0, 0.0, 0.0, 0.0, 0.0, 0.0, 0.0, 0.0, 0.0, 0.0, 0.0, 0.0, 0.0, 0.0, 0.0, 0.0, 0.0, 0.0, 0.0, 0.0, 0.0, 0.0, 0.0, 0.0, 0.0, 0.0, 0.0, 0.0, 0.0, 0.0, 0.0, 0.0, 0.0, 0.0, 0.0, 0.0, 0.0, 0.0, 0.0, 0.0, 0.0, 0.0, 0.0, 0.0, 0.0, 0.0, 0.0, 0.0, 0.0, 0.0, 0.0, 0.0, 0.0, 0.0, 0.0, 0.0, 0.0, 0.0, 0.0, 0.0, 0.0, 0.0, 0.0, 0.0, 0.0, 0.0, 0.0, 0.0, 0.0, 0.0, 0.0, 0.0, 0.0, 0.0, 0.0, 0.0, 0.0, 0.0, 0.0, 0.0, 0.0, 0.0, 0.0, 0.0, 0.0, 0.0, 0.0, 0.0, 0.0, 0.0, 0.0, 0.0, 0.0, 0.0, 0.0, 0.0, 0.0, 0.0, 0.0, 0.0, 0.0, 0.0, 0.0, 0.0, 0.0, 0.0, 0.0, 0.0, 0.0, 0.0, 0.0, 0.0, 0.0, 0.0, 0.0, 0.0, 0.0, 0.0, 0.0, 0.0, 0.0, 0.0, 0.0, 0.0, 0.0, 0.0, 0.0, 0.0, 0.0, 0.0, 0.0, 0.0, 0.0, 0.0, 0.0, 0.0, 0.0, 0.0, 0.0, 0.0, 0.0, 0.0, 0.0, 0.0, 0.0, 0.0, 0.0, 0.0, 0.0, 0.0, 0.0, 0.0, 0.0, 0.0, 0.0, 0.0, 0.0, 0.0, 0.0, 0.0, 0.0, 0.0, 0.0, 0.0, 0.0, 0.0, 0.0, 0.0, 0.0, 0.0, 0.0, 0.0, 0.0, 0.0, 0.0, 0.0, 0.0, 0.0, 0.0, 0.0, 0.0, 0.0, 0.0, 0.0, 0.0, 0.0, 0.0, 0.0, 0.0, 0.0, 0.0, 0.0, 0.0, 0.0, 0.0, 0.0, 0.0, 0.0, 0.0, 0.0, 0.0, 0.0, 0.0, 0.0, 0.0, 0.0, 0.0, 0.0, 0.0, 0.0, 0.0, 0.0, 0.0, 0.0, 0.0, 0.0, 0.0, 0.0, 0.0, 0.0, 0.0, 0.0, 0.0, 0.0, 0.0, 0.0, 0.0, 0.0, 0.0, 0.0, 0.0, 0.0, 0.0, 0.0, 0.0, 0.0, 0.0, 0.0, 0.0, 0.0, 0.0, 0.0, 0.0, 0.0, 0.0, 0.0, 0.0, 0.0, 0.0, 0.0, 0.0, 0.0, 0.0, 0.0, 0.0, 0.0, 0.0, 0.0, 0.0, 0.0, 0.0, 0.0, 0.0, 0.0, 0.0, 0.0, 0.0, 0.0, 0.0, 0.0, 0.0, 0.0, 0.0, 0.0, 0.0, 0.0, 0.0, 0.0, 0.0, 0.0, 0.0, 0.0, 0.0, 0.0, 0.0, 0.0, 0.0, 0.0, 0.0, 0.0, 0.0, 0.0, 0.0, 0.0, 0.0, 0.0, 0.0, 0.0, 0.0, 0.0, 0.0, 0.0, 0.0, 0.0, 0.0, 0.0, 0.0, 0.0, 0.0, 0.0, 0.0, 0.0, 0.0, 0.0, 0.0, 0.0, 0.0, 0.0, 0.0, 0.0, 0.0, 0.0, 0.0, 0.0, 0.0, 0.0, 0.0, 0.0, 0.0, 0.0, 0.0, 0.0, 0.0, 0.0, 0.0, 0.0, 0.0, 0.0, 0.0, 0.0, 0.0, 0.0, 0.0, 0.0, 0.0, 0.0, 0.0, 0.0, 0.0, 0.0, 0.0, 0.0, 0.0, 0.0, 0.0, 0.0, 0.0, 0.0, 0.0, 0.0, 0.0, 0.0, 0.0, 0.0, 0.0, 0.0, 0.0, 0.0, 0.0, 0.0, 0.0, 0.0, 0.0, 0.0, 0.0, 0.0, 0.0, 0.0, 0.0, 0.0, 0.0, 0.0, 0.0, 0.0, 0.0, 0.0, 0.0, 0.0, 0.0, 0.0, 0.0, 0.0, 0.0, 0.0, 0.0, 0.0, 0.0, 0.0, 0.0, 0.0, 0.0, 0.0, 0.0, 0.0, 0.0, 0.0, 0.0, 0.0, 0.0, 0.0, 0.0, 0.0, 0.0, 0.0, 0.0, 0.0, 0.0, 0.0, 0.0, 0.0, 0.0, 0.0, 0.0, 0.0, 0.0, 0.0, 0.0, 0.0, 0.0, 0.0, 0.0, 0.0, 0.0, 0.0, 0.0, 0.0, 0.0, 0.0, 0.0, 0.0, 0.0, 0.0, 0.0, 0.0, 0.0, 0.0, 0.0, 0.0, 0.0, 0.0, 0.0, 0.0, 0.0, 0.0, 0.0, 0.0, 0.0, 0.0, 0.0, 0.0, 0.0, 0.0, 0.0, 0.0, 0.0, 0.0, 0.0, 0.0, 0.0, 0.0, 0.0, 0.0, 0.0, 0.0, 0.0, 0.0, 0.0, 0.0, 0.0, 0.0, 0.0, 0.0, 0.0, 0.0, 0.0, 0.0, 0.0, 0.0, 0.0, 0.0, 0.0, 0.0, 0.0, 0.0, 0.0, 0.0, 0.0, 0.0, 0.0, 0.0, 0.0, 0.0, 0.0, 0.0, 0.0, 0.0, 0.0, 0.0, 0.0, 0.0, 0.0, 0.0, 0.0, 0.0, 0.0, 0.0, 0.0, 0.0, 0.0, 0.0, 0.0, 0.0, 0.0, 0.0, 0.0, 0.0, 0.0, 0.0, 0.0, 0.0, 0.0, 0.0, 0.0, 0.0, 0.0, 0.0, 0.0, 0.0, 0.0, 0.0, 0.0, 0.0, 0.0, 0.0, 0.0, 0.0, 0.0, 0.0, 0.0, 0.0, 0.0, 0.0, 0.0, 0.0, 0.0, 0.0, 0.0, 0.0, 0.0, 0.0, 0.0, 0.0, 0.0, 0.0, 0.0, 0.0, 0.0, 0.0, 0.0, 0.0, 0.0, 0.0, 0.0, 0.0, 0.0, 0.0, 0.0, 0.0, 0.0, 0.0, 0.0, 0.0, 0.0, 0.0, 0.0, 0.0, 0.0, 0.0, 0.0, 0.0, 0.0, 0.0, 0.0, 0.0, 0.0, 0.0, 0.0, 0.0, 0.0, 0.0, 0.0, 0.0, 0.0, 0.0, 0.0, 0.0, 0.0, 0.0, 0.0, 0.0, 0.0, 0.0, 0.0, 0.0, 0.0, 0.0, 0.0, 0.0, 0.0, 0.0, 0.0, 0.0, 0.0, 0.0, 0.0, 0.0, 0.0, 0.0, 0.0, 0.0, 0.0, 0.0, 0.0, 0.0, 0.0, 0.0, 0.0, 0.0, 0.0, 0.0, 0.0, 0.0, 0.0, 0.0, 0.0, 0.0, 0.0, 0.0, 0.0, 0.0, 0.0, 0.0, 0.0, 0.0, 0.0, 0.0, 0.0, 0.0, 0.0, 0.0, 0.0, 0.0, 0.0, 0.0, 0.0, 0.0, 0.0, 0.0, 0.0, 0.0, 0.0, 0.0, 0.0, 0.0, 0.0, 0.0, 0.0, 0.0, 0.0, 0.0, 0.0, 0.0, 0.0, 0.0, 0.0, 0.0, 0.0, 0.0, 0.0, 0.0, 0.0, 0.0, 0.0, 0.0, 0.0, 0.0, 0.0, 0.0, 0.0, 0.0, 0.0, 0.0, 0.0, 0.0, 0.0, 0.0, 0.0, 0.0, 0.0, 0.0, 0.0, 0.0, 0.0, 0.0, 0.0, 0.0, 0.0, 0.0, 0.0, 0.0, 0.0, 0.0, 0.0, 0.0, 0.0, 0.0, 0.0, 0.0, 0.0, 0.0, 0.0, 0.0, 0.0, 0.0, 0.0, 0.0, 0.0, 0.0, 0.0, 0.0, 0.0, 0.0, 0.0, 0.0, 0.0, 0.0, 0.0, 0.0, 0.0, 0.0, 0.0, 0.0, 0.0, 0.0, 0.0, 0.0, 0.0, 0.0, 0.0, 0.0, 0.0, 0.0, 0.0, 0.0, 0.0, 0.0, 0.0, 0.0, 0.0, 0.0, 0.0, 0.0, 0.0, 0.0, 0.0, 0.0, 0.0, 0.0, 0.0, 0.0, 0.0, 0.0, 0.0, 0.0, 0.0, 0.0, 0.0, 0.0, 0.0, 0.0, 0.0, 0.0, 0.0, 0.0, 0.0, 0.0, 0.0, 0.0, 0.0, 0.0, 0.0, 0.0, 0.0, 0.0, 0.0, 0.0, 0.0, 0.0, 0.0, 0.0, 0.0, 0.0, 0.0, 0.0, 0.0, 0.0, 0.0, 0.0, 0.0, 0.0, 0.0, 0.0, 0.0, 0.0, 0.0, 0.0, 0.0, 0.0, 0.0, 0.0, 0.0, 0.0, 0.0, 0.0, 0.0, 0.0, 0.0, 0.0, 0.0, 0.0, 0.0, 0.0, 0.0, 0.0, 0.0, 0.0, 0.0, 0.0, 0.0, 0.0, 0.0, 0.0, 0.0, 0.0, 0.0, 0.0, 0.0, 0.0, 0.0, 0.0, 0.0, 0.0, 0.0, 0.0, 0.0, 0.0, 0.0, 0.0, 0.0, 0.0, 0.0, 0.0, 0.0, 0.0, 0.0, 0.0, 0.0, 0.0, 0.0, 0.0, 0.0, 0.0, 0.0, 0.0, 0.0, 0.0, 0.0, 0.0, 0.0, 0.0, 0.0, 0.0, 0.0, 0.0, 0.0, 0.0, 0.0, 0.0, 0.0, 0.0, 0.0, 0.0, 0.0, 0.0, 0.0, 0.0, 0.0, 0.0, 0.0, 0.0, 0.0, 0.0, 0.0, 0.0, 0.0, 0.0, 0.0, 0.0, 0.0, 0.0, 0.0, 0.0, 0.0, 0.0, 0.0, 0.0, 0.0, 0.0, 0.0, 0.0, 0.0, 0.0, 0.0, 0.0, 0.0, 0.0, 0.0, 0.0, 0.0, 0.0, 0.0, 0.0, 0.0, 0.0, 0.0, 0.0, 0.0, 0.0, 0.0, 0.0, 0.0, 0.0, 0.0, 0.0, 0.0, 0.0, 0.0, 0.0, 0.0, 0.0, 0.0, 0.0, 0.0, 0.0, 0.0, 0.0, 0.0, 0.0, 0.0, 0.0, 0.0, 0.0, 0.0, 0.0, 0.0, 0.0, 0.0, 0.0, 0.0, 0.0, 0.0, 0.0, 0.0, 0.0, 0.0, 0.0, 0.0, 0.0, 0.0, 0.0, 0.0, 0.0, 0.0, 0.0, 0.0, 0.0, 0.0, 0.0, 0.0, 0.0, 0.0, 0.0, 0.0, 0.0, 0.0, 0.0, 0.0, 0.0, 0.0, 0.0, 0.0, 0.0, 0.0, 0.0, 0.0, 0.0, 0.0, 0.0, 0.0, 0.0, 0.0, 0.0, 0.0, 0.0, 0.0, 0.0, 0.0, 0.0, 0.0, 0.0, 0.0, 0.0, 0.0, 0.0, 0.0, 0.0, 0.0, 0.0, 0.0, 0.0, 0.0, 0.0, 0.0, 0.0, 0.0, 0.0, 0.0, 0.0, 0.0, 0.0, 0.0, 0.0, 0.0, 0.0, 0.0, 0.0, 0.0, 0.0, 0.0, 0.0, 0.0, 0.0, 0.0, 0.0, 0.0, 0.0, 0.0, 0.0, 0.0, 0.0, 0.0, 0.0, 0.0, 0.0, 0.0, 0.0, 0.0, 0.0, 0.0, 0.0, 0.0, 0.0, 0.0, 0.0, 0.0, 0.0, 0.0, 0.0, 0.0, 0.0, 0.0, 0.0, 0.0, 0.0, 0.0, 0.0, 0.0, 0.0, 0.0, 0.0, 0.0, 0.0, 0.0, 0.0, 0.0, 0.0, 0.0, 0.0, 0.0, 0.0, 0.0, 0.0, 0.0, 0.0, 0.0, 0.0, 0.0, 0.0, 0.0, 0.0, 0.0, 0.0, 0.0, 0.0, 0.0, 0.0, 0.0, 0.0, 0.0, 0.0, 0.0, 0.0, 0.0, 0.0, 0.0, 0.0, 0.0, 0.0, 0.0, 0.0, 0.0, 0.0, 0.0, 0.0, 0.0, 0.0, 0.0, 0.0, 0.0, 0.0, 0.0, 0.0, 0.0, 0.0, 0.0, 0.0, 0.0, 0.0, 0.0, 0.0, 0.0, 0.0, 0.0, 0.0, 0.0, 0.0, 0.0, 0.0, 0.0, 0.0, 0.0, 0.0, 0.0, 0.0, 0.0, 0.0, 0.0, 0.0, 0.0, 0.0, 0.0, 0.0, 0.0, 0.0, 0.0, 0.0, 0.0, 0.0, 0.0, 0.0, 0.0, 0.0, 0.0, 0.0, 0.0, 0.0, 0.0, 0.0, 0.0, 0.0, 0.0, 0.0, 0.0, 0.0, 0.0, 0.0, 0.0, 0.0, 0.0, 0.0, 0.0, 0.0, 0.0, 0.0, 0.0, 0.0, 0.0, 0.0, 0.0, 0.0, 0.0, 0.0, 0.0, 0.0, 0.0, 0.0, 0.0, 0.0, 0.0, 0.0, 0.0, 0.0, 0.0, 0.0, 0.0, 0.0, 0.0, 0.0, 0.0, 0.0, 0.0, 0.0, 0.0, 0.0, 0.0, 0.0, 0.0, 0.0, 0.0, 0.0, 0.0, 0.0, 0.0, 0.0, 0.0, 0.0, 0.0, 0.0, 0.0, 0.0, 0.0, 0.0, 0.0, 0.0, 0.0, 0.0, 0.0, 0.0, 0.0, 0.0, 0.0, 0.0, 0.0, 0.0, 0.0, 0.0, 0.0, 0.0, 0.0, 0.0, 0.0, 0.0, 0.0, 0.0, 0.0, 0.0, 0.0, 0.0, 0.0, 0.0, 0.0, 0.0, 0.0, 0.0, 0.0, 0.0, 0.0, 0.0, 0.0, 0.0, 0.0, 0.0, 0.0, 0.0, 0.0, 0.0, 0.0, 0.0, 0.0, 0.0, 0.0, 0.0, 0.0, 0.0, 0.0, 0.0, 0.0, 0.0, 0.0, 0.0, 0.0, 0.0, 0.0, 0.0, 0.0, 0.0, 0.0, 0.0, 0.0, 0.0, 0.0, 0.0, 0.0, 0.0, 0.0, 0.0, 0.0, 0.0, 0.0, 0.0, 0.0, 0.0, 0.0, 0.0, 0.0, 0.0, 0.0, 0.0, 0.0, 0.0, 0.0, 0.0, 0.0, 0.0, 0.0, 0.0, 0.0, 0.0, 0.0, 0.0, 0.0, 0.0, 0.0, 0.0, 0.0, 0.0, 0.0, 0.0, 0.0, 0.0, 0.0, 0.0, 0.0, 0.0, 0.0, 0.0, 0.0, 0.0, 0.0, 0.0, 0.0, 0.0, 0.0, 0.0, 0.0, 0.0, 0.0, 0.0, 0.0, 0.0, 0.0, 0.0, 0.0, 0.0, 0.0, 0.0, 0.0, 0.0, 0.0, 0.0, 0.0, 0.0, 0.0, 0.0, 0.0, 0.0, 0.0, 0.0, 0.0, 0.0, 0.0, 0.0, 0.0, 0.0, 0.0, 0.0, 0.0, 0.0, 0.0, 0.0, 0.0, 0.0, 0.0, 0.0, 0.0, 0.0, 0.0, 0.0, 0.0, 0.0, 0.0, 0.0, 0.0, 0.0, 0.0, 0.0, 0.0, 0.0, 0.0, 0.0, 0.0, 0.0, 0.0, 0.0, 0.0, 0.0, 0.0, 0.0, 0.0, 0.0, 0.0, 0.0, 0.0, 0.0, 0.0, 0.0, 0.0, 0.0, 0.0, 0.0, 0.0, 0.0, 0.0, 0.0, 0.0, 0.0, 0.0, 0.0, 0.0, 0.0, 0.0, 0.0, 0.0, 0.0, 0.0, 0.0, 0.0, 0.0, 0.0, 0.0, 0.0, 0.0, 0.0, 0.0, 0.0, 0.0, 0.0, 0.0, 0.0, 0.0, 0.0, 0.0, 0.0, 0.0, 0.0, 0.0, 0.0, 0.0, 0.0, 0.0, 0.0, 0.0, 0.0, 0.0, 0.0, 0.0, 0.0, 0.0, 0.0, 0.0, 0.0, 0.0, 0.0, 0.0, 0.0, 0.0, 0.0, 0.0, 0.0, 0.0, 0.0, 0.0, 0.0, 0.0, 0.0, 0.0, 0.0, 0.0, 0.0, 0.0, 0.0, 0.0, 0.0, 0.0, 0.0, 0.0, 0.0, 0.0, 0.0, 0.0, 0.0, 0.0, 0.0, 0.0, 0.0, 0.0, 0.0, 0.0, 0.0, 0.0, 0.0, 0.0, 0.0, 0.0, 0.0, 0.0, 0.0, 0.0, 0.0, 0.0, 0.0, 0.0, 0.0, 0.0, 0.0, 0.0, 0.0, 0.0, 0.0, 0.0, 0.0, 0.0, 0.0, 0.0, 0.0, 0.0, 0.0, 0.0, 0.0, 0.0, 0.0, 0.0, 0.0, 0.0, 0.0, 0.0, 0.0, 0.0, 0.0, 0.0, 0.0, 0.0, 0.0, 0.0, 0.0, 0.0, 0.0, 0.0, 0.0, 0.0, 0.0, 0.0, 0.0, 0.0, 0.0, 0.0, 0.0, 0.0, 0.0, 0.0, 0.0, 0.0, 0.0, 0.0, 0.0, 0.0, 0.0, 0.0, 0.0, 0.0, 0.0, 0.0, 0.0, 0.0, 0.0, 0.0, 0.0, 0.0, 0.0, 0.0, 0.0, 0.0, 0.0, 0.0, 0.0, 0.0, 0.0, 0.0, 0.0, 0.0, 0.0, 0.0, 0.0, 0.0, 0.0, 0.0, 0.0, 0.0, 0.0, 0.0, 0.0, 0.0, 0.0, 0.0, 0.0, 0.0, 0.0, 0.0, 0.0, 0.0, 0.0, 0.0, 0.0, 0.0, 0.0, 0.0, 0.0, 0.0, 0.0, 0.0, 0.0, 0.0, 0.0, 0.0, 0.0, 0.0, 0.0, 0.0, 0.0, 0.0, 0.0, 0.0, 0.0, 0.0, 0.0, 0.0, 0.0, 0.0, 0.0, 0.0, 0.0, 0.0, 0.0, 0.0, 0.0, 0.0, 0.0, 0.0, 0.0, 0.0, 0.0, 0.0, 0.0, 0.0, 0.0, 0.0, 0.0, 0.0, 0.0, 0.0, 0.0, 0.0, 0.0, 0.0, 0.0, 0.0, 0.0, 0.0, 0.0, 0.0, 0.0, 0.0, 0.0, 0.0, 0.0, 0.0, 0.0, 0.0, 0.0, 0.0, 0.0, 0.0, 0.0, 0.0, 0.0, 0.0, 0.0, 0.0, 0.0, 0.0, 0.0, 0.0, 0.0, 0.0, 0.0, 0.0, 0.0, 0.0, 0.0, 0.0, 0.0, 0.0, 0.0, 0.0, 0.0, 0.0, 0.0, 0.0, 0.0, 0.0, 0.0, 0.0, 0.0, 0.0, 0.0, 0.0, 0.0, 0.0, 0.0, 0.0, 0.0, 0.0, 0.0, 0.0, 0.0, 0.0, 0.0, 0.0, 0.0, 0.0, 0.0, 0.0, 0.0, 0.0, 0.0, 0.0, 0.0, 0.0, 0.0, 0.0, 0.0, 0.0, 0.0, 0.0, 0.0, 0.0, 0.0, 0.0, 0.0, 0.0, 0.0, 0.0, 0.0, 0.0, 0.0, 0.0, 0.0, 0.0, 0.0, 0.0, 0.0, 0.0, 0.0, 0.0, 0.0, 0.0, 0.0, 0.0, 0.0, 0.0, 0.0, 0.0, 0.0, 0.0, 0.0, 0.0, 0.0, 0.0, 0.0, 0.0, 0.0, 0.0, 0.0, 0.0, 0.0, 0.0, 0.0, 0.0, 0.0, 0.0, 0.0, 0.0, 0.0, 0.0, 0.0, 0.0, 0.0, 0.0, 0.0, 0.0, 0.0, 0.0, 0.0, 0.0, 0.0, 0.0, 0.0, 0.0, 0.0, 0.0, 0.0, 0.0, 0.0, 0.0, 0.0, 0.0, 0.0, 0.0, 0.0, 0.0, 0.0, 0.0, 0.0, 0.0, 0.0, 0.0, 0.0, 0.0, 0.0, 0.0, 0.0, 0.0, 0.0, 0.0, 0.0, 0.0, 0.0, 0.0, 0.0, 0.0, 0.0, 0.0, 0.0, 0.0, 0.0, 0.0, 0.0, 0.0, 0.0, 0.0, 0.0, 0.0, 0.0, 0.0, 0.0, 0.0, 0.0, 0.0, 0.0, 0.0, 0.0, 0.0, 0.0, 0.0, 0.0, 0.0, 0.0, 0.0, 0.0, 0.0, 0.0, 0.0, 0.0, 0.0, 0.0, 0.0, 0.0, 0.0, 0.0, 0.0, 0.0, 0.0, 0.0, 0.0, 0.0, 0.0, 0.0, 0.0, 0.0, 0.0, 0.0, 0.0, 0.0, 0.0, 0.0, 0.0, 0.0, 0.0, 0.0, 0.0, 0.0, 0.0, 0.0, 0.0, 0.0, 0.0, 0.0, 0.0, 0.0, 0.0, 0.0, 0.0, 0.0, 0.0, 0.0, 0.0, 0.0, 0.0, 0.0, 0.0, 0.0, 0.0, 0.0, 0.0, 0.0, 0.0, 0.0, 0.0, 0.0, 0.0, 0.0, 0.0, 0.0, 0.0, 0.0, 0.0, 0.0, 0.0, 0.0, 0.0, 0.0, 0.0, 0.0, 0.0, 0.0, 0.0, 0.0, 0.0, 0.0, 0.0, 0.0, 0.0, 0.0, 0.0, 0.0, 0.0, 0.0, 0.0, 0.0, 0.0, 0.0, 0.0, 0.0, 0.0, 0.0, 0.0, 0.0, 0.0, 0.0, 0.0, 0.0, 0.0, 0.0, 0.0, 0.0, 0.0, 0.0, 0.0, 0.0, 0.0, 0.0, 0.0, 0.0, 0.0, 0.0, 0.0, 0.0, 0.0, 0.0, 0.0, 0.0, 0.0, 0.0, 0.0, 0.0, 0.0, 0.0, 0.0, 0.0, 0.0, 0.0, 0.0, 0.0, 0.0, 0.0, 0.0, 0.0, 0.0, 0.0, 0.0, 0.0, 0.0, 0.0, 0.0, 0.0, 0.0, 0.0, 0.0, 0.0, 0.0, 0.0, 0.0, 0.0, 0.0, 0.0, 0.0, 0.0, 0.0, 0.0, 0.0, 0.0, 0.0, 0.0, 0.0, 0.0, 0.0, 0.0, 0.0, 0.0, 0.0, 0.0, 0.0, 0.0, 0.0, 0.0, 0.0, 0.0, 0.0, 0.0, 0.0, 0.0, 0.0, 0.0, 0.0, 0.0, 0.0, 0.0, 0.0, 0.0, 0.0, 0.0, 0.0, 0.0, 0.0, 0.0, 0.0, 0.0, 0.0, 0.0, 0.0, 0.0, 0.0, 0.0, 0.0, 0.0, 0.0, 0.0, 0.0, 0.0, 0.0, 0.0, 0.0, 0.0, 0.0, 0.0, 0.0, 0.0, 0.0, 0.0, 0.0, 0.0, 0.0, 0.0, 0.0, 0.0, 0.0, 0.0, 0.0, 0.0, 0.0, 0.0, 0.0, 0.0, 0.0, 0.0, 0.0, 0.0, 0.0, 0.0, 0.0, 0.0, 0.0, 0.0, 0.0, 0.0, 0.0, 0.0, 0.0, 0.0, 0.0, 0.0, 0.0, 0.0, 0.0, 0.0, 0.0, 0.0, 0.0, 0.0, 0.0, 0.0, 0.0, 0.0, 0.0, 0.0, 0.0, 0.0, 0.0, 0.0, 0.0, 0.0, 0.0, 0.0, 0.0, 0.0, 0.0, 0.0, 0.0, 0.0, 0.0, 0.0, 0.0, 0.0, 0.0, 0.0, 0.0, 0.0, 0.0, 0.0, 0.0, 0.0, 0.0, 0.0, 0.0, 0.0, 0.0, 0.0, 0.0, 0.0, 0.0, 0.0, 0.0, 0.0, 0.0, 0.0, 0.0, 0.0, 0.0, 0.0, 0.0, 0.0, 0.0, 0.0, 0.0, 0.0, 0.0, 0.0, 0.0, 0.0, 0.0, 0.0, 0.0, 0.0, 0.0, 0.0, 0.0, 0.0, 0.0, 0.0, 0.0, 0.0, 0.0, 0.0, 0.0, 0.0, 0.0, 0.0, 0.0, 0.0, 0.0, 0.0, 0.0, 0.0, 0.0, 0.0, 0.0, 0.0, 0.0, 0.0, 0.0, 0.0, 0.0, 0.0, 0.0, 0.0, 0.0, 0.0, 0.0, 0.0, 0.0, 0.0, 0.0, 0.0, 0.0, 0.0, 0.0, 0.0, 0.0, 0.0, 0.0, 0.0, 0.0, 0.0, 0.0, 0.0, 0.0, 0.0, 0.0, 0.0, 0.0, 0.0, 0.0, 0.0, 0.0, 0.0, 0.0, 0.0, 0.0, 0.0, 0.0, 0.0, 0.0, 0.0, 0.0, 0.0, 0.0, 0.0, 0.0, 0.0, 0.0, 0.0, 0.0, 0.0, 0.0, 0.0, 0.0, 0.0, 0.0, 0.0, 0.0, 0.0, 0.0, 0.0, 0.0, 0.0, 0.0, 0.0, 0.0, 0.0, 0.0, 0.0, 0.0, 0.0, 0.0, 0.0, 0.0, 0.0, 0.0, 0.0, 0.0, 0.0, 0.0, 0.0, 0.0, 0.0, 0.0, 0.0, 0.0, 0.0, 0.0, 0.0, 0.0, 0.0, 0.0, 0.0, 0.0, 0.0, 0.0, 0.0, 0.0, 0.0, 0.0, 0.0, 0.0, 0.0, 0.0, 0.0, 0.0, 0.0, 0.0, 0.0, 0.0, 0.0, 0.0, 0.0, 0.0, 0.0, 0.0, 0.0, 0.0, 0.0, 0.0, 0.0, 0.0, 0.0, 0.0, 0.0, 0.0, 0.0, 0.0, 0.0, 0.0, 0.0, 0.0, 0.0, 0.0, 0.0, 0.0, 0.0, 0.0, 0.0, 0.0, 0.0, 0.0, 0.0, 0.0, 0.0, 0.0, 0.0, 0.0, 0.0, 0.0, 0.0, 0.0, 0.0, 0.0, 0.0, 0.0, 0.0, 0.0, 0.0, 0.0, 0.0, 0.0, 0.0, 0.0, 0.0, 0.0, 0.0, 0.0, 0.0, 0.0, 0.0, 0.0, 0.0, 0.0, 0.0, 0.0, 0.0, 0.0, 0.0, 0.0, 0.0, 0.0, 0.0, 0.0, 0.0, 0.0, 0.0, 0.0, 0.0, 0.0, 0.0, 0.0, 0.0, 0.0, 0.0, 0.0, 0.0, 0.0, 0.0, 0.0, 0.0, 0.0, 0.0, 0.0, 0.0, 0.0, 0.0, 0.0, 0.0, 0.0, 0.0, 0.0, 0.0, 0.0, 0.0, 0.0, 0.0, 0.0, 0.0, 0.0, 0.0, 0.0, 0.0, 0.0, 0.0, 0.0, 0.0, 0.0, 0.0, 0.0, 0.0, 0.0, 0.0, 0.0, 0.0, 0.0, 0.0, 0.0, 0.0, 0.0, 0.0, 0.0, 0.0, 0.0, 0.0, 0.0, 0.0, 0.0, 0.0, 0.0, 0.0, 0.0, 0.0, 0.0, 0.0, 0.0, 0.0, 0.0, 0.0, 0.0, 0.0, 0.0, 0.0, 0.0, 0.0, 0.0, 0.0, 0.0, 0.0, 0.0, 0.0, 0.0, 0.0, 0.0, 0.0, 0.0, 0.0, 0.0, 0.0, 0.0, 0.0, 0.0, 0.0, 0.0, 0.0, 0.0, 0.0, 0.0, 0.0, 0.0, 0.0, 0.0, 0.0, 0.0, 0.0, 0.0, 0.0, 0.0, 0.0, 0.0, 0.0, 0.0, 0.0, 0.0, 0.0, 0.0, 0.0, 0.0, 0.0, 0.0, 0.0, 0.0, 0.0, 0.0, 0.0, 0.0, 0.0, 0.0, 0.0, 0.0, 0.0, 0.0, 0.0, 0.0, 0.0, 0.0, 0.0, 0.0, 0.0, 0.0, 0.0, 0.0, 0.0, 0.0, 0.0, 0.0, 0.0, 0.0, 0.0, 0.0, 0.0, 0.0, 0.0, 0.0, 0.0, 0.0, 0.0, 0.0, 0.0, 0.0, 0.0, 0.0, 0.0, 0.0, 0.0, 0.0, 0.0, 0.0, 0.0, 0.0, 0.0, 0.0, 0.0, 0.0, 0.0, 0.0, 0.0, 0.0, 0.0, 0.0, 0.0, 0.0, 0.0, 0.0, 0.0, 0.0, 0.0, 0.0, 0.0, 0.0, 0.0, 0.0, 0.0, 0.0, 0.0, 0.0, 0.0, 0.0, 0.0, 0.0, 0.0, 0.0, 0.0, 0.0, 0.0, 0.0, 0.0, 0.0, 0.0, 0.0, 0.0, 0.0, 0.0, 0.0, 0.0, 0.0, 0.0, 0.0, 0.0, 0.0, 0.0, 0.0, 0.0, 0.0, 0.0, 0.0, 0.0, 0.0, 0.0, 0.0, 0.0, 0.0, 0.0, 0.0, 0.0, 0.0, 0.0, 0.0, 0.0, 0.0, 0.0, 0.0, 0.0, 0.0, 0.0, 0.0, 0.0, 0.0, 0.0, 0.0, 0.0, 0.0, 0.0, 0.0, 0.0, 0.0, 0.0, 0.0, 0.0, 0.0, 0.0, 0.0, 0.0, 0.0, 0.0, 0.0, 0.0, 0.0, 0.0, 0.0, 0.0, 0.0, 0.0, 0.0, 0.0, 0.0, 0.0, 0.0, 0.0, 0.0, 0.0, 0.0, 0.0, 0.0, 0.0, 0.0, 0.0, 0.0, 0.0, 0.0, 0.0, 0.0, 0.0, 0.0, 0.0, 0.0, 0.0, 0.0, 0.0, 0.0, 0.0, 0.0, 0.0, 0.0, 0.0, 0.0, 0.0, 0.0, 0.0, 0.0, 0.0, 0.0, 0.0, 0.0, 0.0, 0.0, 0.0, 0.0, 0.0, 0.0, 0.0, 0.0, 0.0, 0.0, 0.0, 0.0, 0.0, 0.0, 0.0, 0.0, 0.0, 0.0, 0.0, 0.0, 0.0, 0.0, 0.0, 0.0, 0.0, 0.0, 0.0, 0.0, 0.0, 0.0, 0.0, 0.0, 0.0, 0.0, 0.0, 0.0, 0.0, 0.0, 0.0, 0.0, 0.0, 0.0, 0.0, 0.0, 0.0, 0.0, 0.0, 0.0, 0.0, 0.0, 0.0, 0.0, 0.0, 0.0, 0.0, 0.0, 0.0, 0.0, 0.0, 0.0, 0.0, 0.0, 0.0, 0.0, 0.0, 0.0, 0.0, 0.0, 0.0, 0.0, 0.0, 0.0, 0.0, 0.0, 0.0, 0.0, 0.0, 0.0, 0.0, 0.0, 0.0, 0.0, 0.0, 0.0, 0.0, 0.0, 0.0, 0.0, 0.0, 0.0, 0.0, 0.0, 0.0, 0.0, 0.0, 0.0, 0.0, 0.0, 0.0, 0.0, 0.0, 0.0, 0.0, 0.0, 0.0, 0.0, 0.0, 0.0, 0.0, 0.0, 0.0, 0.0, 0.0, 0.0, 0.0, 0.0, 0.0, 0.0, 0.0, 0.0, 0.0, 0.0, 0.0, 0.0, 0.0, 0.0, 0.0, 0.0, 0.0, 0.0, 0.0, 0.0, 0.0, 0.0, 0.0, 0.0, 0.0, 0.0, 0.0, 0.0, 0.0, 0.0, 0.0, 0.0, 0.0, 0.0, 0.0, 0.0, 0.0, 0.0, 0.0, 0.0, 0.0, 0.0, 0.0, 0.0, 0.0, 0.0, 0.0, 0.0, 0.0, 0.0, 0.0, 0.0, 0.0, 0.0, 0.0, 0.0, 0.0, 0.0, 0.0, 0.0, 0.0, 0.0, 0.0, 0.0, 0.0, 0.0, 0.0, 0.0, 0.0, 0.0, 0.0, 0.0, 0.0, 0.0, 0.0, 0.0, 0.0, 0.0, 0.0, 0.0, 0.0, 0.0, 0.0, 0.0, 0.0, 0.0, 0.0, 0.0, 0.0, 0.0, 0.0, 0.0, 0.0, 0.0, 0.0, 0.0, 0.0, 0.0, 0.0, 0.0, 0.0, 0.0, 0.0, 0.0, 0.0, 0.0, 0.0, 0.0, 0.0, 0.0, 0.0, 0.0, 0.0, 0.0, 0.0, 0.0, 0.0, 0.0, 0.0, 0.0, 0.0, 0.0, 0.0, 0.0, 0.0, 0.0, 0.0, 0.0, 0.0, 0.0, 0.0, 0.0, 0.0, 0.0, 0.0, 0.0, 0.0, 0.0, 0.0, 0.0, 0.0, 0.0, 0.0, 0.0, 0.0, 0.0, 0.0, 0.0, 0.0, 0.0, 0.0, 0.0, 0.0, 0.0, 0.0, 0.0, 0.0, 0.0, 0.0, 0.0, 0.0, 0.0, 0.0, 0.0, 0.0, 0.0, 0.0, 0.0, 0.0, 0.0, 0.0, 0.0, 0.0, 0.0, 0.0, 0.0, 0.0, 0.0, 0.0, 0.0, 0.0, 0.0, 0.0, 0.0, 0.0, 0.0, 0.0, 0.0, 0.0, 0.0, 0.0, 0.0, 0.0, 0.0, 0.0, 0.0, 0.0, 0.0, 0.0, 0.0, 0.0, 0.0, 0.0, 0.0, 0.0, 0.0, 0.0, 0.0, 0.0, 0.0, 0.0, 0.0, 0.0, 0.0, 0.0, 0.0, 0.0, 0.0, 0.0, 0.0, 0.0, 0.0, 0.0, 0.0, 0.0, 0.0, 0.0, 0.0, 0.0, 0.0, 0.0, 0.0, 0.0, 0.0, 0.0, 0.0, 0.0, 0.0, 0.0, 0.0, 0.0, 0.0, 0.0, 0.0, 0.0, 0.0, 0.0, 0.0, 0.0, 0.0, 0.0, 0.0, 0.0, 0.0, 0.0, 0.0, 0.0, 0.0, 0.0, 0.0, 0.0, 0.0, 0.0, 0.0, 0.0, 0.0, 0.0, 0.0, 0.0, 0.0, 0.0, 0.0, 0.0, 0.0, 0.0, 0.0, 0.0, 0.0, 0.0, 0.0, 0.0, 0.0, 0.0, 0.0, 0.0, 0.0, 0.0, 0.0, 0.0, 0.0, 0.0, 0.0, 0.0, 0.0, 0.0, 0.0, 0.0, 0.0, 0.0, 0.0, 0.0, 0.0, 0.0, 0.0, 0.0, 0.0, 0.0, 0.0, 0.0, 0.0, 0.0, 0.0, 0.0, 0.0, 0.0, 0.0, 0.0, 0.0, 0.0, 0.0, 0.0, 0.0, 0.0, 0.0, 0.0, 0.0, 0.0, 0.0, 0.0, 0.0, 0.0, 0.0, 0.0, 0.0, 0.0, 0.0, 0.0, 0.0, 0.0, 0.0, 0.0, 0.0, 0.0, 0.0, 0.0, 0.0, 0.0, 0.0, 0.0, 0.0, 0.0, 0.0, 0.0, 0.0, 0.0, 0.0, 0.0, 0.0, 0.0, 0.0, 0.0, 0.0, 0.0, 0.0, 0.0, 0.0, 0.0, 0.0, 0.0, 0.0, 0.0, 0.0, 0.0, 0.0, 0.0, 0.0, 0.0, 0.0, 0.0, 0.0, 0.0, 0.0, 0.0, 0.0, 0.0, 0.0, 0.0, 0.0, 0.0, 0.0, 0.0, 0.0, 0.0, 0.0, 0.0, 0.0, 0.0, 0.0, 0.0, 0.0, 0.0, 0.0, 0.0, 0.0, 0.0, 0.0, 0.0, 0.0, 0.0, 0.0, 0.0, 0.0, 0.0, 0.0, 0.0, 0.0, 0.0, 0.0, 0.0, 0.0, 0.0, 0.0, 0.0, 0.0, 0.0, 0.0, 0.0, 0.0, 0.0, 0.0, 0.0, 0.0, 0.0, 0.0, 0.0, 0.0, 0.0, 0.0, 0.0, 0.0, 0.0, 0.0, 0.0, 0.0]"
Q,"[0.0, 0.0, 0.0, 0.0, 0.0, 0.0, 0.0, 0.0, 0.0, 0.0, 0.0, 0.0, 0.0, 0.0, 0.0, 0.0, 0.0, 0.0, 0.0, 0.0, 0.0, 0.0, 0.0, 0.0, 0.0, 0.0, 0.0, 0.0, 0.0, 0.0, 0.0, 0.0, 0.0, 0.0, 0.0, 0.0, 0.0, 0.0, 0.0, 0.0, 0.0, 0.0, 0.0, 0.0, 0.0, 0.0, 0.0, 0.0, 0.0, 0.0, 0.0, 0.0]"
fn_map,[6; 6; 20; 15; 20; 14; 2; 14; 2; 2; 2; 14; 2; 5; 5; 5; 5; 5; 5; 5; 5; 5; 3; 10; 19; 9; 12; 1; 19; 17; 4; 11; 13; 3; 21; 1; 13; 7; 7; 3; 3; 16; 18; 22; 2; 8; 8; 8; 22; 14; 8; 0;;]
CAPEX_TES_upgrade_costs,0.0
TES_revenue,0.0
cost_HX_1,0.0
powerTurbine,0.0
fname,/home/gridsan/spatel/MITEI_TES/CEM_storage/parameters/CEM_storage200emissions10.csv
capCoal,500.0
steam_eff,0.41
TES_indheater_costs,0.0
TES_LCOE_Startup,0
CRF,0.1018
P_hotpump,0.0
TES_charge_dispatch,0.0
UA_1,0.0
flowSalt_charge_t,"[0.0, 0.0, 0.0, 0.0, 0.0, 0.0, 0.0, 0.0, 0.0, 0.0, 0.0, 0.0, 0.0, 0.0, 0.0, 0.0, 0.0, 0.0, 0.0, 0.0, 0.0, 0.0, 0.0, 0.0, 0.0, 0.0, 0.0, 0.0, 0.0, 0.0, 0.0, 0.0, 0.0, 0.0, 0.0, 0.0, 0.0, 0.0, 0.0, 0.0, 0.0, 0.0, 0.0, 0.0, 0.0, 0.0, 0.0, 0.0, 0.0, 0.0, 0.0, 0.0, 0.0, 0.0, 0.0, 0.0, 0.0, 0.0, 0.0, 0.0, 0.0, 0.0, 0.0, 0.0, 0.0, 0.0, 0.0, 0.0, 0.0, 0.0, 0.0, 0.0, 0.0, 0.0, 0.0, 0.0, 0.0, 0.0, 0.0, 0.0, 0.0, 0.0, 0.0, 0.0, 0.0, 0.0, 0.0, 0.0, 0.0, 0.0, 0.0, 0.0, 0.0, 0.0, 0.0, 0.0, 0.0, 0.0, 0.0, 0.0, 0.0, 0.0, 0.0, 0.0, 0.0, 0.0, 0.0, 0.0, 0.0, 0.0, 0.0, 0.0, 0.0, 0.0, 0.0, 0.0, 0.0, 0.0, 0.0, 0.0, 0.0, 0.0, 0.0, 0.0, 0.0, 0.0, 0.0, 0.0, 0.0, 0.0, 0.0, 0.0, 0.0, 0.0, 0.0, 0.0, 0.0, 0.0, 0.0, 0.0, 0.0, 0.0, 0.0, 0.0, 0.0, 0.0, 0.0, 0.0, 0.0, 0.0, 0.0, 0.0, 0.0, 0.0, 0.0, 0.0, 0.0, 0.0, 0.0, 0.0, 0.0, 0.0, 0.0, 0.0, 0.0, 0.0, 0.0, 0.0, 0.0, 0.0, 0.0, 0.0, 0.0, 0.0, 0.0, 0.0, 0.0, 0.0, 0.0, 0.0, 0.0, 0.0, 0.0, 0.0, 0.0, 0.0, 0.0, 0.0, 0.0, 0.0, 0.0, 0.0, 0.0, 0.0, 0.0, 0.0, 0.0, 0.0, 0.0, 0.0, 0.0, 0.0, 0.0, 0.0, 0.0, 0.0, 0.0, 0.0, 0.0, 0.0, 0.0, 0.0, 0.0, 0.0, 0.0, 0.0, 0.0, 0.0, 0.0, 0.0, 0.0, 0.0, 0.0, 0.0, 0.0, 0.0, 0.0, 0.0, 0.0, 0.0, 0.0, 0.0, 0.0, 0.0, 0.0, 0.0, 0.0, 0.0, 0.0, 0.0, 0.0, 0.0, 0.0, 0.0, 0.0, 0.0, 0.0, 0.0, 0.0, 0.0, 0.0, 0.0, 0.0, 0.0, 0.0, 0.0, 0.0, 0.0, 0.0, 0.0, 0.0, 0.0, 0.0, 0.0, 0.0, 0.0, 0.0, 0.0, 0.0, 0.0, 0.0, 0.0, 0.0, 0.0, 0.0, 0.0, 0.0, 0.0, 0.0, 0.0, 0.0, 0.0, 0.0, 0.0, 0.0, 0.0, 0.0, 0.0, 0.0, 0.0, 0.0, 0.0, 0.0, 0.0, 0.0, 0.0, 0.0, 0.0, 0.0, 0.0, 0.0, 0.0, 0.0, 0.0, 0.0, 0.0, 0.0, 0.0, 0.0, 0.0, 0.0, 0.0, 0.0, 0.0, 0.0, 0.0, 0.0, 0.0, 0.0, 0.0, 0.0, 0.0, 0.0, 0.0, 0.0, 0.0, 0.0, 0.0, 0.0, 0.0, 0.0, 0.0, 0.0, 0.0, 0.0, 0.0, 0.0, 0.0, 0.0, 0.0, 0.0, 0.0, 0.0, 0.0, 0.0, 0.0, 0.0, 0.0, 0.0, 0.0, 0.0, 0.0, 0.0, 0.0, 0.0, 0.0, 0.0, 0.0, 0.0, 0.0, 0.0, 0.0, 0.0, 0.0, 0.0, 0.0, 0.0, 0.0, 0.0, 0.0, 0.0, 0.0, 0.0, 0.0, 0.0, 0.0, 0.0, 0.0, 0.0, 0.0, 0.0, 0.0, 0.0, 0.0, 0.0, 0.0, 0.0, 0.0, 0.0, 0.0, 0.0, 0.0, 0.0, 0.0, 0.0, 0.0, 0.0, 0.0, 0.0, 0.0, 0.0, 0.0, 0.0, 0.0, 0.0, 0.0, 0.0, 0.0, 0.0, 0.0, 0.0, 0.0, 0.0, 0.0, 0.0, 0.0, 0.0, 0.0, 0.0, 0.0, 0.0, 0.0, 0.0, 0.0, 0.0, 0.0, 0.0, 0.0, 0.0, 0.0, 0.0, 0.0, 0.0, 0.0, 0.0, 0.0, 0.0, 0.0, 0.0, 0.0, 0.0, 0.0, 0.0, 0.0, 0.0, 0.0, 0.0, 0.0, 0.0, 0.0, 0.0, 0.0, 0.0, 0.0, 0.0, 0.0, 0.0, 0.0, 0.0, 0.0, 0.0, 0.0, 0.0, 0.0, 0.0, 0.0, 0.0, 0.0, 0.0, 0.0, 0.0, 0.0, 0.0, 0.0, 0.0, 0.0, 0.0, 0.0, 0.0, 0.0, 0.0, 0.0, 0.0, 0.0, 0.0, 0.0, 0.0, 0.0, 0.0, 0.0, 0.0, 0.0, 0.0, 0.0, 0.0, 0.0, 0.0, 0.0, 0.0, 0.0, 0.0, 0.0, 0.0, 0.0, 0.0, 0.0, 0.0, 0.0, 0.0, 0.0, 0.0, 0.0, 0.0, 0.0, 0.0, 0.0, 0.0, 0.0, 0.0, 0.0, 0.0, 0.0, 0.0, 0.0, 0.0, 0.0, 0.0, 0.0, 0.0, 0.0, 0.0, 0.0, 0.0, 0.0, 0.0, 0.0, 0.0, 0.0, 0.0, 0.0, 0.0, 0.0, 0.0, 0.0, 0.0, 0.0, 0.0, 0.0, 0.0, 0.0, 0.0, 0.0, 0.0, 0.0, 0.0, 0.0, 0.0, 0.0, 0.0, 0.0, 0.0, 0.0, 0.0, 0.0, 0.0, 0.0, 0.0, 0.0, 0.0, 0.0, 0.0, 0.0, 0.0, 0.0, 0.0, 0.0, 0.0, 0.0, 0.0, 0.0, 0.0, 0.0, 0.0, 0.0, 0.0, 0.0, 0.0, 0.0, 0.0, 0.0, 0.0, 0.0, 0.0, 0.0, 0.0, 0.0, 0.0, 0.0, 0.0, 0.0, 0.0, 0.0, 0.0, 0.0, 0.0, 0.0, 0.0, 0.0, 0.0, 0.0, 0.0, 0.0, 0.0, 0.0, 0.0, 0.0, 0.0, 0.0, 0.0, 0.0, 0.0, 0.0, 0.0, 0.0, 0.0, 0.0, 0.0, 0.0, 0.0, 0.0, 0.0, 0.0, 0.0, 0.0, 0.0, 0.0, 0.0, 0.0, 0.0, 0.0, 0.0, 0.0, 0.0, 0.0, 0.0, 0.0, 0.0, 0.0, 0.0, 0.0, 0.0, 0.0, 0.0, 0.0, 0.0, 0.0, 0.0, 0.0, 0.0, 0.0, 0.0, 0.0, 0.0, 0.0, 0.0, 0.0, 0.0, 0.0, 0.0, 0.0, 0.0, 0.0, 0.0, 0.0, 0.0, 0.0, 0.0, 0.0, 0.0, 0.0, 0.0, 0.0, 0.0, 0.0, 0.0, 0.0, 0.0, 0.0, 0.0, 0.0, 0.0, 0.0, 0.0, 0.0, 0.0, 0.0, 0.0, 0.0, 0.0, 0.0, 0.0, 0.0, 0.0, 0.0, 0.0, 0.0, 0.0, 0.0, 0.0, 0.0, 0.0, 0.0, 0.0, 0.0, 0.0, 0.0, 0.0, 0.0, 0.0, 0.0, 0.0, 0.0, 0.0, 0.0, 0.0, 0.0, 0.0, 0.0, 0.0, 0.0, 0.0, 0.0, 0.0, 0.0, 0.0, 0.0, 0.0, 0.0, 0.0, 0.0, 0.0, 0.0, 0.0, 0.0, 0.0, 0.0, 0.0, 0.0, 0.0, 0.0, 0.0, 0.0, 0.0, 0.0, 0.0, 0.0, 0.0, 0.0, 0.0, 0.0, 0.0, 0.0, 0.0, 0.0, 0.0, 0.0, 0.0, 0.0, 0.0, 0.0, 0.0, 0.0, 0.0, 0.0, 0.0, 0.0, 0.0, 0.0, 0.0, 0.0, 0.0, 0.0, 0.0, 0.0, 0.0, 0.0, 0.0, 0.0, 0.0, 0.0, 0.0, 0.0, 0.0, 0.0, 0.0, 0.0, 0.0, 0.0, 0.0, 0.0, 0.0, 0.0, 0.0, 0.0, 0.0, 0.0, 0.0, 0.0, 0.0, 0.0, 0.0, 0.0, 0.0, 0.0, 0.0, 0.0, 0.0, 0.0, 0.0, 0.0, 0.0, 0.0, 0.0, 0.0, 0.0, 0.0, 0.0, 0.0, 0.0, 0.0, 0.0, 0.0, 0.0, 0.0, 0.0, 0.0, 0.0, 0.0, 0.0, 0.0, 0.0, 0.0, 0.0, 0.0, 0.0, 0.0, 0.0, 0.0, 0.0, 0.0, 0.0, 0.0, 0.0, 0.0, 0.0, 0.0, 0.0, 0.0, 0.0, 0.0, 0.0, 0.0, 0.0, 0.0, 0.0, 0.0, 0.0, 0.0, 0.0, 0.0, 0.0, 0.0, 0.0, 0.0, 0.0, 0.0, 0.0, 0.0, 0.0, 0.0, 0.0, 0.0, 0.0, 0.0, 0.0, 0.0, 0.0, 0.0, 0.0, 0.0, 0.0, 0.0, 0.0, 0.0, 0.0, 0.0, 0.0, 0.0, 0.0, 0.0, 0.0, 0.0, 0.0, 0.0, 0.0, 0.0, 0.0, 0.0, 0.0, 0.0, 0.0, 0.0, 0.0, 0.0, 0.0, 0.0, 0.0, 0.0, 0.0, 0.0, 0.0, 0.0, 0.0, 0.0, 0.0, 0.0, 0.0, 0.0, 0.0, 0.0, 0.0, 0.0, 0.0, 0.0, 0.0, 0.0, 0.0, 0.0, 0.0, 0.0, 0.0, 0.0, 0.0, 0.0, 0.0, 0.0, 0.0, 0.0, 0.0, 0.0, 0.0, 0.0, 0.0, 0.0, 0.0, 0.0, 0.0, 0.0, 0.0, 0.0, 0.0, 0.0, 0.0, 0.0, 0.0, 0.0, 0.0, 0.0, 0.0, 0.0, 0.0, 0.0, 0.0, 0.0, 0.0, 0.0, 0.0, 0.0, 0.0, 0.0, 0.0, 0.0, 0.0, 0.0, 0.0, 0.0, 0.0, 0.0, 0.0, 0.0, 0.0, 0.0, 0.0, 0.0, 0.0, 0.0, 0.0, 0.0, 0.0, 0.0, 0.0, 0.0, 0.0, 0.0, 0.0, 0.0, 0.0, 0.0, 0.0, 0.0, 0.0, 0.0, 0.0, 0.0, 0.0, 0.0, 0.0, 0.0, 0.0, 0.0, 0.0, 0.0, 0.0, 0.0, 0.0, 0.0, 0.0, 0.0, 0.0, 0.0, 0.0, 0.0, 0.0, 0.0, 0.0, 0.0, 0.0, 0.0, 0.0, 0.0, 0.0, 0.0, 0.0, 0.0, 0.0, 0.0, 0.0, 0.0, 0.0, 0.0, 0.0, 0.0, 0.0, 0.0, 0.0, 0.0, 0.0, 0.0, 0.0, 0.0, 0.0, 0.0, 0.0, 0.0, 0.0, 0.0, 0.0, 0.0, 0.0, 0.0, 0.0, 0.0, 0.0, 0.0, 0.0, 0.0, 0.0, 0.0, 0.0, 0.0, 0.0, 0.0, 0.0, 0.0, 0.0, 0.0, 0.0, 0.0, 0.0, 0.0, 0.0, 0.0, 0.0, 0.0, 0.0, 0.0, 0.0, 0.0, 0.0, 0.0, 0.0, 0.0, 0.0, 0.0, 0.0, 0.0, 0.0, 0.0, 0.0, 0.0, 0.0, 0.0, 0.0, 0.0, 0.0, 0.0, 0.0, 0.0, 0.0, 0.0, 0.0, 0.0, 0.0, 0.0, 0.0, 0.0, 0.0, 0.0, 0.0, 0.0, 0.0, 0.0, 0.0, 0.0, 0.0, 0.0, 0.0, 0.0, 0.0, 0.0, 0.0, 0.0, 0.0, 0.0, 0.0, 0.0, 0.0, 0.0, 0.0, 0.0, 0.0, 0.0, 0.0, 0.0, 0.0, 0.0, 0.0, 0.0, 0.0, 0.0, 0.0, 0.0, 0.0, 0.0, 0.0, 0.0, 0.0, 0.0, 0.0, 0.0, 0.0, 0.0, 0.0, 0.0, 0.0, 0.0, 0.0, 0.0, 0.0, 0.0, 0.0, 0.0, 0.0, 0.0, 0.0, 0.0, 0.0, 0.0, 0.0, 0.0, 0.0, 0.0, 0.0, 0.0, 0.0, 0.0, 0.0, 0.0, 0.0, 0.0, 0.0, 0.0, 0.0, 0.0, 0.0, 0.0, 0.0, 0.0, 0.0, 0.0, 0.0, 0.0, 0.0, 0.0, 0.0, 0.0, 0.0, 0.0, 0.0, 0.0, 0.0, 0.0, 0.0, 0.0, 0.0, 0.0, 0.0, 0.0, 0.0, 0.0, 0.0, 0.0, 0.0, 0.0, 0.0, 0.0, 0.0, 0.0, 0.0, 0.0, 0.0, 0.0, 0.0, 0.0, 0.0, 0.0, 0.0, 0.0, 0.0, 0.0, 0.0, 0.0, 0.0, 0.0, 0.0, 0.0, 0.0, 0.0, 0.0, 0.0, 0.0, 0.0, 0.0, 0.0, 0.0, 0.0, 0.0, 0.0, 0.0, 0.0, 0.0, 0.0, 0.0, 0.0, 0.0, 0.0, 0.0, 0.0, 0.0, 0.0, 0.0, 0.0, 0.0, 0.0, 0.0, 0.0, 0.0, 0.0, 0.0, 0.0, 0.0, 0.0, 0.0, 0.0, 0.0, 0.0, 0.0, 0.0, 0.0, 0.0, 0.0, 0.0, 0.0, 0.0, 0.0, 0.0, 0.0, 0.0, 0.0, 0.0, 0.0, 0.0, 0.0, 0.0, 0.0, 0.0, 0.0, 0.0, 0.0, 0.0, 0.0, 0.0, 0.0, 0.0, 0.0, 0.0, 0.0, 0.0, 0.0, 0.0, 0.0, 0.0, 0.0, 0.0, 0.0, 0.0, 0.0, 0.0, 0.0, 0.0, 0.0, 0.0, 0.0, 0.0, 0.0, 0.0, 0.0, 0.0, 0.0, 0.0, 0.0, 0.0, 0.0, 0.0, 0.0, 0.0, 0.0, 0.0, 0.0, 0.0, 0.0, 0.0, 0.0, 0.0, 0.0, 0.0, 0.0, 0.0, 0.0, 0.0, 0.0, 0.0, 0.0, 0.0, 0.0, 0.0, 0.0, 0.0, 0.0, 0.0, 0.0, 0.0, 0.0, 0.0, 0.0, 0.0, 0.0, 0.0, 0.0, 0.0, 0.0, 0.0, 0.0, 0.0, 0.0, 0.0, 0.0, 0.0, 0.0, 0.0, 0.0, 0.0, 0.0, 0.0, 0.0, 0.0, 0.0, 0.0, 0.0, 0.0, 0.0, 0.0, 0.0, 0.0, 0.0, 0.0, 0.0, 0.0, 0.0, 0.0, 0.0, 0.0, 0.0, 0.0, 0.0, 0.0, 0.0, 0.0, 0.0, 0.0, 0.0, 0.0, 0.0, 0.0, 0.0, 0.0, 0.0, 0.0, 0.0, 0.0, 0.0, 0.0, 0.0, 0.0, 0.0, 0.0, 0.0, 0.0, 0.0, 0.0, 0.0, 0.0, 0.0, 0.0, 0.0, 0.0, 0.0, 0.0, 0.0, 0.0, 0.0, 0.0, 0.0, 0.0, 0.0, 0.0, 0.0, 0.0, 0.0, 0.0, 0.0, 0.0, 0.0, 0.0, 0.0, 0.0, 0.0, 0.0, 0.0, 0.0, 0.0, 0.0, 0.0, 0.0, 0.0, 0.0, 0.0, 0.0, 0.0, 0.0, 0.0, 0.0, 0.0, 0.0, 0.0, 0.0, 0.0, 0.0, 0.0, 0.0, 0.0, 0.0, 0.0, 0.0, 0.0, 0.0, 0.0, 0.0, 0.0, 0.0, 0.0, 0.0, 0.0, 0.0, 0.0, 0.0, 0.0, 0.0, 0.0, 0.0, 0.0, 0.0, 0.0, 0.0, 0.0, 0.0, 0.0, 0.0, 0.0, 0.0, 0.0, 0.0, 0.0, 0.0, 0.0, 0.0, 0.0, 0.0, 0.0, 0.0, 0.0, 0.0, 0.0, 0.0, 0.0, 0.0, 0.0, 0.0, 0.0, 0.0, 0.0, 0.0, 0.0, 0.0, 0.0, 0.0, 0.0, 0.0, 0.0, 0.0, 0.0, 0.0, 0.0, 0.0, 0.0, 0.0, 0.0, 0.0, 0.0, 0.0, 0.0, 0.0, 0.0, 0.0, 0.0, 0.0, 0.0, 0.0, 0.0, 0.0, 0.0, 0.0, 0.0, 0.0, 0.0, 0.0, 0.0, 0.0, 0.0, 0.0, 0.0, 0.0, 0.0, 0.0, 0.0, 0.0, 0.0, 0.0, 0.0, 0.0, 0.0, 0.0, 0.0, 0.0, 0.0, 0.0, 0.0, 0.0, 0.0, 0.0, 0.0, 0.0, 0.0, 0.0, 0.0, 0.0, 0.0, 0.0, 0.0, 0.0, 0.0, 0.0, 0.0, 0.0, 0.0, 0.0, 0.0, 0.0, 0.0, 0.0, 0.0, 0.0, 0.0, 0.0, 0.0, 0.0, 0.0, 0.0, 0.0, 0.0, 0.0, 0.0, 0.0, 0.0, 0.0, 0.0, 0.0, 0.0, 0.0, 0.0, 0.0, 0.0, 0.0, 0.0, 0.0, 0.0, 0.0, 0.0, 0.0, 0.0, 0.0, 0.0, 0.0, 0.0, 0.0, 0.0, 0.0, 0.0, 0.0, 0.0, 0.0, 0.0, 0.0, 0.0, 0.0, 0.0, 0.0, 0.0, 0.0, 0.0, 0.0, 0.0, 0.0, 0.0, 0.0, 0.0, 0.0, 0.0, 0.0, 0.0, 0.0, 0.0, 0.0, 0.0, 0.0, 0.0, 0.0, 0.0, 0.0, 0.0, 0.0, 0.0, 0.0, 0.0, 0.0, 0.0, 0.0, 0.0, 0.0, 0.0, 0.0, 0.0, 0.0, 0.0, 0.0, 0.0, 0.0, 0.0, 0.0, 0.0, 0.0, 0.0, 0.0, 0.0, 0.0, 0.0, 0.0, 0.0, 0.0, 0.0, 0.0, 0.0, 0.0, 0.0, 0.0, 0.0, 0.0, 0.0, 0.0, 0.0, 0.0, 0.0, 0.0, 0.0, 0.0, 0.0, 0.0, 0.0, 0.0, 0.0, 0.0, 0.0, 0.0, 0.0, 0.0, 0.0, 0.0, 0.0, 0.0, 0.0, 0.0, 0.0, 0.0, 0.0, 0.0, 0.0, 0.0, 0.0, 0.0, 0.0, 0.0, 0.0, 0.0, 0.0, 0.0, 0.0, 0.0, 0.0, 0.0, 0.0, 0.0, 0.0, 0.0, 0.0, 0.0, 0.0, 0.0, 0.0, 0.0, 0.0, 0.0, 0.0, 0.0, 0.0, 0.0, 0.0, 0.0, 0.0, 0.0, 0.0, 0.0, 0.0, 0.0, 0.0, 0.0, 0.0, 0.0, 0.0, 0.0, 0.0, 0.0, 0.0, 0.0, 0.0, 0.0, 0.0, 0.0, 0.0, 0.0, 0.0, 0.0, 0.0, 0.0, 0.0, 0.0, 0.0, 0.0, 0.0, 0.0, 0.0, 0.0, 0.0, 0.0, 0.0, 0.0, 0.0, 0.0, 0.0, 0.0, 0.0, 0.0, 0.0, 0.0, 0.0, 0.0, 0.0, 0.0, 0.0, 0.0, 0.0, 0.0, 0.0, 0.0, 0.0, 0.0, 0.0, 0.0, 0.0, 0.0, 0.0, 0.0, 0.0, 0.0, 0.0, 0.0, 0.0, 0.0, 0.0, 0.0, 0.0, 0.0, 0.0, 0.0, 0.0, 0.0, 0.0, 0.0, 0.0, 0.0, 0.0, 0.0, 0.0, 0.0, 0.0, 0.0, 0.0, 0.0, 0.0, 0.0, 0.0, 0.0, 0.0, 0.0, 0.0, 0.0, 0.0, 0.0, 0.0, 0.0, 0.0, 0.0, 0.0, 0.0, 0.0, 0.0, 0.0, 0.0, 0.0, 0.0, 0.0, 0.0, 0.0, 0.0, 0.0, 0.0, 0.0, 0.0, 0.0, 0.0, 0.0, 0.0, 0.0, 0.0, 0.0, 0.0, 0.0, 0.0, 0.0, 0.0, 0.0, 0.0, 0.0, 0.0, 0.0, 0.0, 0.0, 0.0, 0.0, 0.0, 0.0, 0.0, 0.0, 0.0, 0.0, 0.0, 0.0, 0.0, 0.0, 0.0, 0.0, 0.0, 0.0, 0.0, 0.0, 0.0, 0.0, 0.0, 0.0, 0.0, 0.0, 0.0, 0.0, 0.0, 0.0, 0.0, 0.0, 0.0, 0.0, 0.0, 0.0, 0.0, 0.0, 0.0, 0.0, 0.0, 0.0, 0.0, 0.0, 0.0, 0.0, 0.0, 0.0, 0.0, 0.0, 0.0, 0.0, 0.0, 0.0, 0.0, 0.0, 0.0, 0.0, 0.0, 0.0, 0.0, 0.0, 0.0, 0.0, 0.0, 0.0, 0.0, 0.0, 0.0, 0.0, 0.0, 0.0, 0.0, 0.0, 0.0, 0.0, 0.0, 0.0, 0.0, 0.0, 0.0, 0.0, 0.0, 0.0, 0.0, 0.0, 0.0, 0.0, 0.0, 0.0, 0.0, 0.0, 0.0, 0.0, 0.0, 0.0, 0.0, 0.0, 0.0, 0.0, 0.0, 0.0, 0.0, 0.0, 0.0, 0.0, 0.0, 0.0, 0.0, 0.0, 0.0, 0.0, 0.0, 0.0, 0.0, 0.0, 0.0, 0.0, 0.0, 0.0, 0.0, 0.0, 0.0, 0.0, 0.0, 0.0, 0.0, 0.0, 0.0, 0.0, 0.0, 0.0, 0.0, 0.0, 0.0, 0.0, 0.0, 0.0, 0.0, 0.0, 0.0, 0.0, 0.0, 0.0, 0.0, 0.0, 0.0, 0.0, 0.0, 0.0, 0.0, 0.0, 0.0, 0.0, 0.0, 0.0, 0.0, 0.0, 0.0, 0.0, 0.0, 0.0, 0.0, 0.0, 0.0, 0.0, 0.0, 0.0, 0.0, 0.0, 0.0, 0.0, 0.0, 0.0, 0.0, 0.0, 0.0, 0.0, 0.0, 0.0, 0.0, 0.0, 0.0, 0.0, 0.0, 0.0, 0.0, 0.0, 0.0, 0.0, 0.0, 0.0, 0.0, 0.0, 0.0, 0.0, 0.0, 0.0, 0.0, 0.0, 0.0, 0.0, 0.0, 0.0, 0.0, 0.0, 0.0, 0.0, 0.0, 0.0, 0.0, 0.0, 0.0, 0.0, 0.0, 0.0, 0.0, 0.0, 0.0, 0.0, 0.0, 0.0, 0.0, 0.0, 0.0, 0.0, 0.0, 0.0, 0.0, 0.0, 0.0, 0.0, 0.0, 0.0, 0.0, 0.0, 0.0, 0.0, 0.0, 0.0, 0.0, 0.0, 0.0, 0.0, 0.0, 0.0, 0.0, 0.0, 0.0, 0.0, 0.0, 0.0, 0.0, 0.0, 0.0, 0.0, 0.0, 0.0, 0.0, 0.0, 0.0, 0.0, 0.0, 0.0, 0.0, 0.0, 0.0, 0.0, 0.0, 0.0, 0.0, 0.0, 0.0, 0.0, 0.0, 0.0, 0.0, 0.0, 0.0, 0.0, 0.0, 0.0, 0.0, 0.0, 0.0, 0.0, 0.0, 0.0, 0.0, 0.0, 0.0, 0.0, 0.0, 0.0, 0.0, 0.0, 0.0, 0.0, 0.0, 0.0, 0.0, 0.0, 0.0, 0.0, 0.0, 0.0, 0.0, 0.0, 0.0, 0.0, 0.0, 0.0, 0.0, 0.0, 0.0, 0.0, 0.0, 0.0, 0.0, 0.0, 0.0, 0.0, 0.0, 0.0, 0.0, 0.0, 0.0, 0.0, 0.0, 0.0, 0.0, 0.0, 0.0, 0.0, 0.0, 0.0, 0.0, 0.0, 0.0, 0.0, 0.0, 0.0, 0.0, 0.0, 0.0, 0.0, 0.0, 0.0, 0.0, 0.0, 0.0, 0.0, 0.0, 0.0, 0.0, 0.0, 0.0, 0.0, 0.0, 0.0, 0.0, 0.0, 0.0, 0.0, 0.0, 0.0, 0.0, 0.0, 0.0, 0.0, 0.0, 0.0, 0.0, 0.0, 0.0, 0.0, 0.0, 0.0, 0.0, 0.0, 0.0, 0.0, 0.0, 0.0, 0.0, 0.0, 0.0, 0.0, 0.0, 0.0, 0.0, 0.0, 0.0, 0.0, 0.0, 0.0, 0.0, 0.0, 0.0, 0.0, 0.0, 0.0, 0.0, 0.0, 0.0, 0.0, 0.0, 0.0, 0.0, 0.0, 0.0, 0.0, 0.0, 0.0, 0.0, 0.0, 0.0, 0.0, 0.0, 0.0, 0.0, 0.0, 0.0, 0.0, 0.0, 0.0, 0.0, 0.0, 0.0, 0.0, 0.0, 0.0, 0.0, 0.0, 0.0, 0.0, 0.0, 0.0, 0.0, 0.0, 0.0, 0.0, 0.0, 0.0, 0.0, 0.0, 0.0, 0.0, 0.0, 0.0, 0.0, 0.0, 0.0, 0.0, 0.0, 0.0, 0.0, 0.0, 0.0, 0.0, 0.0, 0.0, 0.0, 0.0, 0.0, 0.0, 0.0, 0.0, 0.0, 0.0, 0.0, 0.0, 0.0, 0.0, 0.0, 0.0, 0.0, 0.0, 0.0, 0.0, 0.0, 0.0, 0.0, 0.0, 0.0, 0.0, 0.0, 0.0, 0.0, 0.0, 0.0, 0.0, 0.0, 0.0, 0.0, 0.0, 0.0, 0.0, 0.0, 0.0, 0.0, 0.0, 0.0, 0.0, 0.0, 0.0, 0.0, 0.0, 0.0, 0.0, 0.0, 0.0, 0.0, 0.0, 0.0, 0.0, 0.0, 0.0, 0.0, 0.0, 0.0, 0.0, 0.0, 0.0, 0.0, 0.0, 0.0, 0.0, 0.0, 0.0, 0.0, 0.0, 0.0, 0.0, 0.0, 0.0, 0.0, 0.0, 0.0, 0.0, 0.0, 0.0, 0.0, 0.0, 0.0, 0.0, 0.0, 0.0, 0.0, 0.0, 0.0, 0.0, 0.0, 0.0, 0.0, 0.0, 0.0, 0.0, 0.0, 0.0, 0.0, 0.0, 0.0, 0.0, 0.0, 0.0, 0.0, 0.0, 0.0, 0.0, 0.0, 0.0, 0.0, 0.0, 0.0, 0.0, 0.0, 0.0, 0.0, 0.0, 0.0, 0.0, 0.0, 0.0, 0.0, 0.0, 0.0, 0.0, 0.0, 0.0, 0.0, 0.0, 0.0, 0.0, 0.0, 0.0, 0.0, 0.0, 0.0, 0.0, 0.0, 0.0, 0.0, 0.0, 0.0, 0.0, 0.0, 0.0, 0.0, 0.0, 0.0, 0.0, 0.0, 0.0, 0.0, 0.0, 0.0, 0.0, 0.0, 0.0, 0.0, 0.0, 0.0, 0.0, 0.0, 0.0, 0.0, 0.0, 0.0, 0.0, 0.0, 0.0, 0.0, 0.0, 0.0, 0.0, 0.0, 0.0, 0.0, 0.0, 0.0, 0.0, 0.0, 0.0, 0.0, 0.0, 0.0, 0.0, 0.0, 0.0, 0.0, 0.0, 0.0, 0.0, 0.0, 0.0, 0.0, 0.0, 0.0, 0.0, 0.0, 0.0, 0.0, 0.0, 0.0, 0.0, 0.0, 0.0, 0.0, 0.0, 0.0, 0.0, 0.0, 0.0, 0.0, 0.0, 0.0, 0.0, 0.0, 0.0, 0.0, 0.0, 0.0, 0.0, 0.0, 0.0, 0.0, 0.0, 0.0, 0.0, 0.0, 0.0, 0.0, 0.0, 0.0, 0.0, 0.0, 0.0, 0.0, 0.0, 0.0, 0.0, 0.0, 0.0, 0.0, 0.0, 0.0, 0.0, 0.0, 0.0, 0.0, 0.0, 0.0, 0.0, 0.0, 0.0, 0.0, 0.0, 0.0, 0.0, 0.0, 0.0, 0.0, 0.0, 0.0, 0.0, 0.0, 0.0, 0.0, 0.0, 0.0, 0.0, 0.0, 0.0, 0.0, 0.0, 0.0, 0.0, 0.0, 0.0, 0.0, 0.0, 0.0, 0.0, 0.0, 0.0, 0.0, 0.0, 0.0, 0.0, 0.0, 0.0, 0.0, 0.0, 0.0, 0.0, 0.0, 0.0, 0.0, 0.0, 0.0, 0.0, 0.0, 0.0, 0.0, 0.0, 0.0, 0.0, 0.0, 0.0, 0.0, 0.0, 0.0, 0.0, 0.0, 0.0, 0.0, 0.0, 0.0, 0.0, 0.0, 0.0, 0.0, 0.0, 0.0, 0.0, 0.0, 0.0, 0.0, 0.0, 0.0, 0.0, 0.0, 0.0, 0.0, 0.0, 0.0, 0.0, 0.0, 0.0, 0.0, 0.0, 0.0, 0.0, 0.0, 0.0, 0.0, 0.0, 0.0, 0.0, 0.0, 0.0, 0.0, 0.0, 0.0, 0.0, 0.0, 0.0, 0.0, 0.0, 0.0, 0.0, 0.0, 0.0, 0.0, 0.0, 0.0, 0.0, 0.0, 0.0, 0.0, 0.0, 0.0, 0.0, 0.0, 0.0, 0.0, 0.0, 0.0, 0.0, 0.0, 0.0, 0.0, 0.0, 0.0, 0.0, 0.0, 0.0, 0.0, 0.0, 0.0, 0.0, 0.0, 0.0, 0.0, 0.0, 0.0, 0.0, 0.0, 0.0, 0.0, 0.0, 0.0, 0.0, 0.0, 0.0, 0.0, 0.0, 0.0, 0.0, 0.0, 0.0, 0.0, 0.0, 0.0, 0.0, 0.0, 0.0, 0.0, 0.0, 0.0, 0.0, 0.0, 0.0, 0.0, 0.0, 0.0, 0.0, 0.0, 0.0, 0.0, 0.0, 0.0, 0.0, 0.0, 0.0, 0.0, 0.0, 0.0, 0.0, 0.0, 0.0, 0.0, 0.0, 0.0, 0.0, 0.0, 0.0, 0.0, 0.0, 0.0, 0.0, 0.0, 0.0, 0.0, 0.0, 0.0, 0.0, 0.0, 0.0, 0.0, 0.0, 0.0, 0.0, 0.0, 0.0, 0.0, 0.0, 0.0, 0.0, 0.0, 0.0, 0.0, 0.0, 0.0, 0.0, 0.0, 0.0, 0.0, 0.0, 0.0, 0.0, 0.0, 0.0, 0.0, 0.0, 0.0, 0.0, 0.0, 0.0, 0.0, 0.0, 0.0, 0.0, 0.0, 0.0, 0.0, 0.0, 0.0, 0.0, 0.0, 0.0, 0.0, 0.0, 0.0, 0.0, 0.0, 0.0, 0.0, 0.0, 0.0, 0.0, 0.0, 0.0, 0.0, 0.0, 0.0, 0.0, 0.0, 0.0, 0.0, 0.0, 0.0, 0.0, 0.0, 0.0, 0.0, 0.0, 0.0, 0.0, 0.0, 0.0, 0.0, 0.0, 0.0, 0.0, 0.0, 0.0, 0.0, 0.0, 0.0, 0.0, 0.0, 0.0, 0.0, 0.0, 0.0, 0.0, 0.0, 0.0, 0.0, 0.0, 0.0, 0.0, 0.0, 0.0, 0.0, 0.0, 0.0, 0.0, 0.0, 0.0, 0.0, 0.0, 0.0, 0.0, 0.0, 0.0, 0.0, 0.0, 0.0, 0.0, 0.0, 0.0, 0.0, 0.0, 0.0, 0.0, 0.0, 0.0, 0.0, 0.0, 0.0, 0.0, 0.0, 0.0, 0.0, 0.0, 0.0, 0.0, 0.0, 0.0, 0.0, 0.0, 0.0, 0.0, 0.0, 0.0, 0.0, 0.0, 0.0, 0.0, 0.0, 0.0, 0.0, 0.0, 0.0, 0.0, 0.0, 0.0, 0.0, 0.0, 0.0, 0.0, 0.0, 0.0, 0.0, 0.0, 0.0, 0.0, 0.0, 0.0, 0.0, 0.0, 0.0, 0.0, 0.0, 0.0, 0.0, 0.0, 0.0, 0.0, 0.0, 0.0, 0.0, 0.0, 0.0, 0.0, 0.0, 0.0, 0.0, 0.0, 0.0, 0.0, 0.0, 0.0, 0.0, 0.0, 0.0, 0.0, 0.0, 0.0, 0.0, 0.0, 0.0, 0.0, 0.0, 0.0, 0.0, 0.0, 0.0, 0.0, 0.0, 0.0, 0.0, 0.0, 0.0, 0.0, 0.0, 0.0, 0.0, 0.0, 0.0, 0.0, 0.0, 0.0, 0.0, 0.0, 0.0, 0.0, 0.0, 0.0, 0.0, 0.0, 0.0, 0.0, 0.0, 0.0, 0.0, 0.0, 0.0, 0.0, 0.0, 0.0, 0.0, 0.0, 0.0, 0.0, 0.0, 0.0, 0.0, 0.0, 0.0, 0.0, 0.0, 0.0, 0.0, 0.0, 0.0, 0.0, 0.0, 0.0, 0.0, 0.0, 0.0, 0.0, 0.0, 0.0, 0.0, 0.0, 0.0, 0.0, 0.0, 0.0, 0.0, 0.0, 0.0, 0.0, 0.0, 0.0, 0.0, 0.0, 0.0, 0.0, 0.0, 0.0, 0.0, 0.0, 0.0, 0.0, 0.0, 0.0, 0.0, 0.0, 0.0, 0.0, 0.0, 0.0, 0.0, 0.0, 0.0, 0.0, 0.0, 0.0, 0.0, 0.0, 0.0, 0.0, 0.0, 0.0, 0.0, 0.0, 0.0, 0.0, 0.0, 0.0, 0.0, 0.0, 0.0, 0.0, 0.0, 0.0, 0.0, 0.0, 0.0, 0.0, 0.0, 0.0, 0.0, 0.0, 0.0, 0.0, 0.0, 0.0, 0.0, 0.0, 0.0, 0.0, 0.0, 0.0, 0.0, 0.0, 0.0, 0.0, 0.0, 0.0, 0.0, 0.0, 0.0, 0.0, 0.0, 0.0, 0.0, 0.0, 0.0, 0.0, 0.0, 0.0, 0.0, 0.0, 0.0, 0.0, 0.0, 0.0, 0.0, 0.0, 0.0, 0.0, 0.0, 0.0, 0.0, 0.0, 0.0, 0.0, 0.0, 0.0, 0.0, 0.0, 0.0, 0.0, 0.0, 0.0, 0.0, 0.0, 0.0, 0.0, 0.0, 0.0, 0.0, 0.0, 0.0, 0.0, 0.0, 0.0, 0.0, 0.0, 0.0, 0.0, 0.0, 0.0, 0.0, 0.0, 0.0, 0.0, 0.0, 0.0, 0.0, 0.0, 0.0, 0.0, 0.0, 0.0, 0.0, 0.0, 0.0, 0.0, 0.0, 0.0, 0.0, 0.0, 0.0, 0.0, 0.0, 0.0, 0.0, 0.0, 0.0, 0.0, 0.0, 0.0, 0.0, 0.0, 0.0, 0.0, 0.0, 0.0, 0.0, 0.0, 0.0, 0.0, 0.0, 0.0, 0.0, 0.0, 0.0, 0.0, 0.0, 0.0, 0.0, 0.0, 0.0, 0.0, 0.0, 0.0, 0.0, 0.0, 0.0, 0.0, 0.0, 0.0, 0.0, 0.0, 0.0, 0.0, 0.0, 0.0, 0.0, 0.0, 0.0, 0.0, 0.0, 0.0, 0.0, 0.0, 0.0, 0.0, 0.0, 0.0, 0.0, 0.0, 0.0, 0.0, 0.0, 0.0, 0.0, 0.0, 0.0, 0.0, 0.0, 0.0, 0.0, 0.0, 0.0, 0.0, 0.0, 0.0, 0.0, 0.0, 0.0, 0.0, 0.0, 0.0, 0.0, 0.0, 0.0, 0.0, 0.0, 0.0, 0.0, 0.0, 0.0, 0.0, 0.0, 0.0, 0.0, 0.0, 0.0, 0.0, 0.0, 0.0, 0.0, 0.0, 0.0, 0.0, 0.0, 0.0, 0.0, 0.0, 0.0, 0.0, 0.0, 0.0, 0.0, 0.0, 0.0, 0.0, 0.0, 0.0, 0.0, 0.0, 0.0, 0.0, 0.0, 0.0, 0.0, 0.0, 0.0, 0.0, 0.0, 0.0, 0.0, 0.0, 0.0, 0.0, 0.0, 0.0, 0.0, 0.0, 0.0, 0.0, 0.0, 0.0, 0.0, 0.0, 0.0, 0.0, 0.0, 0.0, 0.0, 0.0, 0.0, 0.0, 0.0, 0.0, 0.0, 0.0, 0.0, 0.0, 0.0, 0.0, 0.0, 0.0, 0.0, 0.0, 0.0, 0.0, 0.0, 0.0, 0.0, 0.0, 0.0, 0.0, 0.0, 0.0, 0.0, 0.0, 0.0, 0.0, 0.0, 0.0, 0.0, 0.0, 0.0, 0.0, 0.0, 0.0, 0.0, 0.0, 0.0, 0.0, 0.0, 0.0, 0.0, 0.0, 0.0, 0.0, 0.0, 0.0, 0.0, 0.0, 0.0, 0.0, 0.0, 0.0, 0.0, 0.0, 0.0, 0.0, 0.0, 0.0, 0.0, 0.0, 0.0, 0.0, 0.0, 0.0, 0.0, 0.0, 0.0, 0.0, 0.0, 0.0, 0.0, 0.0, 0.0, 0.0, 0.0, 0.0, 0.0, 0.0, 0.0, 0.0, 0.0, 0.0, 0.0, 0.0, 0.0, 0.0, 0.0, 0.0, 0.0, 0.0, 0.0, 0.0, 0.0, 0.0, 0.0, 0.0, 0.0, 0.0, 0.0, 0.0, 0.0, 0.0, 0.0, 0.0, 0.0, 0.0, 0.0, 0.0, 0.0, 0.0, 0.0, 0.0, 0.0, 0.0, 0.0, 0.0, 0.0, 0.0, 0.0, 0.0, 0.0, 0.0, 0.0, 0.0, 0.0, 0.0, 0.0, 0.0, 0.0, 0.0, 0.0, 0.0, 0.0, 0.0, 0.0, 0.0, 0.0, 0.0, 0.0, 0.0, 0.0, 0.0, 0.0, 0.0, 0.0, 0.0, 0.0, 0.0, 0.0, 0.0, 0.0, 0.0, 0.0, 0.0, 0.0, 0.0, 0.0, 0.0, 0.0, 0.0, 0.0, 0.0, 0.0, 0.0, 0.0, 0.0, 0.0, 0.0, 0.0, 0.0, 0.0, 0.0, 0.0, 0.0, 0.0, 0.0, 0.0, 0.0, 0.0, 0.0, 0.0, 0.0, 0.0, 0.0, 0.0, 0.0, 0.0, 0.0, 0.0, 0.0, 0.0, 0.0, 0.0, 0.0, 0.0, 0.0, 0.0, 0.0, 0.0, 0.0, 0.0, 0.0, 0.0, 0.0, 0.0, 0.0, 0.0, 0.0, 0.0, 0.0, 0.0, 0.0, 0.0, 0.0, 0.0, 0.0, 0.0, 0.0, 0.0, 0.0, 0.0, 0.0, 0.0, 0.0, 0.0, 0.0, 0.0, 0.0, 0.0, 0.0, 0.0, 0.0, 0.0, 0.0, 0.0, 0.0, 0.0, 0.0, 0.0, 0.0, 0.0, 0.0, 0.0, 0.0, 0.0, 0.0, 0.0, 0.0, 0.0, 0.0, 0.0, 0.0, 0.0, 0.0, 0.0, 0.0, 0.0, 0.0, 0.0, 0.0, 0.0, 0.0, 0.0, 0.0, 0.0, 0.0, 0.0, 0.0, 0.0, 0.0, 0.0, 0.0, 0.0, 0.0, 0.0, 0.0, 0.0, 0.0, 0.0, 0.0, 0.0, 0.0, 0.0, 0.0, 0.0, 0.0, 0.0, 0.0, 0.0, 0.0, 0.0, 0.0, 0.0, 0.0, 0.0, 0.0, 0.0, 0.0, 0.0, 0.0, 0.0, 0.0, 0.0, 0.0, 0.0, 0.0, 0.0, 0.0, 0.0, 0.0, 0.0, 0.0, 0.0, 0.0, 0.0, 0.0, 0.0, 0.0, 0.0, 0.0, 0.0, 0.0, 0.0, 0.0, 0.0, 0.0, 0.0, 0.0, 0.0, 0.0, 0.0, 0.0, 0.0, 0.0, 0.0, 0.0, 0.0, 0.0, 0.0, 0.0, 0.0, 0.0, 0.0, 0.0, 0.0, 0.0, 0.0, 0.0, 0.0, 0.0, 0.0, 0.0, 0.0, 0.0, 0.0, 0.0, 0.0, 0.0, 0.0, 0.0, 0.0, 0.0, 0.0, 0.0, 0.0, 0.0, 0.0, 0.0, 0.0, 0.0, 0.0, 0.0, 0.0, 0.0, 0.0, 0.0, 0.0, 0.0, 0.0, 0.0, 0.0, 0.0, 0.0, 0.0, 0.0, 0.0, 0.0, 0.0, 0.0, 0.0, 0.0, 0.0, 0.0, 0.0, 0.0, 0.0, 0.0, 0.0, 0.0, 0.0, 0.0, 0.0, 0.0, 0.0, 0.0, 0.0, 0.0, 0.0, 0.0, 0.0, 0.0, 0.0, 0.0, 0.0, 0.0, 0.0, 0.0, 0.0, 0.0, 0.0, 0.0, 0.0, 0.0, 0.0, 0.0, 0.0, 0.0, 0.0, 0.0, 0.0, 0.0, 0.0, 0.0, 0.0, 0.0, 0.0, 0.0, 0.0, 0.0, 0.0, 0.0, 0.0, 0.0, 0.0, 0.0, 0.0, 0.0, 0.0]"
pipes_valves_cost,0.0
TES_annualized_capex,0.0
OPEX_Wind,4470.916559214596
FOM_TES,6946.407233364936
capP_Li,3522.8568678111083
capE_Li,23255.45489623786
OPEX_Solar,0.0
deltaT_salt,277.0
OPEX_Li,8130.688717968044
tank_energy_max,0.0
min_hours,0.0
y_binary_coal,"[0.0, 0.0, 0.0, 0.0, 0.0, 0.0, 0.0, 0.0, 0.0, 0.0, 0.0, 0.0, 0.0, 0.0, 0.0, 0.0, 0.0, 0.0, 0.0, 0.0, 0.0, 0.0, 0.0, 0.0, 0.0, 0.0, 0.0, 0.0, 0.0, 0.0, 0.0, 0.0, 0.0, 0.0, 0.0, 0.0, 0.0, 0.0, 0.0, 0.0, 0.0, 0.0, 0.0, 0.0, 0.0, 0.0, 0.0, 0.0, 0.0, 0.0, 0.0, 0.0, 0.0, 0.0, 0.0, 0.0, 0.0, 0.0, 0.0, 0.0, 0.0, 0.0, 0.0, 0.0, 0.0, 0.0, 0.0, 0.0, 0.0, 0.0, 0.0, 0.0, 0.0, 0.0, 0.0, 0.0, 0.0, 0.0, 0.0, 0.0, 0.0, 0.0, 0.0, 0.0, 0.0, 0.0, 0.0, 0.0, 0.0, 0.0, 0.0, 0.0, 0.0, 0.0, 0.0, 0.0, 0.0, 0.0, 0.0, 0.0, 0.0, 0.0, 0.0, 0.0, 0.0, 0.0, 0.0, 0.0, 0.0, 0.0, 0.0, 0.0, 0.0, 0.0, 0.0, 0.0, 0.0, 0.0, 0.0, 0.0, 0.0, 0.0, 0.0, 0.0, 0.0, 0.0, 0.0, 0.0, 0.0, 0.0, 0.0, 0.0, 0.0, 0.0, 0.0, 0.0, 0.0, 0.0, 0.0, 0.0, 0.0, 0.0, 0.0, 0.0, 0.0, 0.0, 0.0, 0.0, 0.0, 0.0, 0.0, 0.0, 0.0, 0.0, 0.0, 0.0, 0.0, 0.0, 0.0, 0.0, 0.0, 0.0, 0.0, 0.0, 0.0, 0.0, 0.0, 0.0, 0.0, 0.0, 0.0, 0.0, 0.0, 0.0, 0.0, 0.0, 0.0, 0.0, 0.0, 0.0, 0.0, 0.0, 0.0, 0.0, 0.0, 0.0, 0.0, 0.0, 0.0, 0.0, 0.0, 0.0, 0.0, 0.0, 0.0, 0.0, 0.0, 0.0, 0.0, 0.0, 0.0, 0.0, 0.0, 0.0, 0.0, 0.0, 0.0, 0.0, 0.0, 0.0, 0.0, 0.0, 0.0, 0.0, 0.0, 0.0, 0.0, 0.0, 0.0, 0.0, 0.0, 0.0, 0.0, 0.0, 0.0, 0.0, 0.0, 0.0, 0.0, 0.0, 0.0, 0.0, 0.0, 0.0, 0.0, 0.0, 0.0, 0.0, 0.0, 0.0, 0.0, 0.0, 0.0, 0.0, 0.0, 0.0, 0.0, 0.0, 0.0, 0.0, 0.0, 0.0, 0.0, 0.0, 0.0, 0.0, 0.0, 0.0, 0.0, 0.0, 0.0, 0.0, 0.0, 0.0, 0.0, 0.0, 0.0, 0.0, 0.0, 0.0, 0.0, 0.0, 0.0, 0.0, 0.0, 0.0, 0.0, 0.0, 0.0, 0.0, 0.0, 0.0, 0.0, 0.0, 0.0, 0.0, 0.0, 0.0, 0.0, 0.0, 0.0, 0.0, 0.0, 0.0, 0.0, 0.0, 0.0, 0.0, 0.0, 0.0, 0.0, 0.0, 0.0, 0.0, 0.0, 0.0, 0.0, 0.0, 0.0, 0.0, 0.0, 0.0, 0.0, 0.0, 0.0, 0.0, 0.0, 0.0, 0.0, 0.0, 0.0, 0.0, 0.0, 0.0, 0.0, 0.0, 0.0, 0.0, 0.0, 0.0, 0.0, 0.0, 0.0, 0.0, 0.0, 0.0, 0.0, 0.0, 0.0, 0.0, 0.0, 0.0, 0.0, 0.0, 0.0, 0.0, 0.0, 0.0, 0.0, 0.0, 0.0, 0.0, 0.0, 0.0, 0.0, 0.0, 0.0, 0.0, 0.0, 0.0, 0.0, 0.0, 0.0, 0.0, 0.0, 0.0, 0.0, 0.0, 0.0, 0.0, 0.0, 0.0, -0.0, 0.0, 0.0, 0.0, 0.0, 0.0, 0.0, 0.0, 0.0, 0.0, 0.0, 0.0, 0.0, 0.0, 0.0, 0.0, 0.0, 0.0, 0.0, 0.0, 0.0, 0.0, 0.0, 0.0, 0.0, 0.0, 0.0, 0.0, 0.0, 0.0, 0.0, 0.0, 0.0, 0.0, 0.0, 0.0, 0.0, 0.0, 0.0, 0.0, 0.0, 0.0, 0.0, 0.0, 0.0, 0.0, 0.0, 0.0, 0.0, 0.0, 0.0, 0.0, 0.0, 0.0, 0.0, 0.0, 0.0, 0.0, 0.0, 0.0, 0.0, 0.0, 0.0, 0.0, 0.0, 0.0, 0.0, 0.0, 0.0, 0.0, 0.0, 0.0, 0.0, 0.0, 0.0, 0.0, 0.0, 0.0, 0.0, 0.0, 0.0, 0.0, 0.0, 0.0, 0.0, 0.0, 0.0, 0.0, 0.0, 0.0, 0.0, 0.0, 0.0, 0.0, 0.0, 0.0, 0.0, 0.0, 0.0, 0.0, 0.0, 0.0, 0.0, 0.0, 0.0, 0.0, 0.0, 0.0, 0.0, 0.0, 0.0, 0.0, 0.0, 0.0, 0.0, 0.0, 0.0, 0.0, 0.0, 0.0, 0.0, 0.0, 0.0, 0.0, 0.0, 0.0, 0.0, 0.0, 0.0, 0.0, 0.0, 0.0, 0.0, 0.0, 0.0, 0.0, 0.0, 0.0, 0.0, 0.0, 0.0, 0.0, 0.0, 0.0, 0.0, 0.0, 0.0, 0.0, 0.0, 0.0, 0.0, 0.0, 0.0, 0.0, 0.0, 0.0, 0.0, 0.0, 0.0, 0.0, 0.0, 0.0, 0.0, 0.0, 0.0, 0.0, 0.0, 0.0, 0.0, 0.0, 0.0, 0.0, 0.0, 0.0, 0.0, 0.0, 0.0, 0.0, 0.0, 0.0, 0.0, 0.0, 0.0, 0.0, 0.0, 0.0, 0.0, 0.0, 0.0, 0.0, 0.0, 0.0, 0.0, 0.0, 0.0, 0.0, 0.0, 0.0, 0.0, 0.0, 0.0, 0.0, 0.0, 0.0, 0.0, 0.0, 0.0, 0.0, 0.0, 0.0, 0.0, 0.0, 0.0, 0.0, 0.0, 0.0, 0.0, 0.0, 0.0, 0.0, 0.0, 0.0, 0.0, 0.0, 0.0, 0.0, 0.0, 0.0, 0.0, 0.0, 0.0, 0.0, 0.0, 0.0, 0.0, 0.0, 0.0, 0.0, 0.0, 0.0, 0.0, 0.0, 0.0, 0.0, 0.0, 0.0, 0.0, 0.0, 0.0, 0.0, 0.0, 0.0, 0.0, 0.0, 0.0, 0.0, 0.0, 0.0, 0.0, 0.0, 0.0, 0.0, 0.0, 0.0, 0.0, 0.0, 0.0, 0.0, 0.0, 0.0, 0.0, 0.0, 0.0, 0.0, 0.0, 0.0, 0.0, 0.0, 0.0, 0.0, 0.0, 0.0, 0.0, 0.0, 0.0, 0.0, 0.0, 0.0, 0.0, 0.0, 0.0, 0.0, 0.0, 0.0, 0.0, 0.0, 0.0, 0.0, 0.0, 0.0, 0.0, 0.0, 0.0, 0.0, 0.0, 0.0, 0.0, 0.0, 0.0, 0.0, 0.0, 0.0, 0.0, 0.0, 0.0, 0.0, 0.0, 0.0, 0.0, 0.0, 0.0, 0.0, 0.0, 0.0, 0.0, 0.0, 0.0, 0.0, 0.0, 0.0, 0.0, 0.0, 0.0, 0.0, 0.0, 0.0, 0.0, 0.0, 0.0, 0.0, 0.0, 0.0, 0.0, 0.0, 0.0, 0.0, 0.0, 0.0, 0.0, 0.0, 0.0, 0.0, 0.0, 0.0, 0.0, 0.0, 0.0, 0.0, 0.0, 0.0, 0.0, 0.0, 0.0, 0.0, 0.0, 0.0, 0.0, 0.0, 0.0, 0.0, 0.0, 0.0, 0.0, 0.0, 0.0, 0.0, 0.0, 0.0, 0.0, 0.0, 0.0, 0.0, 0.0, 0.0, 0.0, 0.0, 0.0, 0.0, 0.0, 0.0, 0.0, 0.0, 0.0, 0.0, 0.0, 0.0, 0.0, 0.0, 0.0, 0.0, 0.0, 0.0, 0.0, 0.0, 0.0, 0.0, 0.0, 0.0, 0.0, 0.0, 0.0, 0.0, 0.0, 0.0, 0.0, 0.0, 0.0, 0.0, 0.0, 0.0, 0.0, 0.0, 0.0, 0.0, 0.0, 0.0, 0.0, 0.0, 0.0, 0.0, 0.0, 0.0, 0.0, 0.0, 0.0, 0.0, 0.0, 0.0, 0.0, 0.0, 0.0, 0.0, 0.0, 0.0, 0.0, 0.0, 0.0, 0.0, 0.0, 0.0, 0.0, 0.0, 0.0, 0.0, 0.0, 0.0, 0.0, 0.0, 0.0, 0.0, 0.0, 0.0, 0.0, 0.0, 0.0, 0.0, 0.0, 0.0, 0.0, 0.0, 0.0, 0.0, 0.0, 0.0, 0.0, 0.0, 0.0, 0.0, 0.0, 0.0, 0.0, 0.0, 0.0, 0.0, 0.0, 0.0, 0.0, 0.0, 0.0, 0.0, 0.0, 0.0, 0.0, 0.0, 0.0, 0.0, 0.0, 0.0, 0.0, 0.0, 0.0, 0.0, 0.0, 0.0, 0.0, 0.0, 0.0, 0.0, 0.0, 0.0, 0.0, 0.0, 0.0, 0.0, 0.0, 0.0, 0.0, 0.0, 0.0, 0.0, 0.0, 0.0, 0.0, 0.0, 0.0, 1.0, 0.0, 0.0, 0.0, 0.0, 0.0, 0.0, 0.0, 0.0, 0.0, 0.0, 0.0, 0.0, 0.0, 0.0, 0.0, 0.0, 0.0, 0.0, 0.0, 0.0, 0.0, 0.0, 1.0, 0.0, 0.0, 0.0, 1.0, 0.0, 0.0, 0.0, 0.0, 0.0, 0.0, 0.0, 0.0, 0.0, 0.0, 0.0, 0.0, 0.0, 0.0, 0.0, 0.0, 0.0, 0.0, 1.0, 0.0, 0.0, 0.0, 1.0, 0.0, 0.0, 0.0, 0.0, 0.0, 0.0, 0.0, 0.0, 0.0, 0.0, 0.0, 0.0, 0.0, 0.0, 0.0, 0.0, 0.0, 0.0, 1.0, 0.0, 0.0, 0.0, 1.0, 0.0, 0.0, 0.0, 0.0, 0.0, 0.0, 0.0, 0.0, 0.0, 0.0, 0.0, 0.0, 0.0, 0.0, 0.0, 0.0, 0.0, 0.0, 1.0, 0.0, 0.0, 0.0, 1.0, 0.0, 0.0, 0.0, 0.0, 0.0, 0.0, 0.0, 0.0, 0.0, 0.0, 0.0, 0.0, 0.0, 0.0, 0.0, 0.0, 0.0, 0.0, 1.0, 0.0, 0.0, 0.0, 1.0, 0.0, 0.0, 0.0, 0.0, 0.0, 0.0, 0.0, 0.0, 0.0, 0.0, 0.0, 0.0, 0.0, 0.0, 0.0, 0.0, 0.0, 0.0, 1.0, 0.0, 0.0, 0.0, 1.0, 0.0, 0.0, 0.0, 0.0, 0.0, 0.0, 0.0, 0.0, 0.0, 0.0, 0.0, 0.0, 0.0, 0.0, 0.0, 0.0, 0.0, 0.0, 1.0, 0.0, 0.0, 0.0, 1.0, 0.0, 0.0, 0.0, 0.0, 0.0, 0.0, 0.0, 0.0, 0.0, 0.0, 0.0, 0.0, 0.0, 0.0, 0.0, 0.0, 0.0, 0.0, 1.0, 0.0, 0.0, 0.0, 1.0, 0.0, 0.0, 0.0, 0.0, 0.0, 0.0, 0.0, 0.0, 0.0, 0.0, 0.0, 0.0, 0.0, 0.0, 0.0, 0.0, 0.0, 0.0, 1.0, 0.0, 0.0, 0.0, 1.0, 0.0, 0.0, 0.0, 0.0, 0.0, 0.0, 0.0, 0.0, 0.0, 0.0, 0.0, 0.0, 0.0, 0.0, 0.0, 0.0, 0.0, 0.0, 1.0, 0.0, 0.0, 0.0, 1.0, 0.0, 0.0, 0.0, 0.0, 0.0, 0.0, 0.0, 0.0, 0.0, 0.0, 0.0, 0.0, 0.0, 0.0, 0.0, 0.0, 0.0, 0.0, 1.0, 0.0, 0.0, 0.0, 1.0, 0.0, 0.0, 0.0, 0.0, 0.0, 0.0, 0.0, 0.0, 0.0, 0.0, 0.0, 0.0, 0.0, 0.0, 0.0, 0.0, 0.0, 0.0, 1.0, 0.0, 0.0, 0.0, 1.0, 0.0, 0.0, 0.0, 0.0, 0.0, 0.0, 0.0, 0.0, 0.0, 0.0, 0.0, 0.0, 0.0, 0.0, 0.0, 0.0, 0.0, 0.0, 1.0, 0.0, 0.0, 0.0, 1.0, 0.0, 0.0, 0.0, 0.0, 0.0, 0.0, 0.0, 0.0, 0.0, 0.0, 0.0, 0.0, 0.0, 0.0, 0.0, 0.0, 0.0, 0.0, 1.0, 0.0, 0.0, 0.0, 1.0, 0.0, 0.0, 0.0, 0.0, 0.0, 0.0, 0.0, 0.0, 0.0, 0.0, 0.0, 0.0, 0.0, 0.0, 0.0, 0.0, 0.0, 0.0, 1.0, 0.0, 0.0, 0.0, 1.0, 0.0, 0.0, 0.0, 0.0, 0.0, 0.0, 0.0, 0.0, 0.0, 0.0, 0.0, 0.0, 0.0, 0.0, 0.0, 0.0, 0.0, 0.0, 1.0, 0.0, 0.0, 0.0, 1.0, 0.0, 0.0, 0.0, 0.0, 0.0, 0.0, 0.0, 0.0, 0.0, 0.0, 0.0, 0.0, 0.0, 0.0, 0.0, 0.0, 0.0, 0.0, 0.0, 0.0, 0.0, 0.0, 0.0, 0.0, -0.0, 0.0, 0.0, 0.0, 0.0, 0.0, 0.0, 0.0, 0.0, 0.0, 0.0, 0.0, 0.0, 0.0, 0.0, 0.0, 0.0, 0.0, 0.0, 0.0, 0.0, 0.0, 0.0, 0.0, 0.0, 0.0, 0.0, 0.0, 0.0, 0.0, 0.0, 0.0, 0.0, 0.0, 0.0, 0.0, 0.0, 0.0, 0.0, 0.0, 0.0, 0.0, 0.0, 0.0, 0.0, 0.0, 0.0, 0.0, 0.0, 0.0, 0.0, 0.0, 0.0, 0.0, 0.0, 0.0, 0.0, 0.0, 0.0, 0.0, 0.0, 0.0, 0.0, 0.0, 0.0, 0.0, 0.0, 0.0, 0.0, 0.0, 0.0, 0.0, 0.0, 0.0, 0.0, 0.0, 0.0, 0.0, 0.0, 0.0, 0.0, 0.0, 0.0, 0.0, 0.0, 0.0, 0.0, 0.0, 0.0, 0.0, 0.0, 0.0, 0.0, 0.0, 0.0, 0.0, 0.0, 0.0, 0.0, 0.0, 0.0, 0.0, 0.0, 0.0, 0.0, 0.0, 0.0, 0.0, 0.0, 0.0, 0.0, 0.0, 0.0, 0.0, 0.0, 0.0, 0.0, 0.0, 0.0, 0.0, 0.0, 0.0, 0.0, 0.0, 0.0, 0.0, 0.0, 0.0, 0.0, 0.0, 0.0, 0.0, 0.0, 0.0, 0.0, 0.0, 0.0, 0.0, 0.0, 0.0, 0.0, 0.0, 0.0, 0.0, 0.0, 0.0, 0.0, 0.0, 0.0, 0.0, 0.0, 0.0, 0.0, 0.0, 0.0, 0.0, 0.0, 0.0, 0.0, 0.0, 0.0, 0.0, 0.0, 0.0, 0.0, 0.0, 0.0, 0.0, 0.0, 0.0, 0.0, 0.0, 0.0, 0.0, 0.0, 0.0, 0.0, 0.0, 0.0, 0.0, 0.0, 0.0, 0.0, 0.0, -0.0, 0.0, 0.0, 0.0, 0.0, 0.0, 0.0, 0.0, 0.0, 0.0, 0.0, 0.0, 0.0, 0.0, 0.0, 0.0, 0.0, 0.0, 0.0, 0.0, 0.0, 0.0, 0.0, -0.0, 0.0, 0.0, 0.0, 0.0, 0.0, 0.0, 0.0, 0.0, 0.0, 0.0, 0.0, 0.0, 0.0, 0.0, 0.0, 0.0, 0.0, 0.0, 0.0, 0.0, -0.0, 0.0, -0.0, 0.0, 0.0, 0.0, 0.0, 0.0, 0.0, 0.0, 0.0, 0.0, 0.0, 0.0, 0.0, 0.0, 0.0, 0.0, 0.0, 0.0, 0.0, 0.0, 0.0, 0.0, 0.0, -0.0, 0.0, 0.0, 0.0, 0.0, 0.0, 0.0, 0.0, 0.0, 0.0, 0.0, 0.0, 0.0, 0.0, 0.0, 0.0, 0.0, 0.0, 0.0, 0.0, 0.0, 0.0, 0.0, 0.0, 0.0, 0.0, 0.0, 0.0, 0.0, 0.0, 0.0, 0.0, 0.0, 0.0, 0.0, 0.0, 0.0, 0.0, 0.0, 0.0, 0.0, 0.0, 0.0, 0.0, 0.0, 0.0, 0.0, 0.0, 0.0, 0.0, 0.0, 0.0, 0.0, 0.0, 0.0, 0.0, 0.0, 0.0, 0.0, 0.0, 0.0, 0.0, 0.0, 0.0, 0.0, 0.0, 0.0, 0.0, 0.0, 0.0, 0.0, 0.0, 0.0, 0.0, 0.0, 0.0, 0.0, 0.0, 0.0, 0.0, 0.0, 0.0, 0.0, 0.0, 0.0, 0.0, 0.0, 0.0, 0.0, 0.0, 0.0, 0.0, 0.0, 0.0, 0.0, 0.0, 0.0, 0.0, 0.0, 0.0, 0.0, 0.0, 0.0, 0.0, 0.0, 0.0, 0.0, 0.0, 0.0, 0.0, 0.0, 0.0, 0.0, 0.0, 0.0, 0.0, 0.0, 0.0, 0.0, 0.0, 0.0, 0.0, 0.0, 0.0, 0.0, 0.0, 0.0, 0.0, 0.0, 0.0, 0.0, 0.0, 0.0, 0.0, 0.0, 0.0, 0.0, 0.0, 0.0, 0.0, 0.0, 0.0, 0.0, 0.0, 0.0, 0.0, 0.0, 0.0, 0.0, 0.0, 0.0, 0.0, 0.0, 0.0, 0.0, 0.0, 0.0, 0.0, 0.0, 0.0, 0.0, -0.0, 0.0, 0.0, 0.0, 0.0, 0.0, 0.0, 0.0, 0.0, 0.0, 0.0, 0.0, 0.0, 0.0, 0.0, 0.0, 0.0, 0.0, 0.0, 0.0, 0.0, 0.0, 0.0, -0.0, 0.0, 0.0, 0.0, 0.0, 0.0, 0.0, 0.0, 0.0, 0.0, 0.0, 0.0, 0.0, 0.0, 0.0, 0.0, 0.0, 0.0, 0.0, 0.0, 0.0, 1.0, 0.0, -0.0, 0.0, 0.0, 0.0, 0.0, 0.0, 0.0, 0.0, 0.0, 0.0, 0.0, 0.0, 0.0, 0.0, 0.0, 0.0, 0.0, 0.0, 0.0, 0.0, 0.0, 1.0, 0.0, -0.0, 0.0, 0.0, 0.0, 0.0, 0.0, 0.0, 0.0, 0.0, 0.0, 0.0, 0.0, 0.0, 0.0, 0.0, 0.0, 0.0, 0.0, 0.0, 0.0, 0.0, 1.0, 0.0, -0.0, 0.0, 0.0, 0.0, 0.0, 0.0, 0.0, 0.0, 0.0, 0.0, 0.0, 0.0, 0.0, 0.0, 0.0, 0.0, 0.0, 0.0, 0.0, 0.0, 0.0, 1.0, 0.0, -0.0, 0.0, 0.0, 0.0, 0.0, 0.0, 0.0, 0.0, 0.0, 0.0, 0.0, 0.0, 0.0, 0.0, 0.0, 0.0, 0.0, 0.0, 0.0, 0.0, 0.0, 0.0, 0.0, -0.0, 0.0, 0.0, 0.0, 0.0, 0.0, 0.0, 0.0, 0.0, 0.0, 0.0, 0.0, 0.0, 0.0, 0.0, 0.0, 0.0, 0.0, 0.0, 0.0, 0.0, 0.0, 0.0, -0.0, 0.0, 0.0, 0.0, 0.0, 0.0, 0.0, 0.0, 0.0, 0.0, 0.0, 0.0, 0.0, 0.0, 0.0, 0.0, 0.0, 0.0, 0.0, 0.0, 0.0, 0.0, 0.0, 0.0, 0.0, 0.0, 0.0, 0.0, 0.0, 0.0, 0.0, 0.0, 0.0, 0.0, 0.0, 0.0, 0.0, 0.0, 0.0, 0.0, 0.0, 0.0, 0.0, 0.0, 0.0, 0.0, 0.0, 0.0, 0.0, 0.0, 0.0, 0.0, 0.0, 0.0, 0.0, 0.0, 0.0, 0.0, 0.0, 0.0, 0.0, 0.0, 0.0, 0.0, 0.0, 0.0, 0.0, 0.0, 0.0, 0.0, 0.0, 0.0, 0.0, 0.0, 0.0, 0.0, 0.0, 0.0, 0.0, 0.0, 0.0, 0.0, 0.0, 0.0, 0.0, 0.0, 0.0, 0.0, 0.0, 0.0, -2.6563932752811946e-11, 0.0, 0.0, 0.0, 0.0, 0.0, 0.0, 0.0, 0.0, 0.0, 0.0, 0.0, 0.0, 0.0, 0.0, 0.0, 0.0, 0.0, 0.0, 0.0, 0.0, 0.0, 0.0, -2.6563932752811946e-11, 0.0, 0.0, 0.0, 0.0, 0.0, 0.0, 0.0, 0.0, 0.0, 0.0, 0.0, 0.0, 0.0, 0.0, 0.0, 0.0, 0.0, 0.0, 0.0, 0.0, 0.0, 0.0, -2.6563932752811946e-11, 0.0, 0.0, 0.0, 0.0, 0.0, 0.0, 0.0, 0.0, 0.0, 0.0, 0.0, 0.0, 0.0, 0.0, 0.0, 0.0, 0.0, 0.0, 0.0, 0.0, 0.0, 0.0, -2.6563932752811946e-11, 0.0, 1.0, 0.0, 0.0, 0.0, 0.0, 0.0, 0.0, 0.0, 0.0, 0.0, 0.0, 0.0, 0.0, 0.0, 0.0, 0.0, 0.0, 0.0, 0.0, 0.0, 0.0, -2.656393275281195e-11, 0.0, 1.0, 0.0, 0.0, 0.0, 0.0, 0.0, 0.0, 0.0, 0.0, 0.0, 0.0, 0.0, 0.0, 0.0, 0.0, 0.0, 0.0, 0.0, 0.0, 0.0, 0.0, -0.0, 0.0, 1.0, 0.0, 0.0, 0.0, 0.0, 0.0, 0.0, 0.0, 0.0, 0.0, 0.0, 0.0, 0.0, 0.0, 0.0, 0.0, 0.0, 0.0, 0.0, 0.0, 0.0, 0.0, 0.0, 1.0, 0.0, 0.0, 0.0, 0.0, 0.0, 0.0, 0.0, 0.0, 0.0, 0.0, 0.0, 0.0, 0.0, 0.0, 0.0, 0.0, 0.0, 0.0, 0.0, 0.0, 0.0, 0.0, 1.0, 0.0, 0.0, 0.0, 0.0, 0.0, 0.0, 0.0, 0.0, 0.0, 0.0, 0.0, 0.0, 0.0, 0.0, 0.0, 0.0, 0.0, 0.0, 0.0, 0.0, 0.0, 0.0, 1.0, 0.0, 0.0, 0.0, 0.0, 0.0, 0.0, 0.0, 0.0, 0.0, 0.0, 0.0, 0.0, 0.0, 0.0, 0.0, 0.0, 0.0, 0.0, 0.0, 0.0, 0.0, 0.0, 1.0, 0.0, 0.0, 0.0, 0.0, 0.0, 0.0, 0.0, 0.0, 0.0, 0.0, 0.0, 0.0, 0.0, 0.0, 0.0, 0.0, 0.0, 0.0, 0.0, 0.0, 0.0, 0.0, 1.0, 0.0, 0.0, 0.0, 0.0, 0.0, 0.0, 0.0, 0.0, 0.0, 0.0, 0.0, 0.0, 0.0, 0.0, 0.0, 0.0, 0.0, 0.0, 0.0, 0.0, 0.0, 0.0, 0.0, 0.0, 0.0, 0.0, 0.0, 0.0, 0.0, 0.0, 0.0, 0.0, 0.0, 0.0, 0.0, 0.0, 0.0, 0.0, 0.0, 0.0, 0.0, 0.0, 0.0, 0.0, 0.0, 0.0, 0.0, 0.0, 0.0, 0.0, 0.0, 0.0, 0.0, 0.0, 0.0, 0.0, 0.0, 0.0, 0.0, 0.0, 0.0, 0.0, 0.0, 0.0, 0.0, 0.0, 0.0, 0.0, 0.0, 0.0, 0.0, 0.0, 0.0, 0.0, 0.0, 0.0, 0.0, 0.0, 0.0, 0.0, 0.0, 0.0, 0.0, 0.0, 0.0, 0.0, 0.0, 0.0, 0.0, 0.0, 0.0, 0.0, 0.0, 0.0, 0.0, 0.0, 0.0, 0.0, 0.0, 0.0, 0.0, 0.0, 0.0, 0.0, 0.0, 0.0, 0.0, 0.0, 0.0, 0.0, 0.0, 0.0, 0.0, 0.0, 0.0, 0.0, 0.0, 0.0, 0.0, 0.0, 0.0, 0.0, 0.0, 0.0, 0.0, 0.0, 0.0, 0.0, 0.0, 0.0, 0.0, 0.0, 0.0, 0.0, 0.0, 0.0, 0.0, 0.0, 0.0, 0.0, 0.0, 0.0, 0.0, 0.0, 0.0, 0.0, 0.0, 0.0, 0.0, 0.0, 0.0, 0.0, 0.0, 0.0, 0.0, 0.0, 0.0, 0.0, 0.0, 0.0, 0.0, 0.0, 0.0, 0.0, 0.0, 0.0, 0.0, 0.0, 0.0, 0.0, 0.0, 0.0, 0.0, 0.0, 0.0, 0.0, 0.0, 0.0, 0.0, 0.0, 0.0, 0.0, 0.0, -0.0, 0.0, 0.0, 0.0, 0.0, 0.0, 0.0, 0.0, 0.0, 0.0, 0.0, 0.0, 0.0, 0.0, 0.0, 0.0, 0.0, 0.0, 0.0, 0.0, 0.0, 0.0, 0.0, 0.0, 0.0, 0.0, 0.0, 0.0, 0.0, 0.0, 0.0, 0.0, 0.0, 0.0, 0.0, 0.0, 0.0, 0.0, 0.0, 0.0, 0.0, 0.0, 0.0, 0.0, 0.0, 0.0, 0.0, 0.0, 0.0, 0.0, 0.0, 0.0, 0.0, 0.0, 0.0, 0.0, 0.0, 0.0, 0.0, 0.0, 0.0, 0.0, 0.0, 0.0, 0.0, 0.0, 0.0, 0.0, 0.0, 0.0, 0.0, 0.0, 0.0, 0.0, 0.0, 0.0, 0.0, 0.0, 0.0, 0.0, 0.0, 0.0, 0.0, 0.0, 0.0, 0.0, 0.0, 0.0, 0.0, 0.0, 0.0, 0.0, 0.0, 0.0, 0.0, 0.0, 0.0, 0.0, 0.0, 0.0, 0.0, 0.0, 0.0, 0.0, 0.0, 0.0, 0.0, 0.0, 0.0, 0.0, 0.0, 0.0, 0.0, 0.0, 0.0, 0.0, 0.0, 0.0, 0.0, 0.0, 0.0, 0.0, 0.0, 0.0, 0.0, 0.0, 0.0, 0.0, 0.0, 0.0, 0.0, 0.0, 0.0, 0.0, 0.0, 0.0, 0.0, 0.0, 0.0, 0.0, 0.0, 0.0, 0.0, 0.0, 0.0, 0.0, 0.0, 0.0, 0.0, 0.0, 0.0, 0.0, 0.0, 0.0, 0.0, 0.0, 0.0, 0.0, 0.0, 0.0, 0.0, 0.0, 0.0, 0.0, 0.0, 0.0, 0.0, 0.0, 0.0, 0.0, 0.0, 0.0, 0.0, 0.0, 0.0, 0.0, 0.0, 0.0, 0.0, 0.0, 0.0, 0.0, 0.0, 0.0, 0.0, 0.0, 0.0, 0.0, 0.0, 0.0, 0.0, 0.0, 0.0, 0.0, 0.0, 0.0, 0.0, 0.0, 0.0, 0.0, 0.0, 0.0, 0.0, 0.0, 0.0, 0.0, 0.0, 0.0, 0.0, 0.0, 0.0, 0.0, 0.0, 0.0, 0.0, 0.0, 0.0, 0.0, 0.0, 0.0, 0.0, 0.0, 0.0, 0.0, 0.0, 0.0, 0.0, 0.0, 0.0, 0.0, 0.0, 0.0, 0.0, 0.0, 0.0, 0.0, 0.0, 0.0, 0.0, 0.0, 0.0, 0.0, 0.0, 0.0, 0.0, 0.0, 0.0, 0.0, 0.0, 0.0, 0.0, 0.0, 0.0, 0.0, 0.0, 0.0, 0.0, 0.0, 0.0, 0.0, 0.0, 0.0, 0.0, 0.0, 0.0, 0.0, 0.0, 0.0, 0.0, 0.0, 0.0, 0.0, 0.0, 0.0, 0.0, 0.0, 0.0, 0.0, 0.0, 0.0, 0.0, 0.0, 0.0, 0.0, 0.0, 0.0, 0.0, 0.0, 0.0, 0.0, 0.0, 0.0, 0.0, 0.0, 0.0, 0.0, 0.0, 0.0, 0.0, 0.0, 0.0, 0.0, 0.0, 0.0, 0.0, 0.0, 0.0, 0.0, 0.0, 0.0, 0.0, 0.0, 0.0, 0.0, 0.0, 0.0, 0.0, 0.0, 0.0, 0.0, 0.0, 0.0, 0.0, 0.0, 0.0, 0.0, 0.0, 0.0, 0.0, 0.0, 0.0, 0.0, 0.0, 0.0, 0.0, 0.0, 0.0, 0.0, 0.0, 0.0, 0.0, 0.0, 0.0, 0.0, 0.0, 0.0, 0.0, 0.0, 0.0, 0.0, 0.0, 0.0, 0.0, 0.0, 0.0, 0.0, 0.0, 0.0, 0.0, 0.0, 0.0, 0.0, 0.0, 0.0, 0.0, 0.0, 0.0, 0.0, 0.0, 0.0, 0.0, 0.0, 0.0, 0.0, 0.0, 0.0, 0.0, 0.0, 0.0, 0.0, 0.0, 0.0, 0.0, 0.0, 0.0, 0.0, 0.0, 0.0, 0.0, 0.0, 0.0, 0.0, 0.0, 0.0, 0.0, 0.0, 0.0, 0.0, 0.0, 0.0, 0.0, 0.0, 0.0, 0.0, 0.0, 0.0, 0.0, 0.0, 0.0, 0.0, 0.0, 0.0, 0.0, 0.0, 0.0, 0.0, 0.0, 0.0, 0.0, 0.0, 0.0, 0.0, 0.0, 0.0, 0.0, 0.0, 0.0, 0.0, 0.0, 0.0, 0.0, 0.0, 0.0, 0.0, 0.0, 0.0, 0.0, 0.0, 0.0, 0.0, 0.0, 0.0, 0.0, 0.0, 0.0, 0.0, 0.0, 0.0, 0.0, 0.0, 0.0, 0.0, 0.0, 0.0, 0.0, 0.0, 0.0, 0.0, 0.0, 0.0, 0.0, 0.0, 0.0, 0.0, 0.0, 0.0, 0.0, 0.0, 0.0, 0.0, 0.0, 0.0, 0.0, 0.0, 0.0, 0.0, 0.0, 0.0, 0.0, 0.0, 0.0, 0.0, 0.0, 0.0, 0.0, 0.0, 0.0, 0.0, 0.0, 0.0, 0.0, 0.0, 0.0, 0.0, 0.0, 0.0, 0.0, 0.0, 0.0, 0.0, 0.0, 0.0, 0.0, 0.0, 0.0, 0.0, 0.0, 0.0, 0.0, 0.0, 0.0, 0.0, 0.0, 0.0, 0.0, 0.0, 0.0, 0.0, 0.0, 0.0, 0.0, 0.0, 0.0, 0.0, 0.0, 0.0, 0.0, 0.0, 0.0, 0.0, 0.0, 0.0, 0.0, 0.0, 0.0, 0.0, 0.0, 0.0, 0.0, 0.0, 0.0, 0.0, 0.0, 0.0, 0.0, 0.0, 0.0, 0.0, 0.0, 0.0, 0.0, 0.0, 0.0, 0.0, 0.0, 0.0, 0.0, 0.0, 0.0, 0.0, 0.0, 0.0, 0.0, 0.0, 0.0, 0.0, 0.0, 0.0, 0.0, 0.0, 0.0, 0.0, 0.0, 0.0, 0.0, 0.0, 0.0, 0.0, 0.0, 0.0, 0.0, 0.0, 0.0, 0.0, 0.0, 0.0, 0.0, 0.0, 0.0, 0.0, 0.0, 0.0, 0.0, 0.0, 0.0, 0.0, 0.0, 0.0, 0.0, 0.0, 0.0, 0.0, 0.0, 0.0, 0.0, 0.0, 0.0, 0.0, 0.0, 0.0, 0.0, 0.0, 0.0, 0.0, 0.0, 0.0, 0.0, 0.0, 0.0, 0.0, 0.0, 0.0, 0.0, 0.0, 0.0, 0.0, 0.0, 0.0, 0.0, 0.0, 0.0, 0.0, 0.0, 0.0, 0.0, 0.0, 0.0, 0.0, 0.0, 0.0, 0.0, 0.0, 0.0, 0.0, 0.0, 0.0, 0.0, 0.0, 0.0, 0.0, 0.0, 0.0, 0.0, 0.0, 0.0, 0.0, 0.0, 0.0, 0.0, 0.0, 0.0, 0.0, 0.0, 0.0, 0.0, 0.0, 0.0, 0.0, 0.0, 0.0, 0.0, 0.0, 0.0, 0.0, 0.0, 0.0, 0.0, 0.0, 0.0, 0.0, 0.0, 0.0, 0.0, 0.0, 0.0, 0.0, 0.0, 0.0, 0.0, 0.0, 0.0, 0.0, 0.0, 0.0, 0.0, 0.0, 0.0, 0.0, 0.0, 0.0, 0.0, 0.0, 0.0, 0.0, 0.0, 0.0, 0.0, 0.0, 0.0, 0.0, 0.0, 0.0, 0.0, 0.0, 0.0, 0.0, 0.0, 0.0, 0.0, 0.0, 0.0, 0.0, 0.0, 0.0, 0.0, 0.0, 0.0, 0.0, 0.0, 0.0, 0.0, 0.0, 0.0, 0.0, 0.0, 0.0, 0.0, 0.0, 0.0, 0.0, 0.0, 0.0, 0.0, 0.0, 0.0, 0.0, 0.0, 0.0, 0.0, 0.0, 0.0, 0.0, 0.0, 0.0, 0.0, 0.0, 0.0, 0.0, 0.0, 0.0, 0.0, 0.0, 0.0, 0.0, 0.0, 0.0, 0.0, 0.0, 0.0, 0.0, 0.0, 0.0, 0.0, 0.0, 0.0, 0.0, 0.0, 0.0, 0.0, 0.0, 0.0, 0.0, 0.0, 0.0, 0.0, 0.0, 0.0, 0.0, 0.0, 0.0, 0.0, 0.0, 0.0, 0.0, 0.0, 0.0, 0.0, 0.0, 0.0, 0.0, 0.0, 0.0, 0.0, 0.0, 0.0, 0.0, 0.0, 0.0, 0.0, 0.0, 0.0, 0.0, 0.0, 0.0, 0.0, 0.0, 0.0, 0.0, 0.0, 0.0, 0.0, 0.0, 0.0, 0.0, 0.0, 0.0, 0.0, 0.0, 0.0, 0.0, 0.0, 0.0, 0.0, 0.0, 0.0, 0.0, 0.0, 0.0, 0.0, 0.0, 0.0, 0.0, 0.0, 0.0, 0.0, 0.0, 0.0, 0.0, 0.0, 0.0, 0.0, 0.0, 0.0, 0.0, 0.0, 0.0, 0.0, 0.0, 0.0, 0.0, 0.0, 0.0, 0.0, 0.0, 0.0, 0.0, 0.0, 0.0, 0.0, 0.0, 0.0, 0.0, 0.0, 0.0, -0.0, 0.0, 0.0, 0.0, 0.0, 0.0, 0.0, 0.0, 0.0, 0.0, 0.0, 0.0, 0.0, 0.0, 0.0, 0.0, 0.0, 0.0, 0.0, 0.0, 0.0, 0.0, 0.0, 0.0, 0.0, 0.0, 0.0, 0.0, 0.0, 0.0, 0.0, 0.0, 0.0, 0.0, 0.0, 0.0, 0.0, 0.0, 0.0, 0.0, 0.0, 0.0, 0.0, 0.0, 0.0, 0.0, 0.0, 0.0, 0.0, 0.0, 0.0, 0.0, 0.0, 0.0, 0.0, 0.0, 0.0, 0.0, 0.0, 0.0, 0.0, 0.0, 0.0, 0.0, 0.0, 0.0, 0.0, 0.0, 0.0, -0.0, 0.0, 0.0, 0.0, 0.0, 0.0, 0.0, 0.0, 0.0, 0.0, 0.0, 0.0, 0.0, 0.0, 0.0, 0.0, 0.0, 0.0, 0.0, 0.0, 0.0, 0.0, 0.0, 0.0, 0.0, 0.0, 0.0, 0.0, 0.0, 0.0, 0.0, 0.0, 0.0, 0.0, 0.0, 0.0, 0.0, 0.0, 0.0, 0.0, 0.0, 0.0, 0.0, 0.0, 0.0, 0.0, 0.0, 0.0, 0.0, 0.0, 0.0, 0.0, 0.0, 0.0, 0.0, 0.0, 0.0, 0.0, 0.0, 0.0, 0.0, 0.0, 0.0, 0.0, 0.0, 0.0, 0.0, 0.0, 0.0, 0.0, 0.0, 0.0, 0.0, 0.0, 0.0, 0.0, 0.0, 0.0, 0.0, 0.0, 0.0, 0.0, 0.0, 0.0, 0.0, 0.0, 0.0, 0.0, 0.0, 0.0, 0.0, 0.0, 0.0, 0.0, 0.0, 0.0, 0.0, 0.0, 0.0, 0.0, 0.0, 0.0, 0.0, 0.0, 0.0, 0.0, 0.0, 0.0, 0.0, 0.0, 0.0, 0.0, 0.0, 0.0, 0.0, 0.0, 0.0, 0.0, 0.0, 0.0, 0.0, 0.0, 0.0, 0.0, 0.0, 0.0, 0.0, 0.0, 0.0, 0.0, 0.0, 0.0, 0.0, 0.0, 0.0, 0.0, 0.0, 0.0, 0.0, 0.0, 0.0, 0.0, 0.0, 0.0, 0.0, 0.0, 0.0, 0.0, 0.0, 0.0, 0.0, 0.0, 0.0, 0.0, 0.0, 0.0, 0.0, 0.0, 0.0, 0.0, 0.0, 0.0, 0.0, 0.0, 0.0, 0.0, 0.0, 0.0, 0.0, 0.0, 0.0, 0.0, 0.0, 0.0, 0.0, 0.0, 0.0, 0.0, 0.0, 0.0, 0.0, 0.0, 0.0, 0.0, 0.0, 0.0, 0.0, 0.0, 0.0, 0.0, 0.0, 0.0, 0.0, 0.0, 0.0, 0.0, 0.0, 0.0, 0.0, 0.0, 0.0, 0.0, 0.0, 0.0, 0.0, 0.0, 0.0, 0.0, 0.0, 0.0, 0.0, 0.0, 0.0, 0.0, 0.0, 0.0, 0.0, 0.0, 0.0, 0.0, 0.0, 0.0, 0.0, 0.0, 0.0, 0.0, 0.0, 0.0, 0.0, 0.0, 0.0, 0.0, 0.0, 0.0, 0.0, 0.0, 0.0, 0.0, 0.0, 0.0, 0.0, 0.0, 0.0, 0.0, 0.0, 0.0, 0.0, 0.0, 0.0, 0.0, 0.0, 0.0, 0.0, 0.0, 0.0, 0.0, 0.0, 0.0, 0.0, 0.0, 0.0, 0.0, 0.0, 0.0, 0.0, 0.0, 0.0, 0.0, 0.0, 0.0, 0.0, 0.0, 0.0, 0.0, 0.0, 0.0, 0.0, 0.0, 0.0, 0.0, 0.0, 0.0, 0.0, 0.0, 0.0, 0.0, 0.0, 0.0, 0.0, 0.0, 0.0, 0.0, 0.0, 0.0, 0.0, 0.0, 0.0, 0.0, 0.0, 0.0, 0.0, 0.0, 0.0, 0.0, 0.0, 0.0, 0.0, 0.0, 0.0, 0.0, 0.0, 0.0, 0.0, 0.0, 0.0, 0.0, 0.0, 0.0, 0.0, 0.0, 0.0, 0.0, 0.0, 0.0, 0.0, 0.0, 0.0, 0.0, 0.0, 0.0, 0.0, 0.0, 0.0, 0.0, 0.0, 0.0, 0.0, 0.0, 0.0, 0.0, 0.0, 0.0, 0.0, 0.0, 0.0, 0.0, 0.0, 0.0, 0.0, 0.0, 0.0, 0.0, 0.0, 0.0, 0.0, 0.0, 0.0, 0.0, 0.0, 0.0, 0.0, 0.0, 0.0, 0.0, 0.0, 0.0, 0.0, 0.0, 0.0, 0.0, 0.0, 0.0, 0.0, 0.0, 0.0, 0.0, 0.0, 0.0, 0.0, 0.0, 0.0, 0.0, 0.0, 0.0, 0.0, 0.0, 0.0, 0.0, 0.0, 0.0, 0.0, 0.0, 0.0, 0.0, 0.0, 0.0, 0.0, 0.0, 0.0, 0.0, 0.0, 0.0, 0.0, 0.0, 0.0, 0.0, 0.0, 0.0, 0.0, 0.0, 0.0, 0.0, 0.0, 0.0, 0.0, 0.0, 0.0, 0.0, 0.0, 0.0, 0.0, 0.0, 0.0, 0.0, 0.0, 0.0, 0.0, 0.0, 0.0, 0.0, 0.0, 0.0, 0.0, 0.0, 0.0, 0.0, 0.0, 0.0, 0.0, 0.0, 0.0, 0.0, 0.0, 0.0, 0.0, 0.0, 0.0, 0.0, 0.0, 0.0, 0.0, 0.0, 0.0, 0.0, 0.0, 0.0, 0.0, 0.0, 0.0, 0.0, 0.0, 0.0, 0.0, 0.0, 0.0, 0.0, 0.0, 0.0, 0.0, 0.0, 0.0, 0.0, 0.0, 0.0, 0.0, 0.0, 0.0, 0.0, 0.0, 0.0, 0.0, 0.0, 0.0, 0.0, 0.0, 0.0, 0.0, 0.0, 0.0, 0.0, 0.0, 0.0, 0.0, 0.0, 0.0, 0.0, 0.0, 0.0, 0.0, 0.0, 0.0, 0.0, 0.0, 0.0, -0.0, 0.0, 0.0, 0.0, 0.0, 0.0, 0.0, 0.0, 0.0, 0.0, 0.0, 0.0, 0.0, 0.0, 0.0, 0.0, 0.0, 0.0, 0.0, 0.0, 0.0, 0.0, 0.0, 0.0, 0.0, 0.0, 0.0, 0.0, 0.0, 0.0, 0.0, 0.0, 0.0, 0.0, 0.0, 0.0, 0.0, 0.0, 0.0, 0.0, 0.0, 0.0]"
FOM_Wind,29772.059154319213
TES_LCOE_Revenue,0
upgrade_cost,0.0
