first,second
Q_TES_heater_peak,474.7952025414198
q_turbind_dispatch,0.0
subsidy,0.0
TES_LCOE_Capex,0.07118165544236431
lifetime,25.0
Q_ind,0.0
CAPEX_TES_HEN,10751.438535878058
P_coldpump,215.57627218973101
TES_LCOE_Charge,0.1286305688362994
flowSalt_charge_peak,1.0987577583574466
TES_fom_yr,6946.407233364936
Li_net_charge_t,"[500.0, 0.0, 0.0, 0.0, 0.0, 0.0, 0.0, 0.0, 0.0, 0.0, 0.0, 500.0, 0.0, 0.0, 0.0, 0.0, 500.0, 500.0, 500.0, 0.0, 0.0, 0.0, 0.0, 500.0, 0.0, 0.0, 0.0, 0.0, 0.0, 54.01662049861491, 0.0, 0.0, 0.0, 500.0, 500.0, 0.0, 0.0, 0.0, 0.0, 500.0, 500.0, 500.0, 0.0, 0.0, 0.0, 0.0, 500.0, 0.0, 0.0, 0.0, 0.0, 0.0, 500.0, 0.0, 0.0, 0.0, 500.0, 500.0, 0.0, 0.0, 0.0, 500.0, 500.0, 500.0, 486.1495844875342, 0.0, 0.0, 0.0, 0.0, 500.0, 0.0, 0.0, 0.0, 0.0, 0.0, 0.0, 0.0, 0.0, 0.0, 500.0, 500.0, 0.0, 0.0, 0.0, 500.0, 432.1329639889193, 500.0, 0.0, 0.0, 0.0, 0.0, 0.0, 500.0, 0.0, 0.0, 0.0, 0.0, 0.0, 0.0, 0.0, 0.0, 0.0, 0.0, 500.0, 0.0, 0.0, 0.0, 500.0, 0.0, 500.0, 500.0, 0.0, 0.0, 0.0, 0.0, 500.0, 500.0, 0.0, 0.0, 0.0, 0.0, 0.0, 0.0, 0.0, 0.0, 40.16620498614908, 500.0, 0.0, 0.0, 0.0, 500.0, 0.0, 500.0, 0.0, 0.0, 0.0, 0.0, 0.0, 500.0, 500.0, 0.0, 0.0, 0.0, 0.0, 0.0, 0.0, 0.0, 0.0, 500.0, 500.0, 0.0, 378.11634349030436, 0.0, 500.0, 0.0, 500.0, 500.0, 0.0, 0.0, 0.0, 0.0, 0.0, 500.0, 0.0, 0.0, 0.0, 0.0, 500.0, 0.0, 0.0, 378.11634349030436, 500.0, 0.0, 0.0, 500.0, 0.0, 0.0, 0.0, 378.11634349030436, 500.0, 0.0, 0.0, 0.0, 0.0, 500.0, 500.0, 500.0, 500.0, 0.0, 0.0, 500.0, 500.0, 0.0, 500.0, 0.0, 0.0, 0.0, 500.0, 0.0, 0.0, 0.0, 0.0, 0.0, 500.0, 0.0, 0.0, 500.0, 0.0, 0.0, 500.0, 500.0, 500.0, 0.0, 500.0, 500.0, 0.0, 500.0, 0.0, 0.0, 0.0, 500.0, 0.0, 0.0, 0.0, 0.0, 0.0, 500.0, 0.0, 0.0, 500.0, 0.0, 0.0, 500.0, 500.0, 500.0, 0.0, 500.0, 500.0, 378.11634349030436, 500.0, 0.0, 0.0, 0.0, 500.0, 0.0, 0.0, 500.0, 0.0, 0.0, 500.0, 500.0, 0.0, 500.0, 0.0, 0.0, 500.0, 500.0, 500.0, 0.0, 500.0, 500.0, 500.0, 500.0, 0.0, 0.0, 0.0, 500.0, 0.0, 0.0, 500.0, 0.0, 0.0, 500.0, 500.0, 0.0, 500.0, 0.0, 0.0, 500.0, 500.0, 500.0, 0.0, 0.0, 500.0, 500.0, 500.0, 0.0, 0.0, 0.0, 500.0, 0.0, 0.0, 500.0, 0.0, 0.0, 500.0, 500.0, 0.0, 500.0, 0.0, 0.0, 500.0, 500.0, 500.0, 54.01662049861491, 500.0, 500.0, 500.0, 500.0, 0.0, 0.0, 0.0, 500.0, 0.0, 0.0, 500.0, 0.0, 0.0, 500.0, 500.0, 0.0, 500.0, 0.0, 0.0, 500.0, 500.0, 500.0, 500.0, 0.0, 500.0, 500.0, 500.0, 0.0, 0.0, 0.0, 0.0, 0.0, 0.0, 500.0, 0.0, 0.0, 500.0, 378.11634349030436, 0.0, 500.0, 0.0, 0.0, 378.11634349030436, 378.11634349030436, 0.0, 0.0, 500.0, 378.11634349030436, 500.0, 0.0, 0.0, 432.1329639889193, 0.0, 0.0, 0.0, 0.0, 0.0, 0.0, 0.0, 378.11634349030436, 500.0, 500.0, 378.11634349030436, 0.0, 0.0, 0.0, 0.0, 0.0, 0.0, 500.0, 0.0, 500.0, 0.0, 500.0, 500.0, 0.0, 0.0, 0.0, 0.0, 0.0, 0.0, 0.0, 0.0, 500.0, 500.0, 0.0, 500.0, 0.0, 0.0, 0.0, 0.0, 0.0, 0.0, 0.0, 500.0, 0.0, 0.0, 0.0, 0.0, 0.0, 0.0, 500.0, 0.0, 0.0, 500.0, 0.0, 500.0, 500.0, 0.0, 0.0, 0.0, 0.0, 0.0, 0.0, 0.0, 0.0, 0.0, 0.0, 0.0, 0.0, 0.0, 378.11634349030436, 0.0, 0.0, 500.0, 0.0, 0.0, 500.0, 0.0, 0.0, 0.0, 0.0, 0.0, 0.0, 0.0, 0.0, 0.0, 0.0, 0.0, 0.0, 0.0, 0.0, 0.0, 0.0, 500.0, 0.0, 0.0, 378.11634349030436, 0.0, 0.0, 500.0, 0.0, 0.0, 0.0, 0.0, 0.0, 500.0, 0.0, 0.0, 0.0, 0.0, 0.0, 0.0, 0.0, 0.0, 0.0, 0.0, 500.0, 0.0, 0.0, 500.0, 0.0, 0.0, 500.0, 0.0, 0.0, 500.0, 0.0, 0.0, 500.0, 0.0, 0.0, 0.0, 500.0, 0.0, 0.0, 0.0, 0.0, 500.0, 0.0, 500.0, 0.0, 0.0, 500.0, 0.0, 0.0, 500.0, 0.0, 0.0, 500.0, 0.0, 0.0, 500.0, 0.0, 0.0, 0.0, 500.0, 0.0, 0.0, 0.0, 0.0, 0.0, 0.0, 500.0, 0.0, 0.0, 500.0, 0.0, 0.0, 500.0, 0.0, 0.0, 500.0, 0.0, 0.0, 378.11634349030436, 0.0, 0.0, 0.0, 500.0, 0.0, 0.0, 0.0, 0.0, 0.0, 0.0, 500.0, 0.0, 0.0, 500.0, 0.0, 0.0, 500.0, 0.0, 0.0, 500.0, 0.0, 500.0, 0.0, 500.0, 0.0, 500.0, 500.0, 0.0, 0.0, 500.0, 500.0, 500.0, 0.0, 0.0, 500.0, 0.0, 0.0, 500.0, 500.0, 0.0, 0.0, 0.0, 0.0, 0.0, 500.0, 500.0, 500.0, 0.0, 500.0, 378.11634349030436, 0.0, 0.0, 0.0, 500.0, 0.0, 0.0, 0.0, 500.0, 0.0, 0.0, 500.0, 500.0, 500.0, 0.0, 0.0, 0.0, 0.0, 500.0, 500.0, 500.0, 0.0, 500.0, 500.0, 0.0, 500.0, 0.0, 500.0, 378.11634349030436, 0.0, 0.0, 500.0, 0.0, 0.0, 500.0, 500.0, 0.0, 0.0, 0.0, 0.0, 0.0, 500.0, 500.0, 500.0, 500.0, 500.0, 500.0, 0.0, 0.0, 0.0, 500.0, 0.0, 0.0, 0.0, 500.0, 0.0, 0.0, 500.0, 500.0, 500.0, 0.0, 0.0, 0.0, 0.0, 0.0, 500.0, 500.0, 0.0, 500.0, 0.0, 0.0, 500.0, 0.0, 500.0, 500.0, 0.0, 0.0, 500.0, 0.0, 0.0, 500.0, 500.0, 0.0, 500.0, 0.0, 500.0, 0.0, 0.0, 0.0, 500.0, 0.0, 0.0, 0.0, 0.0, 0.0, 0.0, 500.0, 500.0, 0.0, 0.0, 500.0, 0.0, 0.0, 0.0, 500.0, 0.0, 0.0, 0.0, 0.0, 0.0, 0.0, 0.0, 500.0, 0.0, 0.0, 0.0, 0.0, 0.0, 500.0, 378.11634349030436, 500.0, 0.0, 0.0, 500.0, 0.0, 0.0, 0.0, 500.0, 500.0, 0.0, 0.0, 500.0, 0.0, 500.0, 0.0, 378.11634349030436, 0.0, 0.0, 500.0, 500.0, 0.0, 0.0, 500.0, 500.0, 0.0, 500.0, 0.0, 0.0, 500.0, 0.0, 0.0, 500.0, 0.0, 0.0, 0.0, 0.0, 0.0, 0.0, 0.0, 500.0, 0.0, 0.0, 0.0, 0.0, 0.0, 0.0, 500.0, 0.0, 500.0, 0.0, 378.11634349030436, 0.0, 0.0, 0.0, 500.0, 500.0, 0.0, 0.0, 500.0, 0.0, 0.0, 0.0, 500.0, 0.0, 0.0, 0.0, 0.0, 0.0, 500.0, 500.0, 0.0, 0.0, 432.1329639889193, 500.0, 0.0, 0.0, 0.0, 0.0, 500.0, 500.0, 500.0, 500.0, 500.0, 0.0, 0.0, 500.0, 0.0, 0.0, 0.0, 0.0, 0.0, 0.0, 0.0, 378.11634349030436, 0.0, 500.0, 500.0, 0.0, 0.0, 0.0, 0.0, 500.0, 500.0, 500.0, 500.0, 500.0, 0.0, 0.0, 500.0, 0.0, 0.0, 0.0, 0.0, 0.0, 0.0, 0.0, 500.0, 0.0, 0.0, 500.0, 0.0, 0.0, 0.0, 0.0, 500.0, 500.0, 0.0, 500.0, 500.0, 0.0, 0.0, 500.0, 0.0, 0.0, 0.0, 500.0, 0.0, 0.0, 0.0, 500.0, 0.0, 0.0, 500.0, 0.0, 0.0, 0.0, 0.0, 500.0, 500.0, 0.0, 500.0, 500.0, 0.0, 0.0, 500.0, 0.0, 0.0, 0.0, 500.0, 0.0, 0.0, 500.0, 500.0, 0.0, 0.0, 500.0, 0.0, 0.0, 0.0, 0.0, 500.0, 500.0, 500.0, 500.0, 500.0, 0.0, 0.0, 500.0, 0.0, 0.0, 0.0, 0.0, 0.0, 0.0, 0.0, 500.0, 0.0, 0.0, 500.0, 0.0, 0.0, 0.0, 0.0, 500.0, 500.0, 310.24930747922366, 500.0, 500.0, 0.0, 0.0, 378.11634349030436, 0.0, 0.0, 500.0, 0.0, 0.0, 0.0, 0.0, 500.0, 0.0, 0.0, 500.0, 0.0, 0.0, 0.0, 0.0, 0.0, 378.11634349030436, 500.0, 378.11634349030436, 0.0, 0.0, 500.0, 0.0, 500.0, 0.0, 0.0, 0.0, 0.0, 0.0, 0.0, 500.0, 0.0, 0.0, 0.0, 0.0, 0.0, 0.0, 0.0, 0.0, 500.0, 500.0, 0.0, 500.0, 500.0, 500.0, 0.0, 500.0, 0.0, 378.11634349030436, 0.0, 0.0, 0.0, 0.0, 500.0, 500.0, 0.0, 0.0, 0.0, 500.0, 0.0, 0.0, 0.0, 0.0, 500.0, 0.0, 0.0, 54.01662049861491, 500.0, 0.0, 378.11634349030436, 0.0, 500.0, 0.0, 0.0, 0.0, 0.0, 0.0, 0.0, 0.0, 0.0, 0.0, 500.0, 0.0, 0.0, 0.0, 0.0, 500.0, 0.0, 0.0, 0.0, 500.0, 0.0, 500.0, 0.0, 500.0, 0.0, 0.0, 0.0, 0.0, 0.0, 0.0, 0.0, 0.0, 0.0, 0.0, 0.0, 0.0, 0.0, 0.0, 0.0, 0.0, 0.0, 0.0, 500.0, 0.0, 500.0, 0.0, 500.0, 0.0, 0.0, 0.0, 0.0, 0.0, 0.0, 0.0, 0.0, 0.0, 0.0, 0.0, 0.0, 0.0, 0.0, 0.0, 0.0, 0.0, 0.0, 378.11634349030436, 0.0, 500.0, 500.0, 500.0, 0.0, 0.0, 0.0, 0.0, 0.0, 0.0, 0.0, 0.0, 0.0, 108.03324099722983, 0.0, 0.0, 0.0, 0.0, 0.0, 0.0, 0.0, 378.11634349030436, 0.0, 0.0, 500.0, 500.0, 500.0, 0.0, 0.0, 0.0, 0.0, 0.0, 0.0, 0.0, 0.0, 0.0, 0.0, 0.0, 500.0, 0.0, 0.0, 0.0, 0.0, 0.0, 500.0, 500.0, 0.0, 500.0, 500.0, 500.0, 0.0, 0.0, 500.0, 0.0, 0.0, 0.0, 0.0, 0.0, 0.0, 0.0, 0.0, 0.0, 0.0, 0.0, 0.0, 500.0, 0.0, 500.0, 0.0, 0.0, 0.0, 500.0, 0.0, 0.0, 0.0, 0.0, 0.0, 0.0, 500.0, 486.1495844875342, 0.0, 500.0, 0.0, 0.0, 500.0, 500.0, 500.0, 0.0, 0.0, 54.01662049861491, 500.0, 0.0, 0.0, 0.0, 500.0, 0.0, 0.0, 500.0, 500.0, 216.06648199445965, 0.0, 500.0, 500.0, 0.0, 500.0, 500.0, 0.0, 500.0, 500.0, 500.0, 0.0, 0.0, 0.0, 500.0, 0.0, 0.0, 0.0, 500.0, 0.0, 500.0, 378.11634349030436, 500.0, 500.0, 0.0, 0.0, 0.0, 0.0, 500.0, 500.0, 0.0, 500.0, 500.0, 500.0, 0.0, 0.0, 0.0, 500.0, 0.0, 0.0, 0.0, 500.0, 0.0, 54.01662049861491, 0.0, 500.0, 500.0, 0.0, 0.0, 500.0, 0.0, 500.0, 432.1329639889193, 0.0, 500.0, 500.0, 0.0, 0.0, 0.0, 500.0, 500.0, 0.0, 0.0, 0.0, 378.11634349030436, 0.0, 0.0, 0.0, 500.0, 500.0, 0.0, 0.0, 500.0, 0.0, 500.0, 500.0, 500.0, 500.0, 500.0, 0.0, 0.0, 0.0, 500.0, 500.0, 0.0, 0.0, 0.0, 0.0, 0.0, 0.0, 0.0, 500.0, 500.0, 0.0, 0.0, 500.0, 0.0, 378.11634349030436, 500.0, 500.0, 0.0, 500.0, 500.0, 0.0, 0.0, 500.0, 0.0, 0.0, 0.0, 0.0, 0.0, 0.0, 0.0, 0.0, 500.0, 0.0, 0.0, 0.0, 500.0, 0.0, 500.0, 500.0, 500.0, 0.0, 500.0, 500.0, 500.0, 0.0, 500.0, 0.0, 0.0, 0.0, 0.0, 0.0, 0.0, 0.0, 0.0, 500.0, 0.0, 0.0, 500.0, 0.0, 0.0, 0.0, 500.0, 500.0, 378.11634349030436, 378.11634349030436, 0.0, 500.0, 0.0, 0.0, 0.0, 500.0, 500.0, 0.0, 0.0, 500.0, 500.0, 0.0, 378.11634349030436, 0.0, 500.0, 500.0, 0.0, 0.0, 500.0, 0.0, 0.0, 500.0, 0.0, 0.0, 0.0, 500.0, 0.0, 0.0, 0.0, 500.0, 0.0, 0.0, 500.0, 500.0, 500.0, 0.0, 0.0, 500.0, 0.0, 500.0, 500.0, 0.0, 500.0, 0.0, 0.0, 0.0, 0.0, 0.0, 500.0, 0.0, 0.0, 0.0, 500.0, 0.0, 0.0, 500.0, 500.0, 500.0, 0.0, 0.0, 500.0, 0.0, 500.0, 500.0, 0.0, 0.0, 500.0, 0.0, 0.0, 0.0, 108.03324099722983, 500.0, 500.0, 0.0, 0.0, 500.0, 0.0, 0.0, 324.0997229916895, 500.0, 500.0, 0.0, 0.0, 500.0, 0.0, 500.0, 500.0, 0.0, 500.0, 500.0, 0.0, 0.0, 0.0, 0.0, 500.0, 500.0, 108.03324099722983, 0.0, 500.0, 0.0, 0.0, 0.0, 500.0, 500.0, 0.0, 500.0, 500.0, 0.0, 500.0, 500.0, 0.0, 0.0, 500.0, 0.0, 0.0, 500.0, 0.0, 500.0, 500.0, 500.0, 0.0, 500.0, 54.01662049861491, 0.0, 500.0, 500.0, 500.0, 0.0, 500.0, 500.0, 0.0, 0.0, 500.0, 0.0, 0.0, 378.11634349030436, 0.0, 0.0, 500.0, 0.0, 500.0, 0.0, 500.0, 0.0, 500.0, 500.0, 0.0, 0.0, 500.0, 500.0, 0.0, 0.0, 500.0, 0.0, 0.0, 500.0, 0.0, 0.0, 0.0, 0.0, 0.0, 500.0, 0.0, 500.0, 500.0, 0.0, 0.0, 378.11634349030436, 0.0, 0.0, 500.0, 378.11634349030436, 0.0, 0.0, 0.0, 378.11634349030436, 0.0, 0.0, 500.0, 0.0, 0.0, 0.0, 0.0, 0.0, 0.0, 0.0, 378.11634349030436, 0.0, 0.0, 0.0, 0.0, 40.16620498614908, 0.0, 500.0, 0.0, 0.0, 0.0, 0.0, 0.0, 500.0, 0.0, 378.11634349030436, 0.0, 0.0, 0.0, 0.0, 0.0, 0.0, 0.0, 0.0, 0.0, 0.0, 0.0, 0.0, 500.0, 0.0, 0.0, 0.0, 0.0, 0.0, 500.0, 0.0, 500.0, 0.0, 0.0, 0.0, 0.0, 0.0, 0.0, 0.0, 0.0, 0.0, 0.0, 0.0, 0.0, 0.0, 0.0, 0.0, 0.0, 0.0, 0.0, 0.0, 0.0, 0.0, 0.0, 500.0, 0.0, 0.0, 0.0, 500.0, 0.0, 0.0, 0.0, 0.0, 500.0, 0.0, 0.0, 0.0, 0.0, 0.0, 0.0, 0.0, 0.0, 0.0, 0.0, 0.0, 0.0, 0.0, 500.0, 0.0, 0.0, 0.0, 0.0, 0.0, 0.0, 0.0, 0.0, 500.0, 0.0, 0.0, 0.0, 0.0, 0.0, 0.0, 0.0, 0.0, 0.0, 0.0, 0.0, 0.0, 0.0, 378.11634349030436, 0.0, 0.0, 0.0, 0.0, 0.0, 0.0, 500.0, 0.0, 108.03324099722983, 0.0, 0.0, 0.0, 0.0, 0.0, 500.0, 0.0, 0.0, 0.0, 0.0, 0.0, 0.0, 0.0, 500.0, 0.0, 0.0, 378.11634349030436, 0.0, 0.0, 0.0, 500.0, 0.0, 0.0, 0.0, 0.0, 0.0, 0.0, 0.0, 500.0, 0.0, 0.0, 0.0, 500.0, 0.0, 0.0, 0.0, 500.0, 0.0, 0.0, 500.0, 0.0, 0.0, 500.0, 500.0, 0.0, 0.0, 0.0, 0.0, 0.0, 0.0, 0.0, 500.0, 0.0, 0.0, 0.0, 54.01662049861491, 500.0, 0.0, 500.0, 500.0, 0.0, 0.0, 500.0, 0.0, 0.0, 500.0, 500.0, 0.0, 500.0, 0.0, 0.0, 0.0, 0.0, 0.0, 0.0, 500.0, 0.0, 0.0, 0.0, 500.0, 0.0, 0.0, 0.0, 0.0, 0.0, 500.0, 0.0, 0.0, 0.0, 0.0, 0.0, 162.04986149584474, 500.0, 500.0, 500.0, 0.0, 0.0, 0.0, 500.0, 500.0, 0.0, 0.0, 500.0, 0.0, 0.0, 0.0, 0.0, 0.0, 500.0, 0.0, 0.0, 0.0, 0.0, 0.0, 0.0, 500.0, 500.0, 0.0, 0.0, 0.0, 0.0, 500.0, 54.01662049861491, 0.0, 0.0, 500.0, 0.0, 0.0, 0.0, 0.0, 0.0, 500.0, 0.0, 0.0, 0.0, 0.0, 0.0, 500.0, 500.0, 500.0, 500.0, 54.01662049861491, 0.0, 0.0, 500.0, 0.0, 0.0, 0.0, 500.0, 0.0, 0.0, 0.0, 0.0, 0.0, 0.0, 0.0, 500.0, 500.0, 0.0, 0.0, 500.0, 500.0, 500.0, 0.0, 500.0, 0.0, 0.0, 500.0, 0.0, 0.0, 0.0, 500.0, 0.0, 0.0, 0.0, 500.0, 0.0, 0.0, 0.0, 500.0, 500.0, 0.0, 0.0, 0.0, 500.0, 378.11634349030436, 0.0, 0.0, 0.0, 0.0, 500.0, 0.0, 0.0, 0.0, 0.0, 0.0, 0.0, 0.0, 0.0, 0.0, 0.0, 0.0, 0.0, 500.0, 0.0, 0.0, 0.0, 500.0, 500.0, 0.0, 0.0, 0.0, 0.0, 378.11634349030436, 0.0, 0.0, 0.0, 500.0, 0.0, 0.0, 0.0, 0.0, 0.0, 500.0, 0.0, 0.0, 500.0, 500.0, 0.0, 0.0, 378.11634349030436, 500.0, 0.0, 0.0, 0.0, 0.0, 500.0, 500.0, 0.0, 378.11634349030436, 500.0, 0.0, 0.0, 500.0, 378.11634349030436, 500.0, 500.0, 500.0, 0.0, 500.0, 500.0, 0.0, 0.0, 500.0, 500.0, 500.0, 500.0, 500.0, 500.0, 0.0, 0.0, 500.0, 500.0, 0.0, 0.0, 0.0, 500.0, 500.0, 0.0, 0.0, 0.0, 0.0, 500.0, 500.0, 378.11634349030436, 500.0, 0.0, 0.0, 0.0, 0.0, 500.0, 500.0, 54.01662049861491, 0.0, 500.0, 500.0, 0.0, 378.11634349030436, 0.0, 0.0, 500.0, 378.11634349030436, 0.0, 0.0, 500.0, 0.0, 0.0, 0.0, 500.0, 0.0, 378.11634349030436, 0.0, 500.0, 500.0, 500.0, 500.0, 0.0, 500.0, 500.0, 0.0, 0.0, 0.0, 0.0, 500.0, 500.0, 0.0, 500.0, 500.0, 0.0, 500.0, 500.0, 500.0, 0.0, 0.0, 500.0, 500.0, 500.0, 500.0, 0.0, 0.0, 500.0, 500.0, 0.0, 500.0, 0.0, 0.0, 500.0, 500.0, 0.0, 500.0, 500.0, 0.0, 324.0997229916895, 500.0, 500.0, 0.0, 0.0, 54.01662049861491, 500.0, 500.0, 500.0, 0.0, 0.0, 500.0, 500.0, 0.0, 500.0, 500.0, 0.0, 500.0, 500.0, 0.0, 500.0, 500.0, 0.0, 500.0, 500.0, 500.0, 0.0, 0.0, 0.0, 500.0, 500.0, 500.0, 0.0, 0.0, 500.0, 500.0, 0.0, 500.0, 500.0, 0.0, 500.0, 500.0, 0.0, 500.0, 500.0, 0.0, 0.0, 500.0, 500.0, 0.0, 0.0, 0.0, 0.0, 500.0, 500.0, 0.0, 0.0, 500.0, 500.0, 0.0, 500.0, 0.0, 0.0, 500.0, 500.0, 0.0, 500.0, 500.0, 0.0, 500.0, 500.0, 378.11634349030436, 0.0, 0.0, 0.0, 0.0, 378.11634349030436, 0.0, 0.0, 500.0, 378.11634349030436, 0.0, 0.0, 0.0, 0.0, 0.0, 0.0, 0.0, 0.0, 500.0, 0.0, 0.0, 0.0, 500.0, 500.0, 0.0, 0.0, 0.0, 0.0, 0.0, 0.0, 0.0, 500.0, 0.0, 0.0, 0.0, 500.0, 0.0, 0.0, 0.0, 0.0, 0.0, 0.0, 0.0, 0.0, 0.0, 500.0, 0.0, 0.0, 500.0, 0.0, 0.0, 0.0, 0.0, 0.0, 0.0, 0.0, 0.0, 0.0, 500.0, 0.0, 500.0, 0.0, 500.0, 0.0, 0.0, 0.0, 0.0, 0.0, 0.0, 0.0, 0.0, 500.0, 0.0, 0.0, 0.0, 0.0, 0.0, 0.0, 0.0, 0.0, 0.0, 0.0, 0.0, 0.0, 0.0, 0.0, 0.0, 0.0, 0.0, 500.0, 0.0, 0.0, 0.0, 0.0, 500.0, 0.0, 0.0, 0.0, 0.0, 0.0, 0.0, 0.0, 0.0, 0.0, 0.0, 0.0, 0.0, 0.0, 0.0, 0.0, 0.0, 0.0, 378.11634349030436, 0.0, 0.0, 0.0, 0.0, 500.0, 0.0, 0.0, 0.0, 0.0, 0.0, 0.0, 0.0, 0.0, 0.0, 0.0, 0.0, 0.0, 0.0, 0.0, 0.0, 0.0, 0.0, 500.0, 500.0, 0.0, 0.0, 0.0, 500.0, 0.0, 0.0, 0.0, 0.0, 0.0, 0.0, 0.0, 0.0, 0.0, 0.0, 0.0, 0.0, 0.0, 0.0, 0.0, 500.0, 0.0, 500.0, 0.0, 0.0, 0.0, 0.0, 500.0, 0.0, 0.0, 0.0, 0.0, 0.0, 0.0, 0.0, 0.0, 500.0, 0.0, 0.0, 0.0, 0.0, 500.0, 0.0, 500.0, 0.0, 500.0, 0.0, 500.0, 0.0, 0.0, 500.0, 0.0, 0.0, 0.0, 0.0, 500.0, 0.0, 0.0, 0.0, 0.0, 0.0, 0.0, 0.0, 0.0, 500.0, 0.0, 0.0, 0.0, 500.0, 500.0, 500.0, 0.0, 0.0, 0.0, 500.0, 0.0, 0.0, 0.0, 500.0, 0.0, 0.0, 0.0, 378.11634349030436, 0.0, 378.11634349030436, 0.0, 0.0, 0.0, 500.0, 0.0, 0.0, 500.0, 0.0, 0.0, 0.0, 500.0, 0.0, 378.11634349030436, 0.0, 0.0, 0.0, 500.0, 0.0, 0.0, 0.0, 500.0, 0.0, 500.0, 0.0, 0.0, 0.0, 500.0, 486.1495844875342, 0.0, 500.0, 0.0, 0.0, 0.0, 500.0, 0.0, 0.0, 486.1495844875342, 0.0, 0.0, 500.0, 0.0, 0.0, 0.0, 500.0, 0.0, 500.0, 0.0, 0.0, 0.0, 500.0, 0.0, 0.0, 0.0, 0.0, 0.0, 0.0, 0.0, 0.0, 500.0, 500.0, 0.0, 0.0, 500.0, 0.0, 0.0, 0.0, 500.0, 0.0, 500.0, 0.0, 0.0, 0.0, 500.0, 0.0, 0.0, 0.0, 0.0, 0.0, 0.0, 500.0, 0.0, 500.0, 500.0, 0.0, 0.0, 500.0, 0.0, 0.0, 0.0, 500.0, 0.0, 500.0, 0.0, 270.08310249307453, 0.0, 500.0, 0.0, 0.0, 0.0, 0.0, 0.0, 0.0, 500.0, 0.0, 500.0, 500.0, 0.0, 0.0, 378.11634349030436, 0.0, 0.0, 0.0, 500.0, 0.0, 500.0, 0.0, 500.0, 0.0, 500.0, 0.0, 0.0, 0.0, 0.0, 0.0, 0.0, 378.11634349030436, 0.0, 500.0, 500.0, 0.0, 0.0, 0.0, 0.0, 0.0, 0.0, 500.0, 0.0, 500.0, 0.0, 500.0, 0.0, 500.0, 0.0, 0.0, 500.0, 0.0, 0.0, 0.0, 500.0, 500.0, 500.0, 0.0, 0.0, 0.0, 500.0, 0.0, 500.0, 500.0, 0.0, 0.0, 500.0, 0.0, 500.0, 500.0, 378.11634349030436, 0.0, 0.0, 0.0, 0.0, 0.0, 0.0, 500.0, 0.0, 500.0, 0.0, 0.0, 0.0, 0.0, 378.11634349030436, 500.0, 500.0, 0.0, 500.0, 0.0, 0.0, 0.0, 0.0, 0.0, 0.0, 378.11634349030436, 0.0, 0.0, 0.0, 378.11634349030436, 500.0, 0.0, 0.0, 0.0, 500.0, 0.0, 0.0, 500.0, 0.0, 500.0, 0.0, 0.0, 0.0, 500.0, 0.0, 500.0, 0.0, 0.0, 500.0, 0.0, 500.0, 500.0, 500.0, 0.0, 324.0997229916895, 0.0, 0.0, 500.0, 500.0, 0.0, 500.0, 162.04986149584474, 500.0, 0.0, 0.0, 54.01662049861491, 500.0, 0.0, 500.0, 0.0, 0.0, 500.0, 500.0, 500.0, 500.0, 500.0, 0.0, 500.0, 0.0, 0.0, 500.0, 500.0, 0.0, 500.0, 0.0, 500.0, 0.0, 0.0, 0.0, 500.0, 500.0, 500.0, 0.0, 0.0, 500.0, 500.0, 500.0, 500.0, 500.0, 0.0, 500.0, 0.0, 0.0, 0.0, 500.0, 0.0, 500.0, 500.0, 500.0, 0.0, 0.0, 0.0, 378.11634349030436, 500.0, 500.0, 0.0, 500.0, 500.0, 108.03324099722983, 500.0, 500.0, 500.0, 0.0, 500.0, 0.0, 0.0, 0.0, 500.0, 0.0, 500.0, 0.0, 500.0, 0.0, 0.0, 0.0, 500.0, 0.0, 500.0, 0.0, 54.01662049861491, 500.0, 0.0, 500.0, 500.0, 500.0, 0.0, 500.0, 0.0, 0.0, 0.0, 500.0, 0.0, 500.0, 0.0, 378.11634349030436, 0.0, 0.0, 0.0, 500.0, 0.0, 500.0, 0.0, 0.0, 500.0, 0.0, 378.11634349030436, 500.0, 500.0, 0.0, 500.0, 0.0, 0.0, 0.0, 0.0, 0.0, 500.0, 0.0, 0.0, 0.0, 0.0, 0.0, 500.0, 0.0, 500.0, 0.0, 0.0, 500.0, 0.0, 500.0, 500.0, 500.0, 0.0, 0.0, 0.0, 378.11634349030436, 0.0, 500.0, 0.0, 0.0, 0.0, 0.0, 0.0, 0.0, 500.0, 500.0, 0.0, 0.0, 0.0, 0.0, 0.0, 0.0, 500.0, 378.11634349030436, 0.0, 0.0, 0.0, 500.0, 0.0, 0.0, 378.11634349030436, 0.0, 0.0, 500.0, 0.0, 0.0, 0.0, 0.0, 0.0, 0.0, 378.11634349030436, 0.0, 0.0, 0.0, 0.0, 0.0, 0.0, 0.0, 0.0, 0.0, 500.0, 500.0, 500.0, 0.0, 500.0, 0.0, 0.0, 0.0, 0.0, 0.0, 0.0, 0.0, 0.0, 0.0, 0.0, 0.0, 500.0, 500.0, 0.0, 0.0, 0.0, 500.0, 0.0, 0.0, 0.0, 0.0, 0.0, 500.0, 0.0, 0.0, 0.0, 0.0, 0.0, 0.0, 0.0, 0.0, 0.0, 0.0, 0.0, 0.0, 0.0, 0.0, 0.0, 0.0, 500.0, 0.0, 0.0, 500.0, 0.0, 0.0, 500.0, 0.0, 0.0, 0.0, 0.0, 0.0, 0.0, 0.0, 0.0, 0.0, 378.11634349030436, 0.0, 0.0, 0.0, 0.0, 0.0, 0.0, 0.0, 0.0, 0.0, 500.0, 0.0, 0.0, 500.0, 0.0, 0.0, 0.0, 0.0, 0.0, 0.0, 0.0, 0.0, 0.0, 0.0, 0.0, 0.0, 0.0, 0.0, 0.0, 0.0, 0.0, 0.0, 378.11634349030436, 500.0, 0.0, 0.0, 500.0, 0.0, 0.0, 0.0, 0.0, 0.0, 0.0, 0.0, 0.0, 0.0, 0.0, 0.0, 0.0, 0.0, 0.0, 500.0, 0.0, 0.0, 0.0, 500.0, 500.0, 0.0, 500.0, 500.0, 0.0, 54.01662049861491, 0.0, 0.0, 0.0, 0.0, 0.0, 0.0, 0.0, 0.0, 0.0, 500.0, 0.0, 0.0, 0.0, 0.0, 0.0, 500.0, 500.0, 500.0, 378.11634349030436, 0.0, 0.0, 0.0, 0.0, 0.0, 500.0, 0.0, 0.0, 0.0, 0.0, 0.0, 500.0, 0.0, 0.0, 0.0, 0.0, 0.0, 0.0, 0.0, 500.0, 500.0, 500.0, 500.0, 0.0, 0.0, 0.0, 0.0, 0.0, 500.0, 0.0, 500.0, 0.0, 500.0, 0.0, 500.0, 0.0, 0.0, 0.0, 0.0, 0.0, 0.0, 500.0, 500.0, 500.0, 0.0, 500.0, 0.0, 0.0, 0.0, 0.0, 0.0, 500.0, 0.0, 500.0, 0.0, 500.0, 0.0, 500.0, 0.0, 0.0, 0.0, 0.0, 0.0, 0.0, 378.11634349030436, 500.0, 500.0, 0.0, 500.0, 0.0, 0.0, 0.0, 0.0, 0.0, 500.0, 0.0, 500.0, 0.0, 500.0, 0.0, 500.0, 0.0, 0.0, 0.0, 0.0, 0.0, 0.0, 500.0, 500.0, 0.0, 0.0, 500.0, 0.0, 0.0, 0.0, 0.0, 0.0, 500.0, 0.0, 500.0, 0.0, 500.0, 500.0, 500.0, 0.0, 0.0, 0.0, 0.0, 0.0, 0.0, 500.0, 500.0, 0.0, 54.01662049861491, 500.0, 0.0, 0.0, 0.0, 0.0, 0.0, 500.0, 0.0, 500.0, 0.0, 378.11634349030436, 0.0, 500.0, 500.0, 0.0, 0.0, 0.0, 0.0, 0.0, 500.0, 378.11634349030436, 0.0, 500.0, 500.0, 0.0, 0.0, 0.0, 0.0, 0.0, 500.0, 0.0, 500.0, 0.0, 500.0, 0.0, 500.0, 108.03324099722983, 0.0, 0.0, 378.11634349030436, 0.0, 0.0, 0.0, 500.0, 0.0, 0.0, 500.0, 0.0, 500.0, 0.0, 0.0, 0.0, 378.11634349030436, 0.0, 0.0, 500.0, 500.0, 0.0, 0.0, 0.0, 0.0, 0.0, 500.0, 0.0, 0.0, 500.0, 0.0, 0.0, 0.0, 0.0, 0.0, 500.0, 378.11634349030436, 500.0, 500.0, 0.0, 0.0, 0.0, 500.0, 500.0, 0.0, 0.0, 0.0, 500.0, 0.0, 500.0, 0.0, 378.11634349030436, 0.0, 0.0, 0.0, 0.0, 0.0, 0.0, 0.0, 500.0, 500.0, 500.0, 0.0, 0.0, 0.0, 0.0, 0.0, 0.0, 0.0, 500.0, 500.0, 0.0, 500.0, 500.0, 500.0, 0.0, 0.0, 0.0, 0.0, 0.0, 0.0, 0.0, 500.0, 500.0, 500.0, 0.0, 0.0, 0.0, 0.0, 0.0, 270.08310249307453, 0.0, 0.0, 500.0, 0.0, 500.0, 500.0, 500.0, 0.0, 0.0, 0.0, 0.0, 0.0, 0.0, 0.0, 500.0, 500.0, 500.0, 0.0, 0.0, 0.0, 500.0, 0.0, 500.0, 0.0, 500.0, 500.0, 0.0, 500.0, 500.0, 500.0, 0.0, 0.0, 0.0, 0.0, 0.0, 0.0, 0.0, 500.0, 500.0, 500.0, 0.0, 0.0, 500.0, 0.0, 0.0, 500.0, 0.0, 0.0, 500.0, 500.0, 500.0, 500.0, 500.0, 0.0, 0.0, 0.0, 0.0, 0.0, 0.0, 0.0, 500.0, 500.0, 500.0, 0.0, 0.0, 432.1329639889193, 0.0, 0.0, 500.0, 0.0, 0.0, 500.0, 54.01662049861491, 500.0, 500.0, 500.0, 0.0, 0.0, 0.0, 0.0, 0.0, 0.0, 0.0, 500.0, 500.0, 500.0, 0.0, 0.0, 0.0, 0.0, 0.0, 500.0, 0.0, 500.0, 500.0, 0.0, 0.0, 500.0, 500.0, 0.0, 0.0, 0.0, 500.0, 0.0, 0.0, 0.0, 500.0, 0.0, 378.11634349030436, 0.0, 0.0, 500.0, 0.0, 0.0, 500.0, 0.0, 0.0, 378.11634349030436, 0.0, 0.0, 500.0, 500.0, 0.0, 0.0, 0.0, 500.0, 0.0, 0.0, 0.0, 0.0, 378.11634349030436, 0.0, 0.0, 500.0, 0.0, 500.0, 0.0, 0.0, 0.0, 500.0, 0.0, 500.0, 0.0, 378.11634349030436, 0.0, 0.0, 0.0, 0.0, 500.0, 0.0, 0.0, 500.0, 0.0, 0.0, 0.0, 0.0, 500.0, 0.0, 0.0, 0.0, 0.0, 0.0, 0.0, 0.0, 500.0, 0.0, 0.0, 0.0, 0.0, 0.0, 0.0, 500.0, 500.0, 0.0, 500.0, 0.0, 0.0, 0.0, 0.0, 500.0, 0.0, 0.0, 500.0, 0.0, 0.0, 0.0, 0.0, 500.0, 500.0, 0.0, 0.0, 0.0, 0.0, 0.0, 0.0, 500.0, 0.0, 500.0, 0.0, 0.0, 0.0, 0.0, 500.0, 0.0, 0.0, 0.0, 0.0, 0.0, 0.0, 0.0, 0.0, 0.0, 0.0, 0.0, 0.0, 0.0, 0.0, 216.06648199445965, 378.11634349030436, 0.0, 500.0, 0.0, 0.0, 0.0, 0.0, 500.0, 0.0, 0.0, 0.0, 0.0, 0.0, 0.0, 0.0, 0.0, 0.0, 0.0, 0.0, 0.0, 0.0, 0.0, 0.0, 500.0, 0.0, 500.0, 0.0, 0.0, 0.0, 0.0, 500.0, 0.0, 0.0, 0.0, 0.0, 0.0, 0.0, 0.0, 500.0, 0.0, 0.0, 0.0, 0.0, 0.0, 0.0, 0.0, 500.0, 0.0, 500.0, 0.0, 0.0, 0.0, 0.0, 500.0, 0.0, 0.0, 0.0, 0.0, 378.11634349030436, 0.0, 0.0, 500.0, 0.0, 0.0, 0.0, 0.0, 0.0, 0.0, 0.0, 500.0, 0.0, 500.0, 0.0, 0.0, 0.0, 0.0, 378.11634349030436, 0.0, 0.0, 0.0, 378.11634349030436, 0.0, 0.0, 0.0, 0.0, 0.0, 0.0, 0.0, 0.0, 500.0, 0.0, 0.0, 0.0, 0.0, 0.0, 0.0, 0.0, 0.0, 500.0, 0.0, 0.0, 0.0, 500.0, 0.0, 500.0, 500.0, 0.0, 500.0, 0.0, 500.0, 0.0, 500.0, 500.0, 500.0, 0.0, 0.0, 0.0, 0.0, 0.0, 0.0, 0.0, 500.0, 0.0, 0.0, 0.0, 500.0, 500.0, 500.0, 500.0, 0.0, 500.0, 0.0, 500.0, 0.0, 500.0, 500.0, 54.01662049861491, 0.0, 0.0, 0.0, 0.0, 0.0, 0.0, 500.0, 500.0, 0.0, 0.0, 0.0, 500.0, 500.0, 500.0, 0.0, 0.0, 500.0, 500.0, 500.0, 0.0, 500.0, 500.0, 0.0, 0.0, 0.0, 0.0, 0.0, 0.0, 0.0, 0.0, 500.0, 0.0, 0.0, 0.0, 500.0, 500.0, 500.0, 500.0, 0.0, 432.1329639889193, 108.03324099722983, 500.0, 0.0, 500.0, 500.0, 0.0, 500.0, 0.0, 0.0, 0.0, 0.0, 0.0, 0.0, 500.0, 0.0, 0.0, 0.0, 500.0, 500.0, 500.0, 500.0, 0.0, 0.0, 500.0, 500.0, 0.0, 500.0, 500.0, 0.0, 500.0, 0.0, 0.0, 0.0, 0.0, 0.0, 0.0, 500.0, 0.0, 0.0, 0.0, 500.0, 500.0, 500.0, 486.1495844875342, 0.0, 0.0, 0.0, 500.0, 0.0, 378.11634349030436, 500.0, 0.0, 500.0, 0.0, 0.0, 0.0, 0.0, 0.0, 0.0, 500.0, 0.0, 0.0, 0.0, 378.11634349030436, 500.0, 500.0, 500.0, 0.0, 0.0, 0.0, 500.0, 0.0, 500.0, 378.11634349030436, 500.0, 0.0, 500.0, 0.0, 500.0, 0.0, 0.0, 378.11634349030436, 378.11634349030436, 0.0, 0.0, 500.0, 500.0, 500.0, 0.0, 500.0, 0.0, 0.0, 0.0, 0.0, 0.0, 500.0, 0.0, 0.0, 0.0, 500.0, 0.0, 500.0, 0.0, 500.0, 500.0, 0.0, 0.0, 0.0, 500.0, 0.0, 0.0, 0.0, 0.0, 500.0, 0.0, 500.0, 0.0, 378.11634349030436, 0.0, 0.0, 0.0, 0.0, 0.0, 500.0, 0.0, 500.0, 500.0, 500.0, 0.0, 0.0, 0.0, 500.0, 0.0, 0.0, 0.0, 0.0, 500.0, 0.0, 500.0, 0.0, 500.0, 0.0, 0.0, 0.0, 0.0, 0.0, 0.0, 0.0, 500.0, 500.0, 500.0, 0.0, 0.0, 0.0, 500.0, 0.0, 0.0, 0.0, 0.0, 500.0, 0.0, 500.0, 0.0, 500.0, 0.0, 0.0, 0.0, 0.0, 0.0, 0.0, 0.0, 500.0, 500.0, 500.0, 0.0, 0.0, 324.0997229916895, 0.0, 0.0, 0.0, 0.0, 0.0, 500.0, 0.0, 500.0, 0.0, 500.0, 0.0, 54.01662049861491, 54.01662049861491, 0.0, 0.0, 0.0, 0.0, 500.0, 216.06648199445965, 500.0, 0.0, 0.0, 500.0, 0.0, 0.0, 0.0, 0.0, 0.0, 500.0, 0.0, 500.0, 500.0, 500.0, 0.0, 500.0, 0.0, 0.0, 0.0, 0.0, 0.0, 500.0, 0.0, 500.0, 0.0, 0.0, 500.0, 500.0, 0.0, 0.0, 0.0, 0.0, 500.0, 0.0, 500.0, 432.1329639889193, 500.0, 0.0, 0.0, 0.0, 0.0, 0.0, 0.0, 0.0, 500.0, 0.0, 500.0, 0.0, 0.0, 500.0, 500.0, 0.0, 0.0, 0.0, 0.0, 500.0, 0.0, 500.0, 0.0, 500.0, 0.0, 0.0, 0.0, 500.0, 0.0, 0.0, 0.0, 500.0, 0.0, 0.0, 0.0, 0.0, 500.0, 0.0, 0.0, 0.0, 0.0, 0.0, 378.11634349030436, 0.0, 378.11634349030436, 0.0, 500.0, 0.0, 0.0, 0.0, 500.0, 378.11634349030436, 0.0, 0.0, 378.11634349030436, 0.0, 0.0, 0.0, 0.0, 500.0, 500.0, 0.0, 0.0, 0.0, 500.0, 0.0, 500.0, 0.0, 0.0, 0.0, 0.0, 0.0, 216.06648199445965, 500.0, 500.0, 162.04986149584474, 500.0, 0.0, 0.0, 0.0, 0.0, 500.0, 500.0, 0.0, 0.0, 0.0, 0.0, 0.0, 0.0, 500.0, 0.0, 0.0, 0.0, 0.0, 0.0, 0.0, 500.0, 500.0, 500.0, 500.0, 0.0, 0.0, 0.0, 500.0, 500.0, 0.0, 0.0, 0.0, 500.0, 0.0, 0.0, 0.0, 500.0, 0.0, 0.0, 0.0, 0.0, 0.0, 0.0, 500.0, 500.0, 500.0, 500.0, 0.0, 0.0, 0.0, 500.0, 500.0, 0.0, 0.0, 0.0, 500.0, 0.0, 0.0, 0.0, 0.0, 0.0, 0.0, 0.0, 500.0, 0.0, 500.0, 500.0, 500.0, 0.0, 500.0, 0.0, 0.0, 0.0, 500.0, 500.0, 0.0, 0.0, 0.0, 500.0, 500.0, 500.0, 0.0, 0.0, 500.0, 0.0, 0.0, 500.0, 0.0, 500.0, 500.0, 500.0, 0.0, 500.0, 0.0, 0.0, 0.0, 500.0, 500.0, 0.0, 0.0, 0.0, 500.0, 0.0, 0.0, 0.0, 500.0, 0.0, 0.0, 0.0, 500.0, 0.0, 500.0, 0.0, 500.0, 0.0, 500.0, 0.0, 0.0, 0.0, 500.0, 500.0, 0.0, 0.0, 0.0, 500.0, 378.11634349030436, 54.01662049861491, 0.0, 0.0, 0.0, 0.0, 0.0, 500.0, 0.0, 500.0, 0.0, 500.0, 0.0, 500.0, 0.0, 0.0, 0.0, 500.0, 0.0, 0.0, 0.0, 0.0, 500.0, 500.0, 0.0, 0.0, 0.0, 0.0, 0.0, 0.0, 500.0]"
TES_dispatch,268635.6583800193
TES_LCOE_FOM_costs,0.025858098196101572
runtime,31.16827893257141
Li_LCOE_Opex,0.0012080332409972095
soc_t,"[475.0, 2105.2631578947367, 3684.210526315789, 3157.894736842105, 3157.894736842105, 3157.894736842105, 0.0, 0.0, 0.0, 3157.894736842105, 1797.3684210526317, 475.0, 3684.210526315789, 0.0, 3684.210526315789, 1309.2105263157891, 475.0, 475.0, 1322.3684210526317, 2631.578947368421, 0.0, 3157.894736842105, 3157.894736842105, 950.0, 1578.9473684210525, 3157.894736842105, 2631.578947368421, 2939.473684210526, 2631.578947368421, 51.31578947368416, 0.0, 0.0, 2631.578947368421, 2272.3684210526317, 950.0, 3684.210526315789, 0.0, 3684.210526315789, 1309.2105263157891, 950.0, 950.0, 1797.3684210526317, 2105.2631578947367, 0.0, 2631.578947368421, 2631.578947368421, 1425.0, 1052.6315789473683, 2631.578947368421, 2105.2631578947367, 2939.473684210526, 2105.2631578947367, 526.3157894736842, 0.0, 0.0, 2105.2631578947367, 2747.3684210526317, 1425.0, 3684.210526315789, 0.0, 3684.210526315789, 1784.2105263157891, 1425.0, 1425.0, 2259.210526315789, 1578.9473684210525, 0.0, 2105.2631578947367, 2105.2631578947367, 1900.0, 526.3157894736842, 2105.2631578947367, 1578.9473684210525, 2939.473684210526, 1578.9473684210525, 526.3157894736842, 0.0, 0.0, 1578.9473684210525, 3222.3684210526317, 1900.0, 3684.210526315789, 0.0, 3684.210526315789, 2259.210526315789, 1835.5263157894733, 1900.0, 2259.210526315789, 1052.6315789473683, 0.0, 1578.9473684210525, 1578.9473684210525, 2375.0, 0.0, 1578.9473684210525, 1052.6315789473683, 2939.473684210526, 1052.6315789473683, 526.3157894736842, 0.0, 0.0, 1052.6315789473683, 2696.0526315789475, 2375.0, 3684.210526315789, 0.0, 3684.210526315789, 2734.210526315789, 1835.5263157894733, 2375.0, 2734.210526315789, 526.3157894736842, 0.0, 1052.6315789473683, 1052.6315789473683, 2850.0, 475.0, 1052.6315789473683, 526.3157894736842, 2413.1578947368416, 526.3157894736842, 526.3157894736842, 0.0, 0.0, 526.3157894736842, 2734.210526315789, 2850.0, 3684.210526315789, 0.0, 3684.210526315789, 3209.210526315789, 1835.5263157894733, 2850.0, 2734.210526315789, 0.0, 0.0, 526.3157894736842, 526.3157894736842, 3325.0, 950.0, 526.3157894736842, 0.0, 1886.8421052631575, 0.0, 0.0, 0.0, 0.0, 0.0, 3209.210526315789, 3325.0, 3684.210526315789, 359.21052631578914, 3684.210526315789, 3684.210526315789, 1835.5263157894733, 3325.0, 3209.210526315789, 0.0, 0.0, 526.3157894736842, 0.0, 3209.210526315789, 1425.0, 0.0, 0.0, 1360.5263157894733, 0.0, 475.0, 0.0, 0.0, 359.21052631578914, 3684.210526315789, 2798.684210526316, 3684.210526315789, 834.2105263157891, 3157.894736842105, 3684.210526315789, 1835.5263157894733, 3684.210526315789, 3684.210526315789, 0.0, 0.0, 0.0, 0.0, 3684.210526315789, 1900.0, 475.0, 475.0, 834.2105263157891, 0.0, 950.0, 475.0, 0.0, 834.2105263157891, 3684.210526315789, 2272.3684210526317, 3684.210526315789, 1309.2105263157891, 2631.578947368421, 3684.210526315789, 1835.5263157894733, 3684.210526315789, 3684.210526315789, 475.0, 0.0, 0.0, 475.0, 3684.210526315789, 1578.9473684210525, 950.0, 950.0, 1309.2105263157891, 0.0, 1425.0, 950.0, 0.0, 1309.2105263157891, 3684.210526315789, 2272.3684210526317, 3157.894736842105, 1784.2105263157891, 2631.578947368421, 3157.894736842105, 1309.2105263157891, 3684.210526315789, 3157.894736842105, 950.0, 0.0, 0.0, 950.0, 3247.3684210526308, 1052.6315789473683, 1425.0, 1425.0, 1784.2105263157891, 0.0, 1900.0, 1425.0, 359.21052631578914, 1784.2105263157891, 3157.894736842105, 2272.3684210526317, 2631.578947368421, 2259.210526315789, 2631.578947368421, 2631.578947368421, 1784.2105263157891, 3684.210526315789, 2631.578947368421, 1425.0, 475.0, 0.0, 1425.0, 3247.3684210526308, 526.3157894736842, 1900.0, 1900.0, 2259.210526315789, 0.0, 2375.0, 1900.0, 834.2105263157891, 2259.210526315789, 2631.578947368421, 2272.3684210526317, 2105.2631578947367, 2734.210526315789, 2631.578947368421, 2105.2631578947367, 2259.210526315789, 3684.210526315789, 2105.2631578947367, 1900.0, 950.0, 0.0, 1900.0, 3247.3684210526308, 526.3157894736842, 2375.0, 2375.0, 2734.210526315789, 0.0, 1848.6842105263158, 2375.0, 1309.2105263157891, 2734.210526315789, 2105.2631578947367, 2272.3684210526317, 1578.9473684210525, 3209.210526315789, 2631.578947368421, 1578.9473684210525, 2734.210526315789, 3684.210526315789, 1578.9473684210525, 2375.0, 1425.0, 0.0, 2375.0, 3247.3684210526308, 526.3157894736842, 2850.0, 2850.0, 3209.210526315789, 51.31578947368416, 2323.684210526316, 2850.0, 1784.2105263157891, 3209.210526315789, 1578.9473684210525, 2272.3684210526317, 1052.6315789473683, 3684.210526315789, 2631.578947368421, 1052.6315789473683, 3209.210526315789, 3684.210526315789, 1052.6315789473683, 2850.0, 1900.0, 0.0, 2850.0, 2721.0526315789466, 526.3157894736842, 3325.0, 3325.0, 3684.210526315789, 526.3157894736842, 2259.210526315789, 3325.0, 2259.210526315789, 3684.210526315789, 1052.6315789473683, 2272.3684210526317, 1052.6315789473683, 3684.210526315789, 2631.578947368421, 526.3157894736842, 3684.210526315789, 3684.210526315789, 526.3157894736842, 3325.0, 2259.210526315789, 0.0, 3325.0, 2721.0526315789466, 0.0, 3684.210526315789, 3684.210526315789, 3157.894736842105, 526.3157894736842, 2734.210526315789, 3684.210526315789, 2734.210526315789, 3684.210526315789, 526.3157894736842, 2682.894736842105, 526.3157894736842, 3157.894736842105, 2631.578947368421, 0.0, 3684.210526315789, 3157.894736842105, 0.0, 3684.210526315789, 2734.210526315789, 475.0, 3684.210526315789, 2721.0526315789466, 0.0, 3157.894736842105, 3684.210526315789, 3157.894736842105, 526.3157894736842, 3209.210526315789, 3684.210526315789, 3209.210526315789, 3157.894736842105, 1001.3157894736842, 3157.894736842105, 0.0, 2631.578947368421, 2631.578947368421, 0.0, 3684.210526315789, 2631.578947368421, 0.0, 3684.210526315789, 3209.210526315789, 950.0, 3684.210526315789, 3196.0526315789466, 0.0, 2631.578947368421, 3684.210526315789, 3157.894736842105, 0.0, 3209.210526315789, 3684.210526315789, 3684.210526315789, 2631.578947368421, 1001.3157894736842, 3157.894736842105, 0.0, 2631.578947368421, 2631.578947368421, 475.0, 3157.894736842105, 2631.578947368421, 475.0, 3684.210526315789, 3684.210526315789, 1425.0, 3684.210526315789, 2669.7368421052624, 0.0, 2105.2631578947367, 3157.894736842105, 3157.894736842105, 0.0, 3209.210526315789, 3684.210526315789, 3684.210526315789, 2105.2631578947367, 475.0, 2631.578947368421, 359.21052631578914, 2631.578947368421, 2105.2631578947367, 950.0, 2631.578947368421, 2105.2631578947367, 950.0, 3684.210526315789, 3684.210526315789, 1425.0, 3684.210526315789, 2143.4210526315783, 0.0, 1578.9473684210525, 2631.578947368421, 3157.894736842105, 0.0, 3209.210526315789, 3684.210526315789, 3684.210526315789, 1578.9473684210525, 0.0, 2105.2631578947367, 834.2105263157891, 2105.2631578947367, 1578.9473684210525, 1309.2105263157891, 2105.2631578947367, 1578.9473684210525, 1425.0, 3157.894736842105, 3157.894736842105, 898.6842105263158, 3157.894736842105, 1617.1052631578941, 475.0, 1052.6315789473683, 2105.2631578947367, 2888.1578947368416, 0.0, 3209.210526315789, 3684.210526315789, 3157.894736842105, 1052.6315789473683, 0.0, 1578.9473684210525, 1309.2105263157891, 1578.9473684210525, 1052.6315789473683, 1784.2105263157891, 1578.9473684210525, 1052.6315789473683, 1900.0, 2631.578947368421, 2631.578947368421, 1373.6842105263158, 2631.578947368421, 1090.78947368421, 950.0, 1052.6315789473683, 1578.9473684210525, 2361.8421052631575, 475.0, 3209.210526315789, 3684.210526315789, 2734.210526315789, 526.3157894736842, 475.0, 1052.6315789473683, 1784.2105263157891, 1052.6315789473683, 526.3157894736842, 2259.210526315789, 1309.2105263157891, 1052.6315789473683, 2375.0, 2156.578947368421, 2105.2631578947367, 1848.6842105263158, 2631.578947368421, 564.4736842105258, 1425.0, 526.3157894736842, 1052.6315789473683, 1835.5263157894733, 950.0, 3209.210526315789, 3684.210526315789, 2734.210526315789, 0.0, 0.0, 526.3157894736842, 2259.210526315789, 526.3157894736842, 0.0, 2734.210526315789, 1309.2105263157891, 526.3157894736842, 2850.0, 2156.578947368421, 2105.2631578947367, 2323.684210526316, 2105.2631578947367, 38.15789473684163, 1784.2105263157891, 0.0, 526.3157894736842, 1309.2105263157891, 1425.0, 3209.210526315789, 3684.210526315789, 2734.210526315789, 0.0, 0.0, 0.0, 2734.210526315789, 0.0, 0.0, 3209.210526315789, 1309.2105263157891, 0.0, 3325.0, 2156.578947368421, 2105.2631578947367, 2798.684210526316, 1578.9473684210525, 513.1578947368416, 1784.2105263157891, 475.0, 0.0, 1784.2105263157891, 1900.0, 3209.210526315789, 3684.210526315789, 3209.210526315789, 475.0, 475.0, 0.0, 2734.210526315789, 475.0, 0.0, 3209.210526315789, 1784.2105263157891, 475.0, 2798.684210526316, 1630.2631578947367, 1578.9473684210525, 2272.3684210526317, 1052.6315789473683, 988.1578947368416, 2259.210526315789, 950.0, 0.0, 2259.210526315789, 2259.210526315789, 3209.210526315789, 3209.210526315789, 3209.210526315789, 950.0, 475.0, 0.0, 2734.210526315789, 950.0, 0.0, 3209.210526315789, 2259.210526315789, 950.0, 3273.684210526316, 1103.9473684210525, 1578.9473684210525, 1746.0526315789475, 1052.6315789473683, 1463.1578947368416, 2734.210526315789, 1425.0, 0.0, 2734.210526315789, 2734.210526315789, 3209.210526315789, 3684.210526315789, 3209.210526315789, 1425.0, 834.2105263157891, 0.0, 2734.210526315789, 1425.0, 0.0, 3209.210526315789, 2734.210526315789, 1425.0, 2836.8421052631575, 577.6315789473683, 1578.9473684210525, 1219.7368421052633, 1052.6315789473683, 1938.1578947368416, 3209.210526315789, 1900.0, 475.0, 3209.210526315789, 3209.210526315789, 3209.210526315789, 3209.210526315789, 3209.210526315789, 1900.0, 834.2105263157891, 0.0, 2734.210526315789, 1900.0, 0.0, 3209.210526315789, 3209.210526315789, 1900.0, 3311.8421052631575, 51.31578947368416, 1578.9473684210525, 693.4210526315792, 1052.6315789473683, 1411.8421052631575, 3684.210526315789, 2375.0, 475.0, 3684.210526315789, 3209.210526315789, 3209.210526315789, 3684.210526315789, 3209.210526315789, 2375.0, 1309.2105263157891, 0.0, 2734.210526315789, 2375.0, 0.0, 3209.210526315789, 3684.210526315789, 2375.0, 2785.5263157894733, 526.3157894736842, 1052.6315789473683, 1168.4210526315792, 1052.6315789473683, 885.5263157894733, 3684.210526315789, 2850.0, 475.0, 3684.210526315789, 3209.210526315789, 3209.210526315789, 3260.5263157894733, 3209.210526315789, 2850.0, 1784.2105263157891, 0.0, 2734.210526315789, 2850.0, 0.0, 3209.210526315789, 3157.894736842105, 2850.0, 2259.210526315789, 0.0, 526.3157894736842, 1168.4210526315792, 526.3157894736842, 359.21052631578914, 3684.210526315789, 3325.0, 0.0, 3684.210526315789, 3209.210526315789, 3209.210526315789, 3260.5263157894733, 3684.210526315789, 3209.210526315789, 2259.210526315789, 0.0, 2734.210526315789, 3325.0, 0.0, 3209.210526315789, 2631.578947368421, 3325.0, 2734.210526315789, 0.0, 0.0, 1643.4210526315792, 0.0, 834.2105263157891, 3684.210526315789, 3684.210526315789, 0.0, 3684.210526315789, 3684.210526315789, 3684.210526315789, 2734.210526315789, 3684.210526315789, 3684.210526315789, 2734.210526315789, 0.0, 3209.210526315789, 2798.684210526316, 0.0, 3684.210526315789, 2631.578947368421, 3325.0, 3209.210526315789, 0.0, 0.0, 1117.105263157895, 0.0, 834.2105263157891, 3684.210526315789, 3684.210526315789, 475.0, 3684.210526315789, 3684.210526315789, 3157.894736842105, 2734.210526315789, 3684.210526315789, 3209.210526315789, 3209.210526315789, 0.0, 3684.210526315789, 2798.684210526316, 359.21052631578914, 3684.210526315789, 2105.2631578947367, 3325.0, 3684.210526315789, 475.0, 0.0, 590.7894736842109, 475.0, 834.2105263157891, 3684.210526315789, 3157.894736842105, 950.0, 3157.894736842105, 3684.210526315789, 2631.578947368421, 2734.210526315789, 3684.210526315789, 3684.210526315789, 3684.210526315789, 0.0, 3157.894736842105, 3209.210526315789, 834.2105263157891, 3684.210526315789, 1578.9473684210525, 3325.0, 3684.210526315789, 950.0, 475.0, 1065.7894736842109, 950.0, 1309.2105263157891, 3157.894736842105, 2631.578947368421, 1425.0, 2631.578947368421, 3157.894736842105, 2105.2631578947367, 2734.210526315789, 3684.210526315789, 3684.210526315789, 3209.210526315789, 359.21052631578914, 2631.578947368421, 3684.210526315789, 1309.2105263157891, 3684.210526315789, 1052.6315789473683, 3157.894736842105, 3157.894736842105, 1425.0, 950.0, 1540.7894736842109, 1425.0, 1784.2105263157891, 2631.578947368421, 2105.2631578947367, 1900.0, 2105.2631578947367, 2631.578947368421, 1578.9473684210525, 2734.210526315789, 3684.210526315789, 3684.210526315789, 3209.210526315789, 834.2105263157891, 2105.2631578947367, 3684.210526315789, 1784.2105263157891, 3684.210526315789, 1052.6315789473683, 3157.894736842105, 2631.578947368421, 1900.0, 1425.0, 1014.4736842105267, 1900.0, 2259.210526315789, 2105.2631578947367, 1578.9473684210525, 2375.0, 1578.9473684210525, 2105.2631578947367, 1052.6315789473683, 3209.210526315789, 3684.210526315789, 3684.210526315789, 3209.210526315789, 1309.2105263157891, 1578.9473684210525, 3684.210526315789, 2259.210526315789, 3684.210526315789, 1052.6315789473683, 3157.894736842105, 2105.2631578947367, 2375.0, 1900.0, 1014.4736842105267, 2375.0, 2734.210526315789, 1578.9473684210525, 1052.6315789473683, 2850.0, 1052.6315789473683, 1578.9473684210525, 526.3157894736842, 3684.210526315789, 3684.210526315789, 3684.210526315789, 3684.210526315789, 1784.2105263157891, 1052.6315789473683, 3684.210526315789, 2734.210526315789, 3684.210526315789, 1052.6315789473683, 3157.894736842105, 1578.9473684210525, 2850.0, 2375.0, 1489.4736842105267, 2850.0, 3209.210526315789, 1052.6315789473683, 526.3157894736842, 3325.0, 526.3157894736842, 1052.6315789473683, 0.0, 3684.210526315789, 3684.210526315789, 3157.894736842105, 3684.210526315789, 2259.210526315789, 526.3157894736842, 3684.210526315789, 3209.210526315789, 3684.210526315789, 526.3157894736842, 3157.894736842105, 1052.6315789473683, 3325.0, 2850.0, 1784.2105263157891, 3325.0, 3684.210526315789, 526.3157894736842, 0.0, 3684.210526315789, 0.0, 526.3157894736842, 475.0, 3684.210526315789, 3684.210526315789, 2631.578947368421, 3684.210526315789, 2734.210526315789, 0.0, 3684.210526315789, 3684.210526315789, 3157.894736842105, 0.0, 3157.894736842105, 526.3157894736842, 2798.684210526316, 3209.210526315789, 2259.210526315789, 3684.210526315789, 3157.894736842105, 0.0, 475.0, 3684.210526315789, 475.0, 0.0, 475.0, 3684.210526315789, 3684.210526315789, 2105.2631578947367, 3684.210526315789, 3209.210526315789, 0.0, 3157.894736842105, 3684.210526315789, 2631.578947368421, 0.0, 3157.894736842105, 0.0, 2272.3684210526317, 3684.210526315789, 2734.210526315789, 3684.210526315789, 3632.894736842105, 475.0, 950.0, 3684.210526315789, 950.0, 0.0, 834.2105263157891, 3684.210526315789, 3157.894736842105, 1578.9473684210525, 3157.894736842105, 3684.210526315789, 475.0, 2631.578947368421, 3684.210526315789, 2105.2631578947367, 475.0, 3157.894736842105, 0.0, 1746.0526315789475, 3684.210526315789, 3209.210526315789, 3684.210526315789, 3106.578947368421, 526.3157894736842, 1425.0, 3157.894736842105, 1309.2105263157891, 0.0, 1309.2105263157891, 3157.894736842105, 2631.578947368421, 1052.6315789473683, 2631.578947368421, 3684.210526315789, 475.0, 2105.2631578947367, 3684.210526315789, 1578.9473684210525, 950.0, 2631.578947368421, 0.0, 1219.7368421052633, 3157.894736842105, 3684.210526315789, 3684.210526315789, 2580.2631578947367, 0.0, 1900.0, 2631.578947368421, 1784.2105263157891, 0.0, 1784.2105263157891, 2631.578947368421, 2105.2631578947367, 526.3157894736842, 2105.2631578947367, 3157.894736842105, 475.0, 1578.9473684210525, 3684.210526315789, 1052.6315789473683, 950.0, 2105.2631578947367, 0.0, 693.4210526315792, 2631.578947368421, 3684.210526315789, 3157.894736842105, 2053.9473684210525, 0.0, 2375.0, 2105.2631578947367, 2259.210526315789, 0.0, 2259.210526315789, 2105.2631578947367, 1578.9473684210525, 0.0, 1578.9473684210525, 2631.578947368421, 475.0, 1052.6315789473683, 3684.210526315789, 526.3157894736842, 950.0, 1578.9473684210525, 0.0, 167.10526315789502, 2105.2631578947367, 3684.210526315789, 2631.578947368421, 1527.6315789473683, 0.0, 2734.210526315789, 1578.9473684210525, 2734.210526315789, 475.0, 2734.210526315789, 2105.2631578947367, 1052.6315789473683, 0.0, 1052.6315789473683, 2105.2631578947367, 475.0, 526.3157894736842, 3684.210526315789, 526.3157894736842, 1052.6315789473683, 1052.6315789473683, 0.0, 0.0, 1578.9473684210525, 3157.894736842105, 2105.2631578947367, 1001.3157894736842, 359.21052631578914, 2734.210526315789, 1052.6315789473683, 3209.210526315789, 950.0, 3209.210526315789, 1578.9473684210525, 526.3157894736842, 0.0, 526.3157894736842, 1578.9473684210525, 475.0, 0.0, 3684.210526315789, 526.3157894736842, 1052.6315789473683, 526.3157894736842, 475.0, 0.0, 1052.6315789473683, 3157.894736842105, 1578.9473684210525, 475.0, 834.2105263157891, 3209.210526315789, 526.3157894736842, 3684.210526315789, 1425.0, 3684.210526315789, 1052.6315789473683, 0.0, 475.0, 0.0, 1578.9473684210525, 475.0, 0.0, 3684.210526315789, 0.0, 526.3157894736842, 0.0, 475.0, 0.0, 936.8421052631575, 2631.578947368421, 2053.9473684210525, 475.0, 1309.2105263157891, 3209.210526315789, 0.0, 3684.210526315789, 1900.0, 3157.894736842105, 526.3157894736842, 0.0, 0.0, 0.0, 1578.9473684210525, 950.0, 461.84210526315746, 3157.894736842105, 475.0, 0.0, 0.0, 950.0, 475.0, 1411.8421052631575, 2105.2631578947367, 2053.9473684210525, 526.3157894736842, 1784.2105263157891, 3209.210526315789, 0.0, 3684.210526315789, 2375.0, 2631.578947368421, 0.0, 475.0, 475.0, 205.26315789473665, 1578.9473684210525, 1425.0, 936.8421052631575, 2631.578947368421, 950.0, 475.0, 0.0, 1425.0, 950.0, 1886.8421052631575, 1578.9473684210525, 1578.9473684210525, 0.0, 2259.210526315789, 3209.210526315789, 0.0, 3684.210526315789, 2850.0, 2105.2631578947367, 475.0, 834.2105263157891, 950.0, 680.2631578947367, 1578.9473684210525, 1425.0, 936.8421052631575, 2105.2631578947367, 1425.0, 950.0, 0.0, 1900.0, 1425.0, 2361.8421052631575, 1052.6315789473683, 1052.6315789473683, 0.0, 2734.210526315789, 3209.210526315789, 0.0, 3684.210526315789, 3325.0, 1578.9473684210525, 526.3157894736842, 834.2105263157891, 1425.0, 1155.2631578947367, 1578.9473684210525, 1425.0, 1411.8421052631575, 1578.9473684210525, 1900.0, 1360.5263157894733, 0.0, 2375.0, 1900.0, 2361.8421052631575, 526.3157894736842, 1052.6315789473683, 475.0, 3209.210526315789, 3209.210526315789, 0.0, 3684.210526315789, 3684.210526315789, 1052.6315789473683, 526.3157894736842, 834.2105263157891, 1900.0, 1630.2631578947367, 1052.6315789473683, 1425.0, 1886.8421052631575, 1052.6315789473683, 2375.0, 1835.5263157894733, 475.0, 2850.0, 2375.0, 2361.8421052631575, 526.3157894736842, 1052.6315789473683, 950.0, 3684.210526315789, 3209.210526315789, 0.0, 3157.894736842105, 3684.210526315789, 526.3157894736842, 0.0, 834.2105263157891, 2375.0, 2105.2631578947367, 526.3157894736842, 1425.0, 2361.8421052631575, 526.3157894736842, 2734.210526315789, 2310.5263157894733, 950.0, 2850.0, 2850.0, 2836.8421052631575, 0.0, 526.3157894736842, 1425.0, 3684.210526315789, 3209.210526315789, 0.0, 2631.578947368421, 3684.210526315789, 0.0, 0.0, 834.2105263157891, 2850.0, 1578.9473684210525, 0.0, 1425.0, 2836.8421052631575, 0.0, 3209.210526315789, 2785.5263157894733, 1425.0, 2850.0, 3325.0, 3311.8421052631575, 475.0, 0.0, 1900.0, 3684.210526315789, 3209.210526315789, 0.0, 2105.2631578947367, 3684.210526315789, 0.0, 0.0, 834.2105263157891, 3325.0, 1052.6315789473683, 0.0, 1900.0, 2310.5263157894733, 0.0, 3209.210526315789, 3260.5263157894733, 1900.0, 3209.210526315789, 3684.210526315789, 2785.5263157894733, 950.0, 0.0, 1373.6842105263158, 3684.210526315789, 3684.210526315789, 475.0, 1578.9473684210525, 3157.894736842105, 475.0, 475.0, 834.2105263157891, 3684.210526315789, 1052.6315789473683, 475.0, 2375.0, 1784.2105263157891, 0.0, 3684.210526315789, 2734.210526315789, 1900.0, 3684.210526315789, 3684.210526315789, 2259.210526315789, 423.68421052631584, 475.0, 1257.894736842105, 3157.894736842105, 3157.894736842105, 950.0, 1052.6315789473683, 3157.894736842105, 950.0, 950.0, 1309.2105263157891, 3684.210526315789, 526.3157894736842, 950.0, 1848.6842105263158, 2259.210526315789, 475.0, 3157.894736842105, 3209.210526315789, 1900.0, 3684.210526315789, 3684.210526315789, 2259.210526315789, 423.68421052631584, 950.0, 1257.894736842105, 2631.578947368421, 2631.578947368421, 1425.0, 526.3157894736842, 3157.894736842105, 1425.0, 1425.0, 1784.2105263157891, 3684.210526315789, 0.0, 1425.0, 1322.3684210526317, 2734.210526315789, 950.0, 2631.578947368421, 3209.210526315789, 2375.0, 3684.210526315789, 3684.210526315789, 2259.210526315789, 526.3157894736842, 1425.0, 1732.894736842105, 2631.578947368421, 2105.2631578947367, 1900.0, 526.3157894736842, 3157.894736842105, 1732.894736842105, 1900.0, 2259.210526315789, 3684.210526315789, 0.0, 1900.0, 1052.6315789473683, 3209.210526315789, 1425.0, 2105.2631578947367, 3684.210526315789, 2850.0, 3684.210526315789, 3684.210526315789, 2259.210526315789, 0.0, 1900.0, 2207.894736842105, 2734.210526315789, 1578.9473684210525, 2375.0, 0.0, 2631.578947368421, 1732.894736842105, 2375.0, 2734.210526315789, 3684.210526315789, 475.0, 2375.0, 1052.6315789473683, 3684.210526315789, 1900.0, 2105.2631578947367, 3684.210526315789, 3325.0, 3568.4210526315783, 3684.210526315789, 2734.210526315789, 0.0, 2375.0, 2682.894736842105, 3209.210526315789, 1052.6315789473683, 2850.0, 51.31578947368416, 2105.2631578947367, 2207.894736842105, 2850.0, 3209.210526315789, 3684.210526315789, 950.0, 2850.0, 1052.6315789473683, 3684.210526315789, 2375.0, 1578.9473684210525, 3684.210526315789, 3684.210526315789, 3042.105263157894, 3684.210526315789, 3209.210526315789, 0.0, 2850.0, 2682.894736842105, 3684.210526315789, 526.3157894736842, 3325.0, 526.3157894736842, 1578.9473684210525, 2207.894736842105, 3325.0, 3684.210526315789, 3157.894736842105, 950.0, 3325.0, 526.3157894736842, 3684.210526315789, 2850.0, 1578.9473684210525, 3684.210526315789, 3684.210526315789, 3042.105263157894, 3684.210526315789, 3684.210526315789, 0.0, 3325.0, 3157.894736842105, 3684.210526315789, 0.0, 3684.210526315789, 0.0, 1052.6315789473683, 2682.894736842105, 3684.210526315789, 3684.210526315789, 2631.578947368421, 526.3157894736842, 3684.210526315789, 0.0, 3684.210526315789, 3325.0, 1052.6315789473683, 3684.210526315789, 3684.210526315789, 3042.105263157894, 3363.1578947368416, 3684.210526315789, 0.0, 3684.210526315789, 3157.894736842105, 3157.894736842105, 0.0, 3684.210526315789, 38.15789473684163, 526.3157894736842, 3157.894736842105, 3684.210526315789, 3684.210526315789, 2105.2631578947367, 0.0, 3684.210526315789, 475.0, 3684.210526315789, 3684.210526315789, 526.3157894736842, 3684.210526315789, 3684.210526315789, 3042.105263157894, 2836.8421052631575, 3684.210526315789, 0.0, 3684.210526315789, 3157.894736842105, 2631.578947368421, 0.0, 3684.210526315789, 513.1578947368416, 0.0, 2631.578947368421, 3684.210526315789, 3684.210526315789, 1578.9473684210525, 475.0, 3684.210526315789, 950.0, 3684.210526315789, 3684.210526315789, 0.0, 3209.210526315789, 3684.210526315789, 2515.78947368421, 2310.5263157894733, 3684.210526315789, 0.0, 3157.894736842105, 2631.578947368421, 2105.2631578947367, 0.0, 3684.210526315789, 513.1578947368416, 0.0, 2105.2631578947367, 3684.210526315789, 3157.894736842105, 1052.6315789473683, 0.0, 3157.894736842105, 1425.0, 3684.210526315789, 3684.210526315789, 0.0, 3684.210526315789, 3157.894736842105, 1989.4736842105258, 1784.2105263157891, 3684.210526315789, 475.0, 2631.578947368421, 2105.2631578947367, 1578.9473684210525, 0.0, 3684.210526315789, 513.1578947368416, 0.0, 1578.9473684210525, 3157.894736842105, 2631.578947368421, 526.3157894736842, 0.0, 2631.578947368421, 1900.0, 3157.894736842105, 3684.210526315789, 0.0, 3684.210526315789, 2631.578947368421, 1463.1578947368416, 1784.2105263157891, 3157.894736842105, 950.0, 2105.2631578947367, 1578.9473684210525, 1052.6315789473683, 0.0, 3684.210526315789, 513.1578947368416, 0.0, 1052.6315789473683, 3157.894736842105, 2631.578947368421, 0.0, 0.0, 2105.2631578947367, 2259.210526315789, 2682.894736842105, 3684.210526315789, 0.0, 3684.210526315789, 2105.2631578947367, 1463.1578947368416, 2259.210526315789, 2631.578947368421, 1052.6315789473683, 1578.9473684210525, 1052.6315789473683, 526.3157894736842, 0.0, 3684.210526315789, 988.1578947368416, 0.0, 526.3157894736842, 3157.894736842105, 2631.578947368421, 0.0, 0.0, 1578.9473684210525, 2734.210526315789, 2682.894736842105, 3684.210526315789, 359.21052631578914, 3684.210526315789, 1578.9473684210525, 1463.1578947368416, 2734.210526315789, 2105.2631578947367, 526.3157894736842, 1052.6315789473683, 526.3157894736842, 0.0, 0.0, 3684.210526315789, 1463.1578947368416, 0.0, 0.0, 3157.894736842105, 3106.578947368421, 0.0, 0.0, 1052.6315789473683, 3209.210526315789, 2682.894736842105, 3684.210526315789, 834.2105263157891, 3684.210526315789, 1052.6315789473683, 1938.1578947368416, 3209.210526315789, 1578.9473684210525, 0.0, 526.3157894736842, 0.0, 0.0, 0.0, 3684.210526315789, 1938.1578947368416, 0.0, 0.0, 3157.894736842105, 3157.894736842105, 475.0, 0.0, 1527.6315789473683, 3684.210526315789, 2156.578947368421, 3684.210526315789, 1309.2105263157891, 3684.210526315789, 526.3157894736842, 2413.1578947368416, 3684.210526315789, 1052.6315789473683, 475.0, 0.0, 0.0, 0.0, 0.0, 3157.894736842105, 1938.1578947368416, 475.0, 0.0, 2631.578947368421, 2631.578947368421, 950.0, 0.0, 1527.6315789473683, 3684.210526315789, 1630.2631578947367, 3157.894736842105, 1784.2105263157891, 3684.210526315789, 0.0, 1886.8421052631575, 3157.894736842105, 1052.6315789473683, 628.9473684210525, 475.0, 475.0, 475.0, 0.0, 2631.578947368421, 1938.1578947368416, 950.0, 475.0, 2105.2631578947367, 2105.2631578947367, 1425.0, 0.0, 1527.6315789473683, 3684.210526315789, 1103.9473684210525, 2631.578947368421, 2259.210526315789, 3157.894736842105, 0.0, 1360.5263157894733, 2631.578947368421, 1052.6315789473683, 628.9473684210525, 950.0, 950.0, 475.0, 0.0, 2105.2631578947367, 1938.1578947368416, 1425.0, 526.3157894736842, 1578.9473684210525, 1578.9473684210525, 1900.0, 0.0, 1527.6315789473683, 3684.210526315789, 577.6315789473683, 2105.2631578947367, 2734.210526315789, 2631.578947368421, 0.0, 834.2105263157891, 2105.2631578947367, 1052.6315789473683, 1103.9473684210525, 1425.0, 1425.0, 950.0, 51.31578947368416, 1578.9473684210525, 1938.1578947368416, 1900.0, 0.0, 1052.6315789473683, 1052.6315789473683, 2375.0, 0.0, 1527.6315789473683, 3260.5263157894733, 51.31578947368416, 1578.9473684210525, 2734.210526315789, 2105.2631578947367, 475.0, 1309.2105263157891, 1578.9473684210525, 1052.6315789473683, 1578.9473684210525, 1900.0, 1900.0, 950.0, 526.3157894736842, 1052.6315789473683, 1938.1578947368416, 2375.0, 0.0, 1052.6315789473683, 526.3157894736842, 2850.0, 0.0, 1001.3157894736842, 2734.210526315789, 526.3157894736842, 1052.6315789473683, 2734.210526315789, 1578.9473684210525, 950.0, 1784.2105263157891, 1052.6315789473683, 1052.6315789473683, 1578.9473684210525, 2375.0, 2259.210526315789, 526.3157894736842, 526.3157894736842, 526.3157894736842, 1411.8421052631575, 2850.0, 0.0, 526.3157894736842, 0.0, 2734.210526315789, 0.0, 526.3157894736842, 2734.210526315789, 0.0, 526.3157894736842, 2734.210526315789, 1052.6315789473683, 950.0, 2259.210526315789, 526.3157894736842, 526.3157894736842, 1052.6315789473683, 2850.0, 2734.210526315789, 0.0, 0.0, 0.0, 885.5263157894733, 3209.210526315789, 0.0, 0.0, 0.0, 3209.210526315789, 0.0, 0.0, 2734.210526315789, 0.0, 0.0, 3209.210526315789, 526.3157894736842, 834.2105263157891, 2734.210526315789, 1001.3157894736842, 0.0, 526.3157894736842, 3209.210526315789, 3209.210526315789, 0.0, 0.0, 0.0, 359.21052631578914, 3684.210526315789, 475.0, 0.0, 359.21052631578914, 3684.210526315789, 0.0, 0.0, 3209.210526315789, 359.21052631578914, 475.0, 3684.210526315789, 1001.3157894736842, 834.2105263157891, 3209.210526315789, 1476.3157894736842, 0.0, 0.0, 3684.210526315789, 3684.210526315789, 475.0, 475.0, 475.0, 834.2105263157891, 3157.894736842105, 475.0, 475.0, 834.2105263157891, 3684.210526315789, 0.0, 0.0, 3684.210526315789, 834.2105263157891, 475.0, 3684.210526315789, 475.0, 834.2105263157891, 3684.210526315789, 1951.3157894736842, 359.21052631578914, 475.0, 3157.894736842105, 3157.894736842105, 0.0, 475.0, 950.0, 1309.2105263157891, 3209.210526315789, 475.0, 950.0, 1309.2105263157891, 3684.210526315789, 359.21052631578914, 0.0, 3157.894736842105, 1309.2105263157891, 834.2105263157891, 3157.894736842105, 475.0, 1309.2105263157891, 3157.894736842105, 1951.3157894736842, 359.21052631578914, 950.0, 3157.894736842105, 3517.105263157894, 0.0, 950.0, 1425.0, 1784.2105263157891, 3684.210526315789, 475.0, 1425.0, 1784.2105263157891, 3684.210526315789, 359.21052631578914, 0.0, 2631.578947368421, 1784.2105263157891, 1309.2105263157891, 2631.578947368421, 950.0, 1784.2105263157891, 2631.578947368421, 2426.315789473684, 834.2105263157891, 1425.0, 3157.894736842105, 2990.78947368421, 475.0, 1425.0, 1900.0, 2259.210526315789, 3684.210526315789, 475.0, 1900.0, 2259.210526315789, 3684.210526315789, 834.2105263157891, 0.0, 2105.2631578947367, 2259.210526315789, 1784.2105263157891, 2105.2631578947367, 1425.0, 2259.210526315789, 2105.2631578947367, 2734.210526315789, 1309.2105263157891, 1900.0, 3157.894736842105, 2464.473684210526, 526.3157894736842, 1900.0, 2375.0, 2734.210526315789, 3684.210526315789, 475.0, 2375.0, 2734.210526315789, 3157.894736842105, 1309.2105263157891, 475.0, 1578.9473684210525, 2734.210526315789, 2259.210526315789, 1578.9473684210525, 1900.0, 2734.210526315789, 1578.9473684210525, 3209.210526315789, 1784.2105263157891, 2375.0, 3157.894736842105, 1938.1578947368416, 0.0, 2375.0, 2850.0, 3209.210526315789, 3157.894736842105, 475.0, 2850.0, 3209.210526315789, 2631.578947368421, 1784.2105263157891, 950.0, 1052.6315789473683, 3209.210526315789, 2734.210526315789, 1052.6315789473683, 2375.0, 3209.210526315789, 1052.6315789473683, 3209.210526315789, 2259.210526315789, 2850.0, 2631.578947368421, 1411.8421052631575, 0.0, 1848.6842105263158, 3325.0, 3684.210526315789, 2631.578947368421, 475.0, 3325.0, 3684.210526315789, 2105.2631578947367, 2259.210526315789, 950.0, 526.3157894736842, 3684.210526315789, 3209.210526315789, 1052.6315789473683, 2850.0, 3684.210526315789, 526.3157894736842, 3684.210526315789, 2734.210526315789, 3209.210526315789, 2105.2631578947367, 885.5263157894733, 0.0, 1322.3684210526317, 3684.210526315789, 3684.210526315789, 2105.2631578947367, 950.0, 3684.210526315789, 3684.210526315789, 1578.9473684210525, 2259.210526315789, 423.68421052631584, 0.0, 3684.210526315789, 3209.210526315789, 526.3157894736842, 3325.0, 3684.210526315789, 0.0, 3684.210526315789, 3209.210526315789, 3684.210526315789, 1578.9473684210525, 359.21052631578914, 0.0, 1322.3684210526317, 3684.210526315789, 3684.210526315789, 1578.9473684210525, 1425.0, 3157.894736842105, 3684.210526315789, 1052.6315789473683, 2734.210526315789, 0.0, 0.0, 3684.210526315789, 3209.210526315789, 0.0, 2798.684210526316, 3684.210526315789, 0.0, 3684.210526315789, 3684.210526315789, 3157.894736842105, 1052.6315789473683, 834.2105263157891, 0.0, 1322.3684210526317, 3684.210526315789, 3684.210526315789, 1052.6315789473683, 1425.0, 2631.578947368421, 3684.210526315789, 526.3157894736842, 3209.210526315789, 0.0, 475.0, 3157.894736842105, 3684.210526315789, 0.0, 2272.3684210526317, 3684.210526315789, 0.0, 3684.210526315789, 3684.210526315789, 2631.578947368421, 526.3157894736842, 1309.2105263157891, 0.0, 1322.3684210526317, 3684.210526315789, 3684.210526315789, 526.3157894736842, 1425.0, 2105.2631578947367, 3157.894736842105, 0.0, 3209.210526315789, 0.0, 475.0, 2631.578947368421, 3684.210526315789, 0.0, 1746.0526315789475, 3157.894736842105, 475.0, 3157.894736842105, 3684.210526315789, 2105.2631578947367, 0.0, 1784.2105263157891, 0.0, 1322.3684210526317, 3157.894736842105, 3684.210526315789, 0.0, 1425.0, 2105.2631578947367, 2631.578947368421, 0.0, 3209.210526315789, 0.0, 475.0, 2105.2631578947367, 3157.894736842105, 0.0, 1219.7368421052633, 2631.578947368421, 834.2105263157891, 3157.894736842105, 3684.210526315789, 1578.9473684210525, 0.0, 2259.210526315789, 0.0, 1322.3684210526317, 2631.578947368421, 3684.210526315789, 0.0, 1425.0, 2105.2631578947367, 2105.2631578947367, 0.0, 3209.210526315789, 0.0, 475.0, 1578.9473684210525, 2631.578947368421, 0.0, 693.4210526315792, 2105.2631578947367, 1309.2105263157891, 3632.894736842105, 3260.5263157894733, 1578.9473684210525, 0.0, 2734.210526315789, 0.0, 1322.3684210526317, 2105.2631578947367, 3684.210526315789, 0.0, 1425.0, 2105.2631578947367, 1578.9473684210525, 0.0, 3209.210526315789, 0.0, 475.0, 1052.6315789473683, 2105.2631578947367, 0.0, 1168.4210526315792, 1578.9473684210525, 1784.2105263157891, 3106.578947368421, 2734.210526315789, 1052.6315789473683, 0.0, 3209.210526315789, 0.0, 1322.3684210526317, 1578.9473684210525, 3684.210526315789, 0.0, 1425.0, 2105.2631578947367, 1052.6315789473683, 475.0, 3209.210526315789, 0.0, 475.0, 526.3157894736842, 2580.2631578947367, 0.0, 1643.4210526315792, 1578.9473684210525, 2259.210526315789, 2682.894736842105, 3209.210526315789, 526.3157894736842, 0.0, 3684.210526315789, 0.0, 1322.3684210526317, 1052.6315789473683, 3684.210526315789, 475.0, 1425.0, 2105.2631578947367, 1052.6315789473683, 475.0, 3209.210526315789, 0.0, 0.0, 0.0, 3055.2631578947367, 0.0, 1117.105263157895, 1052.6315789473683, 2734.210526315789, 3157.894736842105, 3684.210526315789, 0.0, 0.0, 3157.894736842105, 475.0, 1322.3684210526317, 1052.6315789473683, 3157.894736842105, 950.0, 898.6842105263158, 2105.2631578947367, 526.3157894736842, 834.2105263157891, 3209.210526315789, 359.21052631578914, 0.0, 0.0, 2631.578947368421, 475.0, 1117.105263157895, 526.3157894736842, 3209.210526315789, 2631.578947368421, 3157.894736842105, 0.0, 475.0, 2631.578947368421, 834.2105263157891, 1322.3684210526317, 1052.6315789473683, 3157.894736842105, 1425.0, 372.3684210526317, 2105.2631578947367, 0.0, 1309.2105263157891, 3209.210526315789, 834.2105263157891, 0.0, 0.0, 2631.578947368421, 950.0, 1578.9473684210525, 0.0, 3684.210526315789, 2105.2631578947367, 2631.578947368421, 0.0, 950.0, 2105.2631578947367, 834.2105263157891, 1784.2105263157891, 1052.6315789473683, 2631.578947368421, 1900.0, 0.0, 2105.2631578947367, 0.0, 1784.2105263157891, 3209.210526315789, 1309.2105263157891, 0.0, 0.0, 2105.2631578947367, 1425.0, 1578.9473684210525, 0.0, 3684.210526315789, 1578.9473684210525, 2105.2631578947367, 0.0, 950.0, 1578.9473684210525, 1309.2105263157891, 2259.210526315789, 1052.6315789473683, 2105.2631578947367, 2375.0, 0.0, 2105.2631578947367, 0.0, 2259.210526315789, 3209.210526315789, 1784.2105263157891, 0.0, 0.0, 1578.9473684210525, 1900.0, 1578.9473684210525, 0.0, 3684.210526315789, 1052.6315789473683, 1578.9473684210525, 0.0, 1425.0, 1052.6315789473683, 1784.2105263157891, 2734.210526315789, 1052.6315789473683, 1578.9473684210525, 2850.0, 0.0, 2105.2631578947367, 0.0, 2734.210526315789, 3209.210526315789, 2259.210526315789, 0.0, 256.5789473684208, 1052.6315789473683, 2375.0, 1578.9473684210525, 0.0, 3684.210526315789, 526.3157894736842, 1052.6315789473683, 0.0, 1900.0, 526.3157894736842, 2259.210526315789, 3209.210526315789, 526.3157894736842, 1052.6315789473683, 3209.210526315789, 0.0, 2105.2631578947367, 0.0, 3209.210526315789, 3209.210526315789, 2734.210526315789, 0.0, 731.5789473684208, 526.3157894736842, 2850.0, 1052.6315789473683, 0.0, 3209.210526315789, 0.0, 526.3157894736842, 0.0, 2259.210526315789, 0.0, 2734.210526315789, 3684.210526315789, 0.0, 526.3157894736842, 3209.210526315789, 0.0, 2105.2631578947367, 0.0, 3684.210526315789, 3209.210526315789, 3209.210526315789, 0.0, 1206.5789473684208, 0.0, 3325.0, 526.3157894736842, 0.0, 3684.210526315789, 0.0, 0.0, 0.0, 2734.210526315789, 475.0, 3209.210526315789, 3684.210526315789, 0.0, 0.0, 3684.210526315789, 0.0, 2580.2631578947367, 475.0, 3684.210526315789, 3209.210526315789, 3684.210526315789, 0.0, 1681.5789473684208, 475.0, 3684.210526315789, 0.0, 0.0, 3157.894736842105, 0.0, 0.0, 0.0, 3209.210526315789, 475.0, 3684.210526315789, 3157.894736842105, 0.0, 0.0, 3684.210526315789, 359.21052631578914, 3055.2631578947367, 950.0, 3684.210526315789, 3684.210526315789, 3157.894736842105, 0.0, 1681.5789473684208, 0.0, 3684.210526315789, 0.0, 359.21052631578914, 2631.578947368421, 0.0, 0.0, 359.21052631578914, 3684.210526315789, 475.0, 3157.894736842105, 2631.578947368421, 475.0, 0.0, 3684.210526315789, 834.2105263157891, 3055.2631578947367, 1425.0, 3684.210526315789, 3684.210526315789, 3157.894736842105, 475.0, 1681.5789473684208, 475.0, 3157.894736842105, 0.0, 834.2105263157891, 2631.578947368421, 475.0, 475.0, 834.2105263157891, 3157.894736842105, 782.894736842105, 2631.578947368421, 2105.2631578947367, 950.0, 475.0, 3684.210526315789, 1309.2105263157891, 3209.210526315789, 1900.0, 3157.894736842105, 3157.894736842105, 3209.210526315789, 950.0, 1681.5789473684208, 950.0, 2631.578947368421, 0.0, 1309.2105263157891, 3106.578947368421, 950.0, 950.0, 1309.2105263157891, 2631.578947368421, 1257.894736842105, 2105.2631578947367, 1578.9473684210525, 1425.0, 950.0, 3157.894736842105, 1784.2105263157891, 3209.210526315789, 2375.0, 2631.578947368421, 2631.578947368421, 3209.210526315789, 1425.0, 2156.578947368421, 1425.0, 2105.2631578947367, 0.0, 1784.2105263157891, 3581.578947368421, 1425.0, 1425.0, 1784.2105263157891, 2631.578947368421, 1732.894736842105, 1578.9473684210525, 1052.6315789473683, 1425.0, 1425.0, 3157.894736842105, 2259.210526315789, 3684.210526315789, 2850.0, 2105.2631578947367, 2105.2631578947367, 3209.210526315789, 1784.2105263157891, 2631.578947368421, 1900.0, 1578.9473684210525, 475.0, 2259.210526315789, 3684.210526315789, 1900.0, 1900.0, 2259.210526315789, 2631.578947368421, 2207.894736842105, 1052.6315789473683, 526.3157894736842, 1425.0, 1900.0, 2939.473684210526, 2734.210526315789, 3684.210526315789, 3325.0, 2105.2631578947367, 1578.9473684210525, 3209.210526315789, 2259.210526315789, 2631.578947368421, 2375.0, 1052.6315789473683, 526.3157894736842, 2734.210526315789, 3684.210526315789, 2375.0, 2375.0, 2734.210526315789, 2105.2631578947367, 2682.894736842105, 526.3157894736842, 0.0, 1425.0, 2375.0, 2413.1578947368416, 3209.210526315789, 3684.210526315789, 3684.210526315789, 1578.9473684210525, 1052.6315789473683, 3209.210526315789, 2734.210526315789, 2631.578947368421, 2850.0, 526.3157894736842, 526.3157894736842, 3209.210526315789, 3684.210526315789, 2734.210526315789, 2850.0, 3209.210526315789, 1578.9473684210525, 3157.894736842105, 0.0, 0.0, 1052.6315789473683, 2375.0, 1886.8421052631575, 3684.210526315789, 3684.210526315789, 3684.210526315789, 1052.6315789473683, 526.3157894736842, 3209.210526315789, 3209.210526315789, 2105.2631578947367, 3325.0, 0.0, 526.3157894736842, 3684.210526315789, 3684.210526315789, 3209.210526315789, 3325.0, 3684.210526315789, 1052.6315789473683, 3157.894736842105, 0.0, 359.21052631578914, 526.3157894736842, 2850.0, 1360.5263157894733, 3684.210526315789, 3157.894736842105, 3684.210526315789, 526.3157894736842, 0.0, 3684.210526315789, 3684.210526315789, 1578.9473684210525, 3325.0, 0.0, 526.3157894736842, 3684.210526315789, 3684.210526315789, 3684.210526315789, 3684.210526315789, 3684.210526315789, 526.3157894736842, 3157.894736842105, 475.0, 359.21052631578914, 0.0, 3209.210526315789, 834.2105263157891, 3684.210526315789, 3632.894736842105, 3157.894736842105, 0.0, 0.0, 3684.210526315789, 3684.210526315789, 1578.9473684210525, 3684.210526315789, 0.0, 526.3157894736842, 3209.210526315789, 3209.210526315789, 3684.210526315789, 3684.210526315789, 3684.210526315789, 0.0, 2631.578947368421, 950.0, 834.2105263157891, 475.0, 3209.210526315789, 1309.2105263157891, 3684.210526315789, 3632.894736842105, 2631.578947368421, 0.0, 0.0, 3157.894736842105, 3684.210526315789, 1052.6315789473683, 3684.210526315789, 0.0, 526.3157894736842, 3684.210526315789, 3684.210526315789, 3684.210526315789, 3157.894736842105, 3684.210526315789, 475.0, 2105.2631578947367, 950.0, 834.2105263157891, 0.0, 3209.210526315789, 1784.2105263157891, 3684.210526315789, 3632.894736842105, 2105.2631578947367, 0.0, 0.0, 2631.578947368421, 3684.210526315789, 526.3157894736842, 3209.210526315789, 0.0, 526.3157894736842, 3157.894736842105, 3684.210526315789, 3157.894736842105, 2631.578947368421, 3684.210526315789, 950.0, 1578.9473684210525, 950.0, 1309.2105263157891, 0.0, 3209.210526315789, 2259.210526315789, 3684.210526315789, 3632.894736842105, 1578.9473684210525, 0.0, 0.0, 2105.2631578947367, 3684.210526315789, 0.0, 2682.894736842105, 359.21052631578914, 526.3157894736842, 2631.578947368421, 3684.210526315789, 2631.578947368421, 2105.2631578947367, 3684.210526315789, 950.0, 1052.6315789473683, 950.0, 1784.2105263157891, 0.0, 3209.210526315789, 2734.210526315789, 3684.210526315789, 3632.894736842105, 1052.6315789473683, 0.0, 0.0, 1578.9473684210525, 3684.210526315789, 0.0, 2682.894736842105, 359.21052631578914, 526.3157894736842, 2105.2631578947367, 3684.210526315789, 2105.2631578947367, 1578.9473684210525, 3684.210526315789, 950.0, 526.3157894736842, 1309.2105263157891, 2259.210526315789, 0.0, 3209.210526315789, 3209.210526315789, 3684.210526315789, 3632.894736842105, 526.3157894736842, 0.0, 0.0, 1052.6315789473683, 3684.210526315789, 0.0, 2682.894736842105, 359.21052631578914, 526.3157894736842, 1578.9473684210525, 3684.210526315789, 1578.9473684210525, 2053.9473684210525, 3684.210526315789, 950.0, 0.0, 1784.2105263157891, 2734.210526315789, 0.0, 3684.210526315789, 3684.210526315789, 3684.210526315789, 3684.210526315789, 0.0, 0.0, 0.0, 1052.6315789473683, 3684.210526315789, 0.0, 2682.894736842105, 359.21052631578914, 0.0, 2053.9473684210525, 3157.894736842105, 1052.6315789473683, 1578.9473684210525, 3684.210526315789, 950.0, 475.0, 2259.210526315789, 3209.210526315789, 359.21052631578914, 3684.210526315789, 3157.894736842105, 3157.894736842105, 3157.894736842105, 0.0, 475.0, 0.0, 526.3157894736842, 3157.894736842105, 0.0, 2156.578947368421, 834.2105263157891, 0.0, 1527.6315789473683, 2631.578947368421, 526.3157894736842, 1052.6315789473683, 3157.894736842105, 950.0, 950.0, 2734.210526315789, 3684.210526315789, 834.2105263157891, 3684.210526315789, 2631.578947368421, 2631.578947368421, 2631.578947368421, 0.0, 950.0, 0.0, 1001.3157894736842, 2785.5263157894733, 475.0, 1630.2631578947367, 1309.2105263157891, 0.0, 1001.3157894736842, 2105.2631578947367, 0.0, 1052.6315789473683, 2631.578947368421, 1425.0, 1425.0, 3209.210526315789, 3684.210526315789, 1309.2105263157891, 3684.210526315789, 2105.2631578947367, 2105.2631578947367, 2105.2631578947367, 0.0, 1425.0, 0.0, 1476.3157894736842, 2259.210526315789, 950.0, 1103.9473684210525, 1784.2105263157891, 0.0, 1001.3157894736842, 2105.2631578947367, 0.0, 1052.6315789473683, 2105.2631578947367, 1784.2105263157891, 1900.0, 3684.210526315789, 3684.210526315789, 1784.2105263157891, 3684.210526315789, 1578.9473684210525, 1578.9473684210525, 1578.9473684210525, 0.0, 1900.0, 0.0, 1951.3157894736842, 2259.210526315789, 1425.0, 577.6315789473683, 2259.210526315789, 0.0, 526.3157894736842, 1578.9473684210525, 0.0, 1052.6315789473683, 1578.9473684210525, 2259.210526315789, 2375.0, 3684.210526315789, 3157.894736842105, 2259.210526315789, 3684.210526315789, 1052.6315789473683, 1052.6315789473683, 1052.6315789473683, 0.0, 2375.0, 0.0, 2426.315789473684, 2259.210526315789, 1900.0, 1052.6315789473683, 2734.210526315789, 0.0, 526.3157894736842, 1578.9473684210525, 0.0, 1052.6315789473683, 1052.6315789473683, 2734.210526315789, 2850.0, 3684.210526315789, 3209.210526315789, 2734.210526315789, 3684.210526315789, 526.3157894736842, 526.3157894736842, 526.3157894736842, 0.0, 2850.0, 0.0, 2901.315789473684, 2259.210526315789, 2259.210526315789, 526.3157894736842, 3209.210526315789, 475.0, 0.0, 1052.6315789473683, 0.0, 526.3157894736842, 526.3157894736842, 3209.210526315789, 3209.210526315789, 3684.210526315789, 3684.210526315789, 3209.210526315789, 3684.210526315789, 0.0, 0.0, 0.0, 0.0, 3325.0, 0.0, 3376.315789473684, 2259.210526315789, 2734.210526315789, 0.0, 3684.210526315789, 577.6315789473683, 0.0, 526.3157894736842, 359.21052631578914, 0.0, 0.0, 3209.210526315789, 3684.210526315789, 3684.210526315789, 3157.894736842105, 3684.210526315789, 3684.210526315789, 475.0, 0.0, 0.0, 0.0, 3684.210526315789, 0.0, 3376.315789473684, 2734.210526315789, 3209.210526315789, 0.0, 3684.210526315789, 577.6315789473683, 0.0, 0.0, 834.2105263157891, 0.0, 0.0, 3684.210526315789, 3684.210526315789, 3684.210526315789, 3157.894736842105, 3684.210526315789, 3157.894736842105, 950.0, 359.21052631578914, 475.0, 475.0, 3684.210526315789, 0.0, 2850.0, 3209.210526315789, 3684.210526315789, 0.0, 3684.210526315789, 51.31578947368416, 475.0, 0.0, 1309.2105263157891, 0.0, 359.21052631578914, 3157.894736842105, 3684.210526315789, 3684.210526315789, 3157.894736842105, 3157.894736842105, 2631.578947368421, 950.0, 834.2105263157891, 950.0, 950.0, 3684.210526315789, 0.0, 2323.684210526316, 3209.210526315789, 3684.210526315789, 0.0, 3157.894736842105, 526.3157894736842, 950.0, 0.0, 1784.2105263157891, 475.0, 834.2105263157891, 2631.578947368421, 3684.210526315789, 3684.210526315789, 3157.894736842105, 2631.578947368421, 2631.578947368421, 950.0, 1309.2105263157891, 1425.0, 1425.0, 3157.894736842105, 0.0, 2323.684210526316, 3209.210526315789, 3157.894736842105, 256.5789473684208, 3157.894736842105, 0.0, 1425.0, 0.0, 2259.210526315789, 950.0, 1309.2105263157891, 2631.578947368421, 3684.210526315789, 3684.210526315789, 3157.894736842105, 2631.578947368421, 2631.578947368421, 950.0, 1784.2105263157891, 1900.0, 1900.0, 2631.578947368421, 0.0, 2323.684210526316, 3684.210526315789, 2631.578947368421, 731.5789473684208, 2631.578947368421, 475.0, 1900.0, 0.0, 2734.210526315789, 1425.0, 1784.2105263157891, 2631.578947368421, 3684.210526315789, 3684.210526315789, 2631.578947368421, 2105.2631578947367, 2631.578947368421, 950.0, 2259.210526315789, 2375.0, 2375.0, 2105.2631578947367, 0.0, 2798.684210526316, 3684.210526315789, 2105.2631578947367, 1206.5789473684208, 2105.2631578947367, 475.0, 2375.0, 475.0, 3209.210526315789, 1900.0, 2259.210526315789, 2631.578947368421, 3157.894736842105, 3684.210526315789, 2105.2631578947367, 1578.9473684210525, 2631.578947368421, 950.0, 2734.210526315789, 2850.0, 2850.0, 1578.9473684210525, 0.0, 3209.210526315789, 3684.210526315789, 2105.2631578947367, 1681.5789473684208, 1578.9473684210525, 475.0, 2850.0, 526.3157894736842, 3684.210526315789, 2375.0, 2734.210526315789, 2631.578947368421, 2631.578947368421, 3684.210526315789, 1578.9473684210525, 1052.6315789473683, 2631.578947368421, 885.5263157894733, 3209.210526315789, 3325.0, 3325.0, 1052.6315789473683, 0.0, 3209.210526315789, 3209.210526315789, 1578.9473684210525, 2156.578947368421, 1052.6315789473683, 950.0, 3325.0, 526.3157894736842, 3684.210526315789, 2850.0, 3209.210526315789, 2105.2631578947367, 2105.2631578947367, 3684.210526315789, 2053.9473684210525, 526.3157894736842, 2631.578947368421, 359.21052631578914, 3684.210526315789, 3325.0, 3684.210526315789, 526.3157894736842, 0.0, 3684.210526315789, 3209.210526315789, 1052.6315789473683, 2631.578947368421, 526.3157894736842, 423.68421052631584, 3684.210526315789, 0.0, 3157.894736842105, 3325.0, 3684.210526315789, 1578.9473684210525, 1578.9473684210525, 3157.894736842105, 2528.9473684210525, 0.0, 2631.578947368421, 359.21052631578914, 3684.210526315789, 3684.210526315789, 3684.210526315789, 0.0, 475.0, 3684.210526315789, 3684.210526315789, 526.3157894736842, 2631.578947368421, 0.0, 898.6842105263158, 3684.210526315789, 475.0, 2631.578947368421, 3684.210526315789, 3157.894736842105, 1052.6315789473683, 1578.9473684210525, 2631.578947368421, 3003.9473684210525, 0.0, 2631.578947368421, 834.2105263157891, 3684.210526315789, 3684.210526315789, 3157.894736842105, 0.0, 950.0, 3684.210526315789, 3684.210526315789, 0.0, 2105.2631578947367, 0.0, 898.6842105263158, 3684.210526315789, 950.0, 2156.578947368421, 3157.894736842105, 2631.578947368421, 526.3157894736842, 1578.9473684210525, 2105.2631578947367, 3478.9473684210525, 475.0, 2631.578947368421, 1309.2105263157891, 3684.210526315789, 3157.894736842105, 3157.894736842105, 0.0, 1425.0, 3684.210526315789, 3684.210526315789, 475.0, 1578.9473684210525, 0.0, 898.6842105263158, 3684.210526315789, 1425.0, 2631.578947368421, 2631.578947368421, 2631.578947368421, 0.0, 1052.6315789473683, 1578.9473684210525, 3478.9473684210525, 950.0, 2631.578947368421, 1784.2105263157891, 3684.210526315789, 2631.578947368421, 3157.894736842105, 0.0, 1900.0, 3684.210526315789, 3684.210526315789, 0.0, 1052.6315789473683, 0.0, 898.6842105263158, 3684.210526315789, 898.6842105263158, 2105.2631578947367, 2105.2631578947367, 2105.2631578947367, 0.0, 526.3157894736842, 1052.6315789473683, 3684.210526315789, 1309.2105263157891, 2631.578947368421, 2259.210526315789, 3684.210526315789, 2105.2631578947367, 2631.578947368421, 0.0, 2375.0, 3157.894736842105, 3684.210526315789, 0.0, 526.3157894736842, 0.0, 898.6842105263158, 3684.210526315789, 898.6842105263158, 1578.9473684210525, 1578.9473684210525, 1578.9473684210525, 0.0, 0.0, 526.3157894736842, 3684.210526315789, 1784.2105263157891, 2631.578947368421, 2734.210526315789, 3684.210526315789, 1578.9473684210525, 2105.2631578947367, 0.0, 2850.0, 2631.578947368421, 3684.210526315789, 0.0, 0.0, 0.0, 898.6842105263158, 3684.210526315789, 1373.6842105263158, 1052.6315789473683, 1052.6315789473683, 1052.6315789473683, 0.0, 0.0, 0.0, 3684.210526315789, 2259.210526315789, 2631.578947368421, 3209.210526315789, 3684.210526315789, 1052.6315789473683, 1578.9473684210525, 0.0, 3325.0, 2105.2631578947367, 3684.210526315789, 0.0, 0.0, 359.21052631578914, 898.6842105263158, 3157.894736842105, 1848.6842105263158, 526.3157894736842, 526.3157894736842, 526.3157894736842, 0.0, 0.0, 0.0, 3684.210526315789, 2734.210526315789, 2631.578947368421, 3684.210526315789, 3684.210526315789, 1052.6315789473683, 1052.6315789473683, 0.0, 3684.210526315789, 2105.2631578947367, 3684.210526315789, 0.0, 359.21052631578914, 359.21052631578914, 898.6842105263158, 3157.894736842105, 1322.3684210526317, 0.0, 0.0, 0.0, 0.0, 475.0, 0.0, 3157.894736842105, 2734.210526315789, 2631.578947368421, 3157.894736842105, 3157.894736842105, 1052.6315789473683, 526.3157894736842, 475.0, 3684.210526315789, 1578.9473684210525, 3157.894736842105, 475.0, 359.21052631578914, 834.2105263157891, 1373.6842105263158, 2631.578947368421, 1797.3684210526317, 0.0, 475.0, 0.0, 475.0, 950.0, 475.0, 3157.894736842105, 2734.210526315789, 2631.578947368421, 2631.578947368421, 2631.578947368421, 1052.6315789473683, 0.0, 950.0, 3684.210526315789, 1052.6315789473683, 2631.578947368421, 950.0, 834.2105263157891, 1309.2105263157891, 1848.6842105263158, 2105.2631578947367, 2272.3684210526317, 0.0, 950.0, 0.0, 950.0, 1425.0, 526.3157894736842, 2785.5263157894733, 2734.210526315789, 2631.578947368421, 2105.2631578947367, 2105.2631578947367, 1052.6315789473683, 475.0, 1425.0, 3684.210526315789, 1052.6315789473683, 2105.2631578947367, 1425.0, 1309.2105263157891, 1784.2105263157891, 1322.3684210526317, 1578.9473684210525, 2747.3684210526317, 475.0, 1425.0, 0.0, 1425.0, 1900.0, 526.3157894736842, 2259.210526315789, 2734.210526315789, 2631.578947368421, 1578.9473684210525, 1578.9473684210525, 1052.6315789473683, 0.0, 1900.0, 3684.210526315789, 1052.6315789473683, 1578.9473684210525, 1900.0, 1784.2105263157891, 2259.210526315789, 1797.3684210526317, 1052.6315789473683, 3157.894736842105, 577.6315789473683, 1900.0, 0.0, 1900.0, 2375.0, 526.3157894736842, 2734.210526315789, 2734.210526315789, 2631.578947368421, 1052.6315789473683, 1052.6315789473683, 1052.6315789473683, 0.0, 2375.0, 3684.210526315789, 1052.6315789473683, 1052.6315789473683, 2375.0, 2259.210526315789, 2734.210526315789, 2272.3684210526317, 526.3157894736842, 3157.894736842105, 1052.6315789473683, 2375.0, 0.0, 2375.0, 2850.0, 0.0, 3209.210526315789, 2734.210526315789, 2631.578947368421, 526.3157894736842, 526.3157894736842, 1052.6315789473683, 0.0, 2850.0, 3684.210526315789, 526.3157894736842, 885.5263157894733, 2850.0, 2734.210526315789, 3209.210526315789, 2734.210526315789, 0.0, 2631.578947368421, 526.3157894736842, 2850.0, 0.0, 2734.210526315789, 3325.0, 0.0, 3684.210526315789, 2734.210526315789, 2631.578947368421, 0.0, 0.0, 526.3157894736842, 0.0, 3325.0, 3684.210526315789, 0.0, 359.21052631578914, 3209.210526315789, 3209.210526315789, 3684.210526315789, 3209.210526315789, 0.0, 2105.2631578947367, 0.0, 3325.0, 0.0, 3209.210526315789, 3684.210526315789, 475.0, 3684.210526315789, 3209.210526315789, 2631.578947368421, 475.0, 0.0, 526.3157894736842, 359.21052631578914, 3684.210526315789, 3684.210526315789, 0.0, 834.2105263157891, 3684.210526315789, 3684.210526315789, 3684.210526315789, 3684.210526315789, 0.0, 1578.9473684210525, 0.0, 2798.684210526316, 0.0, 3684.210526315789, 3684.210526315789, 475.0, 3157.894736842105, 3684.210526315789, 2631.578947368421, 950.0, 0.0, 1001.3157894736842, 834.2105263157891, 3157.894736842105, 3157.894736842105, 0.0, 1309.2105263157891, 3157.894736842105, 3684.210526315789, 3684.210526315789, 3684.210526315789, 475.0, 1052.6315789473683, 475.0, 2272.3684210526317, 359.21052631578914, 3684.210526315789, 3157.894736842105, 475.0, 2631.578947368421, 3157.894736842105, 3106.578947368421, 950.0, 475.0, 1476.3157894736842, 1309.2105263157891, 2939.473684210526, 3157.894736842105, 0.0, 1784.2105263157891, 3157.894736842105, 3157.894736842105, 3157.894736842105, 3157.894736842105, 950.0, 526.3157894736842, 950.0, 2272.3684210526317, 834.2105263157891, 3684.210526315789, 3157.894736842105, 475.0, 2105.2631578947367, 2631.578947368421, 3106.578947368421, 950.0, 950.0, 1951.3157894736842, 1784.2105263157891, 2939.473684210526, 2631.578947368421, 0.0, 2259.210526315789, 3157.894736842105, 2631.578947368421, 2631.578947368421, 2631.578947368421, 1425.0, 526.3157894736842, 1425.0, 2272.3684210526317, 1309.2105263157891, 3684.210526315789, 3157.894736842105, 475.0, 1938.1578947368416, 2105.2631578947367, 3106.578947368421, 950.0, 1425.0, 2426.315789473684, 2259.210526315789, 2939.473684210526, 2105.2631578947367, 307.894736842105, 2259.210526315789, 3157.894736842105, 2105.2631578947367, 2105.2631578947367, 2105.2631578947367, 1900.0, 526.3157894736842, 1900.0, 2272.3684210526317, 1784.2105263157891, 3684.210526315789, 3209.210526315789, 526.3157894736842, 1411.8421052631575, 1578.9473684210525, 3106.578947368421, 950.0, 1900.0, 2631.578947368421, 2734.210526315789, 2939.473684210526, 1578.9473684210525, 782.894736842105, 2259.210526315789, 2631.578947368421, 1886.8421052631575, 2105.2631578947367, 1578.9473684210525, 2375.0, 526.3157894736842, 2375.0, 2747.3684210526317, 2259.210526315789, 3684.210526315789, 3684.210526315789, 526.3157894736842, 885.5263157894733, 1052.6315789473683, 3106.578947368421, 950.0, 2375.0, 2631.578947368421, 3209.210526315789, 2939.473684210526, 1052.6315789473683, 1257.894736842105, 2734.210526315789, 2631.578947368421, 1886.8421052631575, 2105.2631578947367, 1052.6315789473683, 2850.0, 526.3157894736842, 2850.0, 3157.894736842105, 2734.210526315789, 3684.210526315789, 3684.210526315789, 526.3157894736842, 359.21052631578914, 526.3157894736842, 3106.578947368421, 950.0, 2850.0, 2631.578947368421, 3684.210526315789, 2413.1578947368416, 526.3157894736842, 1732.894736842105, 3209.210526315789, 2105.2631578947367, 1886.8421052631575, 1578.9473684210525, 526.3157894736842, 3325.0, 526.3157894736842, 3325.0, 3157.894736842105, 3209.210526315789, 3414.473684210526, 3684.210526315789, 0.0, 834.2105263157891, 0.0, 2580.2631578947367, 885.5263157894733, 3325.0, 2631.578947368421, 3684.210526315789, 1886.8421052631575, 0.0, 2207.894736842105, 3209.210526315789, 1578.9473684210525, 1886.8421052631575, 1052.6315789473683, 0.0, 3684.210526315789, 0.0, 3684.210526315789, 3157.894736842105, 3684.210526315789, 2888.1578947368416, 3684.210526315789, 0.0, 1309.2105263157891, 359.21052631578914, 2580.2631578947367, 359.21052631578914, 3684.210526315789, 2631.578947368421, 3684.210526315789, 1360.5263157894733, 0.0, 2682.894736842105, 3684.210526315789, 1052.6315789473683, 1360.5263157894733, 526.3157894736842, 475.0, 3684.210526315789, 475.0, 3684.210526315789, 2631.578947368421, 3684.210526315789, 2361.8421052631575, 3157.894736842105, 205.26315789473665, 1784.2105263157891, 834.2105263157891, 2734.210526315789, 834.2105263157891, 3157.894736842105, 2105.2631578947367, 3157.894736842105, 834.2105263157891, 475.0, 3157.894736842105, 3684.210526315789, 526.3157894736842, 834.2105263157891, 0.0, 0.0, 3157.894736842105, 950.0, 3684.210526315789, 2631.578947368421, 3684.210526315789, 1835.5263157894733, 2631.578947368421, 205.26315789473665, 2259.210526315789, 1309.2105263157891, 3209.210526315789, 1309.2105263157891, 2631.578947368421, 1578.9473684210525, 2631.578947368421, 1309.2105263157891, 950.0, 2631.578947368421, 3684.210526315789, 0.0, 1309.2105263157891, 0.0, 0.0, 2631.578947368421, 1425.0, 3209.210526315789, 2105.2631578947367, 3684.210526315789, 1309.2105263157891, 2105.2631578947367, 205.26315789473665, 2734.210526315789, 1784.2105263157891, 3684.210526315789, 1784.2105263157891, 2105.2631578947367, 1052.6315789473683, 2105.2631578947367, 1784.2105263157891, 1425.0, 2105.2631578947367, 3684.210526315789, 0.0, 1784.2105263157891, 0.0, 0.0, 2105.2631578947367, 1425.0, 2682.894736842105, 1578.9473684210525, 3684.210526315789, 1784.2105263157891, 1578.9473684210525, 680.2631578947367, 3209.210526315789, 2259.210526315789, 3684.210526315789, 2259.210526315789, 1578.9473684210525, 526.3157894736842, 1578.9473684210525, 2259.210526315789, 1900.0, 1578.9473684210525, 3684.210526315789, 0.0, 2259.210526315789, 475.0, 475.0, 1578.9473684210525, 1425.0, 3157.894736842105, 1052.6315789473683, 3684.210526315789, 2259.210526315789, 1052.6315789473683, 1155.2631578947367, 3684.210526315789, 2734.210526315789, 3684.210526315789, 2734.210526315789, 1052.6315789473683, 0.0, 1052.6315789473683, 2734.210526315789, 2375.0, 1052.6315789473683, 3684.210526315789, 0.0, 2734.210526315789, 475.0, 475.0, 1052.6315789473683, 1900.0, 3157.894736842105, 526.3157894736842, 3684.210526315789, 2734.210526315789, 526.3157894736842, 1630.2631578947367, 3684.210526315789, 3209.210526315789, 3684.210526315789, 3209.210526315789, 526.3157894736842, 0.0, 526.3157894736842, 3209.210526315789, 2850.0, 526.3157894736842, 3684.210526315789, 0.0, 3209.210526315789, 834.2105263157891, 526.3157894736842, 526.3157894736842, 1373.6842105263158, 3157.894736842105, 0.0, 3684.210526315789, 3209.210526315789, 0.0, 2105.2631578947367, 3684.210526315789, 3684.210526315789, 3684.210526315789, 3684.210526315789, 0.0, 0.0, 0.0, 3684.210526315789, 2323.684210526316, 0.0, 3684.210526315789, 0.0, 3684.210526315789, 1309.2105263157891, 0.0, 0.0, 847.3684210526317, 3157.894736842105, 0.0, 3684.210526315789, 3684.210526315789]"
Li_LCOE_Fom,0.003903042906588769
CAPEX_TES_storage,171193.5838783523
powerTurbine_t,[0.0 0.0 0.0 0.0 0.0 0.0 0.0 0.0 0.0 0.0 0.0 0.0 0.0 0.0 0.0 0.0 0.0 0.0 0.0 0.0 0.0 0.0 0.0 0.0 0.0 0.0 0.0 257.7319587628866 515.4639175257732 515.4639175257732 257.7319587628866 0.0 0.0 0.0 0.0 0.0 0.0 0.0 0.0 0.0 0.0 0.0 0.0 0.0 0.0 0.0 0.0 0.0 0.0 0.0 0.0 0.0 0.0 0.0 0.0 0.0 0.0 0.0 0.0 0.0 0.0 0.0 0.0 0.0 0.0 0.0 0.0 0.0 0.0 0.0 0.0 0.0 0.0 0.0 0.0 0.0 0.0 0.0 0.0 0.0 0.0 0.0 0.0 0.0 0.0 0.0 0.0 0.0 0.0 0.0 0.0 0.0 0.0 0.0 0.0 0.0 257.7319587628866 515.4639175257732 515.4639175257732 515.4639175257732 515.4639175257732 515.4639175257732 257.7319587628866 0.0 0.0 0.0 0.0 0.0 0.0 0.0 0.0 0.0 0.0 0.0 0.0 0.0 0.0 0.0 0.0 0.0 0.0 0.0 0.0 0.0 0.0 0.0 0.0 0.0 0.0 0.0 0.0 0.0 0.0 0.0 0.0 0.0 0.0 0.0 0.0 0.0 0.0 0.0 0.0 0.0 0.0 0.0 0.0 0.0 0.0 0.0 0.0 0.0 0.0 0.0 0.0 0.0 0.0 0.0 0.0 0.0 0.0 257.7319587628866 515.4639175257732 515.4639175257732 515.4639175257732 515.4639175257732 515.4639175257732 257.7319587628866; 0.0 0.0 0.0 0.0 0.0 0.0 0.0 0.0 0.0 0.0 0.0 0.0 0.0 0.0 0.0 0.0 0.0 0.0 0.0 0.0 0.0 0.0 0.0 0.0 0.0 0.0 0.0 0.0 0.0 0.0 0.0 0.0 0.0 0.0 0.0 0.0 0.0 0.0 0.0 0.0 0.0 0.0 0.0 0.0 0.0 0.0 0.0 0.0 0.0 0.0 0.0 0.0 0.0 0.0 0.0 0.0 0.0 0.0 0.0 0.0 0.0 0.0 0.0 0.0 0.0 257.73195876288673 515.4639175257732 515.4639175257732 515.4639175257732 309.27852825124444 87.62886597938146 0.0 0.0 0.0 0.0 0.0 0.0 0.0 0.0 0.0 0.0 0.0 0.0 0.0 0.0 0.0 0.0 0.0 0.0 0.0 0.0 0.0 0.0 0.0 0.0 0.0 0.0 0.0 0.0 0.0 0.0 0.0 0.0 0.0 0.0 0.0 0.0 0.0 0.0 0.0 0.0 0.0 0.0 0.0 0.0 0.0 0.0 0.0 0.0 0.0 0.0 0.0 0.0 0.0 0.0 0.0 0.0 0.0 0.0 0.0 0.0 0.0 0.0 0.0 0.0 0.0 257.7319587628866 515.4639175257732 515.4639175257732 515.4639175257732 515.4639175257732 276.55590887202277 87.62886597938146 0.0 0.0 0.0 0.0 0.0 0.0 0.0 0.0 0.0 0.0 0.0 0.0 0.0 0.0 0.0 0.0 0.0 0.0 0.0 0.0 0.0 0.0 0.0 0.0 0.0; 0.0 257.7319587628866 515.4639175257732 515.4639175257732 496.4797575208603 238.7477987579737 87.62886597938146 0.0 0.0 0.0 0.0 0.0 0.0 0.0 0.0 0.0 0.0 257.7319587628866 515.4639175257732 257.7319587628866 0.0 0.0 0.0 0.0 0.0 0.0 0.0 0.0 0.0 0.0 0.0 0.0 0.0 0.0 0.0 0.0 0.0 0.0 0.0 0.0 0.0 0.0 0.0 0.0 0.0 0.0 0.0 0.0 0.0 0.0 0.0 0.0 0.0 0.0 0.0 0.0 0.0 0.0 0.0 0.0 0.0 0.0 0.0 0.0 0.0 0.0 0.0 0.0 0.0 0.0 0.0 0.0 0.0 0.0 0.0 0.0 0.0 0.0 0.0 0.0 0.0 0.0 0.0 0.0 0.0 0.0 0.0 0.0 0.0 0.0 0.0 0.0 0.0 0.0 0.0 0.0 0.0 0.0 0.0 0.0 0.0 0.0 0.0 0.0 0.0 0.0 0.0 0.0 0.0 0.0 0.0 0.0 0.0 0.0 0.0 0.0 0.0 0.0 0.0 0.0 0.0 0.0 0.0 0.0 0.0 0.0 0.0 0.0 0.0 0.0 0.0 0.0 0.0 0.0 0.0 0.0 0.0 0.0 0.0 0.0 0.0 0.0 0.0 0.0 0.0 0.0 0.0 0.0 0.0 0.0 0.0 0.0 0.0 0.0 0.0 0.0 0.0 0.0 0.0 0.0 0.0 0.0 0.0 0.0 0.0 0.0 0.0 0.0; 0.0 0.0 0.0 0.0 0.0 0.0 0.0 0.0 0.0 0.0 0.0 0.0 0.0 0.0 0.0 0.0 0.0 0.0 0.0 0.0 0.0 0.0 0.0 0.0 0.0 0.0 0.0 0.0 0.0 0.0 0.0 0.0 0.0 0.0 0.0 0.0 0.0 0.0 0.0 0.0 0.0 0.0 257.7319587628866 515.4639175257732 515.4639175257732 515.4639175257735 514.8480150378224 257.7319587628866 515.4639175257732 257.7319587628866 0.0 0.0 0.0 0.0 0.0 0.0 0.0 0.0 0.0 0.0 0.0 0.0 0.0 0.0 0.0 0.0 0.0 0.0 0.0 0.0 0.0 0.0 0.0 257.7319587628867 515.4639175257734 484.0008116247327 226.26885286184591 257.7319587628852 0.0 0.0 0.0 0.0 0.0 0.0 0.0 0.0 0.0 0.0 0.0 0.0 0.0 0.0 0.0 0.0 0.0 0.0 0.0 0.0 0.0 0.0 0.0 0.0 0.0 0.0 0.0 0.0 0.0 0.0 0.0 0.0 0.0 0.0 0.0 0.0 0.0 0.0 0.0 0.0 0.0 0.0 0.0 0.0 0.0 0.0 0.0 0.0 0.0 0.0 0.0 0.0 0.0 0.0 0.0 0.0 0.0 0.0 0.0 0.0 0.0 0.0 0.0 0.0 0.0 0.0 0.0 0.0 0.0 0.0 0.0 0.0 0.0 0.0 0.0 0.0 0.0 0.0 0.0 0.0 0.0 0.0 0.0 0.0 0.0 0.0 0.0 0.0 0.0 0.0; 0.0 0.0 0.0 0.0 0.0 0.0 0.0 0.0 0.0 0.0 0.0 0.0 0.0 0.0 0.0 0.0 0.0 0.0 0.0 0.0 0.0 0.0 0.0 0.0 0.0 0.0 0.0 0.0 0.0 0.0 0.0 0.0 0.0 0.0 0.0 0.0 0.0 0.0 0.0 0.0 0.0 0.0 0.0 0.0 0.0 0.0 0.0 0.0 0.0 0.0 0.0 0.0 0.0 0.0 0.0 0.0 0.0 0.0 0.0 0.0 0.0 0.0 0.0 0.0 0.0 0.0 0.0 0.0 0.0 0.0 0.0 0.0 0.0 0.0 0.0 0.0 0.0 0.0 0.0 0.0 0.0 0.0 0.0 0.0 0.0 0.0 0.0 0.0 0.0 0.0 0.0 0.0 0.0 0.0 0.0 0.0 257.7319587628866 515.4639175257732 515.4639175257732 260.5233590803311 515.4639175257732 515.4639175257732 515.4639175257732 257.7319587628866 0.0 0.0 0.0 0.0 0.0 0.0 0.0 0.0 0.0 0.0 0.0 0.0 0.0 0.0 0.0 0.0 0.0 0.0 0.0 0.0 0.0 0.0 0.0 0.0 0.0 0.0 0.0 0.0 0.0 0.0 0.0 0.0 0.0 0.0 0.0 0.0 0.0 0.0 0.0 0.0 0.0 0.0 0.0 0.0 0.0 0.0 0.0 0.0 0.0 0.0 0.0 0.0 0.0 0.0 0.0 0.0 0.0 0.0 0.0 0.0 0.0 0.0 0.0 0.0; 257.7319587628867 515.4639175257734 257.73195876288673 515.4639175257735 257.7319587628867 0.0 0.0 0.0 0.0 0.0 0.0 0.0 0.0 0.0 0.0 0.0 0.0 0.0 0.0 0.0 0.0 0.0 0.0 0.0 0.0 0.0 0.0 0.0 0.0 0.0 0.0 0.0 0.0 0.0 0.0 0.0 0.0 0.0 0.0 0.0 0.0 0.0 0.0 0.0 0.0 0.0 0.0 0.0 0.0 0.0 0.0 0.0 0.0 0.0 0.0 0.0 0.0 0.0 0.0 0.0 0.0 0.0 257.7319587628866 515.4639175257732 515.4639175257732 257.7319587628866 0.0 0.0 0.0 0.0 0.0 0.0 0.0 0.0 0.0 0.0 0.0 0.0 0.0 0.0 0.0 0.0 0.0 0.0 0.0 0.0 0.0 257.7319587628866 515.4639175257732 257.7319587628866 0.0 0.0 0.0 0.0 0.0 0.0 0.0 0.0 0.0 0.0 0.0 0.0 0.0 0.0 0.0 0.0 0.0 0.0 0.0 0.0 0.0 0.0 0.0 0.0 0.0 0.0 0.0 0.0 0.0 0.0 257.7319587628866 515.4639175257732 515.4639175257732 515.4639175257732 515.4639175257732 515.4639175257732 257.7319587628866 0.0 0.0 0.0 0.0 0.0 0.0 0.0 0.0 0.0 0.0 0.0 0.0 0.0 0.0 0.0 0.0 0.0 257.7319587628866 515.4639175257732 515.4639175257732 359.03806711346004 101.30610835057342 0.0 0.0 0.0 0.0 0.0 0.0 0.0 0.0 0.0 0.0 0.0 0.0 0.0 0.0 0.0 0.0 0.0 0.0 0.0; 0.0 0.0 0.0 0.0 0.0 257.7319587628866 515.4639175257732 257.7319587628866 0.0 0.0 0.0 0.0 0.0 0.0 0.0 0.0 0.0 0.0 0.0 0.0 0.0 0.0 0.0 0.0 0.0 0.0 0.0 0.0 0.0 0.0 0.0 0.0 0.0 0.0 0.0 0.0 0.0 0.0 0.0 0.0 0.0 0.0 0.0 0.0 0.0 0.0 0.0 0.0 257.7319587628866 515.4639175257732 515.4639175257732 515.4639175257732 515.4639175257732 515.4639175257732 257.7319587628866 0.0 0.0 0.0 0.0 0.0 0.0 0.0 0.0 0.0 0.0 0.0 0.0 0.0 0.0 0.0 0.0 0.0 0.0 0.0 0.0 0.0 0.0 0.0 0.0 0.0 0.0 0.0 0.0 0.0 0.0 0.0 0.0 0.0 0.0 0.0 0.0 0.0 0.0 0.0 0.0 0.0 0.0 0.0 0.0 0.0 0.0 0.0 0.0 0.0 0.0 0.0 0.0 0.0 0.0 0.0 0.0 0.0 0.0 0.0 0.0 0.0 0.0 0.0 0.0 0.0 0.0 0.0 0.0 0.0 0.0 0.0 0.0 0.0 0.0 0.0 0.0 0.0 0.0 0.0 0.0 0.0 0.0 0.0 0.0 0.0 0.0 0.0 0.0 0.0 0.0 0.0 0.0 0.0 0.0 0.0 0.0 0.0 0.0 0.0 0.0 0.0 0.0 0.0 0.0 0.0 0.0 0.0 0.0 0.0 0.0 0.0 0.0 0.0; 0.0 0.0 0.0 0.0 0.0 0.0 0.0 0.0 0.0 0.0 0.0 0.0 0.0 0.0 0.0 0.0 0.0 0.0 0.0 0.0 0.0 0.0 0.0 0.0 0.0 0.0 0.0 0.0 0.0 0.0 0.0 0.0 0.0 0.0 0.0 0.0 0.0 0.0 0.0 0.0 0.0 0.0 257.7319587628866 515.4639175257732 515.4639175257732 257.7319587628866 515.4639175257732 515.4639175257732 515.4639175257732 257.7319587628866 0.0 0.0 0.0 0.0 0.0 0.0 0.0 0.0 0.0 0.0 0.0 0.0 0.0 0.0 0.0 0.0 0.0 0.0 0.0 0.0 0.0 0.0 0.0 0.0 0.0 0.0 0.0 0.0 0.0 0.0 0.0 0.0 0.0 0.0 0.0 0.0 0.0 0.0 0.0 0.0 0.0 0.0 0.0 0.0 0.0 0.0 0.0 0.0 0.0 0.0 0.0 0.0 0.0 0.0 0.0 0.0 0.0 0.0 0.0 0.0 0.0 0.0 0.0 0.0 0.0 0.0 0.0 0.0 0.0 0.0 257.7319587628866 515.4639175257732 515.4639175257732 515.4639175257732 515.4639175257732 420.05766375078065 162.32570498789403 0.0 0.0 0.0 0.0 0.0 0.0 0.0 0.0 0.0 0.0 0.0 0.0 0.0 0.0 0.0 0.0 0.0 0.0 0.0 0.0 0.0 0.0 0.0 0.0 0.0 0.0 0.0 0.0 0.0 0.0 0.0 0.0 0.0 0.0 0.0 257.7319587628866 515.4639175257732 515.4639175257732 257.7319587628866 0.0 0.0; 0.0 0.0 0.0 0.0 0.0 0.0 0.0 0.0 0.0 0.0 0.0 0.0 0.0 0.0 0.0 0.0 0.0 0.0 0.0 0.0 0.0 0.0 0.0 0.0 0.0 0.0 0.0 0.0 0.0 0.0 0.0 0.0 0.0 0.0 0.0 0.0 0.0 0.0 0.0 0.0 0.0 0.0 0.0 0.0 0.0 0.0 0.0 0.0 0.0 0.0 0.0 0.0 0.0 0.0 0.0 0.0 0.0 0.0 0.0 0.0 0.0 0.0 0.0 0.0 0.0 0.0 0.0 0.0 0.0 0.0 0.0 257.7319587628866 515.4639175257732 515.4639175257732 515.4639175257732 515.4639175257732 515.4639175257732 257.7319587628866 0.0 0.0 0.0 0.0 0.0 0.0 0.0 0.0 0.0 0.0 0.0 0.0 0.0 0.0 0.0 0.0 0.0 0.0 0.0 0.0 0.0 0.0 0.0 0.0 0.0 0.0 0.0 0.0 0.0 0.0 0.0 0.0 0.0 0.0 0.0 0.0 0.0 257.7319587628866 515.4639175257732 257.7319587628866 0.0 0.0 0.0 0.0 0.0 0.0 0.0 0.0 0.0 0.0 0.0 0.0 0.0 0.0 0.0 0.0 0.0 0.0 0.0 0.0 0.0 0.0 0.0 0.0 0.0 0.0 0.0 0.0 0.0 0.0 0.0 0.0 0.0 0.0 0.0 0.0 0.0 0.0 0.0 0.0 0.0 0.0 0.0 0.0 0.0 257.7319587628866 515.4639175257732 420.9465667432929 163.21460798040633 0.0; 0.0 257.7319587628866 515.4639175257732 515.4639175257732 515.4639175257732 257.7319587628866 0.0 0.0 0.0 0.0 0.0 0.0 0.0 0.0 0.0 0.0 0.0 0.0 0.0 0.0 0.0 0.0 0.0 0.0 0.0 0.0 0.0 0.0 0.0 0.0 0.0 0.0 0.0 0.0 0.0 0.0 0.0 0.0 0.0 0.0 257.7319587628866 515.4639175257732 515.4639175257732 257.7319587628866 0.0 0.0 0.0 0.0 0.0 0.0 0.0 0.0 0.0 0.0 0.0 0.0 0.0 0.0 0.0 0.0 0.0 0.0 0.0 257.7319587628866 515.4639175257732 515.4639175257732 257.7319587628866 0.0 0.0 0.0 0.0 0.0 0.0 0.0 0.0 0.0 0.0 0.0 0.0 0.0 0.0 0.0 0.0 0.0 0.0 0.0 0.0 0.0 0.0 0.0 0.0 0.0 0.0 0.0 0.0 0.0 0.0 0.0 0.0 0.0 0.0 0.0 0.0 0.0 0.0 0.0 0.0 0.0 0.0 0.0 0.0 0.0 203.45288539680632 461.1848441596933 203.45288539680632 0.0 0.0 0.0 0.0 0.0 0.0 0.0 0.0 0.0 0.0 0.0 0.0 0.0 0.0 0.0 0.0 0.0 0.0 0.0 0.0 0.0 0.0 0.0 0.0 0.0 0.0 0.0 0.0 0.0 0.0 0.0 0.0 0.0 0.0 0.0 0.0 0.0 0.0 0.0 0.0 0.0 0.0 0.0 0.0 87.62886597938146 297.95124059769375 87.62886597938224 0.0 0.0 0.0 0.0 0.0 0.0; 0.0 0.0 0.0 0.0 0.0 0.0 0.0 0.0 0.0 0.0 0.0 0.0 0.0 0.0 0.0 0.0 0.0 0.0 0.0 0.0 0.0 0.0 0.0 0.0 0.0 0.0 0.0 0.0 0.0 0.0 0.0 0.0 0.0 0.0 0.0 0.0 0.0 0.0 0.0 0.0 0.0 257.7319587628866 515.4639175257732 515.4639175257731 515.4639175257732 515.4639175257732 515.4639175257732 257.7319587628866 0.0 0.0 0.0 0.0 0.0 0.0 0.0 0.0 0.0 0.0 0.0 0.0 0.0 0.0 0.0 0.0 0.0 0.0 0.0 0.0 0.0 0.0 0.0 0.0 0.0 0.0 0.0 0.0 0.0 0.0 0.0 0.0 0.0 0.0 0.0 0.0 0.0 0.0 0.0 0.0 0.0 0.0 0.0 0.0 0.0 0.0 0.0 0.0 0.0 0.0 0.0 0.0 0.0 0.0 0.0 0.0 0.0 0.0 0.0 0.0 0.0 0.0 0.0 0.0 0.0 0.0 0.0 0.0 0.0 0.0 0.0 0.0 0.0 0.0 0.0 0.0 0.0 0.0 0.0 0.0 0.0 0.0 0.0 0.0 0.0 0.0 0.0 0.0 0.0 0.0 0.0 0.0 0.0 0.0 0.0 0.0 0.0 0.0 0.0 0.0 0.0 0.0 0.0 0.0 0.0 0.0 257.73195876288656 515.4639175257732 515.4639175257732 515.4639175257732 515.4639175257732 257.7319587628866 0.0 0.0 0.0 0.0 0.0 0.0 0.0 0.0; 0.0 0.0 0.0 0.0 0.0 0.0 0.0 0.0 0.0 0.0 0.0 0.0 0.0 0.0 0.0 0.0 0.0 0.0 0.0 0.0 0.0 0.0 0.0 0.0 0.0 0.0 0.0 0.0 0.0 0.0 0.0 0.0 0.0 0.0 0.0 0.0 0.0 0.0 0.0 0.0 0.0 0.0 0.0 257.7319587628866 515.4639175257732 515.4639175257732 257.7319587628866 0.0 0.0 0.0 0.0 0.0 0.0 0.0 0.0 0.0 0.0 0.0 0.0 0.0 0.0 0.0 0.0 0.0 0.0 0.0 257.7319587628866 429.6110089210421 171.8790501581555 87.62886597938146 257.7319587628866 0.0 0.0 0.0 0.0 0.0 0.0 0.0 0.0 0.0 0.0 0.0 0.0 0.0 0.0 0.0 0.0 0.0 0.0 0.0 0.0 0.0 0.0 0.0 0.0 0.0 0.0 0.0 0.0 0.0 0.0 0.0 0.0 0.0 0.0 0.0 0.0 0.0 0.0 0.0 0.0 0.0 0.0 0.0 0.0 0.0 0.0 0.0 0.0 0.0 0.0 0.0 0.0 0.0 0.0 0.0 0.0 0.0 0.0 0.0 0.0 0.0 0.0 0.0 0.0 0.0 0.0 0.0 0.0 0.0 0.0 0.0 0.0 0.0 0.0 0.0 0.0 0.0 0.0 0.0 0.0 0.0 0.0 0.0 0.0 0.0 0.0 0.0 0.0 0.0 0.0 0.0 257.7319587628866 515.4639175257732 515.4639175257732 257.7319587628866 0.0 0.0; 0.0 0.0 0.0 0.0 0.0 0.0 0.0 0.0 0.0 0.0 0.0 0.0 0.0 0.0 0.0 87.62886597938146 260.67125221267594 87.62886597938146 0.0 0.0 0.0 0.0 0.0 0.0 0.0 0.0 0.0 0.0 0.0 0.0 0.0 0.0 0.0 0.0 0.0 0.0 0.0 0.0 0.0 0.0 0.0 0.0 0.0 0.0 0.0 0.0 0.0 0.0 0.0 0.0 0.0 0.0 0.0 0.0 0.0 0.0 0.0 0.0 0.0 0.0 0.0 0.0 0.0 0.0 0.0 0.0 0.0 0.0 0.0 0.0 0.0 0.0 0.0 0.0 0.0 0.0 0.0 0.0 0.0 0.0 0.0 0.0 0.0 0.0 0.0 0.0 0.0 0.0 0.0 0.0 0.0 0.0 0.0 0.0 0.0 0.0 0.0 0.0 0.0 0.0 0.0 0.0 0.0 0.0 0.0 0.0 0.0 0.0 0.0 0.0 0.0 0.0 0.0 0.0 0.0 0.0 0.0 0.0 0.0 0.0 0.0 0.0 0.0 0.0 0.0 0.0 0.0 0.0 0.0 0.0 0.0 0.0 0.0 0.0 0.0 0.0 0.0 0.0 0.0 0.0 0.0 0.0 0.0 0.0 0.0 0.0 0.0 0.0 0.0 0.0 0.0 0.0 0.0 0.0 0.0 0.0 0.0 0.0 0.0 0.0 0.0 0.0 0.0 0.0 0.0 0.0 0.0 0.0; 0.0 0.0 0.0 0.0 0.0 0.0 0.0 0.0 0.0 0.0 0.0 0.0 0.0 0.0 0.0 0.0 0.0 0.0 0.0 0.0 0.0 0.0 0.0 0.0 0.0 0.0 0.0 0.0 0.0 0.0 0.0 0.0 0.0 0.0 0.0 0.0 0.0 0.0 0.0 0.0 0.0 0.0 0.0 0.0 0.0 0.0 0.0 0.0 0.0 0.0 0.0 0.0 0.0 0.0 0.0 0.0 0.0 0.0 0.0 0.0 0.0 0.0 0.0 0.0 0.0 0.0 0.0 243.66020511297265 87.62886597938146 87.62886597938146 87.62886597938146 257.7319587628866 515.4639175257732 515.4639175257732 515.4639175257732 515.4639175257732 257.7319587628866 257.7319587628866 0.0 0.0 0.0 0.0 0.0 0.0 0.0 0.0 0.0 0.0 0.0 0.0 0.0 257.7319587628866 515.4639175257732 302.46484963977736 87.62886597938147 0.0 0.0 0.0 0.0 0.0 0.0 0.0 0.0 0.0 0.0 0.0 0.0 0.0 0.0 0.0 0.0 0.0 0.0 0.0 0.0 0.0 0.0 0.0 0.0 0.0 0.0 0.0 0.0 0.0 0.0 0.0 0.0 0.0 0.0 0.0 0.0 0.0 0.0 0.0 0.0 0.0 0.0 0.0 0.0 0.0 0.0 0.0 0.0 0.0 0.0 0.0 0.0 0.0 0.0 0.0 0.0 0.0 0.0 0.0 0.0 0.0 0.0 0.0 0.0 0.0 0.0 0.0 0.0 0.0 0.0 0.0 0.0 0.0; 0.0 0.0 0.0 0.0 0.0 0.0 0.0 257.7319587628866 179.7810364213912 0.0 0.0 0.0 0.0 0.0 0.0 0.0 0.0 0.0 0.0 0.0 0.0 0.0 0.0 0.0 0.0 0.0 0.0 0.0 0.0 0.0 0.0 0.0 0.0 0.0 0.0 0.0 0.0 0.0 0.0 0.0 0.0 0.0 0.0 0.0 0.0 0.0 0.0 0.0 257.7319587628866 515.4639175257732 515.4639175257732 515.4639175257732 515.4639175257732 515.4639175257732 257.7319587628866 0.0 0.0 0.0 0.0 0.0 0.0 0.0 0.0 0.0 0.0 0.0 0.0 0.0 0.0 0.0 0.0 0.0 0.0 0.0 0.0 0.0 0.0 0.0 183.56053477553633 0.0 0.0 0.0 0.0 0.0 0.0 0.0 0.0 0.0 0.0 0.0 0.0 0.0 0.0 0.0 0.0 0.0 0.0 0.0 0.0 0.0 0.0 0.0 0.0 0.0 0.0 0.0 0.0 0.0 0.0 0.0 0.0 0.0 0.0 0.0 0.0 0.0 0.0 0.0 0.0 257.73195876288673 515.4639175257734 515.4639175257732 515.4639175257732 502.99074074603743 245.2587819831508 502.99074074603743 257.7319587628866 0.0 0.0 0.0 0.0 0.0 0.0 0.0 0.0 0.0 0.0 0.0 0.0 0.0 0.0 0.0 0.0 0.0 0.0 0.0 0.0 0.0 0.0 0.0 0.0 0.0 0.0 0.0 0.0 0.0 0.0 0.0 0.0 0.0 0.0 0.0 0.0 0.0 0.0 0.0 0.0 0.0; 0.0 0.0 0.0 0.0 0.0 0.0 0.0 0.0 0.0 0.0 0.0 0.0 0.0 0.0 0.0 0.0 0.0 0.0 0.0 0.0 0.0 0.0 0.0 0.0 0.0 0.0 0.0 0.0 0.0 0.0 0.0 0.0 0.0 0.0 0.0 0.0 0.0 0.0 0.0 0.0 0.0 0.0 0.0 0.0 0.0 0.0 0.0 0.0 0.0 0.0 0.0 0.0 0.0 0.0 0.0 0.0 0.0 0.0 0.0 0.0 0.0 0.0 0.0 214.552239747606 472.2841985104926 515.4639175257732 257.7319587628866 0.0 0.0 0.0 0.0 0.0 0.0 0.0 0.0 0.0 0.0 0.0 0.0 0.0 0.0 0.0 0.0 0.0 0.0 0.0 0.0 0.0 0.0 0.0 0.0 0.0 0.0 0.0 0.0 0.0 0.0 0.0 0.0 0.0 0.0 0.0 0.0 0.0 0.0 0.0 0.0 0.0 0.0 0.0 0.0 0.0 0.0 0.0 0.0 0.0 0.0 0.0 0.0 0.0 0.0 0.0 0.0 0.0 0.0 0.0 0.0 0.0 0.0 0.0 0.0 0.0 0.0 0.0 0.0 0.0 0.0 0.0 0.0 0.0 0.0 0.0 0.0 0.0 0.0 0.0 0.0 0.0 0.0 0.0 0.0 0.0 0.0 0.0 0.0 0.0 0.0 0.0 0.0 0.0 0.0 0.0 0.0 0.0 0.0 0.0 0.0 0.0; 0.0 0.0 0.0 0.0 0.0 0.0 0.0 0.0 0.0 0.0 0.0 0.0 0.0 0.0 0.0 0.0 0.0 0.0 0.0 0.0 0.0 0.0 0.0 0.0 0.0 0.0 0.0 0.0 0.0 0.0 0.0 0.0 0.0 0.0 0.0 0.0 0.0 0.0 0.0 0.0 0.0 0.0 0.0 0.0 0.0 0.0 0.0 0.0 0.0 0.0 0.0 0.0 0.0 0.0 0.0 0.0 0.0 0.0 0.0 0.0 0.0 0.0 0.0 0.0 0.0 0.0 0.0 0.0 0.0 0.0 0.0 0.0 0.0 0.0 0.0 181.84065537220425 439.5726141350909 515.4639175257732 257.7319587628866 0.0 0.0 0.0 0.0 0.0 0.0 0.0 0.0 0.0 257.7319587628866 515.4639175257732 515.463917525773 515.4639175257732 257.7319587628866 0.0 0.0 0.0 0.0 0.0 0.0 0.0 0.0 0.0 0.0 0.0 0.0 0.0 0.0 0.0 0.0 0.0 0.0 0.0 0.0 0.0 0.0 0.0 0.0 0.0 0.0 0.0 0.0 0.0 0.0 0.0 0.0 0.0 0.0 0.0 0.0 0.0 0.0 0.0 0.0 0.0 0.0 0.0 0.0 0.0 0.0 0.0 0.0 0.0 0.0 0.0 0.0 0.0 0.0 0.0 0.0 0.0 0.0 0.0 0.0 0.0 0.0 0.0 0.0 0.0 0.0 0.0 0.0 0.0 0.0 0.0 0.0 0.0 0.0 0.0; 0.0 0.0 0.0 0.0 0.0 0.0 0.0 0.0 0.0 0.0 0.0 0.0 0.0 0.0 0.0 0.0 0.0 0.0 0.0 0.0 0.0 0.0 0.0 0.0 0.0 0.0 0.0 0.0 0.0 0.0 0.0 0.0 0.0 0.0 0.0 0.0 0.0 0.0 0.0 0.0 0.0 0.0 0.0 0.0 0.0 0.0 0.0 0.0 0.0 0.0 0.0 0.0 0.0 0.0 0.0 0.0 0.0 0.0 0.0 0.0 0.0 0.0 0.0 0.0 0.0 0.0 0.0 0.0 0.0 0.0 0.0 0.0 0.0 0.0 0.0 0.0 0.0 0.0 0.0 0.0 0.0 0.0 0.0 0.0 0.0 0.0 0.0 0.0 0.0 0.0 0.0 0.0 0.0 0.0 257.7319587628866 515.4639175257732 515.4639175257732 257.7319587628866 0.0 0.0 0.0 0.0 0.0 0.0 0.0 0.0 0.0 0.0 0.0 0.0 0.0 0.0 0.0 0.0 0.0 257.7319587628866 515.4639175257732 311.9457070782223 257.7319587628866 0.0 0.0 0.0 0.0 0.0 0.0 0.0 0.0 0.0 0.0 0.0 0.0 0.0 0.0 0.0 0.0 0.0 0.0 0.0 0.0 0.0 0.0 0.0 0.0 257.73195876288673 515.4639175257732 515.4639175257732 515.4639175257732 515.4639175257732 515.4639175257732 384.0054440374848 126.27348527459816 0.0 0.0 0.0 0.0 0.0 0.0 0.0 0.0 0.0 0.0 0.0 0.0 257.7319587628866 515.4639175257732 515.4639175257732 454.0592571810798 196.32729841819312; 0.0 0.0 0.0 0.0 0.0 0.0 0.0 0.0 0.0 0.0 0.0 0.0 0.0 0.0 0.0 0.0 0.0 0.0 0.0 0.0 0.0 0.0 0.0 0.0 0.0 0.0 0.0 0.0 0.0 0.0 0.0 0.0 0.0 0.0 0.0 0.0 0.0 0.0 0.0 0.0 0.0 0.0 0.0 0.0 0.0 0.0 0.0 0.0 0.0 0.0 0.0 0.0 0.0 0.0 0.0 0.0 0.0 0.0 0.0 0.0 0.0 0.0 0.0 0.0 0.0 0.0 0.0 0.0 0.0 0.0 0.0 0.0 0.0 0.0 0.0 0.0 0.0 0.0 0.0 0.0 0.0 0.0 0.0 0.0 0.0 0.0 0.0 0.0 0.0 0.0 0.0 0.0 0.0 0.0 0.0 0.0 0.0 0.0 0.0 0.0 0.0 0.0 0.0 0.0 0.0 0.0 0.0 0.0 0.0 0.0 0.0 0.0 0.0 0.0 0.0 0.0 0.0 0.0 0.0 251.23344159207247 508.9654003549591 345.3608247422679 87.62886597938142 345.36082474226805 257.7319587628866 515.4639175257732 515.4639175257732 257.7319587628866 0.0 0.0 0.0 0.0 0.0 0.0 0.0 0.0 0.0 0.0 0.0 0.0 0.0 0.0 0.0 0.0 0.0 0.0 0.0 0.0 0.0 0.0 0.0 0.0 0.0 0.0 0.0 0.0 0.0 0.0 0.0 0.0 0.0 0.0 0.0 0.0 0.0 0.0 0.0 0.0; 0.0 0.0 0.0 0.0 0.0 0.0 0.0 0.0 0.0 0.0 0.0 0.0 0.0 0.0 0.0 0.0 0.0 0.0 0.0 0.0 0.0 0.0 0.0 257.7319587628866 515.4639175257732 515.4639175257732 403.3784029727935 145.6464442099068 257.7319587628866 515.4639175257732 257.7319587628866 0.0 0.0 0.0 0.0 0.0 0.0 0.0 0.0 0.0 0.0 0.0 0.0 0.0 0.0 0.0 0.0 0.0 0.0 0.0 0.0 0.0 0.0 0.0 0.0 0.0 0.0 0.0 0.0 0.0 0.0 0.0 0.0 0.0 0.0 0.0 0.0 0.0 0.0 0.0 0.0 0.0 0.0 0.0 0.0 0.0 0.0 0.0 0.0 0.0 0.0 0.0 0.0 0.0 0.0 0.0 0.0 0.0 0.0 0.0 0.0 0.0 0.0 0.0 0.0 128.5417471490029 386.27370591188946 515.4639175257732 515.4639175257732 515.4639175257732 515.4639175257732 515.4639175257732 257.7319587628866 0.0 0.0 0.0 0.0 0.0 0.0 0.0 0.0 0.0 0.0 0.0 0.0 0.0 0.0 0.0 0.0 0.0 0.0 0.0 0.0 0.0 0.0 0.0 0.0 0.0 0.0 0.0 0.0 0.0 0.0 0.0 0.0 0.0 0.0 0.0 0.0 0.0 0.0 0.0 0.0 0.0 0.0 0.0 0.0 0.0 0.0 0.0 0.0 0.0 0.0 0.0 0.0 0.0 0.0 0.0 0.0 0.0 0.0 0.0 0.0 0.0 0.0 0.0 0.0 0.0; 0.0 0.0 0.0 0.0 0.0 0.0 0.0 0.0 0.0 0.0 0.0 0.0 0.0 0.0 0.0 0.0 0.0 0.0 0.0 0.0 0.0 0.0 0.0 0.0 0.0 0.0 0.0 0.0 0.0 0.0 0.0 0.0 0.0 0.0 0.0 0.0 0.0 0.0 0.0 0.0 0.0 0.0 0.0 0.0 0.0 0.0 0.0 0.0 0.0 0.0 0.0 0.0 0.0 0.0 0.0 0.0 0.0 0.0 0.0 0.0 0.0 0.0 0.0 0.0 0.0 0.0 0.0 0.0 0.0 0.0 0.0 0.0 0.0 0.0 0.0 0.0 0.0 0.0 0.0 0.0 0.0 0.0 0.0 0.0 0.0 0.0 0.0 0.0 0.0 0.0 0.0 0.0 0.0 0.0 0.0 0.0 257.7319587628866 490.54269148338557 515.4639175257732 515.4639175257732 515.4639175257732 515.4639175257732 257.7319587628866 0.0 0.0 0.0 0.0 0.0 0.0 0.0 0.0 0.0 0.0 0.0 0.0 0.0 0.0 0.0 0.0 0.0 0.0 0.0 0.0 0.0 0.0 0.0 0.0 0.0 0.0 0.0 0.0 0.0 0.0 0.0 0.0 0.0 0.0 0.0 0.0 257.7319587628866 515.4639175257732 257.7319587628866 0.0 0.0 0.0 0.0 0.0 0.0 0.0 0.0 0.0 0.0 0.0 0.0 0.0 0.0 0.0 0.0 0.0 0.0 0.0 0.0 0.0 0.0 0.0 0.0 0.0 0.0; 0.0 0.0 0.0 257.73195876288673 338.86798430376393 87.62886597938146 0.0 257.7319587628866 0.0 0.0 0.0 0.0 0.0 0.0 0.0 0.0 0.0 0.0 0.0 0.0 0.0 0.0 0.0 0.0 0.0 0.0 0.0 0.0 0.0 0.0 0.0 0.0 0.0 0.0 0.0 0.0 0.0 0.0 0.0 0.0 0.0 0.0 0.0 0.0 0.0 0.0 0.0 0.0 0.0 0.0 0.0 0.0 0.0 257.7319587628866 0.0 0.0 0.0 0.0 0.0 0.0 0.0 0.0 0.0 0.0 0.0 0.0 0.0 0.0 0.0 0.0 0.0 0.0 0.0 0.0 0.0 0.0 0.0 0.0 0.0 0.0 0.0 0.0 0.0 0.0 0.0 0.0 0.0 0.0 0.0 0.0 0.0 0.0 0.0 0.0 0.0 0.0 0.0 0.0 0.0 0.0 0.0 0.0 0.0 0.0 0.0 0.0 0.0 0.0 0.0 0.0 0.0 0.0 0.0 0.0 0.0 0.0 0.0 0.0 0.0 0.0 0.0 0.0 0.0 0.0 0.0 0.0 0.0 0.0 0.0 0.0 0.0 0.0 0.0 0.0 0.0 0.0 0.0 0.0 0.0 0.0 0.0 0.0 0.0 0.0 0.0 0.0 0.0 0.0 0.0 0.0 0.0 0.0 0.0 0.0 0.0 0.0 0.0 0.0 0.0 0.0 0.0 0.0 0.0 0.0 0.0 0.0 0.0 0.0; 0.0 0.0 0.0 0.0 0.0 0.0 0.0 0.0 0.0 0.0 0.0 0.0 0.0 0.0 0.0 0.0 0.0 0.0 0.0 0.0 0.0 0.0 0.0 257.7319587628866 515.4639175257732 257.7319587628866 0.0 0.0 0.0 0.0 0.0 0.0 0.0 0.0 0.0 0.0 0.0 0.0 0.0 0.0 0.0 0.0 0.0 257.7319587628866 485.6835268929154 227.95156813002876 0.0 0.0 0.0 0.0 0.0 0.0 0.0 0.0 0.0 0.0 0.0 0.0 0.0 0.0 0.0 0.0 0.0 0.0 0.0 0.0 0.0 0.0 0.0 0.0 0.0 0.0 0.0 0.0 0.0 0.0 0.0 0.0 0.0 0.0 0.0 0.0 0.0 0.0 0.0 0.0 0.0 0.0 0.0 0.0 0.0 0.0 0.0 0.0 0.0 0.0 0.0 0.0 0.0 0.0 0.0 0.0 0.0 0.0 0.0 0.0 0.0 0.0 0.0 0.0 0.0 0.0 0.0 0.0 0.0 0.0 0.0 0.0 0.0 0.0 0.0 0.0 0.0 0.0 0.0 0.0 0.0 0.0 0.0 0.0 0.0 0.0 0.0 0.0 0.0 0.0 0.0 0.0 0.0 0.0 0.0 0.0 0.0 0.0 0.0 0.0 0.0 0.0 0.0 0.0 0.0 0.0 0.0 0.0 0.0 0.0 0.0 0.0 0.0 0.0 0.0 0.0 0.0 0.0 0.0 0.0 0.0 0.0]
cost_energy_t,"Any[[0.06455, 0.06203, 0.06203, 0.06203, 0.06253, 0.06892, 0.06354, 0.08201, 0.06203, 0.11378, 0.11378, 0.11241, 0.10962000000000001, 0.10962000000000001, 0.11378, 0.10412, 0.10962000000000001, 0.07013, 0.14177, 0.14177, 0.14177, 0.14177, 0.1345, 0.1345, 0.08608, 0.08608, 0.08608, 0.08608, 0.37664, 0.35752999999999996, 0.20811000000000002, 0.07434, 0.10912000000000001, 0.10331, 0.09323000000000001, 0.04306, 0.04306, 0.04306, 0.04306, 0.09369, 0.12015, 0.08982, 0.13468, 0.13468, 0.13483, 0.13468, 0.13468, 0.12806, 0.10767, 0.10490000000000001, 0.13296, 0.10490000000000001, 0.08292000000000001, 0.07828, 0.0838, 0.08402, 0.10779999999999999, 0.10671, 0.10451, 0.04068, 0.04068, 0.04068, 0.10418999999999999, 0.09606, 0.10381, 0.10565999999999999, 0.13144999999999998, 0.13423, 0.13423, 0.13423, 0.13144999999999998, 0.12599, 0.07881, 0.061329999999999996, 0.061329999999999996, 0.061329999999999996, 0.061329999999999996, 0.07682, 0.061329999999999996, 0.05749, 0.032490000000000005, 0.10668000000000001, 0.09601000000000001, 0.10751999999999999, 0.10751999999999999, 0.10751999999999999, 0.10743000000000001, 0.11345999999999999, 0.11859, 0.07371, 0.08094, 0.08081, 0.0819, 0.0819, 0.0819, 0.07995999999999999, 0.2397, 0.22229, 0.22229, 0.22229, 0.22229, 0.22229, 0.22277000000000002, 0.05557, 0.12104000000000001, 0.11643, 0.11379, 0.11102, 0.11255, 0.11263, 0.1095, 0.11023999999999999, 0.115, 0.12572, 0.13069999999999998, 0.13069999999999998, 0.13069999999999998, 0.13069999999999998, 0.13069999999999998, 0.13069999999999998, 0.0677, 0.07217, 0.07216, 0.07216, 0.07216, 0.07217, 0.07217, 0.06556000000000001, 0.11835, 0.11921999999999999, 0.11312, 0.114, 0.11997, 0.13594, 0.14922, 0.15465, 0.15465, 0.11494, 0.1207, 0.12074, 0.12074, 0.12074, 0.12063, 0.12062, 0.060090000000000005, 0.060090000000000005, 0.060090000000000005, 0.060090000000000005, 0.060090000000000005, 0.062240000000000004, 0.06470999999999999, 0.06670000000000001, 0.09963, 0.12887, 0.11807, 0.11602, 0.11598, 0.11598, 0.11643, 0.12221, 0.12976, 0.18145, 0.21456999999999998, 0.21459, 0.21456999999999998, 0.21456999999999998, 0.21456999999999998, 0.18178999999999998], [0.10441, 0.12943000000000002, 0.13498, 0.13498, 0.12751, 0.08926, 0.08936, 0.08936, 0.08935, 0.10031999999999999, 0.10068, 0.11789, 0.09777, 0.09777, 0.09777, 0.14548, 0.08942, 0.0741, 0.07454000000000001, 0.07454000000000001, 0.06531, 0.06531, 0.06495000000000001, 0.06551, 0.07196, 0.06476000000000001, 0.06476000000000001, 0.06476000000000001, 0.06476000000000001, 0.07196, 0.07196, 0.07196, 0.06856999999999999, 0.08932999999999999, 0.12290999999999999, 0.14227, 0.14493, 0.14493, 0.14493, 0.14218, 0.16452, 0.09976, 0.10101, 0.11581, 0.09958, 0.09976, 0.09951, 0.09935, 0.06886, 0.0724, 0.06731999999999999, 0.06886, 0.06886, 0.07347, 0.10576, 0.10576, 0.10456, 0.17331, 0.15563, 0.15330000000000002, 0.14007, 0.12722, 0.13403, 0.15772, 0.18494, 0.17884999999999998, 0.17884999999999998, 0.17884999999999998, 0.17884999999999998, 0.17884999999999998, 0.17884999999999998, 0.17884999999999998, 0.14709999999999998, 0.11843000000000001, 0.12515, 0.12381, 0.12595, 0.13769, 0.13974, 0.1308, 0.07614, 0.13186, 0.11654, 0.11292, 0.11292, 0.12768000000000002, 0.11292, 0.11292, 0.10715000000000001, 0.10649, 0.10822, 0.10822, 0.10385, 0.10379000000000001, 0.10379000000000001, 0.10937000000000001, 0.08649, 0.09159, 0.09159, 0.07865000000000001, 0.059969999999999996, 0.059969999999999996, 0.059969999999999996, 0.059969999999999996, 0.08376, 0.10826000000000001, 0.10843000000000001, 0.10843000000000001, 0.10843000000000001, 0.10843000000000001, 0.10843000000000001, 0.10843000000000001, 0.07094, 0.06011, 0.06057, 0.06057, 0.06057, 0.06057, 0.06057, 0.059969999999999996, 0.05781, 0.05781, 0.05781, 0.05781, 0.06256, 0.06477, 0.06477, 0.06477, 0.06093, 0.08261, 0.13390000000000002, 0.13266999999999998, 0.13266999999999998, 0.13266999999999998, 0.13266999999999998, 0.14681, 0.20632, 0.24136000000000002, 0.19748, 0.18259999999999998, 0.18259999999999998, 0.18259999999999998, 0.18259999999999998, 0.16188999999999998, 0.15015, 0.15015, 0.15015, 0.15015, 0.15111000000000002, 0.16683, 0.15269, 0.13074000000000002, 0.14418, 0.14442, 0.1355, 0.13559000000000002, 0.13423, 0.13574, 0.1355, 0.16599, 0.12756, 0.103, 0.10314, 0.10314, 0.09201999999999999, 0.06118, 0.06118, 0.05285], [0.21722999999999998, 0.21722999999999998, 0.21722999999999998, 0.21722999999999998, 0.21722999999999998, 0.21722999999999998, 0.21724000000000002, 0.21722999999999998, 0.08081, 0.07843000000000001, 0.07522, 0.07522, 0.07522, 0.07522, 0.07522, 0.09307, 0.20185, 0.20185, 0.24794999999999998, 0.20185, 0.20185, 0.20185, 0.20185, 0.20185, 0.07009, 0.07009, 0.07009, 0.07009, 0.07009, 0.07009, 0.07009, 0.07105, 0.11098999999999999, 0.11763, 0.11589, 0.11589, 0.11377, 0.1163, 0.12657, 0.15037, 0.07009, 0.07009, 0.07009, 0.07009, 0.07009, 0.07009, 0.07009, 0.07009, 0.0725, 0.0725, 0.0725, 0.0725, 0.0725, 0.0725, 0.0725, 0.07249, 0.053079999999999995, 0.10476, 0.10476, 0.10476, 0.10790999999999999, 0.10790999999999999, 0.10476, 0.13188999999999998, 0.09934, 0.07249, 0.07249, 0.07249, 0.07249, 0.07249, 0.07249, 0.07249, 0.06729, 0.06729, 0.06729, 0.06729, 0.06729, 0.07354000000000001, 0.07476999999999999, 0.06729, 0.05194, 0.06654, 0.05988, 0.05988, 0.05988, 0.05988, 0.07537999999999999, 0.07645, 0.06729, 0.06729, 0.06729, 0.06729, 0.06729, 0.06729, 0.06729, 0.06729, 0.06348, 0.06348, 0.06348, 0.06348, 0.06348, 0.06348, 0.06348, 0.07292, 0.10837999999999999, 0.08481, 0.08479, 0.08479, 0.09829, 0.09829, 0.10528, 0.07397, 0.06339, 0.06339, 0.06339, 0.06339, 0.06339, 0.05707, 0.05705, 0.05705, 0.06336, 0.06336, 0.0637, 0.07586, 0.11531, 0.09886, 0.07534, 0.15972, 0.12428, 0.11778, 0.11441, 0.11775, 0.12557, 0.12843000000000002, 0.13041, 0.09851, 0.11315, 0.07801000000000001, 0.095, 0.11384999999999999, 0.11315, 0.11517000000000001, 0.12448000000000001, 0.12448000000000001, 0.13512000000000002, 0.13363999999999998, 0.13406, 0.13407, 0.11363, 0.08563, 0.08563, 0.1227, 0.15735, 0.13834, 0.13834, 0.13834, 0.14542, 0.14542, 0.14542, 0.11667, 0.10697, 0.07465000000000001, 0.07689, 0.08458, 0.10981, 0.10429000000000001, 0.14278, 0.14859], [0.13856, 0.13856, 0.12934, 0.13607, 0.12875999999999999, 0.15053, 0.15396, 0.11806, 0.09537000000000001, 0.09420999999999999, 0.09431, 0.09423999999999999, 0.09423999999999999, 0.09418000000000001, 0.09420999999999999, 0.09554, 0.1085, 0.14792, 0.24972999999999998, 0.24972999999999998, 0.24977000000000002, 0.24174, 0.24174, 0.23335, 0.22525, 0.14366, 0.14371, 0.14156, 0.14386000000000002, 0.15728999999999999, 0.15728999999999999, 0.10628, 0.09304000000000001, 0.08893000000000001, 0.08846, 0.08832, 0.08829000000000001, 0.08841, 0.08841, 0.1006, 0.14745, 0.21752000000000002, 0.30108999999999997, 0.30828, 0.30108999999999997, 0.30108999999999997, 0.30108999999999997, 0.30108999999999997, 0.4595, 0.27704, 0.24650999999999998, 0.25075, 0.27044, 0.26385000000000003, 0.25639, 0.11306000000000001, 0.05142, 0.02643, 0.016300000000000002, 0.01691, 0.01691, 0.01691, 0.03145, 0.05307, 0.05717, 0.09575, 0.15719, 0.15719, 0.15719, 0.15719, 0.15719, 0.15719, 0.19626, 0.20055, 0.20055, 0.2004, 0.19929, 0.20055, 0.19882, 0.11879, 0.10906999999999999, 0.10414, 0.09234999999999999, 0.10218, 0.10883, 0.10884, 0.11031999999999999, 0.11852, 0.14399, 0.16312000000000001, 0.17343, 0.19116999999999998, 0.19116999999999998, 0.19116999999999998, 0.19116999999999998, 0.19116999999999998, 0.18444999999999998, 0.18361000000000002, 0.18361000000000002, 0.18361000000000002, 0.18361000000000002, 0.20401, 0.20401, 0.14818, 0.13184, 0.12128, 0.11658, 0.11658, 0.1285, 0.1285, 0.13235, 0.13577, 0.14574, 0.16945, 0.0723, 0.08034000000000001, 0.06664, 0.06692000000000001, 0.06591, 0.06591, 0.05354, 0.05354, 0.05354, 0.05354, 0.05354, 0.05354, 0.05354, 0.053, 0.08220999999999999, 0.12804, 0.1161, 0.11499, 0.11499, 0.11588, 0.1275, 0.13837, 0.13658, 0.08386, 0.06143, 0.06143, 0.06143, 0.06143, 0.06143, 0.06143, 0.06333, 0.06333, 0.06333, 0.06333, 0.06333, 0.06333, 0.06333, 0.053270000000000005, 0.055909999999999994, 0.09259, 0.09461, 0.09394, 0.09584000000000001, 0.09584000000000001, 0.09298999999999999, 0.10493999999999999, 0.07579999999999999, 0.05332, 0.05753, 0.05753, 0.05753, 0.05753, 0.05753, 0.05753], [0.06704, 0.06704, 0.06704, 0.06704, 0.06704, 0.06704, 0.07391, 0.07391, 0.06964000000000001, 0.06011, 0.054240000000000003, 0.0541, 0.0541, 0.05303, 0.054240000000000003, 0.06921, 0.06704, 0.06704, 0.06704, 0.06704, 0.06704, 0.06704, 0.06704, 0.06704, 0.058929999999999996, 0.058929999999999996, 0.058929999999999996, 0.058929999999999996, 0.058929999999999996, 0.06377000000000001, 0.06548000000000001, 0.06377000000000001, 0.0704, 0.1009, 0.10445, 0.0798, 0.11295999999999999, 0.11295999999999999, 0.10445, 0.10829000000000001, 0.06377000000000001, 0.06377000000000001, 0.06377000000000001, 0.06377000000000001, 0.06377000000000001, 0.058929999999999996, 0.058929999999999996, 0.058929999999999996, 0.06704, 0.06704, 0.06704, 0.06704, 0.06706000000000001, 0.0824, 0.0824, 0.0824, 0.09037, 0.10194, 0.0824, 0.07415999999999999, 0.0824, 0.07415999999999999, 0.06792000000000001, 0.09483, 0.06706000000000001, 0.06706000000000001, 0.06706000000000001, 0.06706000000000001, 0.06706000000000001, 0.06706000000000001, 0.06706000000000001, 0.06706000000000001, 0.0728, 0.0728, 0.0728, 0.0728, 0.0728, 0.07895, 0.0792, 0.07895999999999999, 0.05699, 0.05883, 0.0541, 0.05294, 0.05515, 0.05294, 0.05446, 0.07314, 0.0728, 0.0728, 0.0728, 0.0728, 0.0728, 0.0728, 0.0728, 0.0728, 0.20275, 0.20178000000000001, 0.20178000000000001, 0.20178000000000001, 0.21006, 0.21694999999999998, 0.21733000000000002, 0.21703, 0.07437, 0.06051, 0.05669, 0.05669, 0.05669, 0.05669, 0.05669, 0.06051, 0.05827, 0.05827, 0.05827, 0.05827, 0.05827, 0.05827, 0.05827, 0.05827, 0.05882, 0.05882, 0.05882, 0.05882, 0.05883, 0.05884, 0.05884, 0.05884, 0.07141, 0.07162, 0.05892, 0.05924, 0.061020000000000005, 0.05876, 0.05892, 0.05851, 0.05884, 0.05884, 0.05884, 0.05884, 0.05884, 0.05884, 0.05884, 0.05884, 0.05843, 0.05843, 0.05843, 0.05843, 0.05843, 0.05843, 0.05843, 0.05843, 0.061369999999999994, 0.04771, 0.06106, 0.06106, 0.06106, 0.06106, 0.06106, 0.06876, 0.05843, 0.05843, 0.05843, 0.05843, 0.05843, 0.05843, 0.05843, 0.05843], [0.28141000000000005, 0.2768, 0.24389, 0.24761000000000002, 0.24655000000000002, 0.24553, 0.24154, 0.12908, 0.11661, 0.11494, 0.11486, 0.11486, 0.11486, 0.11486, 0.11415, 0.11592, 0.12695, 0.17336000000000001, 0.08416, 0.07909000000000001, 0.07303, 0.05872, 0.05872, 0.05873, 0.0608, 0.0608, 0.0608, 0.0608, 0.0608, 0.06081, 0.060840000000000005, 0.05059, 0.09764, 0.12124, 0.12124, 0.12147, 0.12147, 0.12124, 0.12634, 0.13381, 0.16661, 0.11948, 0.09451000000000001, 0.09376999999999999, 0.09101999999999999, 0.07101, 0.055869999999999996, 0.05564, 0.07063, 0.07063, 0.07064, 0.07071, 0.07848000000000001, 0.07848000000000001, 0.08251, 0.0843, 0.14933000000000002, 0.13771, 0.12772, 0.13771, 0.14759999999999998, 0.14933000000000002, 0.16868, 0.16905, 0.19157, 0.1966, 0.11678, 0.11675, 0.11678, 0.11678, 0.10162, 0.09606, 0.054619999999999995, 0.054619999999999995, 0.05465, 0.05467, 0.05489, 0.05482, 0.054909999999999994, 0.04376, 0.11129, 0.09559999999999999, 0.09548000000000001, 0.09947, 0.11563, 0.11968999999999999, 0.14054, 0.15835, 0.18783000000000002, 0.17462, 0.12631, 0.12326000000000001, 0.11778, 0.08248, 0.06937, 0.05443, 0.06099, 0.06099, 0.06099, 0.06099, 0.06114, 0.061149999999999996, 0.06139, 0.05282, 0.10052, 0.114, 0.114, 0.114, 0.114, 0.114, 0.12122, 0.13455, 0.14603, 0.14468999999999999, 0.06197999999999999, 0.06135, 0.06135, 0.06111, 0.06114, 0.06114, 0.21722999999999998, 0.21722999999999998, 0.21722999999999998, 0.21722999999999998, 0.21722999999999998, 0.21722999999999998, 0.21722999999999998, 0.06487000000000001, 0.03556, 0.11166, 0.11166, 0.11166, 0.11166, 0.11166, 0.12211, 0.15905000000000002, 0.12211, 0.0594, 0.05944, 0.0594, 0.0594, 0.0594, 0.0594, 0.0594, 0.21656, 0.21656, 0.21656, 0.21656, 0.21656, 0.21656, 0.21666, 0.045, 0.03388, 0.10313, 0.10304, 0.10303, 0.10303, 0.10313, 0.10318000000000001, 0.1071, 0.11767, 0.053380000000000004, 0.06629, 0.07304000000000001, 0.07304000000000001, 0.05311, 0.05157, 0.05148], [0.06082, 0.05904, 0.05904, 0.05904, 0.05904, 0.06082, 0.66061, 0.047939999999999997, 0.05008, 0.05559, 0.05559, 0.055600000000000004, 0.07522, 0.05559, 0.061770000000000005, 0.05559, 0.05278, 0.06082, 0.06082, 0.06082, 0.06082, 0.06082, 0.06082, 0.06082, 0.05998, 0.05998, 0.05998, 0.05998, 0.05998, 0.05998, 0.05998, 0.05173, 0.0706, 0.0706, 0.06958, 0.0706, 0.0706, 0.0706, 0.07087, 0.052539999999999996, 0.05998, 0.05998, 0.05998, 0.05998, 0.05998, 0.05998, 0.05998, 0.05998, 0.20401, 0.20401, 0.20401, 0.19752, 0.20848, 0.20848, 0.19951, 0.06762, 0.05534, 0.05464, 0.05464, 0.05813, 0.05987, 0.05464, 0.05849, 0.05049, 0.0517, 0.06522, 0.06522, 0.06522, 0.06522, 0.06522, 0.06522, 0.05955, 0.05908, 0.056240000000000005, 0.056240000000000005, 0.062490000000000004, 0.05908, 0.05908, 0.05908, 0.049460000000000004, 0.05651, 0.05651, 0.05651, 0.05651, 0.05651, 0.05651, 0.05651, 0.054130000000000005, 0.04784, 0.05908, 0.05908, 0.05908, 0.05908, 0.05908, 0.05908, 0.05908, 0.06132, 0.06132, 0.06132, 0.06132, 0.06132, 0.06132, 0.06132, 0.04586, 0.04307, 0.04204, 0.04204, 0.04243, 0.04204, 0.04204, 0.04204, 0.03716, 0.046329999999999996, 0.061369999999999994, 0.061329999999999996, 0.061329999999999996, 0.061329999999999996, 0.061329999999999996, 0.061329999999999996, 0.061329999999999996, 0.07734, 0.07734, 0.07734, 0.07734, 0.07734, 0.07734, 0.07734, 0.061950000000000005, 0.045689999999999995, 0.03452, 0.03451, 0.03451, 0.03451, 0.03451, 0.03451, 0.03468, 0.0517, 0.07034, 0.07035, 0.07035, 0.07035, 0.07034, 0.07014, 0.07013, 0.08156999999999999, 0.08156999999999999, 0.08156999999999999, 0.08156999999999999, 0.08156999999999999, 0.08184000000000001, 0.08220000000000001, 0.08120999999999999, 0.05382, 0.0428, 0.03896, 0.04328, 0.03896, 0.03896, 0.04162, 0.03468, 0.05163, 0.08120999999999999, 0.08120999999999999, 0.08120999999999999, 0.08120999999999999, 0.08120999999999999, 0.08120999999999999, 0.08120999999999999], [0.08211, 0.08211, 0.08211, 0.08211, 0.08211, 0.08211, 0.08211, 0.05167, 0.03473, 0.03469, 0.03469, 0.03469, 0.03481, 0.03481, 0.03481, 0.03555, 0.038579999999999996, 0.06672, 0.06672, 0.06672, 0.06672, 0.06672, 0.06672, 0.06672, 0.07546, 0.07546, 0.047810000000000005, 0.08449, 0.047810000000000005, 0.10537, 0.10435, 0.12248, 0.10288, 0.10287, 0.10285, 0.09959, 0.09239, 0.09242, 0.10124, 0.10287, 0.11637, 0.15537, 0.32464, 0.40466, 0.32464, 0.27559, 0.29710000000000003, 0.29401, 0.8089500000000001, 0.30613, 0.22503, 0.22808, 0.22902, 0.25398, 0.24337, 0.14409, 0.08295, 0.08295, 0.08295, 0.08295, 0.08295, 0.08295, 0.08295, 0.08295, 0.10848999999999999, 0.1512, 0.1512, 0.15566, 0.1512, 0.1512, 0.1512, 0.1512, 0.15162, 0.15162, 0.15162, 0.15162, 0.14224, 0.15162, 0.15162, 0.08788, 0.04331, 0.02241, 0.02241, 0.02241, 0.02241, 0.02241, 0.02241, 0.05168, 0.07889, 0.13656000000000001, 0.07889, 0.06037, 0.06037, 0.06016, 0.06016, 0.05916, 0.05662, 0.05662, 0.05662, 0.05662, 0.05662, 0.05662, 0.05662, 0.04305, 0.053130000000000004, 0.055240000000000004, 0.055240000000000004, 0.055240000000000004, 0.04972, 0.055240000000000004, 0.055240000000000004, 0.062380000000000005, 0.08423, 0.05167, 0.057409999999999996, 0.057409999999999996, 0.057409999999999996, 0.057409999999999996, 0.057409999999999996, 0.057409999999999996, 0.21378, 0.21378, 0.21378, 0.21378, 0.21378, 0.21378, 0.21378, 0.06061, 0.037590000000000005, 0.03472, 0.03244, 0.03244, 0.03244, 0.03244, 0.03244, 0.05939, 0.05899, 0.06698, 0.14246, 0.20029, 0.17081, 0.13175, 0.12090999999999999, 0.11517000000000001, 0.11091, 0.11091, 0.11091, 0.11091, 0.11091, 0.11273000000000001, 0.12467, 0.11841, 0.10862000000000001, 0.10862000000000001, 0.10862000000000001, 0.10862000000000001, 0.10862000000000001, 0.10862000000000001, 0.10862000000000001, 0.10887000000000001, 0.11766, 0.12714, 0.26027999999999996, 0.27673000000000003, 0.27638, 0.25519, 0.11639000000000001, 0.09654], [0.1258, 0.1258, 0.1258, 0.12704000000000001, 0.13151, 0.12865000000000001, 0.13151, 0.07809999999999999, 0.07438, 0.06647, 0.06558, 0.0616, 0.04963, 0.04963, 0.04963, 0.05024, 0.05314, 0.05459000000000001, 0.06764, 0.11854, 0.11854, 0.11854, 0.11797, 0.10817, 0.09755, 0.10812000000000001, 0.11045, 0.11045999999999999, 0.11045999999999999, 0.10809999999999999, 0.09572, 0.14523, 0.14156, 0.14023, 0.14023, 0.14023, 0.14023, 0.14023, 0.14023, 0.14023, 0.15283000000000002, 0.16675, 0.1626, 0.15886, 0.15786, 0.15336000000000002, 0.15335, 0.15335, 0.12932, 0.12276000000000001, 0.12276000000000001, 0.12276000000000001, 0.12276000000000001, 0.12276000000000001, 0.12932, 0.13445, 0.1296, 0.12101, 0.11476, 0.11476, 0.11476, 0.11476, 0.11898, 0.12875999999999999, 0.16935, 0.20718, 0.28329000000000004, 0.28308999999999995, 0.25141, 0.25039, 0.24938999999999997, 0.2494, 0.48537, 0.46162000000000003, 0.42438, 0.4229, 0.42428, 0.41536, 0.16727, 0.12459999999999999, 0.12301000000000001, 0.12, 0.11754, 0.11732, 0.12229000000000001, 0.11703, 0.12339, 0.16473, 0.18378999999999998, 0.22863999999999998, 0.23233, 0.25467, 0.23233, 0.23233, 0.23233, 0.23233, 0.30424, 0.30226, 0.19288999999999998, 0.17211, 0.17346, 0.17346, 0.1735, 0.14991, 0.1411, 0.14989, 0.14989, 0.15024, 0.15024, 0.15024, 0.15353, 0.15372, 0.23609, 0.30034, 0.30436, 0.3482, 0.37564, 0.30022000000000004, 0.30022000000000004, 0.29601, 0.20265, 0.16995, 0.16968, 0.16968, 0.16968, 0.16968, 0.15658000000000002, 0.14694, 0.13203, 0.13203, 0.14049, 0.13961, 0.13811, 0.13811, 0.13811, 0.14554, 0.22013999999999997, 0.29393, 0.29393, 0.29393, 0.29393, 0.29393, 0.29393, 0.29393, 0.30925, 0.30823, 0.24074, 0.29102999999999996, 0.18716, 0.16694, 0.13939, 0.12961, 0.10923000000000001, 0.10694, 0.10694, 0.10694, 0.10694, 0.10694, 0.10779999999999999, 0.15916, 0.22171000000000002, 0.29567, 0.29567, 0.30257999999999996, 0.30257999999999996, 0.30257999999999996, 0.30233, 0.29537], [0.28532, 0.28532, 0.28532, 0.28532, 0.28532, 0.28532, 0.16848, 0.12345, 0.10711, 0.10515000000000001, 0.10515000000000001, 0.10708, 0.10515000000000001, 0.10515000000000001, 0.11044, 0.16516999999999998, 0.18481999999999998, 0.20023, 0.21489, 0.21424, 0.20076, 0.20076, 0.19684000000000001, 0.13833, 0.061200000000000004, 0.055119999999999995, 0.055119999999999995, 0.055119999999999995, 0.055119999999999995, 0.06125, 0.07069, 0.05809, 0.11026999999999999, 0.09924, 0.10477, 0.10477, 0.10144, 0.11909, 0.15865, 0.17033, 0.23056000000000001, 0.25022, 0.23056000000000001, 0.18730000000000002, 0.18678999999999998, 0.13474, 0.11744, 0.09276999999999999, 0.11418, 0.0767, 0.07205, 0.07205, 0.052969999999999996, 0.05165, 0.04804, 0.039850000000000003, 0.07781, 0.10366, 0.10371, 0.10349, 0.11817, 0.12334999999999999, 0.14347, 0.19172, 0.22527, 0.22541999999999998, 0.22551, 0.15409, 0.12365999999999999, 0.08131999999999999, 0.06795, 0.05687, 0.06023, 0.05717, 0.05717, 0.05717, 0.05717, 0.06838, 0.05898, 0.049640000000000004, 0.12472, 0.12516, 0.12516, 0.12551, 0.12693000000000002, 0.12971000000000002, 0.14528, 0.16172999999999998, 0.16286, 0.1812, 0.14633000000000002, 0.09913, 0.08882, 0.08486, 0.06384000000000001, 0.06693, 0.06594, 0.06594, 0.06594, 0.06594, 0.06594, 0.06594, 0.06594, 0.07288, 0.12362999999999999, 0.14312, 0.14312, 0.14312, 0.14312, 0.14312, 0.15380000000000002, 0.16315000000000002, 0.16473, 0.22094, 0.13899, 0.12159, 0.12159, 0.12159, 0.1216, 0.12178, 0.05868, 0.05868, 0.05868, 0.05868, 0.05868, 0.05751, 0.05751, 0.06917, 0.11988, 0.14631, 0.14721, 0.14721, 0.14721, 0.14721, 0.15259999999999999, 0.16945, 0.16559000000000001, 0.12881, 0.10364, 0.10464, 0.10366, 0.10366, 0.10366, 0.10364, 0.06709, 0.058070000000000004, 0.058070000000000004, 0.058070000000000004, 0.058070000000000004, 0.058070000000000004, 0.058070000000000004, 0.10156, 0.15383000000000002, 0.14995, 0.14995, 0.14995, 0.1497, 0.14995, 0.16601, 0.19409, 0.20213, 0.20072, 0.08042, 0.12473999999999999, 0.08103, 0.08061, 0.061649999999999996, 0.05805], [0.13119, 0.07098, 0.07144, 0.07144, 0.11194, 0.07803, 0.07803, 0.07803, 0.11262, 0.12723, 0.13119, 0.13119, 0.13119, 0.13119, 0.13119, 0.13119, 0.11652, 0.12936, 0.12947, 0.12947, 0.12936, 0.10909999999999999, 0.1276, 0.11543, 0.0587, 0.08728, 0.08728, 0.08743000000000001, 0.07202, 0.06353, 0.06353, 0.06353, 0.06361, 0.081, 0.14157, 0.13005, 0.13022, 0.12742, 0.13246, 0.14543, 0.16088999999999998, 0.21847, 0.24636000000000002, 0.24636000000000002, 0.21833000000000002, 0.21853, 0.21844, 0.21199, 0.12176999999999999, 0.12176999999999999, 0.12176999999999999, 0.12176999999999999, 0.12176999999999999, 0.12176999999999999, 0.15778999999999999, 0.16812, 0.13078, 0.15267, 0.13672, 0.13296, 0.11754, 0.11754, 0.11819, 0.1306, 0.13412000000000002, 0.08631, 0.12162, 0.12162, 0.12162, 0.12051, 0.09195, 0.09416, 0.08027, 0.07476999999999999, 0.07476999999999999, 0.07476999999999999, 0.07526000000000001, 0.07920999999999999, 0.07607, 0.061770000000000005, 0.05976, 0.05825, 0.05826, 0.05695, 0.056960000000000004, 0.0581, 0.05695, 0.061630000000000004, 0.056960000000000004, 0.0575, 0.06329, 0.06329, 0.06329, 0.062340000000000007, 0.06307, 0.06021, 0.06436, 0.06434999999999999, 0.05926, 0.05919, 0.05925, 0.05933, 0.05927, 0.05927, 0.05062, 0.08622, 0.11469, 0.11376, 0.11376, 0.11376, 0.11376, 0.11469, 0.11718, 0.08018, 0.08018, 0.08018, 0.08018, 0.053649999999999996, 0.053649999999999996, 0.053630000000000004, 0.0, 0.0, 0.0, 0.0, 0.0, 0.0, 0.0, 0.0, 0.0, 0.0, 0.0, 0.0, 0.0, 0.0, 0.0, 0.0, 0.0, 0.0, 0.0, 0.0, 0.0, 0.0, 0.0, 0.0, 0.05681, 0.05677, 0.06348, 0.06594, 0.07740999999999999, 0.0975, 0.09875, 0.10015, 0.12831, 0.12264, 0.14405, 0.14258, 0.14293, 0.14376, 0.14149, 0.15266, 0.09087, 0.06328, 0.05865, 0.06067, 0.06161, 0.053439999999999994, 0.05201, 0.09591], [0.10765999999999999, 0.10765999999999999, 0.10765999999999999, 0.10684, 0.09905, 0.09688, 0.11251, 0.12685, 0.12685, 0.11909, 0.1155, 0.11462, 0.11452, 0.11452, 0.11417000000000001, 0.11417000000000001, 0.11237, 0.12551, 0.20248, 0.22697, 0.22697, 0.19224000000000002, 0.15026, 0.13458, 0.11216, 0.11216, 0.11106, 0.11106, 0.11106, 0.11216, 0.12028, 0.10968000000000001, 0.10939, 0.11204, 0.10772, 0.09972, 0.07915000000000001, 0.07915000000000001, 0.07915000000000001, 0.07709, 0.07915000000000001, 0.0905, 0.19907, 0.26139, 0.26139, 0.26139, 0.26139, 0.19913999999999998, 0.19782, 0.19111, 0.19782, 0.19782, 0.20308, 0.21980000000000002, 0.21980000000000002, 0.12561, 0.10787000000000001, 0.10923999999999999, 0.10881, 0.10457999999999999, 0.10457999999999999, 0.10457999999999999, 0.10803, 0.10926999999999999, 0.11267, 0.12954, 0.25691, 0.25695999999999997, 0.25695999999999997, 0.20722, 0.26712, 0.07962999999999999, 0.15403999999999998, 0.15403999999999998, 0.15403999999999998, 0.15403999999999998, 0.15469999999999998, 0.15403999999999998, 0.16009, 0.12455, 0.10425, 0.10425, 0.10425, 0.10407999999999999, 0.09437999999999999, 0.09437999999999999, 0.1041, 0.10486, 0.10486, 0.09726, 0.07615000000000001, 0.07615000000000001, 0.07615000000000001, 0.07615000000000001, 0.07615000000000001, 0.07392, 0.07287, 0.07226, 0.044270000000000004, 0.044590000000000005, 0.06639, 0.07227, 0.07227, 0.06355, 0.11758, 0.10787000000000001, 0.10590999999999999, 0.10590999999999999, 0.10590999999999999, 0.10590999999999999, 0.10590999999999999, 0.10689, 0.10545, 0.11378, 0.22906, 0.22906, 0.22906, 0.22906, 0.22906, 0.13877, 0.15783000000000003, 0.11248999999999999, 0.11364, 0.11364, 0.11364, 0.09054000000000001, 0.10966, 0.14121, 0.14537, 0.14537, 0.13653, 0.13212000000000002, 0.13083, 0.13083, 0.13083, 0.13005, 0.13491, 0.15752000000000002, 0.21103, 0.21103, 0.21103, 0.21103, 0.21103, 0.20483, 0.22041999999999998, 0.22041999999999998, 0.19297999999999998, 0.19297999999999998, 0.19297999999999998, 0.21442, 0.21442, 0.1834, 0.17899, 0.1451, 0.14418, 0.12272, 0.12074, 0.11584, 0.11265, 0.11265, 0.11265, 0.12085, 0.24398, 0.25076, 0.25076, 0.25076, 0.18494999999999998, 0.14649], [0.05953, 0.05953, 0.05953, 0.05953, 0.05953, 0.05953, 0.05953, 0.05953, 0.061079999999999995, 0.10169, 0.10169, 0.10169, 0.10169, 0.10169, 0.10169, 0.10603, 0.14783000000000002, 0.08615, 0.05953, 0.05953, 0.05953, 0.05953, 0.05953, 0.05953, 0.06581000000000001, 0.06581000000000001, 0.06581000000000001, 0.06581000000000001, 0.06581000000000001, 0.06581000000000001, 0.06581000000000001, 0.05167, 0.05396, 0.09196, 0.09196, 0.09196, 0.09196, 0.09196, 0.09196, 0.09545999999999999, 0.06659000000000001, 0.05167, 0.06581000000000001, 0.06581000000000001, 0.06581000000000001, 0.06581000000000001, 0.06581000000000001, 0.06581000000000001, 0.06164, 0.06164, 0.06704, 0.06779, 0.06779, 0.06779, 0.06779, 0.05241, 0.03959, 0.07183, 0.07183, 0.06885, 0.06885, 0.06885, 0.07183, 0.07183, 0.0564, 0.056909999999999995, 0.056909999999999995, 0.056909999999999995, 0.056909999999999995, 0.056909999999999995, 0.056909999999999995, 0.056909999999999995, 0.06704, 0.06999, 0.06999, 0.06999, 0.06999, 0.06999, 0.06992, 0.05174, 0.04671, 0.08971, 0.08824, 0.08504, 0.09217, 0.09048, 0.08968999999999999, 0.09048, 0.05931, 0.05056, 0.06068, 0.06068, 0.06068, 0.06068, 0.06068, 0.06068, 0.0585, 0.0585, 0.0585, 0.0585, 0.0585, 0.0585, 0.0585, 0.05167, 0.03716, 0.0338, 0.03131, 0.03131, 0.03415, 0.031170000000000003, 0.03131, 0.03293, 0.03403, 0.04772, 0.0585, 0.0585, 0.0585, 0.0585, 0.0585, 0.0585, 0.061009999999999995, 0.061009999999999995, 0.061009999999999995, 0.061009999999999995, 0.061009999999999995, 0.061009999999999995, 0.061009999999999995, 0.04218, 0.044700000000000004, 0.05732, 0.05732, 0.05162, 0.057890000000000004, 0.05732, 0.06117, 0.05713, 0.04106, 0.056229999999999995, 0.056229999999999995, 0.056229999999999995, 0.056229999999999995, 0.056229999999999995, 0.056229999999999995, 0.056229999999999995, 0.06273, 0.06273, 0.06273, 0.06273, 0.06273, 0.06273, 0.06273, 0.05167, 0.04312, 0.05162, 0.05162, 0.05735, 0.05735, 0.05162, 0.054990000000000004, 0.05735, 0.04261, 0.05861, 0.05861, 0.05861, 0.05861, 0.05861, 0.05861, 0.05861], [0.07515999999999999, 0.07515999999999999, 0.07515999999999999, 0.07515999999999999, 0.07515999999999999, 0.07515999999999999, 0.07515999999999999, 0.0466, 0.047009999999999996, 0.07164, 0.0569, 0.0569, 0.0569, 0.06881999999999999, 0.10821, 0.12822999999999998, 0.16777, 0.11417000000000001, 0.11309999999999999, 0.13402, 0.13402, 0.13402, 0.13181, 0.13181, 0.07426, 0.07426, 0.07426, 0.07426, 0.07426, 0.07426, 0.07423, 0.14075, 0.11748, 0.11170000000000001, 0.11170000000000001, 0.11170000000000001, 0.11170000000000001, 0.11170000000000001, 0.11739, 0.15556, 0.18192, 0.18192, 0.21431, 0.15778, 0.15778, 0.15778, 0.15778, 0.15778, 0.08472, 0.08472, 0.08472, 0.08472, 0.08472, 0.08472, 0.08472, 0.14565, 0.09456999999999999, 0.07056, 0.07056, 0.06979, 0.07056, 0.102, 0.10676000000000001, 0.12994999999999998, 0.14194, 0.14702, 0.24433000000000002, 0.26223, 0.26223, 0.26223, 0.26223, 0.26223, 0.91044, 0.91053, 0.83813, 0.91042, 0.2184, 0.29816000000000004, 0.22275, 0.10909999999999999, 0.055630000000000006, 0.052469999999999996, 0.052469999999999996, 0.03689, 0.052469999999999996, 0.055630000000000006, 0.10031999999999999, 0.11181, 0.12978, 0.135, 0.15389, 0.24105000000000001, 0.21103, 0.21103, 0.18177000000000001, 0.1714, 0.10934999999999999, 0.09684999999999999, 0.09684999999999999, 0.09684999999999999, 0.09562999999999999, 0.09393000000000001, 0.09096, 0.08059999999999999, 0.10396999999999999, 0.10203, 0.10203, 0.09465000000000001, 0.07034, 0.10203, 0.10203, 0.11275, 0.10748999999999999, 0.10442, 0.1184, 0.1184, 0.11993999999999999, 0.09844, 0.08488, 0.07881, 0.07215, 0.07215, 0.07215, 0.07215, 0.07215, 0.07215, 0.06392, 0.05568, 0.03388, 0.09129999999999999, 0.1135, 0.11313, 0.11289, 0.11289, 0.11971, 0.15303999999999998, 0.15288, 0.12861, 0.07316, 0.09738, 0.09728, 0.08234999999999999, 0.08234999999999999, 0.08203, 0.07415999999999999, 0.07415999999999999, 0.07415999999999999, 0.07415999999999999, 0.07415999999999999, 0.07415999999999999, 0.07415999999999999, 0.046369999999999995, 0.11652, 0.11137000000000001, 0.11334999999999999, 0.11345000000000001, 0.11345000000000001, 0.11334999999999999, 0.11611, 0.12351000000000001, 0.15227000000000002, 0.11903, 0.11974, 0.09615, 0.10398, 0.10398, 0.10398, 0.10398], [0.12596, 0.12509, 0.11957, 0.11957, 0.11695, 0.11957, 0.12484999999999999, 0.15784, 0.14502, 0.13112000000000001, 0.1308, 0.1308, 0.1308, 0.1308, 0.12941, 0.12698, 0.12698, 0.12804, 0.14227, 0.14415, 0.14227, 0.1421, 0.13909, 0.12900999999999999, 0.04344, 0.04344, 0.04344, 0.04344, 0.04344, 0.04344, 0.04344, 0.04458, 0.04064, 0.040299999999999996, 0.040299999999999996, 0.040299999999999996, 0.040299999999999996, 0.040299999999999996, 0.040299999999999996, 0.040049999999999995, 0.04323, 0.0436, 0.06018, 0.06018, 0.06018, 0.06018, 0.06018, 0.06018, 0.21722999999999998, 0.21722999999999998, 0.21722999999999998, 0.21722999999999998, 0.21722999999999998, 0.21722999999999998, 0.21722999999999998, 0.05167, 0.03566, 0.031670000000000004, 0.03146, 0.03146, 0.03141, 0.031190000000000002, 0.03146, 0.03146, 0.03409, 0.04917, 0.06044, 0.06044, 0.06044, 0.06044, 0.06044, 0.06044, 0.21724000000000002, 0.21724000000000002, 0.21724000000000002, 0.21724000000000002, 0.21724000000000002, 0.21724000000000002, 0.21724000000000002, 0.04133, 0.10137, 0.10137, 0.10081999999999999, 0.09843, 0.09123, 0.09843, 0.10081999999999999, 0.11077, 0.11077, 0.09969, 0.17995, 0.25914, 0.25969, 0.25914, 0.19677, 0.15985, 0.21909, 0.20811000000000002, 0.24343, 0.24162, 0.24269, 0.24343, 0.24343, 0.12066, 0.14075, 0.12009, 0.11527, 0.11527, 0.11527, 0.11527, 0.11527, 0.12154000000000001, 0.13983, 0.12682, 0.24075, 0.28166, 0.28179000000000004, 0.28158999999999995, 0.26544, 0.26544, 1.662, 0.37417, 0.30683, 0.30742, 0.24684, 0.34157, 0.34157, 0.13172999999999999, 0.11915, 0.11875, 0.11187000000000001, 0.11154, 0.11145000000000001, 0.11145000000000001, 0.11145000000000001, 0.11145000000000001, 0.1171, 0.13036, 0.16734000000000002, 0.16734000000000002, 0.16737, 0.16734000000000002, 0.11417000000000001, 0.10427, 0.10557, 0.09554, 0.09554, 0.09554, 0.09554, 0.09554, 0.09554, 0.09372, 0.11318, 0.13413999999999998, 0.12304999999999999, 0.12117, 0.11973, 0.11973, 0.11973, 0.11693, 0.13312000000000002, 0.12304999999999999, 0.10622, 0.10626999999999999, 0.10615999999999999, 0.10615999999999999, 0.10615999999999999, 0.10596], [0.08748, 0.08418, 0.07467, 0.07467, 0.07467, 0.07467, 0.07467, 0.11854, 0.13294, 0.14321, 0.14091, 0.14091, 0.14091, 0.14091, 0.14321, 0.16659000000000002, 0.13037, 0.07163, 0.07165, 0.07165, 0.07165, 0.07165, 0.07165, 0.07112, 0.07309, 0.07309, 0.07309, 0.07309, 0.07309, 0.07309, 0.07295, 0.0711, 0.10969, 0.13359000000000001, 0.12957, 0.12957, 0.12951, 0.12957, 0.12994, 0.15128, 0.18886, 0.16763, 0.14709999999999998, 0.14709999999999998, 0.14709999999999998, 0.14708000000000002, 0.14708000000000002, 0.14717, 0.08026000000000001, 0.07335, 0.07232999999999999, 0.10618999999999999, 0.10633, 0.10633, 0.07948999999999999, 0.11381000000000001, 0.09998, 0.14068, 0.13974, 0.13974, 0.13974, 0.13974, 0.13085, 0.16579, 0.18853, 0.22944, 0.12966999999999998, 0.11031999999999999, 0.11087000000000001, 0.10497, 0.09244, 0.0897, 0.08206999999999999, 0.08206999999999999, 0.0888, 0.10898999999999999, 0.10898999999999999, 0.10898999999999999, 0.08761, 0.0872, 0.11075, 0.13096000000000002, 0.13096000000000002, 0.13096000000000002, 0.13096000000000002, 0.13096000000000002, 0.13096000000000002, 0.15237, 0.14764, 0.11704, 0.10585, 0.09276999999999999, 0.0882, 0.0882, 0.0882, 0.0882, 0.07336, 0.07336, 0.07336, 0.07336, 0.07336, 0.07336, 0.07336, 0.07544, 0.10394, 0.11765, 0.11737, 0.11412, 0.11406999999999999, 0.11406999999999999, 0.11765, 0.14064, 0.10139, 0.09051000000000001, 0.07326, 0.07328, 0.0696, 0.06961, 0.07328, 0.07376, 0.058, 0.058, 0.058, 0.058, 0.058, 0.058, 0.058, 0.10238, 0.11817, 0.14447, 0.12296, 0.12382, 0.12355, 0.12382, 0.13723, 0.16473, 0.17861000000000002, 0.09181, 0.08879000000000001, 0.08878, 0.08878, 0.09344, 0.08828, 0.08926, 0.06836, 0.06836, 0.06836, 0.06836, 0.06836, 0.06836, 0.06836, 0.09528, 0.11245999999999999, 0.12467, 0.12467, 0.12467, 0.12458, 0.12439, 0.12467, 0.15206, 0.1732, 0.13494, 0.08374, 0.08374, 0.08374, 0.08374, 0.08374, 0.08374], [0.06706000000000001, 0.06706000000000001, 0.06706000000000001, 0.06706000000000001, 0.06706000000000001, 0.0728, 0.0728, 0.0728, 0.07266, 0.0831, 0.06512000000000001, 0.061799999999999994, 0.061799999999999994, 0.0648, 0.061799999999999994, 0.09284999999999999, 0.11818000000000001, 0.13562000000000002, 0.13562000000000002, 0.13562000000000002, 0.12417, 0.12417, 0.12417, 0.12290000000000001, 0.10093, 0.09376000000000001, 0.10672, 0.10672, 0.11153, 0.14997, 0.14365, 0.13929, 0.1835, 0.15933, 0.14701, 0.1432, 0.1432, 0.1432, 0.1432, 0.15363, 0.12811, 0.10828, 0.11975, 0.12811, 0.12811, 0.12811, 0.13051, 0.14714, 0.22237, 0.08979999999999999, 0.08979999999999999, 0.12516, 0.12516, 0.1008, 0.1057, 0.10025, 0.15222, 0.10784999999999999, 0.13782, 0.12516, 0.12516, 0.12516, 0.12517, 0.12963, 0.21436000000000002, 0.22063, 0.19716999999999998, 0.21637, 0.21436000000000002, 0.21436000000000002, 0.21007, 0.21434999999999998, 0.22094999999999998, 0.22744, 0.22744, 0.2283, 0.24478999999999998, 0.24865, 0.25689, 0.0777, 0.22258, 0.21553, 0.16817, 0.16817, 0.16817, 0.16817, 0.16817, 0.16902, 0.25704000000000005, 0.25704000000000005, 0.25099, 0.25099, 0.24356, 0.20013, 0.20013, 0.24345, 0.20052, 0.20041, 0.20041, 0.20041, 0.20047, 0.23335, 0.24155000000000001, 0.24099, 0.17225, 0.17221, 0.16477, 0.16262000000000001, 0.16262000000000001, 0.16262000000000001, 0.16262000000000001, 0.16657, 0.16925, 0.17222, 0.17222, 0.17222, 0.17222, 0.17222, 0.17358, 0.19531, 0.12426000000000001, 0.12290999999999999, 0.12425, 0.11638, 0.11463, 0.09234999999999999, 0.11306000000000001, 0.11895, 0.15103, 0.10346999999999999, 0.12736, 0.062479999999999994, 0.06562, 0.06945, 0.06251, 0.13863, 0.06251, 0.06459000000000001, 0.06945, 0.06945, 0.06459000000000001, 0.06456999999999999, 0.06422, 0.06412999999999999, 0.05884, 0.05884, 0.08062000000000001, 0.05884, 0.061799999999999994, 0.06367, 0.06367, 0.06367, 0.08653, 0.17133, 0.14804, 0.13324, 0.13324, 0.13324, 0.13324, 0.17192, 0.09098, 0.10109, 0.08495, 0.07922, 0.07275, 0.07831999999999999, 0.07532, 0.08886], [0.07535, 0.07535, 0.07535, 0.07535, 0.07535, 0.07535, 0.07535, 0.0849, 0.11629, 0.11366, 0.11197, 0.11197, 0.11145999999999999, 0.11206999999999999, 0.1183, 0.12981, 0.12875, 0.12031, 0.12875, 0.12705, 0.12705, 0.12705, 0.12705, 0.12705, 0.07479000000000001, 0.07479000000000001, 0.07479000000000001, 0.07479000000000001, 0.07479000000000001, 0.07479000000000001, 0.07479000000000001, 0.11771, 0.12347, 0.12347, 0.12347, 0.12215000000000001, 0.12226000000000001, 0.12140999999999999, 0.12051, 0.11697, 0.11716, 0.11441, 0.16007, 0.22091999999999998, 0.22113999999999998, 0.22091999999999998, 0.15866999999999998, 0.15866999999999998, 0.11976, 0.11778, 0.11538, 0.11516, 0.11092, 0.10898999999999999, 0.10155, 0.10926000000000001, 0.11387, 0.11123999999999999, 0.11092, 0.11101000000000001, 0.11111, 0.11123000000000001, 0.11383, 0.11618, 0.11704, 0.11417000000000001, 0.14702, 0.20158, 0.20162, 0.20157, 0.19988999999999998, 0.17006, 0.16399, 0.11949, 0.11205, 0.10732, 0.10732, 0.11097, 0.12074, 0.11417000000000001, 0.11198999999999999, 0.10496, 0.10403, 0.0968, 0.0968, 0.0968, 0.10742, 0.11136, 0.12163, 0.1466, 0.24487, 0.24578, 0.24578, 0.24487, 0.24487, 0.30707, 0.37297, 0.33071, 0.14724, 0.10578, 0.10359, 0.10615999999999999, 0.10976999999999999, 0.11156999999999999, 0.08503, 0.07973999999999999, 0.03639, 0.03639, 0.02551, 0.03639, 0.03639, 0.08502, 0.11055, 0.11775, 0.09903, 0.33037, 0.34082999999999997, 0.31039999999999995, 0.32435, 0.14582, 0.20559, 0.18769, 0.17692, 0.183, 0.17692, 0.19658, 0.16752, 0.12257, 0.09556999999999999, 0.09556999999999999, 0.09556999999999999, 0.09556999999999999, 0.04243, 0.09556999999999999, 0.09617, 0.11991, 0.13911, 0.2615, 0.36054, 0.38672, 0.38672, 0.38672, 0.38672, 0.38010000000000005, 0.9775, 0.9775, 0.87056, 0.70682, 0.70682, 0.7853600000000001, 0.34232999999999997, 0.11067, 0.08433, 0.07554999999999999, 0.06487000000000001, 0.06006, 0.03334, 0.06006, 0.06649, 0.09605, 0.11109000000000001, 0.12088, 0.26142000000000004, 0.3196, 0.3196, 0.3196, 0.31814, 0.3055], [0.07687000000000001, 0.07427, 0.07698999999999999, 0.07701000000000001, 0.07686, 0.0813, 0.07395, 0.07325, 0.08466, 0.122, 0.122, 0.122, 0.122, 0.122, 0.122, 0.122, 0.12093000000000001, 0.09444, 0.09444, 0.09609000000000001, 0.09444, 0.09444, 0.09444, 0.08341, 0.11014, 0.0703, 0.10818000000000001, 0.06461, 0.11293, 0.11349, 0.09217, 0.07022, 0.06434000000000001, 0.10121, 0.12445, 0.12559, 0.12559, 0.12559, 0.12559, 0.12345, 0.11362, 0.0916, 0.0916, 0.09175, 0.08692, 0.07897, 0.07025, 0.07297, 0.06403, 0.06403, 0.06403, 0.06267, 0.06609000000000001, 0.07204, 0.07128, 0.07067, 0.06414, 0.08017, 0.09881999999999999, 0.09323000000000001, 0.11043, 0.13141999999999998, 0.10286, 0.09977, 0.09977, 0.11243, 0.11813, 0.11243, 0.10441, 0.10576, 0.09545999999999999, 0.09545999999999999, 0.12077, 0.12077, 0.1193, 0.09361, 0.08683, 0.07236, 0.07236, 0.07134, 0.09284999999999999, 0.11606999999999999, 0.11466, 0.12077, 0.12077, 0.12077, 0.1138, 0.14345, 0.08477, 0.0777, 0.07213, 0.07468999999999999, 0.06634999999999999, 0.05967, 0.05972, 0.056729999999999996, 0.06304, 0.06307, 0.08097, 0.09692, 0.10511, 0.11708, 0.09519, 0.16405, 0.15352000000000002, 0.14188, 0.13817, 0.13817, 0.13817, 0.13817, 0.13817, 0.13817, 0.16261, 0.17958000000000002, 0.15281, 0.17958000000000002, 0.16738999999999998, 0.18115, 0.17236, 0.18703, 0.20354, 0.19985, 0.1695, 0.20107, 0.1805, 0.21177, 0.2125, 0.21177, 0.16596, 0.16240000000000002, 0.13893, 0.13869, 0.13462000000000002, 0.13854, 0.13893, 0.15411000000000002, 0.08313, 0.09436, 0.11996, 0.15983, 0.12809, 0.11859, 0.12012, 0.15389, 0.12017, 0.12017, 0.12017, 0.12017, 0.12129999999999999, 0.13541, 0.13541, 0.13541, 0.14789, 0.1451, 0.12487999999999999, 0.12431, 0.12497, 0.12497, 0.12497, 0.13876, 0.04919, 0.07438, 0.06064, 0.07892, 0.07729000000000001, 0.07438, 0.08549, 0.08868999999999999], [0.49051999999999996, 0.23401, 0.26000999999999996, 0.2557, 0.26000999999999996, 0.24452000000000002, 0.15647, 0.12637, 0.09673000000000001, 0.05416, 0.04611, 0.03209, 0.03209, 0.04611, 0.09698999999999999, 0.11917, 0.12944999999999998, 0.14071, 0.18872999999999998, 0.28756, 0.28756, 0.28756, 0.28756, 0.28756, 1.0803900000000002, 0.37598000000000004, 0.38391000000000003, 0.34299, 0.24449, 0.71637, 0.21183000000000002, 0.13061, 0.11114, 0.1093, 0.1093, 0.10711, 0.10711, 0.10711, 0.11424, 0.14097, 0.16931000000000002, 0.21802000000000002, 0.20855, 0.20855, 0.13602, 0.13326, 0.13143000000000002, 0.11473, 0.04564, 0.04564, 0.04564, 0.04564, 0.04564, 0.04564, 0.04564, 0.06701, 0.13626, 0.13626, 0.13615, 0.13615, 0.13703, 0.13604, 0.13713, 0.14307, 0.1545, 0.19863, 0.19923, 0.13131, 0.1037, 0.1037, 0.1037, 0.07775, 0.26526, 0.2542, 0.2542, 0.2542, 0.28073000000000004, 0.28073000000000004, 0.08095999999999999, 0.0677, 0.13088, 0.14014, 0.13658, 0.13658, 0.13658, 0.14128, 0.13088, 0.14123, 0.15389, 0.14371, 0.25515, 0.25515, 0.16763999999999998, 0.25515, 0.25515, 0.16763999999999998, 1.06798, 1.06798, 1.06798, 1.06798, 1.06798, 1.06798, 0.24771, 0.1643, 0.12397, 0.11843000000000001, 0.11843000000000001, 0.11843000000000001, 0.11843000000000001, 0.11843000000000001, 0.11843000000000001, 0.11843000000000001, 0.11827, 0.12178, 0.13256, 0.16608, 0.16847, 0.16847, 0.16847, 0.16847, 0.16102, 0.16102, 0.16102, 0.15405000000000002, 0.15041, 0.14254, 0.13715, 0.13569, 0.12812, 0.11649, 0.11649, 0.11649, 0.12118000000000001, 0.12763, 0.14048, 0.20483, 0.2047, 0.19666, 0.17622, 0.20931, 0.20931, 0.20951, 0.20931, 0.20229, 0.18763999999999997, 0.17647, 0.17261, 0.17312, 0.15838, 0.196, 0.19749, 0.13222, 0.11988, 0.11272, 0.11272, 0.11272, 0.11248999999999999, 0.11114, 0.11272, 0.11992, 0.14352, 0.13471, 0.21311000000000002, 0.2348, 0.16509000000000001, 0.20038, 0.20038, 0.20038], [0.045590000000000006, 0.048920000000000005, 0.048920000000000005, 0.048920000000000005, 0.048920000000000005, 0.048920000000000005, 0.048920000000000005, 0.048920000000000005, 0.048799999999999996, 0.045520000000000005, 0.04541, 0.04541, 0.04541, 0.04541, 0.045520000000000005, 0.045450000000000004, 0.04542, 0.03675, 0.055630000000000006, 0.06565, 0.06565, 0.06576, 0.055630000000000006, 0.055630000000000006, 0.05803, 0.05803, 0.05803, 0.05799, 0.05803, 0.05803, 0.05803, 0.05792, 0.04761, 0.034409999999999996, 0.03433, 0.03433, 0.03159, 0.03412, 0.03444, 0.03445, 0.03445, 0.05294, 0.13026, 0.15118, 0.15119, 0.15118, 0.11572, 0.11293, 0.07448, 0.06806999999999999, 0.08134000000000001, 0.1034, 0.1034, 0.08134000000000001, 0.08134000000000001, 0.11477, 0.11663, 0.10411, 0.10329, 0.10295, 0.10028000000000001, 0.10028000000000001, 0.10028000000000001, 0.10251, 0.10437, 0.10571, 0.1398, 0.18496, 0.19863999999999998, 0.17288, 0.15424000000000002, 0.17133, 0.12675, 0.13151, 0.1298, 0.1404, 0.1375, 0.14083, 0.14083, 0.12115000000000001, 0.11943000000000001, 0.11943000000000001, 0.11927, 0.11927, 0.11927, 0.1179, 0.11927, 0.11927, 0.11925, 0.14092, 0.21822, 0.21822, 0.21822, 0.21822, 0.16654, 0.14759999999999998, 0.31037, 0.28164, 0.38647000000000004, 0.34632999999999997, 0.36556, 0.40618, 0.40618, 0.14061, 0.11606999999999999, 0.10260999999999999, 0.10260999999999999, 0.10260999999999999, 0.10260999999999999, 0.10260999999999999, 0.10260999999999999, 0.10862000000000001, 0.11475, 0.11962, 0.26758, 0.27107, 0.27107, 0.27107, 0.08857, 0.18769, 0.20578, 0.17823, 0.17823, 0.17823, 0.17823, 0.18781, 0.19803, 0.12074, 0.11689, 0.10893000000000001, 0.10890999999999999, 0.10890999999999999, 0.10890999999999999, 0.10890999999999999, 0.10808, 0.10948000000000001, 0.10956, 0.1434, 0.23761000000000002, 0.29066000000000003, 0.29066000000000003, 0.27816, 0.12744, 0.12695, 0.10056999999999999, 0.10056999999999999, 0.10056999999999999, 0.10056999999999999, 0.10056999999999999, 0.10056999999999999, 0.10367, 0.11926, 0.11926, 0.11679, 0.11671, 0.11229, 0.10734, 0.10734, 0.10914, 0.11531, 0.11974, 0.1157, 0.24518, 0.25795999999999997, 0.25795999999999997, 0.25795999999999997, 0.17492, 0.08449], [0.17663, 0.17898, 0.17898, 0.17898, 0.17898, 0.17830000000000001, 0.15014, 0.21371, 0.11917, 0.11753, 0.11753, 0.11753, 0.11753, 0.11753, 0.10995999999999999, 0.05182, 0.07795999999999999, 0.07227, 0.09153, 0.12445999999999999, 0.07795999999999999, 0.07795999999999999, 0.08424, 0.07237, 0.12646, 0.12741, 0.12979, 0.12646, 0.05572, 0.09631, 0.0711, 0.10184, 0.11217, 0.08931, 0.08931, 0.10424, 0.09767, 0.08931, 0.08931, 0.0688, 0.08748, 0.06441, 0.08270000000000001, 0.10864, 0.10817, 0.12951, 0.10821, 0.12131, 0.11939, 0.12017, 0.11924, 0.11924, 0.10311, 0.17895, 0.07453, 0.07113, 0.11056, 0.09908, 0.09908, 0.12035, 0.09908, 0.09908, 0.09908, 0.06448000000000001, 0.06448000000000001, 0.06448000000000001, 0.06448000000000001, 0.06448000000000001, 0.06448000000000001, 0.07371, 0.07165, 0.05957, 0.06411, 0.06411, 0.06411, 0.06411, 0.06411, 0.08615, 0.09522, 0.07123, 0.053950000000000005, 0.04, 0.04, 0.04, 0.04, 0.04, 0.05724, 0.05152, 0.0728, 0.0728, 0.0728, 0.0728, 0.0728, 0.0728, 0.0728, 0.0728, 0.07113, 0.07113, 0.07113, 0.07113, 0.07113, 0.07113, 0.07113, 0.07113, 0.04983, 0.04314, 0.04314, 0.04793, 0.042409999999999996, 0.04249, 0.04314, 0.04416, 0.07113, 0.07113, 0.07113, 0.07113, 0.07113, 0.07113, 0.07113, 0.07113, 0.07659, 0.07659, 0.07659, 0.07659, 0.07659, 0.07659, 0.07659, 0.07654000000000001, 0.05975, 0.04932, 0.039659999999999994, 0.04407, 0.03376, 0.03735, 0.039659999999999994, 0.03890999999999999, 0.07659, 0.07659, 0.07659, 0.07659, 0.07659, 0.07659, 0.07659, 0.07659, 0.06417, 0.06417, 0.06417, 0.06417, 0.06417, 0.06417, 0.06417, 0.06727, 0.05357, 0.04843, 0.04843, 0.04858, 0.04821, 0.04821, 0.04843, 0.04144, 0.06417, 0.06417, 0.06417, 0.06417, 0.06417, 0.06417, 0.06417, 0.06417], [0.24834, 0.2085, 0.2085, 0.2135, 0.2135, 0.23723, 0.23723, 0.13057, 0.12057999999999999, 0.11492000000000001, 0.11492000000000001, 0.11492000000000001, 0.11492000000000001, 0.11492000000000001, 0.11553000000000001, 0.12061, 0.13178, 0.13697, 0.15197, 0.22124000000000002, 0.22124000000000002, 0.22124000000000002, 0.22124000000000002, 0.22124000000000002, 0.9401499999999999, 0.21603, 0.21603, 0.21603, 0.21603, 0.24004, 0.24004, 0.12863999999999998, 0.11153, 0.10901000000000001, 0.10901000000000001, 0.10901000000000001, 0.10901000000000001, 0.10901000000000001, 0.1088, 0.12016, 0.14364, 0.16340000000000002, 0.21265, 0.26105, 0.26105, 0.26105, 0.25183, 0.21046, 0.24450999999999998, 0.24450999999999998, 0.24450999999999998, 0.23174, 0.23174, 0.25749, 0.25749, 0.13376, 0.11709, 0.1119, 0.10848999999999999, 0.10787999999999999, 0.10414, 0.10504999999999999, 0.11059000000000001, 0.11968000000000001, 0.13390000000000002, 0.21411000000000002, 0.21411000000000002, 0.21411000000000002, 0.21411000000000002, 0.20868, 0.1746, 0.1746, 0.09342, 0.09223, 0.06898, 0.06898, 0.06898, 0.07135, 0.09608, 0.0935, 0.11931, 0.11116, 0.11, 0.11, 0.11, 0.11564, 0.13497, 0.13537000000000002, 0.13672, 0.1333, 0.13537000000000002, 0.10967, 0.10503, 0.07063, 0.06142, 0.06166, 0.058, 0.058, 0.058, 0.058, 0.058, 0.058, 0.058, 0.05795, 0.0464, 0.11822, 0.11337, 0.10840000000000001, 0.10639, 0.12495, 0.12769, 0.12927000000000002, 0.12912, 0.12932, 0.06376, 0.06179, 0.06898, 0.07141, 0.07084, 0.07084, 0.06536, 0.06536, 0.06536, 0.06536, 0.06536, 0.06536, 0.06536, 0.05882, 0.11946, 0.11344, 0.10958, 0.10375, 0.10418000000000001, 0.10826000000000001, 0.11265, 0.12206, 0.12207, 0.13585, 0.12207, 0.07761, 0.08304, 0.08231999999999999, 0.08069, 0.08070000000000001, 0.07457, 0.07457, 0.07457, 0.07457, 0.07457, 0.07457, 0.07457, 0.037079999999999995, 0.09838, 0.09389, 0.10349, 0.10567, 0.10567, 0.10376, 0.10736, 0.11957, 0.11957, 0.11957, 0.12217, 0.07144, 0.07740999999999999, 0.07091, 0.07091, 0.07091]]"
cost_hotpump,1466.7580916534623
y_binary,"[0.0, 0.0, 0.0, 0.0, -0.0, 1.0, -0.0, -0.0, -0.0, -0.0, 0.0, -0.0, -0.0, 0.0, 0.0, 0.0, -0.0, 0.0, -0.0, 0.0, -0.0, 0.0, -0.0, -0.0, 0.0, 1.0, 0.0, -0.0, 1.0, -0.0, -0.0, -0.0, 1.0, -0.0, -0.0, -0.0, 0.0, 0.0, 0.0, -0.0, -0.0, -0.0, 0.0, -0.0, 0.0, -0.0, -0.0, 0.0, 1.0, 0.0, -0.0, 1.0, -0.0, -0.0, -0.0, 1.0, -0.0, -0.0, -0.0, -0.0, -0.0, -0.0, -0.0, -0.0, -0.0, -0.0, -0.0, 0.0, -0.0, -0.0, 0.0, 1.0, 0.0, -0.0, 1.0, 0.0, -0.0, -0.0, 1.0, -0.0, -0.0, -0.0, -0.0, 0.0, -0.0, -0.0, -0.0, -0.0, -0.0, -0.0, 1.0, -0.0, -0.0, 0.0, 0.9999995984300968, 0.0, -0.0, 1.0, 0.0, -0.0, -0.0, 1.0, -0.0, -0.0, -0.0, -0.0, 0.0, -0.0, -0.0, -0.0, -0.0, -0.0, -0.0, 1.0, -0.0, -0.0, 0.0, 1.0, 0.0, -0.0, -0.0, 1.0, -0.0, -0.0, 1.0, -0.0, -0.0, -0.0, -0.0, 0.0, -0.0, -0.0, -0.0, -0.0, -0.0, -0.0, 1.0, -0.0, -0.0, 0.0, 1.0, 0.0, -0.0, 0.0, 1.0, -0.0, -0.0, 0.0, -0.0, -0.0, -0.0, -0.0, 0.0, -0.0, -0.0, -0.0, -0.0, -0.0, -0.0, -0.0, -0.0, -0.0, 0.0, 0.0, 0.0, -0.0, -0.0, 1.0, -0.0, -0.0, 0.0, -0.0, -0.0, 0.0, -0.0, 1.0, -0.0, -0.0, -0.0, -0.0, -0.0, -0.0, 1.0, -0.0, -0.0, 0.0, 0.0, 0.0, -0.0, -0.0, -0.0, -0.0, -0.0, 0.0, -0.0, -0.0, -0.0, -0.0, 1.0, -0.0, -0.0, -0.0, -0.0, -0.0, -0.0, 0.0, -0.0, -0.0, 0.0, -0.0, 0.0, -0.0, -0.0, -0.0, -0.0, -0.0, 0.0, -0.0, -0.0, 0.0, -0.0, -0.0, -0.0, -0.0, -0.0, -0.0, -0.0, -0.0, -0.0, -0.0, -0.0, 0.0, -0.0, 0.0, -0.0, -0.0, -0.0, -0.0, -0.0, 0.0, -0.0, -0.0, -0.0, -0.0, -0.0, -0.0, -0.0, -0.0, -0.0, -0.0, -0.0, -0.0, -0.0, -0.0, 0.0, -0.0, 0.0, -0.0, -0.0, -0.0, -0.0, -0.0, 0.0, -0.0, -0.0, -0.0, -0.0, -0.0, -0.0, -0.0, -0.0, -0.0, -0.0, -0.0, -0.0, -0.0, -0.0, 0.0, -0.0, 0.0, -0.0, -0.0, -0.0, -0.0, -0.0, 0.0, -0.0, -0.0, -0.0, -0.0, -0.0, -0.0, -0.0, -0.0, -0.0, -0.0, -0.0, -0.0, -0.0, -0.0, 0.0, -0.0, 0.0, -0.0, -0.0, -0.0, -0.0, -0.0, 0.0, -0.0, -0.0, -0.0, -0.0, -0.0, -0.0, -0.0, -0.0, -0.0, -0.0, -0.0, -0.0, -0.0, -0.0, 0.0, 0.0, 0.0, -0.0, -0.0, -0.0, -0.0, -0.0, 0.0, -0.0, -0.0, 0.0, -0.0, -0.0, 0.0, -0.0, -0.0, -0.0, -0.0, -0.0, -0.0, -0.0, -0.0, 0.0, 0.0, 0.0, -0.0, -0.0, -0.0, -0.0, -0.0, 0.0, -0.0, -0.0, 1.0, 0.0, -0.0, 0.0, -0.0, -0.0, -0.0, -0.0, -0.0, -0.0, -0.0, -0.0, 0.0, 0.0, 0.0, -0.0, -0.0, -0.0, -0.0, -0.0, 0.0, -0.0, -0.0, 1.0, 0.0, 0.0, 0.0, -0.0, -0.0, -0.0, -0.0, -0.0, -0.0, -0.0, -0.0, 0.0, 1.0, -0.0, -0.0, -0.0, -0.0, -0.0, -0.0, 0.0, -0.0, -0.0, 1.0, 0.0, 0.0, -0.0, -0.0, -0.0, -0.0, -0.0, -0.0, -0.0, -0.0, 0.0, 0.0, 1.0, 0.0, -0.0, -0.0, -0.0, -0.0, -0.0, 0.0, -0.0, -0.0, -0.0, -0.0, 0.0, -0.0, -0.0, -0.0, -0.0, -0.0, -0.0, -0.0, -0.0, 0.0, 0.0, 1.0, 0.0, -0.0, -0.0, -0.0, -0.0, -0.0, 0.0, -0.0, -0.0, -0.0, -0.0, 0.0, -0.0, -0.0, -0.0, -0.0, 0.0, -0.0, -0.0, -0.0, 0.0, 0.0, 0.0, 0.0, -0.0, -0.0, -0.0, -0.0, -0.0, 0.0, -0.0, -0.0, -0.0, -0.0, 0.0, -0.0, -0.0, -0.0, -0.0, 0.0, -0.0, -0.0, 0.0, 0.0, 0.0, -0.0, -0.0, -0.0, -0.0, -0.0, -0.0, -0.0, 0.0, -0.0, -0.0, -0.0, -0.0, -0.0, -0.0, -0.0, -0.0, -0.0, 0.0, -0.0, -0.0, 0.0, -0.0, 0.0, -0.0, -0.0, -0.0, -0.0, -0.0, -0.0, -0.0, 0.0, -0.0, -0.0, -0.0, -0.0, -0.0, -0.0, -0.0, -0.0, -0.0, 0.0, -0.0, -0.0, 0.0, -0.0, -0.0, -0.0, 0.0, -0.0, -0.0, -0.0, -0.0, -0.0, -0.0, -0.0, -0.0, -0.0, -0.0, -0.0, -0.0, -0.0, -0.0, -0.0, 1.0, -0.0, -0.0, 1.0, -0.0, 0.0, -0.0, 0.0, -0.0, -0.0, -0.0, -0.0, -0.0, -0.0, -0.0, -0.0, -0.0, -0.0, -0.0, -0.0, -0.0, -0.0, -0.0, 0.9999999999999999, -0.0, -0.0, 1.0, 0.0, -0.0, -0.0, 0.0, -0.0, -0.0, -0.0, -0.0, -0.0, -0.0, -0.0, -0.0, -0.0, -0.0, -0.0, -0.0, -0.0, -0.0, -0.0, 1.0, -0.0, -0.0, 1.0, 0.0, -0.0, -0.0, 0.0, -0.0, -0.0, -0.0, -0.0, -0.0, -0.0, -0.0, -0.0, -0.0, -0.0, -0.0, -0.0, -0.0, -0.0, -0.0, 1.0, -0.0, -0.0, -0.0, 1.0, -0.0, -0.0, 0.0, -0.0, -0.0, -0.0, -0.0, -0.0, -0.0, -0.0, -0.0, -0.0, -0.0, -0.0, -0.0, -0.0, -0.0, -0.0, 1.0, -0.0, -0.0, -0.0, 1.0, -0.0, -0.0, 0.0, -0.0, -0.0, -0.0, -0.0, -0.0, -0.0, -0.0, -0.0, -0.0, -0.0, -0.0, -0.0, -0.0, -0.0, -0.0, 1.0, -0.0, -0.0, -0.0, 1.0, 0.0, -0.0, 0.0, -0.0, -0.0, -0.0, -0.0, -0.0, -0.0, -0.0, -0.0, -0.0, -0.0, -0.0, -0.0, -0.0, -0.0, -0.0, 0.999999999999999, -0.0, -0.0, -0.0, 1.0, 0.0, -0.0, 0.0, -0.0, -0.0, -0.0, -0.0, -0.0, -0.0, -0.0, -0.0, -0.0, -0.0, -0.0, -0.0, -0.0, -0.0, -0.0, 1.0, -0.0, -0.0, -0.0, 0.0, 0.0, -0.0, 0.0, -0.0, -0.0, -0.0, -0.0, -0.0, -0.0, -0.0, -0.0, -0.0, -0.0, -0.0, -0.0, -0.0, -0.0, -0.0, -0.0, -0.0, -0.0, -0.0, -0.0, 0.0, -0.0, 0.0, -0.0, -0.0, -0.0, -0.0, -0.0, -0.0, -0.0, -0.0, -0.0, -0.0, -0.0, -0.0, -0.0, -0.0, -0.0, -0.0, -0.0, -0.0, -0.0, -0.0, 0.0, -0.0, 0.0, -0.0, -0.0, -0.0, -0.0, -0.0, -0.0, -0.0, -0.0, 0.0, -0.0, -0.0, -0.0, -0.0, -0.0, -0.0, -0.0, -0.0, -0.0, -0.0, -0.0, 0.0, -0.0, 0.0, -0.0, -0.0, -0.0, -0.0, -0.0, -0.0, -0.0, -0.0, 0.0, -0.0, -0.0, -0.0, -0.0, -0.0, -0.0, -0.0, -0.0, -0.0, -0.0, -0.0, 0.0, -0.0, 0.0, -0.0, -0.0, -0.0, -0.0, -0.0, -0.0, -0.0, -0.0, 0.0, -0.0, -0.0, -0.0, -0.0, -0.0, -0.0, -0.0, -0.0, -0.0, -0.0, -0.0, 0.0, -0.0, 0.0, -0.0, -0.0, -0.0, -0.0, -0.0, -0.0, -0.0, -0.0, 0.0, -0.0, -0.0, -0.0, -0.0, -0.0, -0.0, -0.0, -0.0, -0.0, -0.0, -0.0, 0.0, -0.0, 0.0, -0.0, 0.0, -0.0, -0.0, -0.0, 0.0, -0.0, -0.0, -0.0, -0.0, -0.0, 0.0, -0.0, -0.0, -0.0, -0.0, -0.0, -0.0, -0.0, -0.0, 0.0, -0.0, 0.0, -0.0, 0.0, -0.0, -0.0, -0.0, 0.0, 0.0, -0.0, -0.0, 0.0, -0.0, 0.0, -0.0, -0.0, -0.0, -0.0, -0.0, -0.0, -0.0, -0.0, 0.0, -0.0, -0.0, -0.0, 0.0, -0.0, -0.0, -0.0, 0.0, 0.0, -0.0, 0.0, 0.0, -0.0, 0.0, -0.0, -0.0, -0.0, -0.0, -0.0, -0.0, -0.0, -0.0, 0.0, -0.0, 0.0, -0.0, 0.0, -0.0, 0.0, -0.0, 1.0, 0.0, -0.0, -0.0, 0.0, -0.0, 0.0, -0.0, -0.0, -0.0, -0.0, -0.0, -0.0, -0.0, -0.0, 0.0, -0.0, 0.0, -0.0, -0.0, -0.0, 0.0, -0.0, 1.0, 1.0, -0.0, -0.0, 0.0, -0.0, 0.0, -0.0, -0.0, -0.0, -0.0, -0.0, -0.0, 0.0, -0.0, 0.0, -0.0, 1.0, -0.0, -0.0, -0.0, 1.0, -0.0, 1.0, 1.0, 0.0, -0.0, 0.0, -0.0, 0.0, -0.0, -0.0, -0.0, -0.0, 0.0, -0.0, 0.0, -0.0, 0.0, -0.0, 1.0, -0.0, -0.0, -0.0, 1.0, -0.0, 1.0, 1.0, 1.0, -0.0, 0.0, -0.0, 0.0, -0.0, 0.0, -0.0, -0.0, 0.0, -0.0, 1.0, -0.0, 0.0, -0.0, 1.0, -0.0, -0.0, -0.0, 1.0, -0.0, -0.0, 1.0, 1.0, -0.0, -0.0, -0.0, -0.0, -0.0, 0.0, -0.0, -0.0, 0.0, -0.0, 1.0, -0.0, 0.0, -0.0, 1.0, -0.0, -0.0, 0.0, 1.0, -0.0, -0.0, 1.0, 1.0, -0.0, -0.0, 0.0, -0.0, -0.0, 0.0, -0.0, -0.0, 0.0, -0.0, 1.0, -0.0, 0.0, -0.0, 1.0, -0.0, -0.0, 0.0, 1.0, -0.0, -0.0, 1.0, 1.0, -0.0, -0.0, 0.0, -0.0, -0.0, -0.0, -0.0, -0.0, -0.0, -0.0, 0.0, -0.0, 0.0, -0.0, 1.0, -0.0, -0.0, 0.0, 1.0, -0.0, -0.0, 1.0, -0.0, -0.0, -0.0, 0.0, -0.0, -0.0, -0.0, -0.0, -0.0, -0.0, -0.0, -0.0, -0.0, 0.0, -0.0, 1.0, -0.0, -0.0, 1.0, 1.0, -0.0, -0.0, -0.0, -0.0, -0.0, -0.0, 1.0, -0.0, -0.0, -0.0, -0.0, -0.0, -0.0, -0.0, -0.0, -0.0, 0.0, -0.0, 1.0, -0.0, -0.0, 1.0, 1.0, -0.0, -0.0, -0.0, -0.0, -0.0, -0.0, 1.0, -0.0, -0.0, -0.0, -0.0, -0.0, -0.0, -0.0, -0.0, -0.0, 0.0, -0.0, -0.0, -0.0, -0.0, 1.0, 0.0, -0.0, -0.0, -0.0, -0.0, -0.0, -0.0, 1.0, -0.0, -0.0, -0.0, -0.0, -0.0, -0.0, 0.0, -0.0, -0.0, 0.0, -0.0, -0.0, -0.0, -0.0, 1.0, 0.0, -0.0, -0.0, -0.0, -0.0, -0.0, -0.0, 1.0, -0.0, -0.0, -0.0, -0.0, -0.0, -0.0, 0.0, 0.0, -0.0, 0.0, -0.0, -0.0, -0.0, -0.0, 1.0, 0.0, -0.0, -0.0, -0.0, -0.0, -0.0, -0.0, 1.0, -0.0, -0.0, -0.0, -0.0, -0.0, -0.0, 0.0, 0.0, -0.0, 0.0, -0.0, 0.0, -0.0, -0.0, 1.0, 0.0, -0.0, -0.0, -0.0, -0.0, -0.0, -0.0, 1.0, -0.0, -0.0, -0.0, -0.0, -0.0, -0.0, 1.0, 0.0, -0.0, 0.0, -0.0, -0.0, -0.0, -0.0, 1.0, 0.0, -0.0, -0.0, -0.0, -0.0, -0.0, -0.0, 1.0, -0.0, -0.0, -0.0, -0.0, -0.0, -0.0, -0.0, 0.0, -0.0, 0.0, -0.0, 0.0, -0.0, -0.0, -0.0, 0.0, -0.0, -0.0, -0.0, -0.0, -0.0, -0.0, -0.0, -0.0, -0.0, -0.0, -0.0, -0.0, -0.0, -0.0, -0.0, -0.0, 0.0, -0.0, 0.0, -0.0, -0.0, -0.0, 0.0, -0.0, -0.0, -0.0, -0.0, -0.0, -0.0, -0.0, -0.0, -0.0, -0.0, -0.0, -0.0, -0.0, -0.0, -0.0, -0.0, 0.0, -0.0, 0.0, -0.0, 0.0, -0.0, 0.0, -0.0, -0.0, -0.0, -0.0, -0.0, -0.0, -0.0, -0.0, -0.0, -0.0, -0.0, -0.0, -0.0, -0.0, -0.0, -0.0, 0.0, -0.0, 0.0, -0.0, 0.0, -0.0, 0.0, -0.0, -0.0, -0.0, -0.0, -0.0, -0.0, -0.0, -0.0, -0.0, -0.0, -0.0, -0.0, -0.0, -0.0, -0.0, -0.0, 0.0, -0.0, 0.0, -0.0, 0.0, -0.0, 0.0, -0.0, -0.0, -0.0, -0.0, -0.0, -0.0, -0.0, -0.0, -0.0, -0.0, -0.0, -0.0, -0.0, -0.0, -0.0, -0.0, 0.0, -0.0, 0.0, -0.0, 0.0, -0.0, 0.0, -0.0, -0.0, -0.0, -0.0, -0.0, -0.0, -0.0, 0.0, -0.0, -0.0, -0.0, -0.0, -0.0, -0.0, -0.0, -0.0, 0.0, -0.0, 0.0, -0.0, 0.0, -0.0, 0.0, -0.0, -0.0, -0.0, -0.0, -0.0, -0.0, -0.0, 0.0, -0.0, -0.0, -0.0, -0.0, -0.0, -0.0, -0.0, -0.0, 0.0, -0.0, 0.0, -0.0, 1.0, -0.0, 0.0, -0.0, 0.0, -0.0, -0.0, -0.0, -0.0, -0.0, 0.0, -0.0, -0.0, -0.0, -0.0, -0.0, -0.0, -0.0, -0.0, -0.0, -0.0, 0.0, -0.0, 1.0, -0.0, 0.0, -0.0, 1.0, -0.0, -0.0, -0.0, 0.0, -0.0, 1.0, -0.0, -0.0, -0.0, -0.0, -0.0, -0.0, -0.0, -0.0, 0.0, -0.0, 0.0, -0.0, 1.0, -0.0, 0.0, -0.0, 1.0, -0.0, 0.0, -0.0, 0.0, -0.0, 1.0, -0.0, -0.0, -0.0, -0.0, -0.0, -0.0, -0.0, -0.0, 1.0, -0.0, 0.0, -0.0, 1.0, -0.0, 0.0, -0.0, 1.0, -0.0, 0.0, -0.0, 0.0, -0.0, 0.9999999999999999, -0.0, -0.0, -0.0, -0.0, -0.0, -0.0, -0.0, -0.0, 1.0, -0.0, 0.0, -0.0, -0.0, -0.0, -0.0, -0.0, 1.0, -0.0, 1.0, -0.0, 0.0, -0.0, 1.0, -0.0, -0.0, -0.0, -0.0, -0.0, -0.0, -0.0, -0.0, 1.0, -0.0, 0.0, -0.0, -0.0, -0.0, -0.0, -0.0, -0.0, -0.0, 1.0, -0.0, 1.0, -0.0, -0.0, -0.0, 0.0, -0.0, -0.0, -0.0, -0.0, -0.0, -0.0, 1.0, -0.0, 0.0, -0.0, -0.0, -0.0, -0.0, -0.0, -0.0, -0.0, 1.0, -0.0, 1.0, -0.0, -0.0, -0.0, 0.0, -0.0, -0.0, -0.0, -0.0, -0.0, -0.0, 1.0, -0.0, 0.0, -0.0, -0.0, -0.0, -0.0, 0.0, -0.0, -0.0, 1.0, -0.0, 1.0, -0.0, -0.0, 0.0, -0.0, -0.0, -0.0, -0.0, -0.0, -0.0, -0.0, 1.0, -0.0, 0.0, -0.0, -0.0, -0.0, -0.0, 0.0, -0.0, -0.0, 1.0, -0.0, 1.0, 0.0, -0.0, 0.0, -0.0, -0.0, -0.0, -0.0, -0.0, -0.0, -0.0, 0.0, -0.0, 0.0, -0.0, -0.0, -0.0, -0.0, 1.0, -0.0, -0.0, -0.0, -0.0, 1.0, 0.0, -0.0, 0.0, -0.0, -0.0, -0.0, -0.0, -0.0, -0.0, -0.0, 0.0, -0.0, -0.0, -0.0, -0.0, -0.0, -0.0, 1.0, -0.0, -0.0, -0.0, -0.0, 1.0, 0.0, -0.0, 0.0, -0.0, -0.0, 0.0, -0.0, -0.0, -0.0, -0.0, 0.0, -0.0, 1.0, -0.0, -0.0, -0.0, -0.0, 1.0, -0.0, -0.0, -0.0, -0.0, 1.0, 0.0, -0.0, 0.0, -0.0, -0.0, 0.0, -0.0, -0.0, -0.0, -0.0, 0.0, -0.0, 1.0, -0.0, -0.0, -0.0, -0.0, 1.0, -0.0, -0.0, -0.0, -0.0, 1.0, 0.0, -0.0, 0.0, -0.0, -0.0, -0.0, -0.0, -0.0, -0.0, -0.0, 0.0, -0.0, 1.0, -0.0, -0.0, -0.0, -0.0, 1.0, -0.0, -0.0, -0.0, -0.0, 1.0, 0.0, -0.0, 1.0, -0.0, -0.0, 0.0, -0.0, -0.0, -0.0, -0.0, 0.0, -0.0, 1.0, -0.0, -0.0, -0.0, -0.0, 1.0, -0.0, -0.0, -0.0, -0.0, 1.0, 0.0, -0.0, 1.0, -0.0, -0.0, 0.0, -0.0, -0.0, -0.0, -0.0, 0.0, -0.0, 1.0, -0.0, -0.0, -0.0, -0.0, 1.0, -0.0, -0.0, -0.0, -0.0, 1.0, 0.0, -0.0, 1.0, -0.0, -0.0, 0.0, -0.0, -0.0, -0.0, -0.0, 0.0, -0.0, -0.0, -0.0, -0.0, -0.0, -0.0, -0.0, -0.0, 0.0, -0.0, -0.0, -0.0, 1.0, -0.0, 1.0, -0.0, -0.0, -0.0, -0.0, -0.0, -0.0, -0.0, 0.0, -0.0, 0.0, -0.0, -0.0, -0.0, 0.0, -0.0, -0.0, -0.0, -0.0, -0.0, -0.0, -0.0, -0.0, -0.0, -0.0, -0.0, -0.0, -0.0, -0.0, -0.0, -0.0, 0.0, -0.0, 0.0, -0.0, -0.0, -0.0, 0.0, -0.0, -0.0, -0.0, -0.0, -0.0, -0.0, -0.0, -0.0, -0.0, -0.0, -0.0, -0.0, -0.0, -0.0, -0.0, -0.0, 0.0, -0.0, 0.0, -0.0, -0.0, -0.0, 0.0, -0.0, -0.0, -0.0, -0.0, -0.0, -0.0, -0.0, -0.0, -0.0, -0.0, -0.0, -0.0, -0.0, -0.0, -0.0, -0.0, 0.0, -0.0, 0.0, -0.0, -0.0, -0.0, 0.0, -0.0, -0.0, -0.0, -0.0, -0.0, -0.0, -0.0, -0.0, -0.0, -0.0, -0.0, -0.0, -0.0, -0.0, -0.0, -0.0, 0.0, -0.0, 0.0, -0.0, -0.0, -0.0, 0.0, -0.0, -0.0, -0.0, -0.0, -0.0, -0.0, -0.0, 0.0, -0.0, -0.0, -0.0, -0.0, -0.0, -0.0, -0.0, -0.0, 0.0, -0.0, 0.0, -0.0, 0.0, -0.0, 0.0, -0.0, -0.0, -0.0, -0.0, 0.0, -0.0, -0.0, 0.0, -0.0, -0.0, -0.0, -0.0, -0.0, -0.0, -0.0, -0.0, 0.0, -0.0, 0.0, -0.0, 0.0, -0.0, 0.0, -0.0, 0.0, -0.0, -0.0, 0.0, -0.0, -0.0, 0.0, 0.0, -0.0, -0.0, -0.0, -0.0, -0.0, -0.0, -0.0, 0.0, -0.0, 0.0, -0.0, 0.0, -0.0, 0.0, -0.0, 0.0, -0.0, -0.0, 0.0, -0.0, -0.0, 0.0, 0.0, -0.0, -0.0, -0.0, -0.0, -0.0, -0.0, -0.0, 0.0, -0.0, 0.0, -0.0, 1.0, -0.0, 0.0, -0.0, 0.0, -0.0, -0.0, 0.0, -0.0, -0.0, 0.0, 0.0, -0.0, -0.0, -0.0, -0.0, -0.0, -0.0, -0.0, 0.0, -0.0, 0.0, -0.0, 1.0, -0.0, 0.0, -0.0, 0.0, -0.0, -0.0, -0.0, 0.0, -0.0, 0.0, 1.0, 0.0, -0.0, -0.0, -0.0, -0.0, -0.0, -0.0, 0.0, -0.0, 0.0, -0.0, 1.0, -0.0, 0.0, -0.0, 0.0, -0.0, -0.0, -0.0, 0.0, -0.0, 0.0, 1.0, 0.0, -0.0, -0.0, -0.0, -0.0, -0.0, -0.0, 0.0, -0.0, 0.0, -0.0, -0.0, -0.0, 0.0, -0.0, 0.0, -0.0, -0.0, -0.0, -0.0, -0.0, -0.0, 1.0, 0.0, -0.0, -0.0, -0.0, -0.0, -0.0, -0.0, 0.0, -0.0, 0.0, -0.0, -0.0, -0.0, 0.0, -0.0, -0.0, -0.0, -0.0, -0.0, 1.0, -0.0, -0.0, 1.0, 0.0, -0.0, -0.0, -0.0, -0.0, -0.0, -0.0, 0.0, -0.0, 0.0, -0.0, -0.0, -0.0, 0.0, -0.0, -0.0, 0.0, -0.0, -0.0, 1.0, -0.0, -0.0, 1.0, 0.0, -0.0, -0.0, -0.0, -0.0, -0.0, -0.0, 0.0, -0.0, 0.0, -0.0, -0.0, -0.0, 0.0, -0.0, -0.0, 0.0, -0.0, 0.0, 1.0, -0.0, -0.0, -0.0, 0.0, -0.0, 0.0, -0.0, -0.0, -0.0, 0.0, 0.0, -0.0, -0.0, 0.0, -0.0, -0.0, 0.0, -0.0, -0.0, 0.0, -0.0, 0.0, 1.0, -0.0, -0.0, 0.0, 1.0, -0.0, 0.0, 0.0, -0.0, -0.0, 0.0, 0.0, -0.0, 0.0, 0.0, -0.0, -0.0, 0.0, -0.0, -0.0, 0.0, -0.0, 0.0, -0.0, -0.0, -0.0, -0.0, 1.0, -0.0, 1.0, 0.0, -0.0, -0.0, 1.0, 0.0, -0.0, 0.0, 1.0, -0.0, -0.0, 0.0, -0.0, -0.0, 0.0, -0.0, 0.0, -0.0, -0.0, -0.0, -0.0, 1.0, -0.0, 1.0, 1.0, -0.0, -0.0, 1.0, 0.0, -0.0, 0.0, 1.0, -0.0, -0.0, 0.0, -0.0, -0.0, 0.0, -0.0, 0.0, -0.0, -0.0, -0.0, -0.0, 1.0, -0.0, 1.0, 1.0, -0.0, -0.0, 1.0, 0.0, -0.0, -0.0, 1.0, -0.0, -0.0, 0.0, -0.0, -0.0, 0.0, -0.0, 0.0, -0.0, -0.0, -0.0, -0.0, -0.0, -0.0, 1.0, 1.0, -0.0, -0.0, 1.0, 0.0, -0.0, 0.0, 1.0, -0.0, -0.0, 0.0, -0.0, -0.0, 0.0, -0.0, 0.0, -0.0, -0.0, -0.0, 0.0, -0.0, -0.0, 1.0, 1.0, -0.0, -0.0, 1.0, -0.0, -0.0, 0.0, 1.0, -0.0, -0.0, 0.0, -0.0, -0.0, 0.0, -0.0, 0.0, -0.0, -0.0, -0.0, 0.0, -0.0, -0.0, 1.0, 1.0, -0.0, -0.0, 1.0, -0.0, -0.0, 0.0, 1.0, -0.0, -0.0, 0.0, -0.0, -0.0, 0.0, -0.0, 0.0, -0.0, -0.0, -0.0, 0.0, -0.0, -0.0, 1.0, 1.0, -0.0, -0.0, 1.0, -0.0, -0.0, 0.0, 1.0, -0.0, -0.0, 0.0, -0.0, -0.0, -0.0, -0.0, 0.0, -0.0, -0.0, -0.0, 0.0, -0.0, -0.0, 1.0, 1.0, -0.0, -0.0, -0.0, -0.0, -0.0, 0.0, 1.0, -0.0, -0.0, 0.0, -0.0, -0.0, -0.0, -0.0, 0.0, -0.0, -0.0, -0.0, 0.0, -0.0, -0.0, -0.0, 0.0, -0.0, -0.0, -0.0, -0.0, -0.0, 0.0, -0.0, -0.0, -0.0, 0.0, -0.0, -0.0, -0.0, -0.0, 0.0, -0.0, -0.0, -0.0, -0.0, -0.0, -0.0, -0.0, -0.0, -0.0, -0.0, -0.0, -0.0, -0.0, 0.0, -0.0, -0.0, -0.0, 0.0, -0.0, -0.0, -0.0, -0.0, 0.0, -0.0, -0.0, -0.0, -0.0, -0.0, -0.0, -0.0, -0.0, -0.0, -0.0, -0.0, -0.0, -0.0, 0.0, -0.0, -0.0, -0.0, 0.0, -0.0, -0.0, 0.0, -0.0, 0.0, -0.0, -0.0, -0.0, -0.0, -0.0, -0.0, -0.0, -0.0, -0.0, -0.0, -0.0, -0.0, -0.0, 0.0, -0.0, -0.0, -0.0, 0.0, -0.0, 0.0, -0.0, -0.0, 0.0, -0.0, -0.0, -0.0, -0.0, -0.0, -0.0, -0.0, -0.0, -0.0, -0.0, -0.0, -0.0, -0.0, 0.0, -0.0, -0.0, -0.0, 0.0, -0.0, -0.0, 0.0, -0.0, 0.0, -0.0, -0.0, -0.0, -0.0, -0.0, 0.0, -0.0, -0.0, -0.0, -0.0, -0.0, -0.0, -0.0, 0.0, -0.0, -0.0, -0.0, 0.0, -0.0, 0.0, 0.0, -0.0, 0.0, -0.0, -0.0, -0.0, -0.0, -0.0, 0.0, -0.0, -0.0, -0.0, -0.0, -0.0, -0.0, -0.0, 0.0, -0.0, -0.0, -0.0, 0.0, -0.0, 0.0, 0.0, -0.0, 0.0, -0.0, -0.0, -0.0, -0.0, -0.0, 0.0, -0.0, -0.0, -0.0, -0.0, -0.0, -0.0, -0.0, 0.0, -0.0, -0.0, -0.0, 0.0, 0.0, 0.0, 0.0, -0.0, 0.0, -0.0, -0.0, 0.0, -0.0, -0.0, 0.0, -0.0, -0.0, -0.0, -0.0, -0.0, -0.0, -0.0, 0.0, -0.0, -0.0, -0.0, 0.0, 0.0, 1.0000000000000009, 0.0, 0.0, 0.0, -0.0, -0.0, -0.0, -0.0, -0.0, 0.0, -0.0, -0.0, -0.0, -0.0, -0.0, -0.0, -0.0, 0.0, -0.0, -0.0, -0.0, 0.0, 0.0, 1.0000000000000009, 0.0, 0.0, 0.0, -0.0, -0.0, -0.0, -0.0, 0.0, 0.0, -0.0, -0.0, -0.0, -0.0, -0.0, -0.0, -0.0, -0.0, -0.0, -0.0, -0.0, -0.0, 0.0, 1.0000000000000009, 0.0, 0.0, 0.0, -0.0, -0.0, -0.0, -0.0, 0.0, 0.0, -0.0, -0.0, -0.0, -0.0, -0.0, -0.0, -0.0, -0.0, -0.0, -0.0, -0.0, -0.0, 1.0, -0.0, 0.0, 0.0, 0.0, -0.0, 0.0, -0.0, -0.0, 1.0, 0.0, -0.0, 0.0, -0.0, -0.0, -0.0, -0.0, -0.0, -0.0, -0.0, -0.0, -0.0, -0.0, 1.0, -0.0, 0.0, 0.0, 0.0, -0.0, 0.0, -0.0, -0.0, 1.0, 0.0, -0.0, -0.0, -0.0, -0.0, -0.0, -0.0, -0.0, -0.0, -0.0, -0.0, -0.0, -0.0, 1.0, -0.0, 0.0, 0.0, 0.0, -0.0, 0.0, -0.0, -0.0, 1.0, 0.0, -0.0, -0.0, -0.0, -0.0, -0.0, -0.0, -0.0, -0.0, -0.0, 0.0, -0.0, 0.0, -0.0, -0.0, 0.0, 0.0, 0.0, -0.0, 0.0, -0.0, -0.0, 1.0, 0.0, -0.0, -0.0, -0.0, -0.0, -0.0, -0.0, -0.0, -0.0, -0.0, 0.0, -0.0, 0.0, -0.0, -0.0, -0.0, -0.0, -0.0, -0.0, 1.0, -0.0, -0.0, -0.0, 0.9999999999999994, -0.0, -0.0, -0.0, -0.0, -0.0, -0.0, -0.0, -0.0, -0.0, 1.0, -0.0, 1.0, -0.0, -0.0, 0.0, -0.0, 0.0, -0.0, 1.0000000000000002, -0.0, -0.0, -0.0, 0.9999999999999994, -0.0, -0.0, 0.0, -0.0, -0.0, -0.0, -0.0, -0.0, -0.0, 1.0, -0.0, 1.0, -0.0, -0.0, 0.0, -0.0, 0.0, -0.0, 1.0, -0.0, -0.0, -0.0, 0.9999999999999994, -0.0, -0.0, -0.0, -0.0, -0.0, -0.0, -0.0, -0.0, -0.0, 1.0, -0.0, 1.0, -0.0, -0.0, 0.0, -0.0, 0.0, -0.0, 1.0, -0.0, -0.0, -0.0, 0.9999999999999996, -0.0, -0.0, -0.0, -0.0, -0.0, -0.0, -0.0, -0.0, -0.0, 1.0, -0.0, 1.0, -0.0, -0.0, -0.0, -0.0, 0.0, -0.0, 1.0, -0.0, -0.0, -0.0, 1.0, -0.0, -0.0, -0.0, -0.0, -0.0, -0.0, -0.0, -0.0, -0.0, 1.0, -0.0, 1.0, -0.0, -0.0, 0.0, -0.0, 0.0, -0.0, 1.0, -0.0, -0.0, -0.0, 1.0, -0.0, -0.0, -0.0, -0.0, -0.0, -0.0, -0.0, -0.0, -0.0, 1.0, -0.0, 1.0, -0.0, -0.0, 0.0, -0.0, 0.0, -0.0, 1.0, -0.0, -0.0, -0.0, 1.0, -0.0, -0.0, -0.0, -0.0, -0.0, -0.0, -0.0, -0.0, -0.0, 1.0, -0.0, 1.0, -0.0, -0.0, -0.0, -0.0, 0.0, -0.0, 1.0, -0.0, -0.0, -0.0, 1.0, -0.0, -0.0, -0.0, -0.0, -0.0, -0.0, 0.0, -0.0, -0.0, 0.0, -0.0, -0.0, -0.0, -0.0, 0.0, -0.0, 0.0, -0.0, -0.0, -0.0, -0.0, -0.0, 1.0, -0.0, -0.0, -0.0, -0.0, -0.0, -0.0, -0.0, -0.0, -0.0, 0.0, -0.0, -0.0, -0.0, -0.0, 0.0, -0.0, 0.0, -0.0, -0.0, -0.0, -0.0, -0.0, 0.0, -0.0, -0.0, -0.0, -0.0, -0.0, -0.0, -0.0, -0.0, -0.0, 0.0, -0.0, -0.0, -0.0, -0.0, 0.0, -0.0, 0.0, -0.0, -0.0, 0.0, -0.0, -0.0, -0.0, -0.0, -0.0, -0.0, -0.0, -0.0, -0.0, -0.0, -0.0, -0.0, 0.0, -0.0, -0.0, -0.0, -0.0, 0.0, -0.0, 0.0, -0.0, -0.0, 0.0, -0.0, -0.0, -0.0, -0.0, -0.0, -0.0, -0.0, -0.0, -0.0, -0.0, -0.0, -0.0, 0.0, -0.0, -0.0, -0.0, -0.0, 0.0, -0.0, 0.0, -0.0, -0.0, -0.0, -0.0, -0.0, -0.0, -0.0, -0.0, -0.0, -0.0, -0.0, -0.0, -0.0, -0.0, -0.0, 0.0, -0.0, -0.0, -0.0, -0.0, 0.0, -0.0, 0.0, -0.0, -0.0, -0.0, -0.0, -0.0, -0.0, -0.0, -0.0, -0.0, -0.0, -0.0, 0.0, -0.0, -0.0, -0.0, 0.0, -0.0, -0.0, -0.0, -0.0, 0.0, -0.0, 0.0, -0.0, -0.0, -0.0, -0.0, -0.0, -0.0, -0.0, -0.0, -0.0, -0.0, -0.0, 0.0, -0.0, -0.0, -0.0, 0.0, -0.0, -0.0, -0.0, -0.0, -0.0, -0.0, 0.0, -0.0, -0.0, 0.0, -0.0, -0.0, -0.0, -0.0, -0.0, -0.0, -0.0, -0.0, 0.0, -0.0, -0.0, -0.0, 0.0, -0.0, -0.0, -0.0, 0.0, -0.0, -0.0, 0.0, -0.0, -0.0, 0.0, -0.0, -0.0, -0.0, -0.0, -0.0, -0.0, -0.0, -0.0, 1.0, -0.0, -0.0, -0.0, 0.0, -0.0, -0.0, -0.0, 0.0, -0.0, -0.0, 0.0, -0.0, -0.0, 0.0, -0.0, -0.0, -0.0, -0.0, 0.0, -0.0, -0.0, -0.0, 1.0, -0.0, -0.0, -0.0, 0.0, -0.0, -0.0, -0.0, -0.0, -0.0, -0.0, 0.0, -0.0, -0.0, -0.0, -0.0, -0.0, -0.0, -0.0, 0.0, -0.0, -0.0, -0.0, 1.0, -0.0, -0.0, -0.0, 0.0, -0.0, -0.0, -0.0, -0.0, -0.0, -0.0, 0.0, -0.0, 0.0, -0.0, -0.0, -0.0, -0.0, -0.0, 0.0, -0.0, -0.0, -0.0, 1.0, -0.0, -0.0, -0.0, 0.0, -0.0, 0.0, -0.0, -0.0, -0.0, -0.0, 0.0, -0.0, -0.0, -0.0, -0.0, 0.0, -0.0, -0.0, 1.0, -0.0, -0.0, -0.0, 1.0, -0.0, -0.0, -0.0, 0.0, -0.0, -0.0, -0.0, -0.0, -0.0, -0.0, 0.0, -0.0, -0.0, -0.0, -0.0, 0.0, -0.0, -0.0, 1.0, -0.0, -0.0, -0.0, 1.0, -0.0, -0.0, -0.0, 0.0, -0.0, -0.0, -0.0, -0.0, -0.0, -0.0, 0.0, -0.0, -0.0, -0.0, -0.0, 0.0, -0.0, -0.0, 1.0, -0.0, -0.0, -0.0, 1.0, -0.0, -0.0, -0.0, 0.0, -0.0, -0.0, -0.0, -0.0, -0.0, -0.0, 0.0, -0.0, -0.0, -0.0, -0.0, 0.0, -0.0, -0.0, -0.0, -0.0, -0.0, -0.0, -0.0, -0.0, -0.0, -0.0, 0.0, -0.0, -0.0, 0.0, -0.0, -0.0, -0.0, 0.0, -0.0, -0.0, -0.0, -0.0, 1.0, -0.0, -0.0, -0.0, -0.0, -0.0, -0.0, -0.0, -0.0, -0.0, -0.0, 1.0, -0.0, -0.0, 0.0, -0.0, -0.0, -0.0, -0.0, -0.0, -0.0, -0.0, -0.0, 1.0, -0.0, -0.0, -0.0, -0.0, -0.0, -0.0, -0.0, -0.0, -0.0, -0.0, 1.0, -0.0, -0.0, 0.0, -0.0, -0.0, -0.0, 0.0, -0.0, -0.0, -0.0, -0.0, 1.0, -0.0, -0.0, -0.0, -0.0, -0.0, -0.0, -0.0, -0.0, -0.0, -0.0, 1.0, -0.0, -0.0, -0.0, -0.0, -0.0, -0.0, 0.0, -0.0, -0.0, -0.0, -0.0, 1.0, -0.0, -0.0, -0.0, -0.0, -0.0, -0.0, -0.0, -0.0, -0.0, -0.0, 1.0, -0.0, -0.0, -0.0, -0.0, -0.0, -0.0, -0.0, -0.0, -0.0, -0.0, -0.0, 1.0, -0.0, -0.0, -0.0, -0.0, -0.0, -0.0, -0.0, -0.0, -0.0, -0.0, 1.0, -0.0, -0.0, -0.0, -0.0, -0.0, -0.0, 0.0, -0.0, -0.0, -0.0, -0.0, 1.0, -0.0, -0.0, -0.0, -0.0, -0.0, -0.0, -0.0, -0.0, -0.0, -0.0, -0.0, -0.0, -0.0, -0.0, -0.0, -0.0, -0.0, 0.0, -0.0, -0.0, -0.0, -0.0, 1.0, -0.0, -0.0, -0.0, -0.0, -0.0, -0.0, -0.0, -0.0, -0.0, -0.0, 0.0, -0.0, -0.0, -0.0, -0.0, 0.0, -0.0, 0.0, -0.0, -0.0, -0.0, -0.0, 1.0, -0.0, -0.0, -0.0, -0.0, -0.0, -0.0, -0.0, -0.0, -0.0, -0.0, -0.0, -0.0, -0.0, -0.0, 0.0, 0.0, -0.0, 0.0, -0.0, -0.0, -0.0, 0.0, -0.0, -0.0, -0.0, -0.0, -0.0, -0.0, -0.0, -0.0, -0.0, -0.0, -0.0, -0.0, -0.0, -0.0, -0.0, -0.0, 0.0, -0.0, 0.0, -0.0, -0.0, -0.0, 0.0, -0.0, -0.0, -0.0, -0.0, -0.0, -0.0, -0.0, -0.0, -0.0, -0.0, -0.0, -0.0, -0.0, -0.0, 0.0, -0.0, 0.0, -0.0, 0.0, -0.0, -0.0, -0.0, 0.0, -0.0, -0.0, -0.0, -0.0, -0.0, -0.0, -0.0, -0.0, -0.0, -0.0, -0.0, -0.0, -0.0, -0.0, 0.0, -0.0, 0.9999999999999998, -0.0, 0.0, -0.0, -0.0, -0.0, -0.0, -0.0, -0.0, -0.0, -0.0, -0.0, -0.0, -0.0, -0.0, -0.0, -0.0, -0.0, -0.0, -0.0, -0.0, 0.0, 0.0, 0.9999999999999998, -0.0, 0.0, -0.0, -0.0, -0.0, -0.0, -0.0, -0.0, -0.0, -0.0, -0.0, -0.0, -0.0, -0.0, -0.0, -0.0, -0.0, -0.0, -0.0, -0.0, 0.0, 0.0, 0.9999999999999998, -0.0, 0.0, -0.0, -0.0, -0.0, -0.0, -0.0, -0.0, -0.0, -0.0, -0.0, -0.0, -0.0, -0.0, -0.0, -0.0, -0.0, -0.0, -0.0, -0.0, 0.0, 0.0, 0.9999999999999998, -0.0, 0.0, -0.0, -0.0, -0.0, 0.0, -0.0, -0.0, -0.0, -0.0, -0.0, -0.0, -0.0, -0.0, -0.0, -0.0, -0.0, -0.0, -0.0, -0.0, -0.0, -0.0, 0.9999999999999998, -0.0, 0.0, -0.0, -0.0, -0.0, 0.0, -0.0, -0.0, -0.0, -0.0, -0.0, -0.0, 0.0, -0.0, -0.0, -0.0, -0.0, -0.0, -0.0, 0.0, 0.0, 1.0, 0.9999999999999998, -0.0, 0.0, 0.0, -0.0, -0.0, 0.0, -0.0, -0.0, -0.0, -0.0, -0.0, -0.0, 0.0, -0.0, -0.0, -0.0, -0.0, -0.0, -0.0, 0.0, -0.0, 1.0, -0.0, 0.0, 0.0, 0.0, -0.0, -0.0, -0.0, 0.0, -0.0, -0.0, -0.0, -0.0, -0.0, 1.0, -0.0, -0.0, -0.0, -0.0, -0.0, 0.0, 0.0, 0.0, 1.0, -0.0, 0.0, -0.0, 0.0, -0.0, -0.0, -0.0, 0.0, -0.0, -0.0, -0.0, -0.0, -0.0, 1.0, -0.0, -0.0, -0.0, -0.0, -0.0, 0.0, 1.0, 0.0, 0.0, -0.0, 1.0, 0.0, 0.0, -0.0, -0.0, -0.0, 0.0, -0.0, -0.0, -0.0, -0.0, -0.0, 1.0, -0.0, 0.0, -0.0, -0.0, -0.0, 0.0, 1.0, 1.0, 0.0, -0.0, 1.0, 0.0, -0.0, -0.0, -0.0, -0.0, 1.0, -0.0, 0.0, 0.0, -0.0, -0.0, 1.0, -0.0, 0.0, -0.0, -0.0, -0.0, -0.0, 1.0, 1.0, 0.0, -0.0, 1.0, 0.0, -0.0, -0.0, -0.0, -0.0, 1.0, -0.0, -0.0, -0.0, -0.0, -0.0, 1.0, -0.0, 0.0, -0.0, -0.0, -0.0, -0.0, 1.0, 1.0, 0.0, -0.0, 1.0, 0.0, -0.0, -0.0, -0.0, -0.0, 1.0, -0.0, -0.0, -0.0, 0.0, -0.0, 1.0, -0.0, 0.0, -0.0, -0.0, 0.0, -0.0, -0.0, 1.0, 0.0, -0.0, -0.0, 0.0, -0.0, -0.0, -0.0, -0.0, 1.0, -0.0, -0.0, -0.0, 0.0, -0.0, 1.0, -0.0, 0.0, -0.0, -0.0, 0.0, 0.0, -0.0, -0.0, -0.0, 0.0, -0.0, 0.0, 0.0, 0.0, -0.0, -0.0, 1.0, -0.0, -0.0, -0.0, 0.0, -0.0]"
modeled_indices,[26; 45; 28; 25; 7; 24; 1; 16; 30; 23; 38; 29; 8; 19; 18; 35; 41; 36; 47; 32; 44; 5; 31;;]
q_heater_t,"[0.0, 0.0, 0.0, 0.0, 0.0, 0.0, 0.0, 0.0, 0.0, 0.0, 0.0, 0.0, 0.0, 0.0, 0.0, 0.0, 0.0, 0.0, 0.0, 0.0, 0.0, 0.0, 0.0, 0.0, 0.0, 0.0, 0.0, 0.0, 0.0, 0.0, 0.0, 0.0, 0.0, 0.0, 0.0, 0.0, 0.0, 0.0, 0.0, 0.0, 0.0, 0.0, 0.0, 0.0, 0.0, 0.0, 0.0, 0.0, 0.0, 0.0, 0.0, 0.0, 0.0, 0.0, 0.0, 0.0, 0.0, 0.0, 0.0, 0.0, 0.0, 0.0, 0.0, 0.0, 0.0, 0.0, 0.0, 0.0, 0.0, 0.0, 0.0, 0.0, 0.0, 0.0, 0.0, 0.0, 0.0, 0.0, 0.0, 0.0, 0.0, 0.0, 0.0, 0.0, 0.0, 0.0, 0.0, 0.0, 0.0, 0.0, 0.0, 0.0, 0.0, 0.0, 0.0, 0.0, 0.0, 0.0, 0.0, 0.0, 0.0, 0.0, 0.0, 0.0, 0.0, 0.0, 0.0, 0.0, 0.0, 0.0, 0.0, 0.0, 0.0, 0.0, 0.0, 0.0, 0.0, 0.0, 0.0, 0.0, 0.0, 0.0, 0.0, 0.0, 0.0, 0.0, 0.0, 0.0, 0.0, 0.0, 0.0, 0.0, 0.0, 0.0, 0.0, 0.0, 0.0, 0.0, 0.0, 0.0, 0.0, 0.0, 0.0, 0.0, 0.0, 0.0, 0.0, 0.0, 0.0, 0.0, 0.0, 0.0, 0.0, 0.0, 0.0, 0.0, 0.0, 0.0, 0.0, 0.0, 0.0, 0.0, 0.0, 0.0, 0.0, 0.0, 0.0, 0.0, 0.0, 0.0, 0.0, 0.0, 0.0, 0.0, 0.0, 0.0, 0.0, 0.0, 0.0, 0.0, 0.0, 0.0, 0.0, 0.0, 0.0, 0.0, 0.0, 0.0, 0.0, 0.0, 0.0, 0.0, 0.0, 0.0, 0.0, 0.0, 0.0, 0.0, 0.0, 0.0, 0.0, 0.0, 0.0, 0.0, 0.0, 0.0, 0.0, 0.0, 0.0, 0.0, 0.0, 0.0, 0.0, 0.0, 0.0, 0.0, 0.0, 0.0, 0.0, 0.0, 0.0, 0.0, 0.0, 0.0, 0.0, 0.0, 0.0, 0.0, 0.0, 0.0, 0.0, 0.0, 0.0, 0.0, 0.0, 0.0, 0.0, 0.0, 0.0, 0.0, 0.0, 0.0, 0.0, 0.0, 0.0, 0.0, 0.0, 0.0, 0.0, 0.0, 0.0, 0.0, 0.0, 0.0, 0.0, 0.0, 0.0, 0.0, 0.0, 0.0, 0.0, 0.0, 0.0, 0.0, 0.0, 0.0, 0.0, 0.0, 0.0, 0.0, 0.0, 0.0, 0.0, 0.0, 0.0, 0.0, 0.0, 0.0, 0.0, 0.0, 0.0, 0.0, 0.0, 0.0, 0.0, 0.0, 0.0, 0.0, 0.0, 0.0, 0.0, 0.0, 0.0, 0.0, 0.0, 0.0, 0.0, 0.0, 0.0, 0.0, 0.0, 0.0, 0.0, 0.0, 0.0, 0.0, 0.0, 0.0, 0.0, 0.0, 0.0, 0.0, 0.0, 0.0, 0.0, 0.0, 0.0, 0.0, 0.0, 0.0, 0.0, 0.0, 0.0, 0.0, 0.0, 0.0, 0.0, 0.0, 0.0, 0.0, 0.0, 0.0, 0.0, 0.0, 0.0, 0.0, 0.0, 0.0, 0.0, 0.0, 0.0, 0.0, 0.0, 0.0, 0.0, 0.0, 0.0, 0.0, 0.0, 0.0, 0.0, 0.0, 0.0, 0.0, 0.0, 0.0, 0.0, 0.0, 0.0, 0.0, 0.0, 0.0, 0.0, 0.0, 0.0, 0.0, 0.0, 0.0, 0.0, 0.0, 0.0, 0.0, 0.0, 0.0, 0.0, 0.0, 0.0, 0.0, 0.0, 0.0, 0.0, 0.0, 0.0, 0.0, 0.0, 0.0, 0.0, 0.0, 0.0, 0.0, 0.0, 0.0, 0.0, 0.0, 0.0, 0.0, 0.0, 0.0, 0.0, 0.0, 0.0, 0.0, 0.0, 0.0, 0.0, 0.0, 0.0, 0.0, 0.0, 0.0, 0.0, 0.0, 0.0, 0.0, 0.0, 0.0, 0.0, 0.0, 0.0, 0.0, 0.0, 0.0, 0.0, 0.0, 0.0, 0.0, 0.0, 0.0, 0.0, 0.0, 0.0, 0.0, 0.0, 0.0, 0.0, 0.0, 0.0, 0.0, 0.0, 0.0, 0.0, 0.0, 0.0, 0.0, 0.0, 0.0, 0.0, 0.0, 0.0, 0.0, 0.0, 0.0, 0.0, 0.0, 0.0, 0.0, 0.0, 0.0, 0.0, 0.0, 0.0, 0.0, 0.0, 0.0, 0.0, 0.0, 0.0, 0.0, 0.0, 0.0, 0.0, 0.0, 0.0, 0.0, 0.0, 0.0, 0.0, 0.0, 0.0, 0.0, 0.0, 0.0, 0.0, 0.0, 0.0, 0.0, 0.0, 0.0, 0.0, 0.0, 0.0, 0.0, 0.0, 0.0, 0.0, 0.0, 0.0, 0.0, 0.0, 0.0, 0.0, 0.0, 0.0, 0.0, 0.0, 0.0, 0.0, 0.0, 0.0, 0.0, 0.0, 0.0, 0.0, 0.0, 0.0, 0.0, 0.0, 0.0, 0.0, 0.0, 0.0, 0.0, 0.0, 0.0, 0.0, 0.0, 0.0, 0.0, 0.0, 0.0, 0.0, 0.0, 0.0, 0.0, 0.0, 0.0, 0.0, 0.0, 0.0, 0.0, 0.0, 0.0, 0.0, 0.0, 0.0, 0.0, 0.0, 0.0, 0.0, 0.0, 0.0, 0.0, 0.0, 0.0, 0.0, 0.0, 0.0, 0.0, 0.0, 0.0, 0.0, 0.0, 0.0, 0.0, 0.0, 0.0, 0.0, 0.0, 0.0, 0.0, 0.0, 0.0, 0.0, 0.0, 0.0, 0.0, 0.0, 0.0, 0.0, 0.0, 0.0, 0.0, 0.0, 0.0, 0.0, 0.0, 0.0, 0.0, 0.0, 0.0, 0.0, 0.0, 0.0, 0.0, 0.0, 0.0, 0.0, 0.0, 0.0, 0.0, 0.0, 0.0, 0.0, 0.0, 0.0, 0.0, 0.0, 0.0, 0.0, 0.0, 0.0, 0.0, 0.0, 0.0, 0.0, 0.0, 0.0, 0.0, 0.0, 0.0, 0.0, 0.0, 0.0, 0.0, 0.0, 0.0, 0.0, 0.0, 0.0, 0.0, 0.0, 0.0, 0.0, 0.0, 0.0, 0.0, 0.0, 0.0, 0.0, 0.0, 0.0, 0.0, 0.0, 0.0, 0.0, 0.0, 0.0, 0.0, 0.0, 0.0, 0.0, 0.0, 0.0, 0.0, 0.0, 0.0, 0.0, 0.0, 0.0, 0.0, 0.0, 0.0, 0.0, 0.0, 0.0, 0.0, 0.0, 0.0, 0.0, 0.0, 0.0, 0.0, 0.0, 0.0, 0.0, 0.0, 0.0, 0.0, 0.0, 0.0, 0.0, 0.0, 0.0, 0.0, 0.0, 0.0, 0.0, 0.0, 0.0, 0.0, 0.0, 0.0, 0.0, 0.0, 0.0, 0.0, 0.0, 0.0, 0.0, 0.0, 0.0, 0.0, 0.0, 0.0, 0.0, 0.0, 0.0, 0.0, 0.0, 0.0, 0.0, 0.0, 0.0, 0.0, 0.0, 0.0, 0.0, 0.0, 0.0, 0.0, 0.0, 0.0, 0.0, 0.0, 0.0, 0.0, 0.0, 0.0, 0.0, 0.0, 0.0, 0.0, 0.0, 0.0, 0.0, 0.0, 0.0, 0.0, 0.0, 0.0, 0.0, 0.0, 0.0, 0.0, 0.0, 0.0, 0.0, 0.0, 0.0, 0.0, 0.0, 0.0, 0.0, 0.0, 0.0, 0.0, 0.0, 0.0, 0.0, 0.0, 0.0, 0.0, 0.0, 0.0, 0.0, 0.0, 0.0, 0.0, 0.0, 0.0, 0.0, 0.0, 0.0, 0.0, 0.0, 0.0, 0.0, 0.0, 0.0, 0.0, 0.0, 0.0, 0.0, 0.0, 0.0, 0.0, 0.0, 0.0, 0.0, 0.0, 0.0, 0.0, 0.0, 0.0, 0.0, 0.0, 0.0, 0.0, 0.0, 0.0, 0.0, 0.0, 0.0, 0.0, 0.0, 0.0, 0.0, 0.0, 0.0, 0.0, 0.0, 0.0, 0.0, 0.0, 0.0, 0.0, 0.0, 0.0, 0.0, 0.0, 0.0, 0.0, 0.0, 0.0, 0.0, 0.0, 0.0, 0.0, 0.0, 0.0, 0.0, 0.0, 0.0, 0.0, 0.0, 0.0, 0.0, 0.0, 0.0, 0.0, 0.0, 0.0, 0.0, 0.0, 0.0, 0.0, 0.0, 0.0, 0.0, 0.0, 0.0, 0.0, 0.0, 0.0, 0.0, 0.0, 0.0, 0.0, 0.0, 0.0, 0.0, 0.0, 0.0, 0.0, 0.0, 0.0, 0.0, 0.0, 0.0, 0.0, 0.0, 0.0, 0.0, 0.0, 0.0, 0.0, 0.0, 0.0, 0.0, 0.0, 0.0, 0.0, 0.0, 0.0, 0.0, 0.0, 0.0, 0.0, 0.0, 0.0, 0.0, 0.0, 0.0, 0.0, 0.0, 0.0, 0.0, 0.0, 0.0, 0.0, 0.0, 0.0, 0.0, 0.0, 0.0, 0.0, 0.0, 0.0, 0.0, 0.0, 0.0, 0.0, 0.0, 0.0, 0.0, 0.0, 0.0, 0.0, 0.0, 0.0, 0.0, 0.0, 0.0, 0.0, 0.0, 0.0, 0.0, 0.0, 0.0, 0.0, 0.0, 0.0, 0.0, 0.0, 0.0, 0.0, 0.0, 0.0, 0.0, 0.0, 0.0, 0.0, 0.0, 0.0, 0.0, 0.0, 0.0, 0.0, 0.0, 0.0, 0.0, 0.0, 0.0, 0.0, 0.0, 0.0, 0.0, 0.0, 0.0, 0.0, 0.0, 0.0, 0.0, 0.0, 0.0, 0.0, 0.0, 0.0, 0.0, 0.0, 0.0, 0.0, 0.0, 0.0, 0.0, 0.0, 0.0, 0.0, 0.0, 0.0, 0.0, 0.0, 0.0, 0.0, 0.0, 0.0, 0.0, 0.0, 0.0, 0.0, 0.0, 0.0, 0.0, 0.0, 0.0, 0.0, 0.0, 0.0, 0.0, 0.0, 0.0, 0.0, 0.0, 0.0, 0.0, 0.0, 0.0, 0.0, 0.0, 0.0, 0.0, 0.0, 0.0, 0.0, 0.0, 0.0, 0.0, 0.0, 0.0, 0.0, 0.0, 0.0, 0.0, 0.0, 0.0, 0.0, 0.0, 0.0, 0.0, 0.0, 0.0, 0.0, 0.0, 0.0, 0.0, 0.0, 0.0, 0.0, 0.0, 0.0, 0.0, 0.0, 0.0, 0.0, 0.0, 0.0, 0.0, 0.0, 0.0, 0.0, 0.0, 0.0, 0.0, 0.0, 0.0, 0.0, 0.0, 0.0, 0.0, 0.0, 0.0, 0.0, 0.0, 0.0, 0.0, 0.0, 0.0, 0.0, 0.0, 0.0, 0.0, 0.0, 0.0, 0.0, 0.0, 0.0, 0.0, 0.0, 0.0, 0.0, 0.0, 0.0, 0.0, 0.0, 0.0, 0.0, 0.0, 0.0, 0.0, 0.0, 0.0, 0.0, 0.0, 0.0, 0.0, 0.0, 0.0, 0.0, 0.0, 0.0, 0.0, 0.0, 0.0, 0.0, 0.0, 0.0, 0.0, 0.0, 0.0, 0.0, 0.0, 0.0, 0.0, 0.0, 0.0, 0.0, 0.0, 0.0, 0.0, 0.0, 0.0, 0.0, 0.0, 0.0, 0.0, 0.0, 0.0, 0.0, 0.0, 0.0, 0.0, 0.0, 0.0, 0.0, 0.0, 0.0, 0.0, 0.0, 0.0, 0.0, 0.0, 0.0, 0.0, 0.0, 0.0, 0.0, 0.0, 0.0, 0.0, 0.0, 0.0, 0.0, 0.0, 0.0, 0.0, 0.0, 0.0, 0.0, 0.0, 0.0, 0.0, 0.0, 0.0, 0.0, 0.0, 0.0, 0.0, 0.0, 0.0, 0.0, 0.0, 0.0, 0.0, 0.0, 0.0, 0.0, 0.0, 0.0, 0.0, 0.0, 0.0, 0.0, 0.0, 0.0, 0.0, 0.0, 0.0, 0.0, 0.0, 0.0, 0.0, 0.0, 0.0, 0.0, 0.0, 0.0, 0.0, 0.0, 0.0, 0.0, 0.0, 0.0, 0.0, 0.0, 0.0, 0.0, 0.0, 0.0, 0.0, 0.0, 0.0, 0.0, 0.0, 0.0, 0.0, 0.0, 0.0, 0.0, 0.0, 0.0, 0.0, 0.0, 0.0, 0.0, 0.0, 0.0, 0.0, 0.0, 0.0, 0.0, 0.0, 0.0, 0.0, 0.0, 0.0, 0.0, 0.0, 0.0, 0.0, 0.0, 0.0, 0.0, 0.0, 0.0, 0.0, 0.0, 0.0, 0.0, 0.0, 0.0, 0.0, 0.0, 0.0, 0.0, 0.0, 0.0, 0.0, 0.0, 0.0, 0.0, 0.0, 0.0, 0.0, 0.0, 0.0, 0.0, 0.0, 0.0, 0.0, 0.0, 0.0, 0.0, 0.0, 0.0, 0.0, 0.0, 0.0, 0.0, 0.0, 0.0, 0.0, 0.0, 0.0, 0.0, 0.0, 0.0, 0.0, 0.0, 0.0, 0.0, 0.0, 0.0, 0.0, 0.0, 0.0, 0.0, 0.0, 0.0, 0.0, 0.0, 0.0, 0.0, 0.0, 0.0, 0.0, 0.0, 0.0, 0.0, 0.0, 0.0, 0.0, 0.0, 0.0, 0.0, 0.0, 0.0, 0.0, 0.0, 0.0, 0.0, 0.0, 0.0, 0.0, 0.0, 0.0, 0.0, 0.0, 0.0, 0.0, 0.0, 0.0, 0.0, 0.0, 0.0, 0.0, 0.0, 0.0, 0.0, 0.0, 0.0, 0.0, 0.0, 0.0, 0.0, 0.0, 0.0, 0.0, 0.0, 0.0, 0.0, 0.0, 0.0, 0.0, 0.0, 0.0, 0.0, 0.0, 0.0, 0.0, 0.0, 0.0, 0.0, 0.0, 0.0, 0.0, 0.0, 0.0, 0.0, 0.0, 0.0, 0.0, 0.0, 0.0, 0.0, 0.0, 0.0, 0.0, 0.0, 0.0, 0.0, 0.0, 0.0, 0.0, 0.0, 0.0, 0.0, 0.0, 0.0, 0.0, 0.0, 0.0, 0.0, 0.0, 0.0, 0.0, 0.0, 0.0, 0.0, 0.0, 0.0, 0.0, 0.0, 0.0, 0.0, 0.0, 0.0, 0.0, 0.0, 0.0, 0.0, 0.0, 0.0, 0.0, 0.0, 0.0, 0.0, 0.0, 0.0, 0.0, 0.0, 0.0, 0.0, 0.0, 0.0, 0.0, 0.0, 0.0, 0.0, 0.0, 0.0, 0.0, 0.0, 0.0, 0.0, 0.0, 0.0, 0.0, 0.0, 0.0, 0.0, 0.0, 0.0, 0.0, 0.0, 0.0, 0.0, 0.0, 0.0, 0.0, 0.0, 0.0, 0.0, 0.0, 0.0, 0.0, 0.0, 0.0, 0.0, 0.0, 0.0, 0.0, 0.0, 0.0, 0.0, 0.0, 0.0, 0.0, 0.0, 0.0, 0.0, 0.0, 0.0, 0.0, 0.0, 0.0, 0.0, 0.0, 0.0, 0.0, 0.0, 0.0, 0.0, 0.0, 0.0, 0.0, 0.0, 0.0, 0.0, 0.0, 0.0, 0.0, 0.0, 0.0, 0.0, 0.0, 0.0, 0.0, 0.0, 0.0, 0.0, 0.0, 0.0, 0.0, 0.0, 0.0, 0.0, 0.0, 0.0, 0.0, 0.0, 0.0, 0.0, 0.0, 0.0, 0.0, 0.0, 0.0, 0.0, 0.0, 0.0, 0.0, 0.0, 0.0, 0.0, 0.0, 0.0, 0.0, 0.0, 0.0, 0.0, 0.0, 0.0, 0.0, 0.0, 0.0, 0.0, 0.0, 0.0, 0.0, 0.0, 0.0, 0.0, 0.0, 0.0, 0.0, 0.0, 0.0, 0.0, 0.0, 0.0, 0.0, 0.0, 0.0, 0.0, 0.0, 0.0, 0.0, 0.0, 0.0, 0.0, 0.0, 0.0, 0.0, 0.0, 0.0, 0.0, 0.0, 0.0, 0.0, 0.0, 0.0, 0.0, 0.0, 0.0, 0.0, 0.0, 0.0, 0.0, 0.0, 0.0, 0.0, 0.0, 0.0, 0.0, 0.0, 0.0, 0.0, 0.0, 0.0, 0.0, 0.0, 0.0, 0.0, 0.0, 0.0, 0.0, 0.0, 0.0, 0.0, 0.0, 0.0, 0.0, 0.0, 0.0, 0.0, 0.0, 0.0, 0.0, 0.0, 0.0, 0.0, 0.0, 0.0, 0.0, 0.0, 0.0, 0.0, 0.0, 0.0, 0.0, 0.0, 0.0, 0.0, 0.0, 0.0, 0.0, 0.0, 0.0, 0.0, 0.0, 0.0, 0.0, 0.0, 0.0, 0.0, 0.0, 0.0, 0.0, 0.0, 0.0, 0.0, 0.0, 0.0, 0.0, 0.0, 0.0, 0.0, 0.0, 0.0, 0.0, 0.0, 0.0, 0.0, 0.0, 0.0, 0.0, 0.0, 0.0, 0.0, 0.0, 0.0, 0.0, 0.0, 0.0, 0.0, 0.0, 0.0, 0.0, 0.0, 0.0, 0.0, 0.0, 0.0, 0.0, 0.0, 0.0, 0.0, 0.0, 0.0, 0.0, 0.0, 0.0, 0.0, 0.0, 0.0, 0.0, 0.0, 0.0, 0.0, 0.0, 0.0, 0.0, 0.0, 0.0, 0.0, 0.0, 0.0, 0.0, 0.0, 0.0, 0.0, 0.0, 0.0, 0.0, 0.0, 0.0, 0.0, 0.0, 0.0, 0.0, 0.0, 0.0, 0.0, 0.0, 0.0, 0.0, 0.0, 0.0, 0.0, 0.0, 0.0, 0.0, 0.0, 0.0, 0.0, 0.0, 0.0, 0.0, 0.0, 0.0, 0.0, 0.0, 0.0, 0.0, 0.0, 0.0, 0.0, 0.0, 0.0, 0.0, 0.0, 0.0, 0.0, 0.0, 0.0, 0.0, 0.0, 0.0, 0.0, 0.0, 0.0, 0.0, 0.0, 0.0, 0.0, 0.0, 0.0, 0.0, 0.0, 0.0, 0.0, 0.0, 0.0, 0.0, 0.0, 0.0, 0.0, 0.0, 0.0, 0.0, 0.0, 0.0, 0.0, 0.0, 0.0, 0.0, 0.0, 0.0, 0.0, 0.0, 0.0, 0.0, 0.0, 0.0, 0.0, 0.0, 0.0, 0.0, 0.0, 0.0, 0.0, 0.0, 0.0, 0.0, 0.0, 0.0, 0.0, 0.0, 0.0, 0.0, 0.0, 0.0, 0.0, 0.0, 0.0, 0.0, 0.0, 0.0, 0.0, 0.0, 0.0, 0.0, 0.0, 0.0, 0.0, 0.0, 0.0, 0.0, 0.0, 0.0, 0.0, 0.0, 0.0, 0.0, 0.0, 0.0, 0.0, 0.0, 0.0, 0.0, 0.0, 0.0, 0.0, 0.0, 0.0, 0.0, 0.0, 0.0, 0.0, 0.0, 0.0, 0.0, 0.0, 0.0, 0.0, 0.0, 0.0, 0.0, 0.0, 0.0, 0.0, 0.0, 0.0, 0.0, 0.0, 0.0, 0.0, 0.0, 0.0, 0.0, 0.0, 0.0, 0.0, 0.0, 0.0, 0.0, 0.0, 0.0, 0.0, 0.0, 0.0, 0.0, 0.0, 0.0, 0.0, 0.0, 0.0, 0.0, 0.0, 0.0, 0.0, 0.0, 0.0, 0.0, 0.0, 0.0, 0.0, 0.0, 0.0, 0.0, 0.0, 0.0, 0.0, 0.0, 0.0, 0.0, 0.0, 0.0, 0.0, 0.0, 0.0, 0.0, 0.0, 0.0, 0.0, 0.0, 0.0, 0.0, 0.0, 0.0, 0.0, 0.0, 0.0, 0.0, 0.0, 0.0, 0.0, 0.0, 0.0, 0.0, 0.0, 0.0, 0.0, 0.0, 0.0, 0.0, 0.0, 0.0, 0.0, 0.0, 0.0, 0.0, 0.0, 0.0, 0.0, 0.0, 0.0, 0.0, 0.0, 0.0, 0.0, 0.0, 0.0, 0.0, 0.0, 0.0, 0.0, 0.0, 0.0, 0.0, 0.0, 0.0, 0.0, 0.0, 0.0, 0.0, 0.0, 0.0, 0.0, 0.0, 0.0, 0.0, 0.0, 0.0, 0.0, 0.0, 0.0, 0.0, 0.0, 0.0, 0.0, 0.0, 0.0, 0.0, 0.0, 0.0, 0.0, 0.0, 0.0, 0.0, 0.0, 0.0, 0.0, 0.0, 0.0, 0.0, 0.0, 0.0, 0.0, 0.0, 0.0, 0.0, 0.0, 0.0, 0.0, 0.0, 0.0, 0.0, 0.0, 0.0, 0.0, 0.0, 0.0, 0.0, 0.0, 0.0, 0.0, 0.0, 0.0, 0.0, 0.0, 0.0, 0.0, 0.0, 0.0, 0.0, 0.0, 0.0, 0.0, 0.0, 0.0, 0.0, 0.0, 0.0, 0.0, 0.0, 0.0, 0.0, 0.0, 0.0, 0.0, 0.0, 0.0, 0.0, 0.0, 0.0, 0.0, 0.0, 0.0, 0.0, 0.0, 0.0, 0.0, 0.0, 0.0, 0.0, 0.0, 0.0, 0.0, 0.0, 0.0, 0.0, 0.0, 0.0, 0.0, 0.0, 0.0, 0.0, 0.0, 0.0, 0.0, 0.0, 0.0, 0.0, 0.0, 0.0, 0.0, 0.0, 0.0, 0.0, 0.0, 0.0, 0.0, 0.0, 0.0, 0.0, 0.0, 0.0, 0.0, 0.0, 0.0, 0.0, 0.0, 0.0, 0.0, 0.0, 0.0, 0.0, 0.0, 0.0, 0.0, 0.0, 0.0, 0.0, 0.0, 0.0, 0.0, 0.0, 0.0, 0.0, 0.0, 0.0, 0.0, 0.0, 0.0, 0.0, 0.0, 0.0, 0.0, 0.0, 0.0, 0.0, 0.0, 0.0, 0.0, 0.0, 0.0, 0.0, 0.0, 0.0, 0.0, 0.0, 0.0, 0.0, 0.0, 0.0, 0.0, 0.0, 0.0, 0.0, 0.0, 0.0, 0.0, 0.0, 0.0, 0.0, 0.0, 0.0, 0.0, 0.0, 0.0, 0.0, 0.0, 0.0, 0.0, 0.0, 0.0, 0.0, 0.0, 0.0, 0.0, 0.0, 0.0, 0.0, 0.0, 0.0, 0.0, 0.0, 0.0, 0.0, 0.0, 0.0, 0.0, 0.0, 0.0, 0.0, 0.0, 0.0, 0.0, 0.0, 0.0, 0.0, 0.0, 0.0, 0.0, 0.0, 0.0, 0.0, 0.0, 0.0, 0.0, 0.0, 0.0, 0.0, 0.0, 0.0, 0.0, 0.0, 0.0, 0.0, 0.0, 0.0, 0.0, 0.0, 0.0, 0.0, 0.0, 0.0, 0.0, 0.0, 0.0, 0.0, 0.0, 0.0, 0.0, 0.0, 0.0, 0.0, 0.0, 0.0, 0.0, 0.0, 0.0, 0.0, 0.0, 0.0, 0.0, 0.0, 0.0, 0.0, 0.0, 0.0, 0.0, 0.0, 0.0, 0.0, 0.0, 0.0, 0.0, 0.0, 0.0, 0.0, 0.0, 0.0, 0.0, 0.0, 0.0, 0.0, 0.0, 0.0, 0.0, 0.0, 0.0, 0.0, 0.0, 0.0, 0.0, 0.0, 0.0, 0.0, 0.0, 0.0, 0.0, 0.0, 0.0, 0.0, 0.0, 0.0, 0.0, 0.0, 0.0, 0.0, 0.0, 0.0, 0.0, 0.0, 0.0, 0.0, 0.0, 0.0, 0.0, 0.0, 0.0, 0.0, 0.0, 0.0, 0.0, 0.0, 0.0, 0.0, 0.0, 0.0, 0.0, 0.0, 0.0, 0.0, 0.0, 0.0, 0.0, 0.0, 0.0, 0.0, 0.0, 0.0, 0.0, 0.0, 0.0, 0.0, 0.0, 0.0, 0.0, 0.0, 0.0, 0.0, 0.0, 0.0, 0.0, 0.0, 0.0, 0.0, 0.0, 0.0, 0.0, 0.0, 0.0, 0.0, 0.0, 0.0, 0.0, 0.0, 0.0, 0.0, 0.0, 0.0, 0.0, 0.0, 0.0, 0.0, 0.0, 0.0, 0.0, 0.0, 0.0, 0.0, 0.0, 0.0, 0.0, 0.0, 0.0, 0.0, 0.0, 0.0, 0.0, 0.0, 0.0, 0.0, 0.0, 0.0, 0.0, 0.0, 0.0, 0.0, 0.0, 0.0, 0.0, 0.0, 0.0, 0.0, 0.0, 0.0, 0.0, 0.0, 0.0, 0.0, 0.0, 0.0, 0.0, 0.0, 0.0, 0.0, 0.0, 0.0, 0.0, 0.0, 0.0, 0.0, 0.0, 0.0, 0.0, 0.0, 0.0, 0.0, 0.0, 0.0, 0.0, 0.0, 0.0, 0.0, 0.0, 0.0, 0.0, 0.0, 0.0, 0.0, 0.0, 0.0, 0.0, 0.0, 0.0, 0.0, 0.0, 0.0, 0.0, 0.0, 0.0, 0.0, 0.0, 0.0, 0.0, 0.0, 0.0, 0.0, 0.0, 0.0, 0.0, 0.0, 0.0, 0.0, 0.0, 0.0, 0.0, 0.0, 0.0, 0.0, 0.0, 0.0, 0.0, 0.0, 0.0, 0.0, 0.0, 0.0, 0.0, 0.0, 0.0, 0.0, 0.0, 0.0, 0.0, 0.0, 0.0, 0.0, 0.0, 0.0, 0.0, 0.0, 0.0, 0.0, 0.0, 0.0, 0.0, 0.0, 0.0, 0.0, 0.0, 0.0, 0.0, 0.0, 0.0, 0.0, 0.0, 0.0, 0.0, 0.0, 0.0, 0.0, 0.0, 0.0, 0.0, 0.0, 0.0, 0.0, 0.0, 0.0, 0.0, 0.0, 0.0, 0.0, 0.0, 0.0, 0.0, 0.0, 0.0, 0.0, 0.0, 0.0, 0.0, 0.0, 0.0, 0.0, 0.0, 0.0, 0.0, 0.0, 0.0, 0.0, 0.0, 0.0, 0.0, 0.0, 0.0, 0.0, 0.0, 0.0, 0.0, 0.0, 0.0, 0.0, 0.0, 0.0, 0.0, 0.0, 0.0, 0.0, 0.0, 0.0, 0.0, 0.0, 0.0, 0.0, 0.0, 0.0, 0.0, 0.0, 0.0, 0.0, 0.0, 0.0, 0.0, 0.0, 0.0, 0.0, 0.0, 0.0, 0.0, 0.0, 0.0, 0.0, 0.0, 0.0, 0.0, 0.0, 0.0, 0.0, 0.0, 0.0, 0.0, 0.0, 0.0, 0.0, 0.0, 0.0, 0.0, 0.0, 0.0, 0.0, 0.0, 0.0, 0.0, 0.0, 0.0, 0.0, 0.0, 0.0, 0.0, 0.0, 0.0, 0.0, 0.0, 0.0, 0.0, 0.0, 0.0, 0.0, 0.0, 0.0, 0.0, 0.0, 0.0, 0.0, 0.0, 0.0, 0.0, 0.0, 0.0, 0.0, 0.0, 0.0, 0.0, 0.0, 0.0, 0.0, 0.0, 0.0, 0.0, 0.0, 0.0, 0.0, 0.0, 0.0, 0.0, 0.0, 0.0, 0.0, 0.0, 0.0, 0.0, 0.0, 0.0, 0.0, 0.0, 0.0, 0.0, 0.0, 0.0, 0.0, 0.0, 0.0, 0.0, 0.0, 0.0, 0.0, 0.0, 0.0, 0.0, 0.0, 0.0, 0.0, 0.0, 0.0, 0.0, 0.0, 0.0, 0.0, 0.0, 0.0, 0.0, 0.0, 0.0, 0.0, 0.0, 0.0, 0.0, 0.0, 0.0, 0.0, 0.0, 0.0, 0.0, 0.0, 0.0, 0.0, 0.0, 0.0, 0.0, 0.0, 0.0, 0.0, 0.0, 0.0, 0.0, 0.0, 0.0, 0.0, 0.0, 0.0, 0.0, 0.0, 0.0, 0.0, 0.0, 0.0, 0.0, 0.0, 0.0, 0.0, 0.0, 0.0, 0.0, 0.0, 0.0, 0.0, 0.0, 0.0, 0.0, 0.0, 0.0, 0.0, 0.0, 0.0, 0.0, 0.0, 0.0, 0.0, 0.0, 0.0, 0.0, 0.0, 0.0, 0.0, 0.0, 0.0, 0.0, 0.0, 0.0, 0.0, 0.0, 0.0, 0.0, 0.0, 0.0, 0.0, 0.0, 0.0, 0.0, 0.0, 0.0, 0.0, 0.0, 0.0, 0.0, 0.0, 0.0, 0.0, 0.0, 0.0, 0.0, 0.0, 0.0, 0.0, 0.0, 0.0, 0.0, 0.0, 0.0, 0.0, 0.0, 0.0, 0.0, 0.0, 0.0, 0.0, 0.0, 0.0, 0.0, 0.0, 0.0, 0.0, 0.0, 0.0, 0.0, 0.0, 0.0, 0.0, 0.0, 0.0, 0.0, 0.0, 0.0, 0.0, 0.0, 0.0, 0.0, 0.0, 0.0, 0.0, 0.0, 0.0, 0.0, 0.0, 0.0, 0.0, 0.0, 0.0, 0.0, 0.0, 0.0, 0.0, 0.0, 0.0, 0.0, 0.0, 0.0, 0.0, 0.0, 0.0, 0.0, 0.0, 0.0, 0.0, 0.0, 0.0, 0.0, 0.0, 0.0, 0.0, 0.0, 0.0, 0.0, 0.0, 0.0, 0.0, 0.0, 0.0, 0.0, 0.0, 0.0, 0.0, 0.0, 0.0, 0.0, 0.0, 0.0, 0.0, 0.0, 0.0, 0.0, 0.0, 0.0, 0.0, 0.0, 0.0, 0.0, 0.0, 0.0, 0.0, 0.0, 0.0, 0.0, 0.0, 0.0, 0.0, 0.0, 0.0, 0.0, 0.0, 0.0, 0.0, 0.0, 0.0, 0.0, 0.0, 0.0, 0.0, 0.0, 0.0, 0.0, 0.0, 0.0, 0.0, 0.0, 0.0, 0.0, 0.0, 0.0, 0.0, 0.0, 0.0, 0.0, 0.0, 0.0, 0.0, 0.0, 0.0, 0.0, 0.0, 0.0, 0.0, 0.0, 0.0, 0.0, 0.0, 0.0, 0.0, 0.0, 0.0, 0.0, 0.0, 0.0, 0.0, 0.0, 0.0, 0.0, 0.0, 0.0, 0.0, 0.0, 0.0, 0.0, 0.0, 0.0, 0.0, 0.0, 0.0, 0.0, 0.0, 0.0, 0.0, 0.0, 0.0, 0.0, 0.0, 0.0, 0.0, 0.0, 0.0, 0.0, 0.0, 0.0, 0.0, 0.0, 0.0, 0.0, 0.0, 0.0, 0.0, 0.0, 0.0, 0.0, 0.0, 0.0, 0.0, 0.0, 0.0, 0.0, 0.0, 0.0, 0.0, 0.0, 0.0, 0.0, 0.0, 0.0, 0.0, 0.0, 0.0, 0.0, 0.0, 0.0, 0.0, 0.0, 0.0, 0.0, 0.0, 0.0, 0.0, 0.0, 0.0, 0.0, 0.0, 0.0, 0.0, 0.0, 0.0, 0.0, 0.0, 0.0, 0.0, 0.0, 0.0, 0.0, 0.0, 0.0, 0.0, 0.0, 0.0, 0.0, 0.0, 0.0, 0.0, 0.0, 0.0, 0.0, 0.0, 0.0, 0.0, 0.0, 0.0, 0.0, 0.0, 0.0, 0.0, 0.0, 0.0, 0.0, 0.0, 0.0, 0.0, 0.0, 0.0, 0.0, 0.0, 0.0, 0.0, 0.0, 0.0, 0.0, 0.0, 0.0, 0.0, 0.0, 0.0, 0.0, 0.0, 0.0, 0.0, 0.0, 0.0, 0.0, 0.0, 0.0, 0.0, 0.0, 0.0, 0.0, 0.0, 0.0, 0.0, 0.0, 0.0, 0.0, 0.0, 0.0, 0.0, 0.0, 0.0, 0.0, 0.0, 0.0, 0.0, 0.0, 0.0, 0.0, 0.0, 0.0, 0.0, 0.0, 0.0, 0.0, 0.0, 0.0, 0.0, 0.0, 0.0, 0.0, 0.0, 0.0, 0.0, 0.0, 0.0, 0.0, 0.0, 0.0, 0.0, 0.0, 0.0, 0.0, 0.0, 0.0, 0.0, 0.0, 0.0, 0.0, 0.0, 0.0, 0.0, 0.0, 0.0, 0.0, 0.0, 0.0, 0.0, 0.0, 0.0, 0.0, 0.0, 0.0, 0.0, 0.0, 0.0, 0.0, 0.0, 0.0, 0.0, 0.0, 0.0, 0.0, 0.0, 0.0, 0.0, 0.0, 0.0, 0.0, 0.0, 0.0, 0.0, 0.0, 0.0, 0.0, 0.0, 0.0, 0.0, 0.0, 0.0, 0.0, 0.0, 0.0, 0.0, 0.0, 0.0, 0.0, 0.0, 0.0, 0.0, 0.0, 0.0, 0.0, 0.0, 0.0, 0.0, 0.0, 0.0, 0.0, 0.0, 0.0, 0.0, 0.0, 0.0, 0.0, 0.0, 0.0, 0.0, 0.0, 0.0, 0.0, 0.0, 0.0, 0.0, 0.0, 0.0, 0.0, 0.0, 0.0, 0.0, 0.0, 0.0, 0.0, 0.0, 0.0, 0.0, 0.0, 0.0, 0.0, 0.0, 0.0, 0.0, 0.0, 0.0, 0.0, 0.0, 0.0, 0.0, 0.0, 0.0, 0.0, 0.0, 0.0, 0.0, 0.0, 0.0, 0.0, 0.0, 0.0, 0.0, 0.0, 0.0, 0.0, 0.0, 0.0, 0.0, 0.0, 0.0, 0.0, 0.0, 0.0, 0.0, 0.0, 0.0, 0.0, 0.0, 0.0, 0.0, 0.0, 0.0, 0.0, 0.0, 0.0, 0.0, 0.0, 0.0, 0.0, 0.0, 0.0, 0.0, 0.0, 0.0, 0.0, 0.0, 0.0, 0.0, 0.0, 0.0, 0.0, 0.0, 0.0, 0.0, 0.0, 0.0, 0.0, 0.0, 0.0, 0.0, 0.0, 0.0, 0.0, 0.0, 0.0, 0.0, 0.0, 0.0, 0.0, 0.0, 0.0, 0.0, 0.0, 0.0, 0.0, 0.0, 0.0, 0.0, 0.0, 0.0, 0.0, 0.0, 0.0, 0.0, 0.0, 0.0, 0.0, 0.0, 0.0, 0.0, 0.0, 0.0, 0.0, 0.0, 0.0, 0.0, 0.0, 0.0, 0.0, 0.0, 0.0, 0.0, 0.0, 0.0, 0.0, 0.0, 0.0, 0.0, 0.0, 0.0, 0.0, 0.0, 0.0, 0.0, 0.0, 0.0, 0.0, 0.0, 0.0, 0.0, 0.0, 0.0, 0.0, 0.0, 0.0, 0.0, 0.0, 0.0, 0.0, 0.0, 0.0, 0.0, 0.0, 0.0, 0.0, 0.0, 0.0, 0.0, 0.0, 0.0, 0.0, 0.0, 0.0, 0.0, 0.0, 0.0, 0.0, 0.0, 0.0, 0.0, 0.0, 0.0, 0.0, 0.0, 0.0, 0.0, 0.0, 0.0, 0.0, 0.0, 0.0, 0.0, 0.0, 0.0, 0.0, 0.0, 0.0, 0.0, 0.0, 0.0, 0.0, 0.0, 0.0, 0.0, 0.0, 0.0, 0.0, 0.0, 0.0, 0.0, 0.0, 0.0, 0.0, 0.0, 0.0, 0.0, 0.0, 0.0, 0.0, 0.0, 0.0, 0.0, 0.0, 0.0, 0.0, 0.0, 0.0, 0.0, 0.0, 0.0, 0.0, 0.0, 0.0, 0.0, 0.0, 0.0, 0.0, 0.0, 0.0, 0.0, 0.0, 0.0, 0.0, 0.0, 0.0, 0.0, 0.0, 0.0, 0.0, 0.0, 0.0, 0.0, 0.0, 0.0, 0.0, 0.0, 0.0, 0.0, 0.0, 0.0, 0.0, 0.0, 0.0, 0.0, 0.0, 0.0, 0.0, 0.0, 0.0, 0.0, 0.0, 0.0, 0.0, 0.0, 0.0, 0.0, 0.0, 0.0, 0.0, 0.0, 0.0, 0.0, 0.0, 0.0, 0.0, 0.0, 0.0, 0.0, 0.0, 0.0, 0.0, 0.0, 0.0, 0.0, 0.0, 0.0, 0.0, 0.0, 0.0, 0.0, 0.0, 0.0, 0.0, 0.0, 0.0, 0.0, 0.0, 0.0, 0.0, 0.0, 0.0, 0.0, 0.0, 0.0, 0.0, 0.0, 0.0, 0.0, 0.0, 0.0, 0.0, 0.0, 0.0, 0.0, 0.0, 0.0, 0.0, 0.0, 0.0, 0.0, 0.0, 0.0, 0.0, 0.0, 0.0, 0.0, 0.0, 0.0, 0.0, 0.0, 0.0, 0.0, 0.0, 0.0, 0.0, 0.0, 0.0, 0.0, 0.0, 0.0, 0.0, 0.0, 0.0, 0.0, 0.0, 0.0, 0.0, 0.0, 0.0, 0.0, 0.0, 0.0, 0.0, 0.0, 0.0, 0.0, 0.0, 0.0, 0.0, 0.0, 0.0, 0.0, 0.0, 0.0, 0.0, 0.0, 0.0, 0.0, 0.0, 0.0, 0.0, 0.0, 0.0, 0.0, 0.0, 0.0, 0.0, 0.0, 0.0, 0.0, 0.0, 0.0, 0.0, 0.0, 0.0, 0.0, 0.0, 0.0, 0.0, 0.0, 0.0, 0.0, 0.0, 0.0, 0.0, 0.0, 0.0, 0.0, 0.0, 0.0, 0.0, 0.0, 0.0, 0.0, 0.0, 0.0, 0.0, 0.0, 0.0, 0.0, 0.0, 0.0, 0.0, 0.0, 0.0, 0.0, 0.0, 0.0, 0.0, 0.0, 0.0, 0.0, 0.0, 0.0, 0.0, 0.0, 0.0, 0.0, 0.0, 0.0, 0.0, 0.0, 0.0, 0.0, 0.0, 0.0, 0.0, 0.0, 0.0, 0.0, 0.0, 0.0, 0.0, 0.0, 0.0, 0.0, 0.0, 0.0, 0.0, 0.0, 0.0, 0.0, 0.0, 0.0, 0.0, 0.0, 0.0, 0.0, 0.0, 0.0, 0.0, 0.0, 0.0, 0.0, 0.0, 0.0, 0.0, 0.0, 0.0, 0.0, 0.0, 0.0, 0.0, 0.0, 0.0, 0.0, 0.0, 0.0, 0.0, 0.0, 0.0, 0.0, 0.0, 0.0, 0.0, 0.0, 0.0, 0.0, 0.0, 0.0, 0.0, 0.0, 0.0, 0.0, 0.0, 0.0, 0.0, 0.0, 0.0, 0.0, 0.0, 0.0, 0.0, 0.0, 0.0, 0.0, 0.0, 0.0, 0.0, 0.0, 0.0, 0.0, 0.0, 0.0, 0.0, 0.0, 0.0, 0.0, 0.0, 0.0, 0.0, 0.0, 0.0, 0.0, 0.0, 0.0, 0.0, 0.0, 0.0, 0.0, 0.0, 0.0, 0.0, 0.0, 0.0, 0.0, 0.0, 0.0, 0.0, 0.0, 0.0, 0.0, 0.0, 0.0, 0.0, 0.0, 0.0, 0.0, 0.0, 0.0, 0.0, 0.0, 0.0, 0.0, 0.0, 0.0, 0.0, 0.0, 0.0, 0.0, 0.0, 0.0, 0.0, 0.0, 0.0, 0.0, 0.0, 0.0, 0.0, 0.0, 0.0, 0.0, 0.0, 0.0, 0.0, 0.0, 0.0, 0.0, 0.0, 0.0, 0.0, 0.0, 0.0, 0.0, 0.0, 0.0, 0.0, 0.0, 0.0, 0.0, 0.0, 0.0, 0.0, 0.0, 0.0, 0.0, 0.0, 0.0, 0.0, 0.0, 0.0, 0.0, 0.0, 0.0, 0.0, 0.0, 0.0, 0.0, 0.0, 0.0, 0.0, 0.0, 0.0, 0.0, 0.0, 0.0, 0.0, 0.0, 0.0, 0.0, 0.0, 0.0, 0.0, 0.0, 0.0, 0.0, 0.0, 0.0, 0.0, 0.0, 0.0, 0.0, 0.0, 0.0, 0.0, 0.0, 0.0, 0.0, 0.0, 0.0, 0.0, 0.0, 0.0, 0.0, 0.0, 0.0, 0.0, 0.0, 0.0, 0.0, 0.0, 0.0, 0.0, 0.0, 0.0, 0.0, 0.0, 0.0, 0.0, 0.0, 0.0, 0.0, 0.0, 0.0, 0.0, 0.0, 0.0, 0.0, 0.0, 0.0, 0.0, 0.0, 0.0, 0.0, 0.0, 0.0, 0.0, 0.0, 0.0, 0.0, 0.0, 0.0, 0.0, 0.0, 0.0, 0.0, 0.0, 0.0, 0.0, 0.0, 0.0, 0.0, 0.0, 0.0, 0.0, 0.0, 0.0, 0.0, 0.0, 0.0, 0.0, 0.0, 0.0, 0.0, 0.0, 0.0, 0.0, 0.0, 0.0, 0.0, 0.0, 0.0, 0.0, 0.0, 0.0, 0.0, 0.0, 0.0, 0.0, 0.0, 0.0, 0.0]"
CAPEX_TES_total,187838.22076954052
weights,[1; 3; 1; 1; 3; 1; 1; 11; 1; 1; 12; 1; 1; 1; 1; 1; 1; 1; 3; 1; 2; 2; 1;;]
CAPEX_TES_pumps,1923.3527753453372
TES_duration,6.517764441900346
lambda_1,"[0.0, 0.0, 0.0, 0.0, 0.0, 0.0, 0.0, 0.0, 0.0, 0.0, 0.0, 0.0, 0.0, 0.0, 0.0, 0.0, 0.0, 0.0, 0.0, 0.0, 0.0, 0.0, 0.0, 0.0, 0.0, 0.0, 0.0, 0.0, 0.0, 0.0, 0.0, 0.0, 0.0, 0.0, 0.0, 0.0, 0.0, 0.0, 0.0, 0.0, 0.0, 0.0, 0.0, 0.0, 0.0, 0.0, 0.0, 0.0, 0.0, 0.0, 0.0, 0.0, 0.0, 0.0, 0.0, 0.0, 0.0, 0.0, 0.0, 0.0, 0.0, 0.0, 0.0, 0.0, 0.0, 0.0, 0.0, 0.0, 0.0, 0.0, 0.0, 0.0, 0.0, 0.0, 0.0, 0.0, 0.0, 0.0, 0.0, 0.0, 0.0, 0.0, 0.0, 0.0, 0.0, 0.0, 0.0, 0.0, 0.0, 0.0, 0.0, 0.0, 0.0, 0.0, 0.0, 0.0, 0.0, 0.0, 0.0, 0.0, 0.0, 0.0, 0.0, 0.0, 0.0, 0.0, 0.0, 0.0, 0.0, 0.0, 0.0, 0.0, 0.0, 0.0, 0.0, 0.0, 0.0, 0.0, 0.0, 0.0, 0.0, 0.0, 0.0, 0.0, 0.0, 0.0, 0.0, 0.0, 0.0, 0.0, 1.0, 0.0, 0.0, 0.0, 0.0, 0.0, 0.0, 0.0, 0.0, 0.0, 0.0, 0.0, 0.0, 0.0, 0.0, 0.0, 0.0, 0.0, 0.0, 0.0, 0.0, 0.0, 0.0, 0.0, 0.0, 0.0, 0.0, 0.0, 0.0, 0.0, 0.0, 0.0, 0.0, 0.0, 0.0, 0.0, 0.0, 0.0, 0.0, 0.0, 0.0, 0.0, 0.0, 0.0, 0.0, 0.0, 0.0, 0.0, 0.0, 0.0, 0.0, 0.0, 0.0, 0.0, 0.0, 0.0, 0.0, 0.0, 0.0, 0.0, 0.0, 0.0, 0.0, 0.0, 0.0, 0.0, 0.0, 0.0, 0.0, 0.0, 0.0, 0.0, 0.0, 0.0, 0.0, 0.0, 0.0, 0.0, 0.0, 0.0, 0.0, 0.0, 0.0, 0.0, 0.0, 0.0, 0.0, 0.0, 0.0, 0.0, 0.0, 0.0, 0.0, 0.0, 0.0, 0.0, 0.0, 0.0, 0.0, 0.0, 0.0, 0.0, 0.0, 0.0, 0.0, 0.0, 0.0, 0.0, 0.0, 0.0, 0.0, 0.0, 0.0, 0.0, 0.0, 0.0, 0.0, 0.0, 0.0, 0.0, 0.0, 0.0, 0.0, 0.0, 0.0, 0.0, 0.0, 0.0, 0.0, 0.0, 0.0]"
Li_LCOE_total,0.15974214406446974
cost_HX_3,1900.963425034897
TES_LCOE_Profits,-0.07386855205873924
cp,1.56
TES_LCOE_total,0.22797511701207934
coal_LCOE_revenue,0.2172690130162494
TES_capex,187838.22076954052
TES_LCOE_dict,"Dict(""Revenue"" => 0.2759855708747168, ""Charge"" => 0.1286305688362994, ""IndustrialCharge"" => 0.0, ""Profits"" => -0.07386855205873924, ""total"" => 0.20211701881597777, ""Capex"" => 0.07118165544236431, ""Startup"" => 0.002304794537314054)"
CAPEX_TES_Ind_charger,0.0
coal_objective,-32819.82767458485
deltaQ,"[-2303.832464330175, 713.3350782098281, 3016.2781998421265, 857.0776319748047, 161.12883745802264, -278.8883036769039, 161.24580920773633, 161.19865978636253, -1846.6058256321721, 2895.668037606808, 161.26828540457382, -826.5280355117402, -1070.8010732605856, 1306.9455030047566, -1070.8519523795978, 2811.914268822173, 161.39797199408667, -2303.832464330174, 161.12883745802304, -2303.982408359623, -433.4617997871103, 161.1686293007133, 3237.457500531171]"
CAPEX_TES_pipes_valves,2403.0214115781127
price_fname,23DADRA__NAGAR_HAVELI.csv
tank_energy_t,"[2303.832464330175, 2301.8407810437093, 5156.6928609379465, 4952.41408156273, 2302.7980208783224, 3775.3570685381383, 2301.953343379402, 2302.8378127210117, 1845.8364064766054, 5035.208312377488, 2302.872534059908, 3969.540682992084, 1070.3549061110336, 2302.8378127210117, 1070.4057640304113, 4952.414081562727, 2303.832464330175, 2303.832464330174, 2301.8407810437093, 2303.022415612674, 2183.185455631633, 2301.913003760622, 4952.736407484593, 2777.667736601329, 2300.8816806415466, 4525.92970517265, 4950.350575530331, 2301.838521626197, 2516.5549358310363, 2300.9941960762626, 2301.87829688895, 1845.067307912379, 4404.495775178142, 2776.7082063020407, 3967.886707575186, 1069.9089248644757, 2301.87829688895, 1069.9597615930518, 4950.350575530329, 2777.667736601329, 2557.236586860579, 2300.8816806415466, 2302.0628228627347, 2182.275794952347, 2300.953873265658, 4950.6727671497165, 3251.3055774932427, 2299.9229798645833, 3266.8148338419314, 4948.2879292921825, 2300.879422165458, 1886.8918376225386, 2300.0354484178642, 2300.9191808551836, 1844.2985298059134, 3145.431501322302, 3250.3464469982778, 3966.233421314767, 1069.4631294434519, 2300.9191808551836, 1069.513944990056, 4948.28792929218, 3251.3055774932427, 3030.9662740722324, 2299.9229798645833, 2301.10362994314, 2181.3665132983747, 2299.995142408432, 4948.609986665048, 3724.746069268997, 2298.964678546309, 2008.2245937495713, 4946.226142490034, 2299.9207223295266, 628.8765654912668, 2299.077100237689, 2299.96046445313, 1843.5300720236844, 1886.8918376225379, 3723.78733841177, 3964.580823923678, 1069.017519770535, 2299.96046445313, 1069.0683141439931, 4946.226142490032, 3724.746069268997, 3504.4985738984233, 2298.964678546309, 2300.1448366872937, 2180.457610511788, 1670.4222774544119, 4946.5480656723175, 4197.989294157397, 2298.006776520283, 796.4615955794783, 4944.16521476579, 2298.962421951892, 0.0, 2772.914353910707, 2299.002147516276, 1842.7619344322236, 628.8765654912663, 3722.2357602299726, 3962.9289151148905, 1068.5720957683302, 2299.002147516276, 1068.6228689774641, 4944.165214765787, 4197.989294157397, 3977.833568583902, 2298.006776520283, 2299.1864429286693, 2179.549086434726, 843.2189893267903, 4944.487003813402, 4196.240131811565, 2297.0492736201327, 213.81803226703073, 4942.1051457614985, 2298.004520866113, 0.0, 2143.1444392694643, 2298.0442298781777, 1841.9941168981181, 0.0, 3839.3899613959197, 3961.277694601495, 1068.1268573594743, 2298.0442298781777, 1068.1776094131028, 4942.105145761496, 4418.630239924555, 4450.971340339151, 2297.0492736201327, 2298.2284485008095, 2178.6409409093935, 629.1387066400047, 4942.426800730331, 4669.286900824855, 2296.0921696795563, 0.0, 4940.045935119361, 2297.0470189058187, 0.0, 885.0223952122983, 2297.0867113724603, 1841.2266192880109, 0.0, 4312.585417992112, 3959.6271620967022, 1067.681804466637, 2297.0867113724603, 1067.7325353735748, 4940.045935119359, 4891.584346385385, 4923.911971340397, 2296.0921696795563, 2297.2708532373267, 2177.73317377806, 628.8765654912668, 4940.367456065279, 4667.341364460535, 2295.13546453232, 0.0, 4937.987582481727, 2296.0899159047067, 0.0, 256.03910228344296, 2770.924794374239, 2315.25464401002, 0.0, 4785.583709798949, 3957.977317313841, 1067.23693701252, 2770.924794374239, 438.6731132135619, 4937.9875824817245, 5364.341388619425, 4921.860341188209, 2295.13546453232, 2771.108859513322, 2176.8257848830617, 0.0, 4938.308969460573, 5140.191841277852, 2294.1791580122604, 0.0, 4935.930087491094, 2295.1332116965436, 0.0, 730.7276218570435, 3244.5654448256387, 2789.0851570392606, 0.0, 4783.589716427014, 3956.328159966361, 1066.792254919857, 3244.5654448256387, 0.0, 4935.930087491091, 5836.901448736775, 4919.809565881985, 2294.1791580122604, 3244.7494332709075, 2175.9187740668, 0.0, 4936.251340558688, 5138.05009450598, 2293.223249953283, 146.96076646989616, 4933.873449790109, 2294.176906115166, 0.0, 1205.2183545316652, 3718.008744990229, 3262.7182406722777, 0.0, 4781.596553885716, 3954.679689767831, 1066.3477581114141, 3718.008744990229, 0.0, 4933.873449790106, 5834.4694062719045, 4917.75964506554, 2293.223249953283, 3718.1926567736396, 2175.0121411717414, 0.0, 4934.194569002247, 5135.909240128668, 2292.2677401893616, 621.6947353537215, 4931.817669021567, 2768.0162015358983, 0.0, 1679.5113827185228, 4191.254777097302, 3736.153977171327, 0.0, 4779.604221828878, 3953.0319064319388, 1065.9034465099894, 4191.254777097302, 0.0, 4931.817669021564, 6306.8335796995625, 4915.710578382837, 2292.2677401893616, 4191.438612250798, 2174.1058860404196, 0.0, 4932.138654434023, 5133.769277774084, 2291.3126285545404, 1096.2308984013541, 4929.762744828414, 3241.6580639010776, 0.0, 2153.606788794493, 4664.30362334189, 4209.392448764387, 0.0, 4777.612719910462, 3951.3848096724914, 1065.4593200384136, 4664.30362334189, 0.0, 4929.762744828411, 6779.000934705879, 4913.662365477988, 2291.3126285545404, 4664.487381897398, 2173.2000085154327, 0.0, 4930.083596496937, 5131.630207070552, 2290.357914882932, 1570.569338031899, 4927.708676853744, 3715.1025754744833, 0.0, 2152.709452560708, 5137.155365884773, 4682.433737645176, 0.0, 4775.622047784579, 3949.738399203415, 1065.015378619549, 5137.155365884773, 0.0, 4927.708676853741, 7250.971553298538, 4911.61500599525, 2290.357914882932, 5137.339047874211, 2430.3158732359825, 0.0, 4928.029394834061, 5129.492027646552, 2289.403599008719, 2044.7101366301201, 4925.655464740798, 4188.349818485619, 0.0, 2626.6076927584704, 5609.8100868525025, 5155.277925973162, 0.0, 4773.632205105481, 3948.092674738756, 1064.5716221762905, 5609.8100868525025, 0.0, 4925.655464740796, 7722.7455174510515, 4909.568499579032, 2289.403599008719, 5609.993692307772, 2904.0984440825437, 0.0, 4925.976049088613, 5127.354739130717, 2288.449680766152, 2518.6533765464537, 4923.603108132968, 4661.399875129725, 0.0, 2625.5132727989344, 6082.267868337407, 5627.925095873584, 0.0, 4771.643191527566, 3946.447635992679, 1064.1280506315647, 5607.472665795987, 0.0, 4923.603108132966, 8194.322909102775, 4907.522845873888, 2288.449680766152, 6082.451397290397, 2902.8884029673727, 0.0, 4923.92355890396, 5125.218341151834, 2287.4961599895514, 2517.6039375556043, 4921.551606673793, 4659.457625026374, 0.0, 3099.214511389171, 6554.528792397611, 6100.375329437459, 0.0, 4769.655006705375, 3944.803282679467, 849.9557224952052, 5605.13621866499, 0.0, 4921.55160667379, 8190.908607617505, 4905.478044524523, 2287.4961599895514, 6554.712244880197, 3376.47406857746, 474.7952025414198, 4921.87192392362, 5123.082833338846, 2286.543036513306, 2516.554935831036, 4919.500960006961, 4657.516184193965, 0.0, 3572.7183744475383, 7026.592941057048, 6572.6287087216015, 0.0, 4767.6676502935925, 3943.159614513524, 213.81803226703073, 5602.800745053709, 0.0, 4919.500960006958, 8187.495728757968, 4903.434095175789, 2286.543036513306, 7026.776317101094, 3849.8624068110903, 474.5973711912011, 4919.821143791256, 5120.948215320853, 2285.590310171874, 1886.8918376225383, 4917.451167776308, 4655.5755522953, 0.0, 3571.229741672428, 7023.6651937640545, 7044.685315748633, 0.0, 4765.681121947048, 3941.5166312093716, 0.0, 5600.46624455651, 0.0, 4917.451167776305, 8184.084271931403, 4901.390997472685, 2285.590310171874, 7023.8484934014095, 4323.05349988801, 474.3996222707182, 4917.771218150682, 5118.814486727104, 2284.637980799783, 628.8765654912667, 4915.402229625819, 4653.635728993325, 0.0, 3569.741729161024, 7020.738666365864, 7516.545232507002, 0.0, 4763.695421320715, 3939.8743324816505, 0.0, 5598.132716767929, 0.0, 4915.402229625816, 8180.6742365452965, 4899.348751060358, 2284.637980799783, 7020.921889628365, 4321.252227452289, 474.20195574562547, 4915.72214664586, 5116.681647187007, 2283.6860482316283, 0.0, 4913.354145199628, 4651.6967139511235, 0.0, 3568.2543366548825, 7017.813358354188, 7513.413338409573, 0.0, 4761.710548069708, 3938.2327180451207, 0.0, 5595.800161282672, 0.0, 4913.354145199625, 8177.26562200738, 4897.307355584105, 2283.6860482316283, 7017.996505273656, 4319.451705546809, 474.0043715815914, 4913.673928920901, 5114.549696330123, 2757.5297148434956, 0.0, 4911.3069141420165, 4649.75850683192, 0.0, 3566.767563895668, 7014.8892692209465, 7510.282749268123, 0.0, 4759.726501849289, 3936.591787614661, 0.0, 5593.468577695611, 0.0, 4911.306914142014, 8173.858427725636, 4895.266810689368, 2282.734512302076, 7015.072339829192, 4317.65193385885, 473.8068697442989, 4911.626564620062, 5112.418633786167, 3231.17594657848, 0.0, 4909.260536097414, 4647.821107299082, 474.7952025414198, 3565.2814106251526, 7011.966398458275, 7507.153464538918, 0.0, 4757.743282314861, 3934.9515409052688, 0.0, 5591.137965601789, 0.0, 4909.260536097411, 8170.452653108288, 4893.227116021739, 2281.783372845859, 7012.149392787094, 4315.85291207582, 473.60945019944523, 4909.580053387749, 5110.28845918501, 3704.6248257011193, 0.0, 4907.215010710398, 4645.884515016113, 949.3925737326209, 3563.7958765852163, 7009.044745558519, 7504.025483678456, 0.0, 4755.760889121972, 3933.31197763206, 0.0, 5588.808324596417, 0.0, 4907.215010710395, 8167.0482975638115, 4891.188271226955, 2280.8326296977807, 7009.227663639695, 4314.05463988526, 473.41211291274186, 4907.534394868519, 5108.159172156673, 4177.876434441677, 0.0, 4905.170337625695, 4643.9487296466605, 1423.792196003339, 3562.310961517846, 7260.208630021475, 7500.898806143457, 0.0, 4753.779321926312, 3931.6730975102696, 0.0, 5586.479654274875, 0.0, 4905.170337625692, 8163.645360500926, 4889.150275950905, 2279.882282692712, 6377.692618311521, 4312.25711697484, 473.2148578499145, 4276.875055139057, 5106.030772331336, 4176.13565245473, 0.0, 4903.126516488179, 4642.013750854509, 1423.1989492075447, 3560.8266651651365, 7257.183542850293, 7738.083357276275, 474.7952025414198, 5226.593782925137, 3930.0349002552516, 0.0, 5584.151954232711, 474.7952025414198, 4903.126516488176, 8160.243841328595, 5361.90833238104, 2278.932331665594, 5117.806179038603, 4310.460343032359, 473.0176849767032, 3017.8639565874873, 5103.90325933933, 4649.190798335089, 0.0, 4901.083546942871, 4640.0795783035865, 1422.605949597935, 3559.3429872692905, 7254.1597161322, 7734.859155619474, 949.3925737326209, 5224.416035341365, 3928.3973855824775, 0.0, 5581.825224065643, 949.3925737326209, 4901.083546942868, 8156.843739456034, 5834.4694062719045, 2277.9827764514357, 3858.4446924907106, 4308.664317745746, 472.82059425886234, 2387.991979603631, 5101.776632811142, 5122.048837888897, 0.0, 4899.041428634942, 4638.146211657958, 1422.0131970715158, 3557.859927572617, 7725.932351883426, 7731.636297380138, 1423.792196003339, 5222.239195152493, 3926.760553207538, 0.0, 5579.499463369555, 1423.792196003339, 4899.04142863494, 8153.4450542927, 6306.8335796995625, 2277.033616885315, 2872.987243725281, 4306.869040803063, 472.6235856621605, 2386.996982865863, 4471.036358809395, 5594.709853243795, 0.0, 4897.00016120971, 4636.213650581829, 1421.4206915253358, 3556.377485817533, 7722.713213145944, 7728.414781998508, 1897.9941517489647, 5220.063261980438, 3925.1244028461433, 0.0, 5577.174671740501, 1897.9941517489647, 4897.000161209708, 8150.047785248296, 6779.000934705879, 2631.3688154063993, 2516.554935831036, 4305.0745118925, 472.4266591523805, 2386.0024007101024, 3211.944359708158, 6067.173926493207, 0.0, 4894.9597443126395, 4634.281894739546, 1445.3900741716352, 3554.8956617465633, 8194.290618257797, 7725.194608915062, 2371.998523330556, 5692.683437988698, 3923.48893421412, 0.0, 5574.850848774704, 2371.998523330556, 4894.959744312637, 8146.651931732775, 7250.971553298538, 2630.272411645601, 1886.8918376225383, 4303.280730702376, 635.1982042540599, 2385.0082329636066, 1953.3769823151824, 6064.645937154929, 0.0, 4892.920177589344, 4632.350943795595, 1919.583030800637, 3553.414455102339, 8190.876330227047, 7721.975777570508, 2845.8053930748547, 6165.106688907867, 3921.854147027415, 0.0, 5903.207905075518, 2845.8053930748547, 4892.920177589342, 8143.257493156331, 7722.7455174510515, 2629.1764647197397, 628.8765654912668, 4301.487696921141, 634.9335383144474, 2384.014479453705, 1323.948541606089, 6062.1190011456265, 0.0, 4890.881460685585, 4630.420797414602, 2393.578407015237, 3551.9338656275995, 8187.463464816424, 8193.55348994721, 3319.4148432743, 6637.333096790071, 3920.220041002092, 0.0, 6375.543437459716, 3319.4148432743, 4890.881460685582, 8139.864468929408, 8194.322909102775, 2628.0809744384674, 0.0, 4299.695410237375, 634.6689826523186, 2383.0211400077987, 1323.3968963362884, 6059.593118026412, 0.0, 4888.84359324727, 4628.491455261332, 2867.3762851406145, 4025.24909560661, 8184.052021433168, 8190.13950905328, 3792.8269561870416, 7109.362743653251, 3918.586615854334, 0.0, 6372.886960814923, 3469.2453384159044, 4888.843593247268, 8136.472858462692, 8190.908607617505, 2626.9859406115156, 0.0, 4297.903870339786, 634.4045372217246, 2382.0282144533617, 1322.8454809187017, 6057.068287358582, 0.0, 5359.838797745414, 4626.5629170006905, 2866.1815449262267, 4023.571908349266, 8180.641999484769, 8186.726950651503, 3791.2466114955364, 7581.195711481169, 3916.953871300442, 0.0, 6370.231591035488, 3942.5950219506763, 4886.806574920453, 8133.082661167117, 8187.495728757968, 3100.6865655901142, 0.0, 4296.113076917215, 634.1402019767354, 2381.0357026179386, 1322.2942952575575, 6054.544508703614, 0.0, 5832.400733942445, 4624.635182297721, 2864.9873025203015, 4021.8954199200016, 8177.233398378963, 8183.315814149174, 3789.6669252810384, 7578.036879682013, 3915.3218070568355, 0.0, 6367.577327660216, 4415.7474764348635, 4884.7704053513435, 8129.693876453862, 8184.084271931403, 3099.394612751096, 0.0, 4769.118232200049, 633.8759768714405, 2380.0436043291465, 1321.7433392571238, 6052.02178162317, 0.0, 6304.765769316976, 4622.70825081761, 2863.7935577154185, 4020.2196300276387, 8173.826217523731, 8179.906098953835, 3788.0878972691826, 7574.879364062878, 3913.6904228400513, 0.0, 6364.924170228105, 4888.702784047244, 4882.735084186288, 8126.3065037343495, 8180.6742365452965, 3098.103198225803, 201.87697268304976, 5241.926301985748, 633.6118618599481, 2379.0519194146746, 1795.9878153631284, 6049.500105679093, 0.0, 6776.933985911021, 4620.782122225679, 2862.600310304244, 4018.54453838112, 8170.420456327302, 8176.497804473274, 3786.5095271857176, 7571.723164075356, 3912.059718366745, 0.0, 6362.272118278346, 5361.461026932354, 4880.700611071786, 8122.92054242025, 8177.26562200738, 3096.8123217899392, 676.5880598124558, 5714.537368393277, 633.3478568963861, 2378.0606477022834, 2270.034689588281, 6046.979480433411, 0.0, 7248.905465732414, 4618.856796187392, 2861.407560079531, 4016.87014468951, 8167.016114198152, 8173.090930115528, 3784.931814756507, 7568.568279171268, 4385.22489589511, 0.0, 6359.621171350322, 5834.022287200503, 4878.666985654482, 8119.535991923478, 8173.858427725636, 3095.5219832192997, 1151.1013506397342, 6186.951513507382, 633.083961934901, 2377.0697890198057, 2743.884044266704, 6044.459905448331, 0.0, 7720.680290754815, 4616.932272368353, 2860.2153068341177, 4015.196448661994, 8194.290618257797, 8169.685475288878, 3783.3547597075276, 7565.414708802661, 4858.1929212504, 0.0, 6356.971328983605, 6306.386646927789, 4876.634207581171, 8116.152851656192, 8170.452653108288, 3094.2321822897743, 1625.4169275800175, 6659.1688193786085, 632.8201769296587, 2376.079343195145, 3217.535961698217, 6041.9413802862455, 0.0, 8192.258542917732, 4615.0085504343015, 2859.0235503609297, 4013.5234500078786, 8194.290618257797, 8166.2814394018515, 3781.778361764871, 7562.262452421814, 5330.963876579359, 0.0, 6354.322590717963, 6778.554188156109, 4874.602276498791, 8112.771121030797, 8167.0482975638115, 3092.9429187773458, 1624.7396704726787, 7131.189368023315, 632.5565018348441, 2375.089310056278, 3216.195321606925, 6039.423904509728, 0.0, 8192.25854291773, 4613.0856300511205, 2857.8322904529787, 4486.6463509780115, 8194.290618257795, 8162.878821863225, 3780.2026206547434, 7559.111509481229, 5803.537843994505, 0.0, 6351.674956093353, 7250.524992893179, 4872.57119205443, 8109.390799459942, 8163.645360500926, 3091.6541924580906, 1624.062695555824, 7603.013241423686, 632.292936604661, 2374.0996894312516, 3214.855240115716, 6036.907477681535, 0.0, 8188.845101585107, 4611.1635108848295, 2856.6415269033623, 4484.776914848882, 8190.876330227045, 8159.47762208202, 3150.013002535448, 7555.961879433642, 6275.914905574143, 0.0, 6349.028424649925, 7722.299143112543, 4870.540953895322, 8106.011886356521, 8160.243841328595, 3090.366003108178, 1623.3860027118735, 8074.6405215277455, 632.0294811933327, 2373.1104811481855, 3213.5157169918393, 6034.392099364604, 0.0, 8185.4330825198185, 4609.242192601589, 2855.4512595052647, 4721.949070063387, 8187.463464816422, 8156.077839467504, 1891.4714298766921, 6924.199028163997, 6748.095143362376, 0.0, 6346.38299592802, 8193.87672075359, 4868.511561668847, 8102.634381133673, 8156.843739456034, 3089.0783505038708, 1622.7095918232974, 8074.6405215277455, 631.7661355551012, 2372.1216850352703, 3212.1767520026424, 6031.877769122057, 0.0, 7553.4079515612375, 4607.321674867697, 2854.261488051956, 5194.776793668216, 7555.43748786515, 8152.679473429191, 633.4542495818289, 5664.084877868757, 6745.283436827705, 0.0, 6343.738669468171, 8190.462605180146, 4866.483015022535, 8099.258283204779, 8153.4450542927, 3087.791234421525, 1622.033462772614, 8071.2760877079545, 631.5028996442277, 2371.1333009207683, 3210.838344915569, 6029.364486517194, 0.0, 6293.031630860274, 4605.401957349592, 2853.0722123367923, 5667.407505705782, 6295.060321523993, 8149.28252337684, 4.575776722038427, 4404.495775178143, 6113.8583682695025, 0.0, 6341.0954448111015, 8187.049912154973, 4864.45531360406, 8095.883591983469, 8150.047785248296, 3086.5046546375897, 1621.357615442391, 8067.9130557357, 631.2397734149926, 1741.5307950649976, 3209.5004954981596, 6026.8522511135, 0.0, 5033.180467001615, 4603.483039713849, 2851.8834321532163, 6139.841288264244, 5035.20831237749, 8145.886988720457, 4.573870148251718, 3145.4315013223027, 4854.081859942896, 0.0, 6338.453321497727, 8183.63864108534, 4862.4284570612435, 8092.510306883613, 8146.651931732775, 3085.218610928607, 1620.6820497152448, 8064.551425026881, 630.9767568216951, 556.2111891441685, 3208.1632035180523, 6024.341062474641, 0.0, 3773.854241169893, 4601.564921627186, 2850.6951472947567, 6612.07822339756, 4404.495775178143, 8142.492868870295, 4.571964368870818, 1886.8918376225383, 3594.830258536751, 0.0, 6335.812299069155, 8180.228791378767, 4860.402445042054, 8089.138427319329, 8143.257493156331, 3083.9331030712133, 1620.006765473841, 8061.191194997635, 630.7138498186534, 0.0, 3206.826468742981, 6021.830920164465, 0.0, 2516.554935831036, 4599.647602756456, 3324.302560096447, 7084.118393125495, 3145.4315013223027, 8139.10016323685, 4.570059383564723, 628.8765654912668, 2964.7178789078503, 0.0, 6333.172377066683, 8176.820362443018, 4858.377277194606, 8085.767952704975, 8139.864468929408, 3082.648130842136, 1619.3317626008934, 8057.832365064346, 630.4510523602053, 0.0, 3205.4902909407774, 6019.321823747003, 0.0, 1886.8918376225383, 4954.748803920794, 3797.71263646035, 7555.961879433642, 1886.8918376225383, 8135.708871230865, 4.568155192002569, 0.0, 2963.482579692815, 0.0, 6330.5335550318, 8173.413353686106, 4856.352953167163, 8082.398882455156, 8136.472858462692, 3081.3636940181973, 1618.6570409791655, 8054.474934643642, 630.1883644007069, 0.0, 3204.154669879369, 6016.813772786464, 0.0, 628.8765654912668, 4952.684325087335, 3796.130256068568, 6924.199028163997, 628.8765654912668, 8132.318992263329, 4.56625179385363, 0.0, 2962.247795185827, 0.0, 6327.895832506186, 7541.393230948273, 4854.329472608132, 8079.03121598472, 8133.082661167117, 3554.874994917731, 2092.7778030328886, 8051.118903152392, 629.9257858945336, 0.0, 3202.819605326781, 6014.306766847243, 0.0, 0.0, 4950.620706453459, 3794.548535002002, 5664.084877868757, 0.0, 8128.930525745476, 479.35955173020716, 0.0, 2961.0135251724246, 0.0, 6325.259209031712, 6281.0219163813, 4852.306835166068, 8075.664952708759, 8129.693876453862, 4028.188999426106, 2566.7010147532856, 8074.6405215277455, 629.66331679608, 0.0, 3201.4850970511343, 6011.800805493914, 0.0, 0.0, 4948.55794766075, 3792.967472985933, 4404.495775178143, 0.0, 8125.543471088785, 953.9550211090941, 0.0, 2959.7797694382357, 0.0, 6322.623684150441, 5021.175756570741, 4850.285040489672, 8072.300092042608, 8126.3065037343495, 4501.3057897501585, 3040.4267584530016, 8071.2760877079545, 629.4009570597595, 0.0, 3200.151144820647, 6009.295888291232, 0.0, 0.0, 4946.496048350939, 3791.387069745757, 3145.4315013223027, 0.0, 8122.15782770498, 1428.35274235992, 0.0, 2958.5465277689773, 0.0, 6319.989257404624, 3761.8545327020984, 4848.264088227792, 8068.936633401848, 8122.92054242025, 4974.225448062472, 3513.955116410385, 8067.9130557357, 629.1387066400047, 0.0, 3198.8177484036337, 6006.792014804134, 0.0, 0.0, 4944.43500816591, 3789.8073250069833, 1886.8918376225383, 0.0, 8118.773595006031, 1902.552797877745, 0.0, 2957.3137999504556, 0.0, 6317.355928336707, 2503.058026052045, 4846.243978029422, 8065.5745762023, 8119.535991923478, 4972.152853959972, 3987.2861708695023, 8064.551425026881, 628.8765654912668, 0.0, 3197.484907568505, 6004.289184597739, 0.0, 0.0, 4942.374826747694, 3788.228238495237, 628.8765654912668, 0.0, 8115.390772404154, 2376.5552700232975, 0.0, 2956.081585768566, 0.0, 6314.723696489322, 1244.7860179883892, 4844.2247095437015, 8062.21391986003, 8116.152851656192, 4970.081123438417, 4460.42000404015, 8061.191194997635, 0.0, 0.0, 3196.152622083769, 6001.787397237347, 0.0, 0.0, 4940.31550373847, 3786.6498099362566, 0.0, 0.0, 8112.009359311806, 2850.360241122989, 0.0, 2954.8498850092933, 0.0, 6312.092561405294, 615.6528235380517, 4842.206282419917, 8058.854663791348, 8112.771121030797, 4968.010256137982, 4933.356698097873, 8074.6405215277455, 0.0, 0.0, 3194.820891718029, 5999.286652288439, 0.0, 0.0, 4938.257038780569, 3785.072039055895, 0.0, 0.0, 8108.629355141693, 3323.967793468929, 0.0, 2953.6186974587113, 0.0, 6309.462522627639, 1090.1915040491422, 4840.188696307502, 8055.496807412806, 8109.390799459942, 4965.940251698991, 5406.096335183974, 8071.2760877079545, 0.0, 0.0, 3193.489716239986, 5996.786949316676, 474.7952025414198, 474.7952025414198, 4936.199431516468, 3783.4949255801193, 0.0, 0.0, 8105.250759306763, 3785.072039055895, 0.0, 2952.388022902983, 0.0, 6306.8335796995625, 1564.5324600942017, 4838.1719508560345, 8052.140350141201, 8106.011886356521, 5438.666312303339, 5403.84379486411, 8067.9130557357, 0.0, 0.0, 3192.1590954184367, 5994.288287887902, 474.5973711912011, 949.3925737326209, 4934.142681588797, 3781.9184692350113, 0.0, 0.0, 8101.873571220211, 3783.4949255801193, 0.0, 2951.1578611283603, 0.0, 6779.000934705879, 2038.6757740584312, 4836.156045715239, 8048.785291393571, 8102.634381133673, 5436.40020115859, 5401.592193102789, 8064.551425026881, 0.0, 0.0, 3190.829029022274, 5991.790667568139, 474.3996222707182, 1423.792196003339, 4932.08678864033, 3780.342669746766, 0.0, 0.0, 8098.497790295473, 3781.9184692350113, 0.0, 2949.928211921185, 0.0, 7250.971553298538, 2512.621528292704, 4834.140980534986, 8045.431630587198, 8099.258283204779, 5434.135034226894, 5399.3415295089435, 8061.191194997635, 0.0, 0.0, 3664.294719361907, 5989.294087923593, 474.20195574562547, 1897.9941517489647, 4930.031752313994, 3778.767526841694, 0.0, 0.0, 8095.123415946234, 3780.342669746766, 0.0, 2948.699075067887, 0.0, 7722.7455174510515, 2986.369805113581, 4832.126754965292, 8042.079367139606, 8095.883591983469, 5431.870811114829, 5397.09180369167, 8057.832365064346, 0.0, 0.0, 4137.563132314784, 5986.798548520648, 474.0043715815914, 2371.998523330556, 4927.977572252862, 3777.1930402462176, 0.0, 0.0, 8091.750447586419, 3778.767526841694, 0.0, 2947.4704503549856, 0.0, 8194.322909102775, 3459.9206868033248, 4830.113368656319, 8038.728500468562, 8092.510306883613, 5429.607531429136, 5394.843015260229, 8054.474934643642, 0.0, 0.0, 4610.63435007982, 5984.304048925872, 473.8068697442989, 2845.8053930748547, 4925.9242481001575, 3775.6192096868754, 0.0, 0.0, 8193.553489947208, 3777.1930402462176, 0.0, 2946.2423375690887, 0.0, 8190.908607617505, 3933.2742556099124, 4828.100821258376, 8035.379029992076, 8089.138427319329, 5427.34519477672, 5392.595163824042, 8051.118903152392, 0.0, 0.0, 4608.713252280266, 5981.810588706009, 473.60945019944523, 3319.4148432743, 4923.871779499252, 3145.4315013223027, 0.0, 0.0, 8193.553489947208, 3775.6192096868754, 0.0, 2945.0147364968934, 0.0, 8187.495728757968, 4406.430593747053, 4826.089112421915, 8032.0309551284, 8085.767952704975, 5425.083800764652, 5390.3482489926955, 8074.6405215277455, 0.0, 0.0, 4606.792954938192, 5979.318167427989, 473.41211291274186, 3792.8269561870416, 4921.820166093665, 1886.8918376225383, 0.0, 0.0, 8190.139509053278, 3145.4315013223027, 0.0, 2943.787646925186, 0.0, 8184.084271931403, 4879.3897833941965, 4300.780096071669, 8028.684275296029, 8082.398882455156, 5422.823349000164, 5388.102270375937, 8074.6405215277455, 0.0, 0.0, 4604.873457720076, 5976.826784658917, 473.2148578499145, 4266.041814036957, 4919.769407527066, 628.8765654912668, 0.0, 0.0, 8186.726950651501, 1886.8918376225383, 0.0, 2942.561068640841, 0.0, 8180.6742365452965, 5352.151906696556, 3147.0754249277284, 8025.3389899137, 8079.03121598472, 5420.563839090653, 5385.857227583678, 8074.6405215277455, 0.0, 0.0, 4602.95476029253, 5345.721906398065, 473.0176849767032, 4264.26429647224, 4917.719503443271, 0.0, 0.0, 0.0, 8183.315814149172, 628.8765654912668, 0.0, 2941.335001430822, 0.0, 8177.26562200738, 5824.717045765114, 1888.5350762597404, 8021.995098400392, 8075.664952708759, 5418.30527064368, 5383.613120225989, 8071.2760877079545, 0.0, 0.0, 4601.03686232231, 4086.2654549561757, 472.82059425886234, 4262.487519539901, 4915.670453486246, 0.0, 0.0, 0.0, 8179.906098953833, 0.0, 0.0, 2311.4949115141653, 0.0, 8173.858427725636, 5834.022287200503, 1259.1336530136648, 8018.6526001753255, 8072.300092042608, 5416.047643266968, 5381.369947913108, 8067.9130557357, 0.0, 0.0, 4599.119763476308, 2827.333777077703, 472.6235856621605, 4260.711482931343, 4913.622257300104, 0.0, 0.0, 0.0, 8176.4978044732725, 0.0, 0.0, 1262.7000594816056, 0.0, 7576.159469905916, 6306.386646927789, 1258.6090139496048, 8015.311494657964, 8068.936633401848, 5413.790956568406, 5379.127710255432, 8064.551425026881, 0.0, 0.0, 4597.203463421556, 1568.9266541069774, 472.4266591523805, 4258.936186338098, 4911.574914529108, 0.0, 0.0, 0.0, 8173.090930115526, 0.0, 0.0, 842.9567389070354, 0.0, 7359.273795127791, 6778.554188156109, 1258.0845934851723, 8011.971781268014, 8065.5745762023, 5411.535210156043, 5851.681609404942, 8061.191194997635, 0.0, 0.0, 4595.287961825224, 813.9350608319455, 472.2298146953195, 4257.161629451826, 4909.528424817669, 0.0, 0.0, 0.0, 8169.685475288876, 0.0, 0.0, 628.8765654912668, 0.0, 7142.478489388054, 7250.524992893179, 1257.560391529284, 8008.63345942542, 8062.21391986003, 5409.280403638094, 6324.03861108072, 8057.832365064346, 0.0, 0.0, 4593.373258354621, 599.8669797830089, 472.0330522567888, 4255.387811964316, 4907.482787810344, 0.0, 0.0, 0.0, 8166.28143940185, 0.0, 0.0, 0.0, 0.0, 6925.7735150329345, 7722.299143112543, 1257.036407990895, 8005.296528550372, 8058.854663791348, 5407.026536622936, 6796.198797323389, 8054.474934643642, 0.0, 0.0, 4591.459352677194, 599.6170351881037, 471.83637180261405, 4253.614733567485, 4905.43800315184, 0.0, 0.0, 0.0, 7534.264288295208, 474.7952025414198, 0.0, 474.7952025414198, 0.0, 6294.273242269462, 8193.87672075359, 1256.5126427789976, 8001.9609880633, 8055.496807412806, 5404.773608719109, 7268.162250139384, 8051.118903152392, 0.0, 0.0, 4589.54624446053, 599.3671947367882, 471.6397732986351, 4251.842393953379, 4903.394070487013, 474.7952025414198, 0.0, 0.0, 6273.895944121244, 949.3925737326209, 0.0, 474.5973711912011, 0.0, 5034.421561072675, 8190.462605180146, 1255.9890958026226, 7998.626837384875, 8052.140350141201, 5402.521619535317, 7265.133848959555, 8047.764270007708, 0.0, 0.0, 5062.429135913773, 599.117458385669, 471.443256710706, 3621.456259246154, 4901.350989460863, 949.3925737326209, 0.0, 0.0, 5014.052753466031, 1423.792196003339, 0.0, 474.3996222707182, 0.0, 3775.0948181183826, 8187.049912154973, 1255.4657669708386, 7995.294075936011, 8048.785291393571, 5400.270568680427, 7262.10670961365, 8044.411034626946, 0.0, 0.0, 5535.114992813148, 598.8678260913711, 471.2468220046951, 2362.718251881387, 4899.308759718543, 1423.792196003339, 0.0, 0.0, 3754.7344975155866, 1897.9941517489647, 0.0, 474.20195574562547, 0.0, 2516.292794682298, 8183.63864108534, 1254.9426561927519, 7991.962703137861, 8045.431630587198, 5398.020455763468, 7259.080831575908, 8041.059196427705, 0.0, 0.0, 6007.603897256392, 598.6182978105375, 471.05046914648494, 1181.2440014137783, 4897.26738090535, 1897.9941517489647, 0.0, 0.0, 2495.940957547098, 2371.998523330556, 0.0, 474.0043715815914, 0.0, 1258.0152721312716, 8180.228791378767, 1254.4197633775068, 7545.118924821082, 8042.079367139606, 5395.771280393633, 7256.056214320782, 8037.708754827825, 0.0, 0.0, 6479.895931307035, 598.3688734998292, 470.85419810197226, 628.8765654912635, 4895.226852666731, 2371.998523330556, 0.0, 0.0, 1237.6719149288897, 2845.8053930748547, 0.0, 473.8068697442989, 0.0, 628.8765654912668, 8176.820362443018, 1253.8970884342855, 6469.8467978588105, 8038.728500468562, 5393.523042180277, 7253.032857322946, 8034.35970924539, 0.0, 0.0, 6477.195974452995, 598.1195531159253, 470.658008837068, 0.0, 4893.187174648279, 2845.8053930748547, 0.0, 0.0, 608.5416846883975, 2844.6196407328803, 0.0, 473.60945019944523, 0.0, 0.0, 8173.413353686106, 1253.374631272308, 5209.921961008009, 8035.379029992076, 5391.275740732918, 7250.010760057295, 8031.012059098726, 0.0, 0.0, 6949.292345122486, 597.8703366155231, 470.4619013176973, 0.0, 4891.148346495736, 3319.4148432743, 0.0, 0.0, 608.288125632826, 3318.229584995841, 0.0, 473.41211291274186, 0.0, 0.0, 7722.299143112543, 1252.8523918008323, 4579.136626449243, 8032.0309551284, 5389.029375661237, 7721.785124540357, 8027.6658038064015, 0.0, 0.0, 7421.192008955129, 597.6212239553377, 470.26587550979957, 0.0, 4889.110367854992, 3792.8269561870416, 0.0, 0.0, 608.0346722268694, 3791.6421917662383, 0.0, 473.2148578499145, 0.0, 0.0, 8193.87672075359, 1252.3303699291534, 5052.02385524367, 8028.684275296029, 5386.783946575078, 8193.362916355827, 8024.320942787227, 0.0, 0.0, 7892.895047912111, 597.3722150921022, 944.8651339207481, 0.0, 5361.868440913501, 3791.2466114955364, 0.0, 474.7952025414198, 607.781324426507, 3790.0623407266144, 0.0, 473.0176849767032, 0.0, 474.7952025414198, 8190.462605180146, 1251.8085655666052, 5049.918845135585, 8025.3389899137, 5384.539453084445, 8189.949014867567, 8020.977475460255, 0.0, 0.0, 7889.606341379052, 597.1233099825681, 944.4714400834523, 0.0, 5834.429531425812, 3789.6669252810384, 0.0, 949.3925737326209, 1082.3232847291565, 3788.4831479583095, 0.0, 472.82059425886234, 0.0, 949.3925737326209, 8187.049912154973, 1251.286978622559, 5047.814712115115, 8021.995098400392, 5382.2958947995085, 8186.536535838374, 8017.635401244781, 0.0, 0.0, 7886.319005140491, 596.8745085835046, 1418.8731128266884, 0.0, 6306.79372146799, 3788.0878972691826, 0.0, 1423.792196003339, 1556.6675191991953, 3786.904613187044, 0.0, 472.6235856621605, 0.0, 1423.792196003339, 8183.63864108534, 1250.7656090064233, 5045.711455816807, 8018.6526001753255, 5380.053271330599, 8183.125478675557, 8014.294719560341, 0.0, 0.0, 7883.033038625472, 596.625810851699, 1893.077118190468, 0.0, 6778.961093081904, 3786.5095271857176, 0.0, 1897.9941517489647, 2030.8141102223935, 3785.326736138653, 0.0, 472.4266591523805, 0.0, 1897.9941517489647, 8180.228791378767, 1250.2444566276451, 5043.60907587536, 8015.311494657964, 5377.81158228821, 8179.715842786672, 8010.955429826715, 0.0, 0.0, 7879.7484412632775, 596.3772167439566, 2367.0835385362057, 0.0, 7250.931728275242, 3784.931814756507, 0.0, 2371.998523330556, 2073.222824148535, 3783.749516539084, 0.0, 472.2298146953195, 0.0, 2371.998523330556, 8193.87672075359, 1249.7235213957088, 5041.507571925625, 8011.971781268014, 5375.570827282996, 8176.30762757952, 8007.617531463922, 0.0, 0.0, 7876.4652124834265, 596.1287262171007, 2840.8924561909994, 0.0, 7722.705709021516, 3783.3547597075276, 0.0, 2845.8053930748547, 2547.154183777452, 3782.1729541144014, 0.0, 472.0330522567888, 0.0, 2845.8053930748547, 8193.87672075359, 1249.2028032201365, 5039.406943602606, 8194.322909102775, 5373.3310059257765, 8172.900832462152, 8004.281023892226, 127.95976314344442, 0.0, 7873.1833517156765, 595.8803392279726, 2839.7087509062235, 0.0, 8194.283117260087, 3781.778361764871, 0.0, 3319.4148432743, 2546.0928694493064, 3780.5970485907815, 0.0, 471.83637180261405, 0.0, 2844.6196407328803, 8190.462605180146, 1248.682302010488, 5037.307190541458, 8190.908607617505, 5371.09211782753, 8193.362916355825, 8000.945906532128, 127.90644657120266, 0.0, 7869.902858390023, 595.6320557334317, 2838.5255388320224, 0.0, 8190.868832354753, 3151.5880870867272, 0.0, 3792.8269561870416, 2545.0319973354995, 3779.0217996945157, 0.0, 471.6397732986351, 0.0, 2843.434382454421, 8187.049912154973, 1248.1620176763608, 5035.208312377489, 8187.495728757968, 5368.854162599399, 8193.362916355825, 7997.612178804375, 127.85315221420112, 0.0, 7866.623731936697, 595.383875690355, 2837.342819762892, 0.0, 8187.455970068243, 1893.0458581426892, 0.0, 3791.2466114955364, 2543.9715672517755, 3777.447207152009, 0.0, 471.443256710706, 0.0, 2842.2496180336175, 8183.63864108534, 1247.6419501273904, 4404.495775178142, 8184.084271931403, 5366.617139852688, 8189.949014867565, 7994.279840129952, 127.79988006318344, 0.0, 7863.34597178617, 595.1357990556379, 2836.1605934934128, 0.0, 8184.044529807799, 1263.642555404012, 0.0, 3789.6669252810384, 2542.911579013955, 3775.873270689781, 0.0, 471.2468220046951, 0.0, 2841.0653472646954, 8193.87672075359, 1247.1220992732492, 3145.431501322302, 8180.6742365452965, 5364.381049198862, 8193.362916355825, 7990.9488899300895, 127.74663010889712, 0.0, 7860.069577369148, 594.8878257861935, 2834.9788598182517, 0.0, 8180.634510980912, 1263.1160376304722, 0.0, 3788.0878972691826, 2541.8520324379356, 3774.2999900344644, 0.0, 945.8456716879048, 0.0, 2839.8815699419665, 8190.462605180146, 1246.602465023648, 1886.8918376225383, 8177.26562200738, 5362.14589024955, 8189.949014867565, 7987.619327626254, 127.69340234209353, 0.0, 7856.794548116575, 594.639955838953, 2833.797618532162, 0.0, 8177.225912995315, 1262.5897392393556, 0.0, 3786.5095271857176, 2540.7929273396917, 3772.727364912807, 0.0, 1420.2467718345931, 0.0, 2210.083752291812, 8187.049912154973, 1246.0830472883347, 628.8765654912668, 8173.858427725636, 5359.911662616541, 8186.536535838372, 7984.291152640156, 127.64019675352789, 0.0, 7853.520883459634, 594.3921891708654, 2832.6168694299804, 0.0, 8173.818735258994, 1262.063660139253, 0.0, 3784.931814756507, 2539.734263535274, 3771.155395051669, 0.0, 1894.450204840407, 0.0, 951.9338168519885, 8183.63864108534, 1245.563845977095, 0.0, 8170.452653108288, 5832.473568453207, 8193.362916355825, 7980.964364393746, 127.58701333395925, 0.0, 7850.248582829742, 594.1445257388979, 2831.4366123066306, 0.0, 8170.412977180175, 1261.537800238793, 0.0, 3783.3547597075276, 2538.67604084081, 3769.584080178026, 0.0, 2368.4560530666618, 0.0, 213.81803226703073, 8180.228791378767, 1245.0448609997525, 0.0, 8167.0482975638115, 6304.838573480022, 8189.949014867565, 7977.638962309217, 127.53385207415053, 0.0, 7846.977645658555, 593.8969655000352, 2830.256846957122, 0.0, 8167.008638167337, 1261.0121594466423, 0.0, 3781.778361764871, 2537.618259072504, 4242.808622560386, 0.0, 2842.264398840355, 0.0, 0.0, 8176.820362443018, 1244.5260922661678, 0.0, 7535.030826932909, 6777.006759738998, 8186.536535838372, 7974.314945809001, 127.48071296486852, 474.7952025414198, 7843.708071377965, 593.6495084112803, 2829.077573176548, 0.0, 8194.283117260085, 1735.2819402129257, 0.0, 3780.2026206547434, 2536.5609180466363, 4241.040785492892, 0.0, 3315.8753244541826, 0.0, 0.0, 8173.413353686106, 1244.0075396862394, 0.0, 6274.6621633678205, 7248.97820923796, 7869.609022214572, 7970.99231431577, 127.42759599688381, 949.3925737326209, 7211.825325852085, 593.4021544296539, 2827.8987907600886, 0.0, 7562.254298786735, 2209.3541085547477, 0.0, 3778.627536103464, 2535.504017579565, 4239.273685024235, 0.0, 3789.2889121665507, 0.0, 0.0, 8170.00776451629, 1243.4892031699032, 0.0, 5014.818653454563, 7720.753003950565, 6924.199028163997, 7339.056533684423, 127.37450116097087, 1423.792196003339, 5951.591331256554, 593.1549035121949, 2826.720499503009, 0.0, 6301.874292107466, 2683.2287468106247, 0.0, 3777.053107837467, 2534.4475574877233, 4237.5073208475, 0.0, 4262.505244201592, 0.0, 0.0, 8166.603594342075, 1242.9710826271328, 0.0, 4384.114611947114, 8192.331225816313, 5664.084877868757, 6139.553004233552, 127.32142844790798, 1897.9941517489647, 4691.882434200779, 592.9077556159597, 2825.5426992006587, 0.0, 5042.019443806327, 3156.905937284766, 0.0, 3775.4793355833, 2533.3915375876218, 4235.741692655896, 0.0, 4735.524402749178, 0.0, 0.0, 8163.200842572212, 1242.4531779679392, 0.0, 4382.287897379332, 8188.917754199146, 4404.495775178143, 4879.765789807771, 127.2683778484773, 2371.998523330556, 3432.6984158941004, 592.6607106980227, 2824.365389648474, 0.0, 4404.495775178143, 3630.385762247087, 0.0, 3773.9062190676245, 2532.3359576958474, 4233.976800142765, 0.0, 5208.346469964935, 0.0, 0.0, 8159.799508615701, 1241.9354891023709, 0.0, 4380.4619439426815, 8185.505704861933, 3145.4315013223027, 3620.5034867633267, 127.21534935346483, 2845.8053930748547, 2174.0390576370223, 1067.2089712568963, 2823.188570641975, 0.0, 3145.4315013223027, 4103.668303933225, 0.0, 3772.3337580172165, 2531.280817629063, 4232.212643001572, 0.0, 5680.971527970258, 0.0, 0.0, 8156.3995918817845, 1241.4180159405137, 0.0, 4378.636751320024, 8182.095077212057, 1886.8918376225383, 2361.7658763871264, 127.16234295366039, 3319.4148432743, 915.9041408211733, 1541.559503358052, 2822.0122419767677, 0.0, 1886.8918376225383, 4576.75364454455, 0.0, 3770.761952158965, 2530.2261172040085, 4230.449220925915, 0.0, 6153.399658852324, 0.0, 0.0, 8153.001091779955, 1240.9007583924913, 0.0, 4376.812319194353, 8178.685870657149, 628.8765654912668, 1103.5527400572073, 127.10935863985762, 3792.8269561870416, 286.9079804972848, 2015.712389388354, 3005.2380668177047, 0.0, 628.8765654912668, 4753.7950343111725, 0.0, 3949.471599854276, 2529.1718562374995, 4228.686533609514, 0.0, 6625.630944664109, 0.0, 0.0, 8149.604007719947, 1240.3837163684645, 0.0, 4374.988647248795, 8175.278084605086, 0.0, 474.47839281071555, 127.05639640285403, 4266.041814036957, 761.5836380372672, 2489.6677117003383, 3003.9858841896894, 0.0, 0.0, 5226.60948876317, 0.0, 4422.621189097441, 2528.118034546428, 4226.924580746221, 0.0, 7097.665467424398, 0.0, 0.0, 8146.208339111744, 1239.8668897786317, 0.0, 4373.165735166609, 8171.871718463992, 0.0, 474.2806934645618, 127.00345623345098, 4739.05949901366, 761.2663114960322, 2488.6303500708077, 3002.734223304478, 0.0, 0.0, 5224.431734635298, 0.0, 4895.573632662649, 2527.064651947763, 4225.163362030013, 0.0, 7094.708106576383, 0.0, 0.0, 8142.814085365574, 1239.3502785332284, 0.0, 4846.138785172604, 8168.466771642236, 0.0, 474.08307649314224, 126.9505381224536, 5211.880093272522, 760.9491171742001, 2487.593420675324, 3001.4830839446768, 0.0, 0.0, 5222.254887905053, 0.0, 5368.329012693941, 2526.01170825855, 4223.402877154995, 0.0, 7091.751977962153, 0.0, 0.0, 8139.421245891912, 1238.833882542528, 0.0, 5318.914763058664, 8165.063243548437, 0.0, 474.08307649314224, 126.89764206067089, 5209.708476393263, 760.6320550166793, 2486.5569233337897, 3000.232465892984, 0.0, 142.02003393838143, 5220.078948194351, 0.0, 5840.887411301127, 2524.9592032959085, 4221.6431258154, 0.0, 7088.797081068278, 0.0, 0.0, 8136.029820101477, 1238.317701716841, 0.0, 5791.493750938179, 8161.661133591457, 0.0, 653.4544213972188, 126.84476803891569, 5207.537764354442, 760.3151249684013, 2485.5208578661823, 2998.9823689321875, 0.0, 616.7560614609263, 5217.903915125267, 0.0, 6313.248910559809, 2523.907136877037, 4219.884107705589, 0.0, 7085.843415381541, 0.0, 0.0, 8132.639807405234, 1237.801735966515, 0.0, 6263.875830890325, 8158.260441180405, 0.0, 1127.9773512412746, 126.79191604800465, 5205.367956779043, 759.9983269743207, 2484.4852240925543, 2997.7327928451664, 0.0, 1091.2942822895122, 5215.729788320035, 0.0, 6785.413592511387, 2522.855508819208, 4218.125822520049, 0.0, 7082.890980388937, 0.0, 474.7952025414198, 8129.2512072143945, 1237.2859852019355, 0.0, 6736.061084960078, 8154.861165724638, 0.0, 1602.3025631820778, 126.73908607875826, 5203.199053290206, 759.6816609794148, 2483.450021833033, 2996.48373741489, 0.0, 1565.6347788436017, 5213.556567401045, 0.0, 7257.38153916308, 2521.8043189397713, 4216.368269953395, 0.0, 7079.939775577679, 0.0, 474.5973711912011, 8125.864018940414, 1236.7704493335252, 0.0, 7208.049595158229, 8151.463306633758, 0.0, 2076.430139602095, 126.68627812200081, 5201.031053511229, 759.365126928684, 2482.4152509078212, 2995.235202424418, 0.0, 2039.7776335083156, 5211.384251990843, 0.0, 7729.1528324879355, 2520.753567056153, 4214.611449700369, 0.0, 7076.989800435191, 0.0, 474.3996222707182, 8122.478241994993, 1236.255128271744, 0.0, 7679.841443461398, 8148.066863317613, 0.0, 2550.360162849466, 126.63349216856044, 5198.863957065566, 759.0487247671516, 2481.380911137196, 2993.9871876569, 0.0, 2038.927726093028, 5209.212841712134, 0.0, 7725.932351883427, 2519.7032529858543, 4212.8553614558405, 0.0, 7074.04105444911, 0.0, 474.20195574562547, 8119.093875790079, 1235.740021927089, 0.0, 8151.436711812047, 8144.6718351862955, 0.0, 2549.2975126966003, 126.5807282092691, 5196.697763576827, 758.7324544398637, 2480.34700234151, 3467.5348954369965, 0.0, 2038.0781728058585, 5207.04233618778, 0.0, 7722.713213145945, 2518.6533765464537, 3714.873455166497, 0.0, 7071.093537107288, 0.0, 474.0043715815914, 8115.710919737864, 1235.2251302100947, 0.0, 8148.040279577078, 8141.2782216501455, 0.0, 2548.2353053146667, 126.52798623496255, 5194.53247266878, 758.4163158918893, 2954.108726882609, 3940.8852916563997, 0.0, 2037.2289734992535, 5204.872735040801, 0.0, 8194.290618257797, 2517.6039375556043, 2588.4845077866903, 0.0, 7068.147247897791, 0.0, 473.8068697442989, 8112.329373250784, 1234.710453031333, 0.0, 8144.64526252232, 8137.886022119749, 0.0, 2547.173540519178, 126.4752662364804, 5192.368083965351, 758.1003090683205, 3427.6730506893578, 4414.038458528266, 0.0, 2036.3801280257212, 5202.704037894371, 0.0, 8190.876330227047, 2516.554935831036, 2091.1794227405226, 0.0, 7065.202186308896, 0.0, 473.60945019944523, 8108.949235741518, 1234.1959903014128, 0.0, 8194.322909102775, 8134.495236005937, 0.0, 2546.112218125723, 126.42256820466602, 5664.99979963204, 757.7844339142721, 3901.040056012068, 4886.994478231498, 0.0, 2035.5316362378312, 5675.331446913245, 0.0, 8187.463464816424, 1886.8918376225383, 2090.3080979113415, 0.0, 7062.258351829094, 0.0, 473.41211291274186, 8105.570506622995, 1233.6817419309807, 0.0, 7562.294074049489, 8131.105862719785, 0.0, 2545.0513379499666, 126.36989213036667, 6137.434585401446, 757.4686903748817, 4374.209825066781, 5359.753432910755, 0.0, 2034.6834979882144, 6147.761927829273, 0.0, 8184.052021433168, 628.8765654912668, 2089.4371361342014, 0.0, 7059.315743947091, 0.0, 473.2148578499145, 8102.193185308383, 1233.16770783072, 0.0, 6301.914050797192, 8127.717901672616, 0.0, 2543.9908998076526, 126.31723800443335, 6134.877320786281, 757.1530783953099, 4847.182440035283, 5832.31540467647, 0.0, 2033.8357131295634, 6619.995562695839, 0.0, 8180.641999484769, 0.0, 2088.566537257831, 0.0, 7056.374362151802, 0.0, 473.0176849767032, 8098.817271211099, 1232.6538879113516, 0.0, 5538.445065070299, 8124.331352275995, 0.0, 2542.9309035146, 126.26460581772093, 6132.321121698124, 756.8375979207401, 5319.9579830651155, 6304.680475604864, 0.0, 2032.9882815146316, 7092.032433532136, 0.0, 8177.233398378962, 0.0, 2087.6963011310213, 0.0, 7053.43420593236, 0.0, 472.82059425886234, 8095.442763744801, 1232.1402820836336, 0.0, 4907.522845873888, 8120.9462139417365, 0.0, 3016.666551428124, 126.21199556108807, 6129.7659876930065, 756.5222488963785, 5792.536536269593, 6776.848727737959, 0.0, 2032.1412029962344, 7563.872622323182, 0.0, 8194.290618257797, 0.0, 2086.826427602627, 0.0, 7050.495274778107, 0.0, 472.6235856621605, 7463.455128755376, 1231.6268902583608, 0.0, 4905.478044524523, 7504.797994393912, 0.0, 3015.40960693114, 126.15940722539723, 6127.2119183271425, 1231.0022338088743, 6264.918181727816, 7248.820243083594, 474.7952025414198, 2031.294477427248, 6932.1064749104025, 0.0, 7562.2617966590315, 0.0, 2560.752119062985, 0.0, 7047.5575681786, 0.0, 472.4266591523805, 6203.116288400247, 1705.9089148877856, 0.0, 4903.434095175789, 6260.291969723423, 0.0, 3014.153186161072, 126.10684080151468, 6124.658913156933, 1230.4893161704206, 6737.103001484686, 7720.595103615435, 949.3925737326209, 2030.4481046606102, 5671.989029845421, 0.0, 6301.88178685565, 0.0, 3034.480341469437, 474.7952025414198, 7044.6210856236075, 0.0, 472.2298146953195, 4943.302589270611, 2179.9933219911386, 0.0, 4901.390997472685, 5415.34003954622, 0.0, 3012.8972888997, 126.0542962803105, 6122.106971738962, 1460.6844211074485, 7209.091077550916, 8192.173391272996, 1423.792196003339, 2029.6020845493201, 4412.396633757887, 0.0, 5042.026935431699, 0.0, 3508.011177100762, 949.3925737326209, 7041.68582660311, 0.0, 472.0330522567888, 3684.013812557606, 2653.880193909062, 0.0, 4899.348751060358, 5199.35470626944, 0.0, 3011.6419149288954, 126.00177365265856, 6119.556093630001, 1934.8710050913842, 7680.882491903054, 8188.759985420227, 1897.9941517489647, 2028.7564169464379, 3153.3290678773756, 0.0, 3782.6970235711688, 0.0, 3981.344708201456, 1423.792196003339, 7038.7517906073035, 0.0, 819.2726396457464, 2455.6721219331407, 3127.5696129478906, 0.0, 4897.307355584105, 4354.844833320708, 0.0, 3010.3870640306204, 125.94927290943656, 6117.0062783870035, 2408.860011316187, 7731.373525840549, 8185.348001820011, 2371.998523330556, 2027.911101705085, 1894.7861135246167, 0.0, 2523.8918325492255, 0.0, 4454.481016981747, 1897.9941517489647, 7035.8189771265925, 0.0, 1293.7264785600048, 1856.4567739553963, 3601.0616613796633, 0.0, 4895.266810689368, 3724.4157809269805, 0.0, 3009.1327359869283, 125.896794041526, 6379.219758390846, 2882.65152210593, 7728.15211994707, 8181.937439879741, 2845.8053930748547, 2027.0661386784443, 636.7675521114561, 0.0, 1498.3093236711725, 0.0, 4927.420185617609, 1897.2033207891361, 7032.887385651596, 0.0, 1767.9826283589005, 628.8765654912668, 4074.3564214421394, 0.0, 4893.227116021739, 2465.6348737580815, 0.0, 3007.878930579963, 125.84433703981213, 6851.356952486963, 3356.245619750384, 7724.932056306154, 8178.52829900706, 3319.4148432743, 2026.2215277197595, 7.887698708834591, 0.0, 1101.76867444069, 0.0, 5400.162296250774, 1896.412819342234, 7029.957015673145, 0.0, 2242.0411714129045, 0.0, 4547.4539753388135, 0.0, 4891.188271226955, 1207.3784586757956, 0.0, 3006.6256475919586, 125.79190189518407, 7323.2974227364675, 3829.642386505033, 7721.713334358529, 8175.120578609856, 3792.8269561870416, 2025.3772686823356, 482.6796147088628, 0.0, 1576.104806664367, 0.0, 5397.912228447331, 1895.622647270961, 7027.027866682283, 0.0, 2715.9021900581674, 0.0, 4545.559202697507, 0.0, 4889.150275950905, 578.260850709752, 0.0, 3005.3728868052413, 125.73948859853468, 7795.041251107637, 3828.046702049668, 8193.291156086576, 8171.714278096265, 3791.2466114955364, 2024.5333614195388, 957.2737007280646, 0.0, 2050.24329881714, 0.0, 5395.663098172214, 2369.628006979497, 7024.099938170265, 0.0, 3189.5657665965327, 0.0, 4543.665219544865, 0.0, 5361.90833238104, 578.0199086693476, 0.0, 3004.120648002227, 125.68709714076064, 7791.793316993175, 3826.4516824628795, 8189.8772844984305, 8168.309396874668, 3789.6669252810384, 2023.6898057847964, 956.8748366541855, 0.0, 2524.1842332490446, 0.0, 5393.414905034787, 2368.6406618976016, 7021.173229628557, 0.0, 3188.2367807541323, 0.0, 4541.7720255519325, 0.0, 5834.4694062719045, 577.7790670214681, 0.0, 3002.8689309654224, 125.63472751276242, 7788.546736184701, 3824.8573274676382, 8186.464835356894, 8164.905934353694, 3788.0878972691826, 2022.8466016315965, 956.4761387736838, 120.7211020827534, 2997.9276922758045, 0.0, 5391.167648644576, 2842.4489307509425, 7018.24774054884, 0.0, 3186.908348655877, 0.0, 4539.879620389894, 0.0, 6306.8335796995625, 577.5383257242833, 0.0, 3001.6177354774245, 600.3775822468641, 7785.301508118339, 3823.263636787032, 8183.0538080692795, 8161.503889942216, 3786.5095271857176, 2022.0037488134885, 956.0776070173123, 595.466004160948, 3471.473758178845, 0.0, 5388.921328611268, 3316.0597794764676, 7015.3234704230035, 0.0, 3185.58047007104, 0.0, 4537.988003730069, 0.0, 6779.000934705879, 577.2976847359802, 0.0, 3000.367061320922, 600.1274249009153, 7782.057632230447, 3821.670610144262, 8179.64420204315, 8158.103263049357, 3784.931814756507, 2021.1612471840829, 955.6792413158526, 1070.013095847452, 3944.822513205308, 0.0, 5386.675944544716, 3789.4732903325703, 7012.40041874315, 0.0, 3184.253144768991, 0.0, 4536.097175243915, 0.0, 7250.971553298538, 577.0571440147636, 0.0, 2999.116908278693, 1074.6725743286222, 7778.8151079576155, 3820.078247262646, 8176.236016686311, 8154.704053084483, 3783.3547597075276, 2020.319096597051, 955.281041600115, 1544.3624595632684, 4417.974039568066, 0.0, 5384.431496054934, 4262.68954554337, 7009.478585001594, 0.0, 3182.926372519196, 0.0, 4534.207134603027, 0.0, 7722.7455174510515, 576.8167035188555, 0.0, 2997.867276133606, 1549.019996594916, 7775.573934736673, 3818.4865478656175, 8172.829251406817, 8151.306259457208, 3781.778361764871, 2019.477296906125, 954.883007800939, 2018.5141776950582, 4890.928419445733, 0.0, 5382.187982752097, 4735.7086272987235, 7006.557968690861, 0.0, 3181.6001530912154, 0.0, 4532.317881479135, 115.47462210989167, 8194.322909102775, 576.5763632064954, 0.0, 2996.618164668622, 2023.1697740861207, 7772.334112004681, 3816.8955116767243, 8169.42390561297, 8147.909881577391, 3780.2026206547434, 2018.6358479650983, 954.4851398491926, 2017.673130053735, 5363.685734982687, 0.0, 5379.945404246544, 5208.530617754245, 7003.638569303688, 0.0, 3180.2744862547074, 0.0, 4530.429415544108, 115.4265076801634, 8194.322909102775, 576.3361230359402, 0.0, 2995.3695736667896, 2497.1219891542323, 7769.095639198935, 3815.305138419629, 7537.405445145301, 8144.514918855138, 3778.627536103464, 2017.794749627825, 954.0874376757727, 2016.8324328489568, 5836.246068289074, 0.0, 5377.703760148776, 5681.155599031316, 7000.720386333024, 0.0, 3178.9493717794257, 0.0, 4528.541736469951, 590.1736158395356, 8194.322909102775, 576.095982965464, 0.0, 2994.1215029112495, 2496.081521575514, 7765.858515756966, 3813.715427818111, 6277.035792155878, 8141.121370700798, 3777.053107837467, 2016.9540017482204, 1428.4851037530248, 2015.9920859347087, 6308.609501440832, 0.0, 5375.4630500694575, 6153.5836532171015, 6997.803419272029, 0.0, 3177.6248094352195, 0.0, 4526.6548439288035, 589.9277101465967, 8190.908607617505, 575.8559429533586, 0.0, 2992.8739521852326, 2495.0414875249885, 7762.622741116539, 3812.126379596063, 5017.191293230547, 8137.72923652497, 3775.4793355833, 2016.1136041802604, 1902.685104120265, 2015.1520891650362, 6305.980913938279, 0.0, 5373.223273619414, 6625.814862364562, 6994.887667614073, 0.0, 3176.3007989920343, 0.0, 4524.7687375929445, 589.6819069143714, 8187.495728757968, 575.6160029579329, 0.0, 2991.62692127206, 2494.0018868220186, 7759.388314715654, 3810.537993477494, 3757.871729555095, 8134.338515738494, 3773.9062190676245, 2015.2735567779816, 2376.6875211382117, 2014.3124423940458, 6303.353421680606, 0.0, 5370.984430409631, 7097.849308492469, 6991.973130852737, 0.0, 3174.977340219911, 0.0, 4522.883417134789, 589.4362061001677, 8184.084271931403, 575.3761629375133, 0.0, 2361.7658763871264, 2492.962719286043, 7756.155235992543, 3808.9502691865273, 2499.0768824064858, 8130.949207752458, 3772.3337580172165, 2014.4338593954817, 2850.4924371332677, 2013.4731454759046, 6300.727024211461, 0.0, 5368.7465200512615, 7569.687073585423, 6989.059808481817, 0.0, 3173.6544328889872, 0.0, 4520.998882226887, 589.1906076613114, 8180.6742365452965, 575.1364228504435, 0.0, 1103.5527400572073, 2491.923984736575, 7752.923504385674, 3807.363206447402, 1823.508993283914, 8127.5613119781965, 3770.761952158965, 2013.5945118869192, 3324.0999343975323, 2012.6341982648407, 6298.101721074682, 0.0, 5366.509542155615, 8041.3282395938595, 6986.147699995314, 0.0, 3172.332076769495, 0.0, 4519.115132541926, 588.9451115551462, 8177.26562200738, 574.8967826550846, 0.0, 474.47839281071555, 2490.8856829932042, 7749.69311933375, 3805.77680498447, 1609.0202563961366, 8124.174827827287, 3769.1908012198733, 2012.7555141065134, 3797.5100951888166, 2011.7956006151426, 6295.477511814298, 0.0, 5364.273496334167, 8193.362978832509, 6983.236804887444, 0.0, 3171.0102716317633, 0.0, 4517.23216775273, 588.6997177390334, 8173.858427725636, 574.6572423098152, 0.0, 474.2806934645618, 2489.8478138755945, 7746.464080275704, 3804.1910645222006, 1608.349831235671, 8120.7897547115535, 3767.620304927059, 2011.916865908544, 4270.723001730657, 2010.9573523811598, 6292.854395974527, 0.0, 5362.038382198552, 8193.362978832509, 6980.327122652633, 0.0, 3169.6890172462167, 0.0, 4515.349987532259, 588.4544261703522, 7541.838119540272, 574.4178017730309, 0.0, 474.08307649314224, 2488.8103772034847, 7743.236386650708, 4277.401187326596, 1607.6796854190445, 8117.406092043065, 3766.050463007752, 2011.0785671473516, 3640.329000102896, 2010.1194534173026, 6290.232373099776, 0.0, 5359.804199360568, 8189.949077318217, 6977.418652785517, 0.0, 3168.3683133833747, 0.0, 4988.263794095028, 1063.0044393479193, 6281.466619603037, 574.1784610031449, 0.0, 474.08307649314224, 2487.7733727966897, 7740.010037898162, 4750.4141392307165, 1607.009818829864, 8114.023839234133, 3764.4812751892973, 2010.2406176773377, 2381.5831290954766, 2009.2819035780415, 6287.611442734644, 0.0, 5832.3661499735945, 8186.536598263003, 6974.511394780943, 0.0, 3167.0481598138526, 0.0, 5460.980553222633, 1537.3567233375109, 5021.620274499454, 573.9392199585876, 0.0, 474.08307649314224, 2486.736800475099, 7736.785033457705, 5223.23000238911, 1606.3402313517845, 8110.642995697319, 3762.9127411991526, 2009.4030173529643, 1123.3617355762685, 2008.444702717908, 6284.991604423917, 0.0, 6304.731199758114, 8183.125541074176, 6971.605348133968, 0.0, 3165.728556308362, 0.0, 5933.500347018177, 1536.716157984875, 3762.298865414993, 573.700078597807, 0.0, 474.08307649314224, 2485.7006600586765, 7733.561372769205, 5695.848858922093, 1605.67092286851, 8107.263560845424, 3761.3448607648893, 2008.5657660287538, 247.1910654332436, 2007.6078506914941, 6282.372857712574, 0.0, 6776.899430756143, 8179.715905159292, 6968.7005123398585, 0.0, 3164.4095026377095, 0.0, 6405.823257550556, 2010.871062075911, 2503.5021736262947, 573.4610368792679, 0.0, 474.08307649314224, 2484.664951367462, 7730.339055272766, 6168.270790915767, 1605.0018932637925, 8103.885534091496, 3759.7776336141924, 2007.7288635592897, 0.0, 2006.7713473534525, 6279.755202145781, 0.0, 7248.870924975518, 8176.307689926151, 6965.796886894093, 0.0, 3163.0909985727967, 0.0, 6877.949366854469, 2484.82840160777, 1245.2299805011348, 573.2220947614529, 0.0, 474.08307649314224, 2483.62967422157, 7727.118080408724, 6640.49588042203, 1604.3331424214325, 8100.508914848829, 3758.2110594748606, 2006.8923097992158, 0.0, 2005.9351925584963, 6277.138637268896, 0.0, 7720.645764389904, 8172.900894782805, 6962.894471292361, 0.0, 3161.773043884622, 0.0, 7349.878756930435, 2483.793056357606, 308.1124906405532, 572.9832522028616, 0.0, 806.8755589041544, 2482.59482844119, 7723.89844761765, 7112.52420945859, 1603.6646702252792, 8097.1337025309585, 3756.645138074806, 2006.0561046032365, 0.0, 2005.0993861613993, 6274.523162627463, 0.0, 8192.224030938807, 8169.495519137549, 6959.99326503056, 0.0, 3160.4556383442778, 0.0, 7821.611509744805, 2482.758142501331, 0.0, 572.744509162011, 0.0, 806.5393607277152, 2481.5604138465865, 7720.680156340347, 7584.355860008985, 1602.99647655923, 8093.759896551666, 4229.875071683473, 2005.2202478261167, 474.7952025414198, 2004.2639280169954, 6271.9087777672175, 0.0, 8188.810603986176, 8166.091562398926, 6957.093267604798, 0.0, 3633.933984264372, 0.0, 7818.352504688358, 2481.7236598591967, 474.7952025414198, 572.5058655974353, 0.0, 806.2033026338607, 2480.5264302580986, 8192.25840855927, 7581.195711481169, 1602.3285613072303, 8090.387496324978, 4702.9078261373625, 2004.384739322682, 949.3925737326209, 2003.4288179801795, 6269.295482234084, 474.7952025414198, 8185.398599294888, 8162.689023975724, 6954.194478511393, 0.0, 3632.419844983131, 0.0, 7815.094857550793, 2480.6896082515314, 949.3925737326209, 572.2673214676862, 0.0, 805.8673845642232, 2479.4928774961404, 8188.844967282628, 7578.036879682013, 1601.6609243532748, 8087.016501265163, 4700.948281053042, 2478.344781489238, 948.9969934619193, 2002.5940559059068, 6266.683275574177, 949.3925737326209, 8181.988016272336, 8159.287903276978, 6951.296897246873, 0.0, 3630.9063365933075, 0.0, 7811.83856776631, 2479.655987498737, 1423.792196003339, 572.0288767313325, 0.0, 805.5316064604593, 2478.459755381201, 8185.432948273299, 7574.879364062878, 1600.9935655814056, 8083.646910786736, 4698.989552445905, 2477.3121377476728, 948.6015780163436, 2001.7596416491929, 6264.072157333799, 1423.792196003339, 8178.578854326156, 7527.273666143954, 6948.400523307978, 0.0, 3629.3934588320303, 0.0, 7808.583634769347, 2478.6227974212907, 1897.9941517489647, 571.7905313469602, 0.0, 805.1959682642498, 2477.4270637338436, 8182.0223509386715, 7571.723164075356, 1600.3264848757137, 8080.278724304454, 4697.031639975753, 2476.2799242743677, 948.2063273272169, 2000.925575065114, 6261.462127059441, 1897.9941517489647, 8175.171112864235, 6266.9082347294525, 6945.505356191653, 0.0, 3627.8812114365373, 0.0, 7805.3300579945735, 2477.5900378397446, 2371.998523330556, 571.5522852731726, 0.0, 804.8604699172998, 2476.394802374707, 8178.61317468638, 7568.568279171268, 1599.659682120338, 8076.911941233318, 4695.074543302529, 2475.248140890044, 947.8112413258904, 2000.091856008806, 6258.8531842977845, 2371.998523330556, 8171.764791294702, 5007.067955620053, 6942.611395395056, 0.0, 3626.369594144176, 0.0, 7802.077836876899, 2476.557708574725, 2845.8053930748547, 571.3141384685904, 0.0, 804.525111361339, 2475.3629711245044, 8175.205418924307, 7565.414708802661, 1598.993157199466, 8073.546560988574, 4693.1182620863165, 2474.2167874154984, 947.4163199437443, 1999.258484335466, 6256.245328595699, 2845.8053930748547, 8168.359889025937, 3747.752610002277, 6939.718640415555, 0.0, 3624.858606692404, 0.0, 7798.8269708514645, 2475.5258094469336, 3319.4148432743, 571.0760908918513, 0.0, 804.189892538121, 2474.3315698040237, 8171.799083060582, 7562.262452421814, 1598.3269099973331, 8070.182582985711, 4691.162795987343, 2473.1858636716015, 947.0215631121872, 1998.425459900351, 6253.638559500243, 3319.4148432743, 8164.956405466565, 2488.961979153819, 6936.827090750724, 0.0, 3623.348248818787, 0.0, 7795.577459353649, 2474.494340277147, 3792.8269561870416, 570.8381425016105, 0.0, 803.8548133894237, 2473.300598234128, 8168.394166503581, 7559.111509481229, 1597.6609403982234, 8066.820006640461, 4689.208144665977, 2472.1553694792988, 946.6269707626565, 2472.387985100198, 6251.032876558664, 3318.031753645622, 7947.82539861233, 1859.3103780115234, 6933.936745898351, 0.0, 3621.838520261001, 0.0, 7792.329301819066, 2473.463300886215, 4266.041814036957, 570.6002932565402, 0.0, 803.5198738570497, 2472.2700562357536, 8164.990668661925, 7555.961879433642, 1596.9952482864687, 8063.458831368799, 4687.254307782726, 2471.1253046596107, 946.2325428266179, 2471.3578233573267, 6248.428279318397, 3316.6492403043353, 7217.80346151011, 1858.5356652920416, 6931.047605356429, 0.0, 3620.329420756831, 0.0, 7789.082497683564, 2472.432691095064, 4739.05949901366, 1045.1577456567497, 0.0, 803.1850738828252, 2471.2399436299133, 8161.5885889444835, 6924.199028163997, 1596.3298335464497, 8192.173391272994, 5160.096487539661, 2470.095669033632, 1420.6334817769857, 2470.3280908485494, 6245.824767327066, 3315.26730301032, 7001.067101747427, 1857.761275369552, 6928.159668623162, 0.0, 3618.8209500441717, 0.0, 7785.837046383226, 2471.4025107246935, 4737.084890731102, 1519.5174657693074, 0.0, 802.8504134086013, 2470.210260237693, 8158.187926760371, 5664.084877868757, 1595.6646960625944, 8192.173391272994, 5157.946447164517, 2469.0664624225315, 1894.8367536536439, 2469.2987873950183, 5614.607806564471, 3313.885941523557, 6998.149990221664, 1856.9872081095561, 6296.658401628949, 0.0, 3617.313107861026, 0.0, 7782.592947354372, 2470.372759596178, 4735.1111052020615, 1993.6795359826729, 0.0, 802.5158923762527, 2469.181005880254, 8154.788681518948, 4404.495775178143, 1594.9998357193797, 8188.759985420225, 5155.7973026396, 2468.0376846475533, 2232.6436479111812, 2468.2699128179606, 4355.039319321883, 2683.89062203611, 6995.234094159134, 1856.213463377611, 5036.805726615683, 0.0, 3615.805893945507, 0.0, 7779.350200033555, 2469.3434375306674, 4104.5236085157085, 1992.8488361095576, 0.0, 802.1815107276788, 2468.1521803788314, 8151.390852629822, 3145.4315013223027, 1594.33525240133, 8185.348001820009, 5153.649053591641, 2467.0093355300155, 2706.50858219155, 2467.2414669386776, 3095.995652324299, 1425.5432670514328, 6992.319413053393, 1855.44004103933, 3777.4779902590008, 0.0, 3614.299308035836, 0.0, 7776.108803857563, 2468.314544349385, 2845.584323072644, 1992.018482361417, 0.0, 801.8472684048029, 2467.1237835547354, 8147.994439502847, 1886.8918376225383, 2068.466148534438, 8181.937439879739, 5151.501699647523, 2465.981414891311, 3180.1760727335063, 2466.2134495785454, 2466.0911204646145, 398.25034736631915, 6989.40594639821, 1992.1631687886309, 3147.289507402461, 0.0, 3612.7933498703446, 0.0, 7772.868758263418, 2467.286079873629, 1587.1695957071456, 2465.9836771354526, 0.0, 801.5131653495727, 2466.09581522935, 8144.599441548121, 628.8765654912668, 2542.399490111686, 8178.528299007058, 5338.9854546318875, 2464.953922552907, 3653.646201805281, 2465.185860559014, 2465.0635824155515, 0.0, 7461.2888962289835, 2466.12830327665, 3145.978136669467, 0.0, 3611.2880191874724, 0.0, 7769.63006268838, 2466.258043924772, 479.04667210867956, 2464.956183854447, 0.0, 801.1792015039599, 2465.0682752241346, 8141.205858175988, 0.0, 3016.1353594474795, 8175.120578609854, 5811.556079722578, 2463.926858336345, 4126.919051640827, 2464.1586997016084, 2464.0364725073764, 0.0, 7932.975228148265, 2465.1007497347473, 3144.6673123409887, 0.0, 3609.7833157257683, 0.0, 7766.392716569944, 2465.2304363242615, 0.0, 2463.929118695675, 0.0, 1275.6405793513804, 2464.0411633606222, 8192.258408559268]"
lambda_2,"[0.0, 0.0, 0.0, 0.0, 0.0, 0.0, 0.0, 0.0, 0.0, 0.0, 0.0, 0.0, 0.0, 0.0, 0.0, 0.0, 0.0, 0.0, 0.0, 0.0, 0.0, 0.0, 0.0, 0.0, 0.0, 0.0, 0.0, 0.0, 0.0, 0.0, 0.0, 0.0, 0.0, 0.0, 0.0, 0.0, 0.0, 0.0, 0.0, 0.0, 0.0, 0.0, 0.0, 0.0, 0.0, 0.0, 0.0, 0.0, 0.0, 0.0, 0.0, 0.0, 0.0, 0.0, 0.0, 0.0, 0.0, 0.0, 0.0, 0.0, 0.0, 0.0, 0.0, 0.0, 0.0, 0.0, 0.0, 0.0, 0.0, 0.0, 0.0, 0.0, 0.0, 0.0, 0.0, 0.0, 0.0, 0.0, 0.0, 0.0, 0.0, 0.0, 0.0, 0.0, 0.0, 0.0, 0.0, 0.0, 0.0, 0.0, 0.0, 0.0, 0.0, 0.0, 0.0, 0.0, 0.0, 0.0, 0.0, 0.0, 0.0, 0.0, 0.0, 0.0, 0.0, 0.0, 0.0, 0.0, 0.0, 0.0, 0.0, 0.0, 0.0, 0.0, 0.0, 0.0, 0.0, 0.0, 0.0, 0.0, 0.0, 0.0, 0.0, 0.0, 0.0, 0.0, 0.0, 0.0, 0.0, 1.0, 0.0, 0.0, 0.0, 0.0, 0.0, 0.0, 0.0, 0.0, 0.0, 0.0, 0.0, 0.0, 0.0, 0.0, 0.0, 0.0, 0.0, 0.0, 0.0, 0.0, 0.0, 0.0, 0.0, 0.0, 0.0, 0.0, 0.0, 0.0, 0.0, 0.0, 0.0, 0.0, 0.0, 0.0, 0.0, 0.0, 0.0, 0.0, 0.0, 0.0, 0.0, 0.0, 0.0, 0.0, 0.0, 0.0, 0.0, 0.0, 0.0, 0.0, 0.0, 0.0, 0.0, 0.0, 0.0, 0.0, 0.0, 0.0, 0.0, 0.0, 0.0, 0.0, 0.0, 0.0, 0.0, 0.0, 0.0, 0.0, 0.0, 0.0, 0.0, 0.0, 0.0, 0.0, 0.0, 0.0, 0.0, 0.0, 0.0, 0.0, 0.0, 0.0, 0.0, 0.0, 0.0, 0.0, 0.0, 0.0, 0.0, 0.0, 0.0, 0.0, 0.0, 0.0, 0.0, 0.0, 0.0, 0.0, 0.0, 0.0, 0.0, 0.0, 0.0, 0.0, 0.0, 0.0, 0.0, 0.0, 0.0, 0.0, 0.0, 0.0, 0.0, 0.0, 0.0, 0.0, 0.0, 0.0, 0.0, 0.0, 0.0, 0.0, 0.0, 0.0, 0.0, 0.0, 0.0, 0.0, 0.0, 0.0, 0.0]"
net_charge_t,"[1.010888763330791, 0.0, 0.0, 0.0, 1.0104348643269783, 0.0, 0.0, 1.0104523244163552, 0.0, 0.0, 0.0, 0.0, 0.0, 1.0104523244187498, 0.0, 0.0, 1.0108887633310304, 1.0108887633312698, 0.0, 0.0, 500.00000000000006, 0.0, 0.0, 500.00000000000006, 0.0, 0.0, 0.0, 0.0, 0.0, 0.0, 0.0, 0.0, 0.0, 500.00000000000006, 0.0, 0.0, 0.0, 0.0, 0.0, 500.00000000000006, 267.86712612000366, 0.0, 0.0, 0.0, 0.0, 0.0, 500.00000000000006, 0.0, 0.0, 0.0, 0.0, 0.0, 0.0, 0.0, 0.0, 0.0, 500.00000000000006, 0.0, 0.0, 0.0, 0.0, 0.0, 500.00000000000006, 500.00000000000006, 0.0, 0.0, 0.0, 0.0, 0.0, 500.00000000000006, 0.0, 0.0, 0.0, 0.0, 0.0, 0.0, 0.0, 0.0, 0.0, 500.00000000000006, 0.0, 0.0, 0.0, 0.0, 0.0, 500.00000000000006, 500.00000000000006, 0.0, 0.0, 0.0, 0.0, 0.0, 500.00000000000006, 0.0, 0.0, 0.0, 0.0, 0.0, 500.00000000000006, 0.0, 0.0, 0.0, 0.0, 0.0, 0.0, 0.0, 0.0, 0.0, 500.00000000000006, 500.00000000000006, 0.0, 0.0, 0.0, 0.0, 0.0, 0.0, 0.0, 0.0, 0.0, 0.0, 0.0, 0.0, 0.0, 0.0, 0.0, 125.00666837132646, 0.0, 0.0, 0.0, 0.0, 0.0, 234.19582477098544, 500.00000000000006, 0.0, 0.0, 0.0, 0.0, 0.0, 500.00000000000006, 0.0, 0.0, 0.0, 0.0, 0.0, 0.0, 0.0, 0.0, 0.0, 500.00000000000006, 0.0, 0.0, 0.0, 0.0, 0.0, 500.00000000000006, 500.00000000000006, 0.0, 0.0, 0.0, 0.0, 0.0, 0.0, 0.0, 0.0, 0.0, 0.0, 0.0, 0.0, 500.00000000000006, 500.00000000000006, 0.0, 500.00000000000006, 0.0, 0.0, 500.00000000000006, 0.0, 0.0, 500.00000000000006, 0.0, 0.0, 500.00000000000006, 0.0, 0.0, 0.0, 500.00000000000006, 0.0, 0.0, 0.0, 0.0, 0.0, 500.00000000000006, 500.00000000000006, 500.00000000000006, 0.0, 0.0, 0.0, 0.0, 500.00000000000006, 0.0, 0.0, 500.00000000000006, 0.0, 0.0, 500.00000000000006, 0.0, 0.0, 0.0, 0.0, 0.0, 154.76226979892, 0.0, 0.0, 0.0, 500.00000000000006, 500.00000000000006, 500.00000000000006, 0.0, 0.0, 0.0, 0.0, 500.00000000000006, 0.0, 0.0, 0.0, 0.0, 0.0, 500.00000000000006, 0.0, 0.0, 0.0, 0.0, 0.0, 500.00000000000006, 0.0, 500.00000000000006, 0.0, 500.00000000000006, 500.00000000000006, 500.00000000000006, 0.0, 0.0, 0.0, 0.0, 500.00000000000006, 0.0, 0.0, 500.00000000000006, 0.0, 0.0, 500.00000000000006, 0.0, 0.0, 0.0, 0.0, 0.0, 500.00000000000006, 0.0, 500.00000000000006, 0.0, 500.00000000000006, 500.00000000000006, 500.00000000000006, 0.0, 0.0, 0.0, 0.0, 500.00000000000006, 0.0, 0.0, 500.00000000000006, 0.0, 0.0, 500.00000000000006, 0.0, 0.0, 0.0, 0.0, 0.0, 500.00000000000006, 0.0, 500.00000000000006, 0.0, 0.0, 500.00000000000006, 500.00000000000006, 0.0, 0.0, 0.0, 0.0, 500.00000000000006, 0.0, 0.0, 500.00000000000006, 0.0, 0.0, 500.00000000000006, 271.7185887888461, 0.0, 0.0, 0.0, 0.0, 500.00000000000006, 0.0, 500.00000000000006, 0.0, 500.00000000000006, 500.00000000000006, 500.00000000000006, 0.0, 0.0, 0.0, 0.0, 500.00000000000006, 0.0, 0.0, 500.00000000000006, 0.0, 0.0, 500.00000000000006, 500.00000000000006, 0.0, 0.0, 0.0, 0.0, 500.00000000000006, 0.0, 500.00000000000006, 0.0, 0.0, 500.00000000000006, 500.00000000000006, 0.0, 0.0, 0.0, 0.0, 0.0, 0.0, 0.0, 500.00000000000006, 0.0, 0.0, 500.00000000000006, 0.0, 0.0, 0.0, 0.0, 0.0, 0.0, 0.0, 0.0, 0.0, 500.00000000000006, 500.00000000000006, 500.00000000000006, 0.0, 0.0, 0.0, 0.0, 0.0, 0.0, 0.0, 0.0, 0.0, 0.0, 500.00000000000006, 500.00000000000006, 500.00000000000006, 0.0, 0.0, 0.0, 0.0, 0.0, 0.0, 0.0, 500.00000000000006, 500.00000000000006, 500.00000000000006, 0.0, 0.0, 0.0, 0.0, 0.0, 0.0, 0.0, 0.0, 0.0, 0.0, 500.00000000000006, 500.00000000000006, 0.0, 0.0, 0.0, 0.0, 0.0, 0.0, 0.0, 0.0, 0.0, 0.0, 500.00000000000006, 0.0, 0.0, 0.0, 0.0, 0.0, 0.0, 0.0, 0.0, 0.0, 0.0, 0.0, 500.00000000000006, 0.0, 0.0, 0.0, 0.0, 0.0, 0.0, 0.0, 0.0, 0.0, 0.0, 500.00000000000006, 0.0, 0.0, 0.0, 0.0, 0.0, 0.0, 0.0, 0.0, 0.0, 0.0, 0.0, 0.0, 0.0, 0.0, 0.0, 0.0, 0.0, 0.0, 0.0, 0.0, 0.0, 0.0, 0.0, 0.0, 0.0, 0.0, 0.0, 0.0, 0.0, 0.0, 0.0, 0.0, 0.0, 0.0, 0.0, 0.0, 0.0, 0.0, 500.00000000000006, 0.0, 0.0, 0.0, 0.0, 0.0, 0.0, 0.0, 0.0, 0.0, 0.0, 0.0, 0.0, 0.0, 0.0, 0.0, 0.0, 0.0, 0.0, 0.0, 0.0, 0.0, 0.0, 500.00000000000006, 0.0, 0.0, 0.0, 500.00000000000006, 0.0, 0.0, 0.0, 0.0, 0.0, 0.0, 0.0, 0.0, 0.0, 0.0, 0.0, 0.0, 0.0, 0.0, 0.0, 0.0, 0.0, 0.0, 500.00000000000006, 0.0, 0.0, 0.0, 500.00000000000006, 0.0, 0.0, 0.0, 0.0, 0.0, 0.0, 0.0, 0.0, 0.0, 0.0, 0.0, 0.0, 0.0, 0.0, 0.0, 0.0, 0.0, 0.0, 500.00000000000006, 0.0, 0.0, 0.0, 500.00000000000006, 0.0, 267.5725435379414, 0.0, 0.0, 0.0, 0.0, 0.0, 0.0, 0.0, 0.0, 0.0, 0.0, 0.0, 0.0, 0.0, 0.0, 0.0, 0.0, 0.0, 0.0, 0.0, 0.0, 0.0, 0.0, 0.0, 253.06692717103027, 500.00000000000006, 500.00000000000006, 0.0, 0.0, 0.0, 500.00000000000006, 0.0, 0.0, 500.00000000000006, 0.0, 0.0, 0.0, 0.0, 0.0, 0.0, 500.00000000000006, 0.0, 0.0, 0.0, 0.0, 0.0, 0.0, 0.0, 500.00000000000006, 0.0, 0.0, 0.0, 0.0, 500.00000000000006, 0.0, 0.0, 500.00000000000006, 0.0, 0.0, 0.0, 0.0, 0.0, 0.0, 500.00000000000006, 0.0, 0.0, 0.0, 0.0, 0.0, 500.00000000000006, 0.0, 500.00000000000006, 0.0, 0.0, 0.0, 0.0, 500.00000000000006, 0.0, 0.0, 500.00000000000006, 0.0, 0.0, 0.0, 0.0, 0.0, 0.0, 500.00000000000006, 0.0, 0.0, 0.0, 0.0, 0.0, 0.0, 0.0, 500.00000000000006, 0.0, 0.0, 0.0, 0.0, 500.00000000000006, 0.0, 0.0, 500.00000000000006, 374.14443185430764, 0.0, 0.0, 0.0, 0.0, 0.0, 500.00000000000006, 0.0, 0.0, 0.0, 25.865511260095694, 0.0, 500.00000000000006, 0.0, 500.00000000000006, 500.00000000000006, 0.0, 0.0, 0.0, 500.00000000000006, 0.0, 0.0, 500.00000000000006, 0.0, 0.0, 0.0, 171.61966747602457, 0.0, 0.0, 0.0, 0.0, 0.0, 0.0, 500.00000000000006, 0.0, 0.0, 0.0, 500.00000000000006, 500.00000000000006, 0.0, 0.0, 348.2342589362173, 500.00000000000006, 0.0, 0.0, 500.00000000000006, 0.0, 0.0, 0.0, 0.0, 0.0, 0.0, 0.0, 0.0, 0.0, 0.0, 500.00000000000006, 0.0, 0.0, 500.00000000000006, 500.00000000000006, 500.00000000000006, 0.0, 0.0, 500.00000000000006, 500.00000000000006, 0.0, 0.0, 500.00000000000006, 0.0, 0.0, 0.0, 0.0, 0.0, 0.0, 0.0, 0.0, 0.0, 0.0, 500.00000000000006, 500.00000000000006, 0.0, 0.0, 500.00000000000006, 500.00000000000006, 0.0, 0.0, 0.0, 159.24085159336786, 0.0, 0.0, 0.0, 0.0, 0.0, 0.0, 0.0, 0.0, 0.0, 0.0, 0.0, 498.14343141313947, 0.0, 0.0, 0.0, 0.0, 0.0, 0.0, 500.00000000000006, 0.0, 0.0, 0.0, 500.00000000000006, 0.0, 0.0, 0.0, 500.00000000000006, 0.0, 0.0, 0.0, 0.0, 0.0, 0.0, 0.0, 500.00000000000006, 0.0, 0.0, 0.0, 0.0, 0.0, 0.0, 0.0, 0.0, 0.0, 0.0, 500.00000000000006, 0.0, 0.0, 0.0, 0.0, 0.0, 500.00000000000006, 0.0, 0.0, 0.0, 0.0, 0.0, 500.00000000000006, 0.0, 0.0, 0.0, 0.0, 0.0, 0.0, 0.0, 0.0, 0.0, 0.0, 500.00000000000006, 0.0, 0.0, 0.0, 0.0, 212.59373683903073, 500.00000000000006, 0.0, 0.0, 500.00000000000006, 0.0, 0.0, 500.00000000000006, 0.0, 0.0, 0.0, 0.0, 0.0, 0.0, 0.0, 0.0, 0.0, 0.0, 500.00000000000006, 0.0, 0.0, 0.0, 0.0, 500.00000000000006, 500.00000000000006, 0.0, 0.0, 500.00000000000006, 0.0, 0.0, 500.00000000000006, 0.0, 0.0, 0.0, 0.0, 0.0, 0.0, 0.0, 500.00000000000006, 0.0, 0.0, 500.00000000000006, 0.0, 0.0, 0.0, 0.0, 500.00000000000006, 500.00000000000006, 0.0, 0.0, 500.00000000000006, 0.0, 0.0, 500.00000000000006, 0.0, 0.0, 0.0, 32.30595796733957, 0.0, 0.0, 0.0, 500.00000000000006, 0.0, 0.0, 500.00000000000006, 0.0, 0.0, 0.0, 0.0, 500.00000000000006, 500.00000000000006, 0.0, 0.0, 500.00000000000006, 0.0, 0.0, 500.00000000000006, 0.0, 0.0, 0.0, 3.595537625985285, 0.0, 0.0, 0.0, 500.00000000000006, 0.0, 0.0, 500.00000000000006, 0.0, 0.0, 0.0, 0.0, 0.0, 500.00000000000006, 0.0, 0.0, 0.0, 0.0, 0.0, 3.594645980362592, 0.0, 0.0, 500.00000000000006, 3.5955376259833693, 0.0, 0.0, 0.0, 500.00000000000006, 0.0, 0.0, 500.00000000000006, 0.0, 0.0, 0.0, 0.0, 0.0, 500.00000000000006, 0.0, 0.0, 0.0, 0.0, 0.0, 0.0, 0.0, 0.0, 0.0, 0.0, 0.0, 0.0, 0.0, 500.00000000000006, 0.0, 0.0, 500.00000000000006, 0.0, 0.0, 0.0, 0.0, 0.0, 500.00000000000006, 0.0, 0.0, 0.0, 0.0, 0.0, 0.0, 0.0, 0.0, 251.73044202252345, 0.0, 0.0, 0.0, 0.0, 500.00000000000006, 0.0, 0.0, 500.00000000000006, 0.0, 0.0, 0.0, 0.0, 0.0, 3.5430368733532758, 0.0, 0.0, 0.0, 0.0, 0.0, 0.0, 0.0, 0.0, 500.00000000000006, 0.0, 0.0, 0.0, 0.0, 0.0, 0.0, 0.0, 0.0, 0.0, 0.0, 0.0, 0.0, 0.0, 0.0, 0.0, 0.0, 0.0, 0.0, 0.0, 0.0, 0.0, 0.0, 500.00000000000006, 0.0, 0.0, 0.0, 0.0, 0.0, 0.0, 0.0, 0.0, 0.0, 0.0, 0.0, 0.0, 0.0, 0.0, 0.0, 0.0, 0.0, 0.0, 0.0, 0.0, 0.0, 0.0, 500.00000000000006, 0.0, 0.0, 0.0, 0.0, 0.0, 0.0, 0.0, 0.0, 0.0, 0.0, 0.0, 0.0, 0.0, 0.0, 0.0, 0.0, 0.0, 0.0, 0.0, 0.0, 0.0, 0.0, 500.00000000000006, 0.0, 0.0, 0.0, 0.0, 0.0, 0.0, 0.0, 0.0, 0.0, 0.0, 0.0, 0.0, 0.0, 0.0, 0.0, 0.0, 0.0, 0.0, 0.0, 0.0, 0.0, 500.00000000000006, 500.00000000000006, 0.0, 0.0, 0.0, 0.0, 0.0, 0.0, 0.0, 0.0, 0.0, 0.0, 0.0, 0.0, 0.0, 0.0, 0.0, 0.0, 0.0, 0.0, 0.0, 0.0, 375.9702280490041, 500.00000000000006, 500.00000000000006, 0.0, 0.0, 0.0, 0.0, 0.0, 0.0, 0.0, 0.0, 0.0, 0.0, 0.0, 0.0, 0.0, 0.0, 0.0, 0.0, 0.0, 0.0, 0.0, 0.0, 0.0, 0.0, 0.0, 0.0, 0.0, 0.0, 0.0, 0.0, 0.0, 0.0, 0.0, 0.0, 0.0, 0.0, 500.00000000000006, 500.00000000000006, 0.0, 0.0, 0.0, 0.0, 0.0, 0.0, 0.0, 0.0, 0.0, 0.0, 0.0, 0.0, 500.00000000000006, 0.0, 0.0, 0.0, 0.0, 0.0, 0.0, 0.0, 0.0, 500.00000000000006, 500.00000000000006, 28.302993981592763, 0.0, 0.0, 0.0, 0.0, 0.0, 0.0, 0.0, 0.0, 0.0, 0.0, 0.0, 500.00000000000006, 0.0, 0.0, 0.0, 0.0, 0.0, 0.0, 0.0, 0.0, 500.00000000000006, 500.00000000000006, 0.0, 0.0, 0.0, 0.0, 0.0, 0.0, 0.0, 0.0, 0.0, 0.0, 0.0, 0.0, 500.00000000000006, 0.0, 0.0, 0.0, 0.0, 0.0, 0.0, 0.0, 0.0, 500.00000000000006, 500.00000000000006, 0.0, 0.0, 0.0, 0.0, 0.0, 0.0, 0.0, 0.0, 0.0, 0.0, 0.0, 0.0, 500.00000000000006, 0.0, 0.0, 0.0, 0.0, 0.0, 0.0, 0.0, 0.0, 0.0, 500.00000000000006, 0.0, 0.0, 0.0, 0.0, 0.0, 0.0, 0.0, 0.0, 0.0, 0.0, 0.0, 0.0, 500.00000000000006, 0.0, 0.0, 0.0, 0.0, 0.0, 0.0, 0.0, 0.0, 0.0, 500.00000000000006, 0.0, 0.0, 0.0, 0.0, 0.0, 0.0, 0.0, 0.0, 0.0, 0.0, 0.0, 0.0, 500.00000000000006, 0.0, 0.0, 0.0, 0.0, 0.0, 0.0, 0.0, 0.0, 0.0, 500.00000000000006, 17.70042786177176, 0.0, 0.0, 0.0, 0.0, 0.0, 0.0, 0.0, 0.0, 0.0, 0.0, 0.0, 500.00000000000006, 0.0, 0.0, 0.0, 0.0, 500.00000000000006, 0.0, 0.0, 0.0, 0.0, 500.00000000000006, 0.0, 0.0, 0.0, 0.0, 0.0, 500.00000000000006, 500.00000000000006, 0.0, 0.0, 0.0, 0.0, 0.0, 487.04075968209725, 0.0, 0.0, 0.0, 0.0, 500.00000000000006, 0.0, 0.0, 0.0, 500.00000000000006, 0.0, 0.0, 0.0, 0.0, 0.0, 0.0, 0.0, 500.00000000000006, 0.0, 0.0, 0.0, 0.0, 0.0, 0.0, 0.0, 0.0, 0.0, 500.00000000000006, 500.00000000000006, 0.0, 0.0, 0.0, 0.0, 0.0, 0.0, 0.0, 0.0, 0.0, 0.0, 0.0, 500.00000000000006, 0.0, 0.0, 0.0, 0.0, 0.0, 0.0, 0.0, 0.0, 0.0, 500.00000000000006, 500.00000000000006, 0.0, 0.0, 0.0, 0.0, 0.0, 0.0, 0.0, 0.0, 500.00000000000006, 0.0, 0.0, 500.00000000000006, 0.0, 0.0, 0.0, 0.0, 0.0, 0.0, 0.0, 0.0, 0.0, 500.00000000000006, 500.00000000000006, 0.0, 0.0, 0.0, 0.0, 0.0, 0.0, 0.0, 0.0, 500.00000000000006, 0.0, 0.0, 500.00000000000006, 0.0, 0.0, 0.0, 0.0, 0.0, 0.0, 0.0, 0.0, 0.0, 500.00000000000006, 500.00000000000006, 0.0, 0.0, 0.0, 0.0, 0.0, 0.0, 0.0, 0.0, 500.00000000000006, 0.0, 0.0, 500.00000000000006, 0.0, 0.0, 0.0, 0.0, 110.75786439505256, 0.0, 0.0, 0.0, 0.0, 0.0, 500.00000000000006, 0.0, 0.0, 0.0, 0.0, 0.0, 0.0, 0.0, 0.0, 0.0, 0.0, 0.0, 500.00000000000006, 0.0, 0.0, 0.0, 0.0, 3.5952141846168386, 0.0, 0.0, 0.0, 0.0, 0.0, 500.00000000000006, 0.0, 0.0, 0.0, 0.0, 0.0, 28.302993981592763, 0.0, 0.0, 0.0, 0.0, 0.0, 500.00000000000006, 0.0, 0.0, 0.0, 0.0, 0.0, 0.0, 0.0, 0.0, 0.0, 0.0, 500.00000000000006, 0.0, 0.0, 0.0, 0.0, 0.0, 3.5430368733532758, 0.0, 0.0, 0.0, 0.0, 0.0, 500.00000000000006, 0.0, 0.0, 0.0, 0.0, 0.0, 0.0, 0.0, 0.0, 0.0, 0.0, 500.00000000000006, 0.0, 0.0, 0.0, 0.0, 0.0, 3.5430368733532758, 0.0, 0.0, 0.0, 0.0, 0.0, 0.0, 0.0, 0.0, 0.0, 0.0, 0.0, 0.0, 0.0, 0.0, 0.0, 0.0, 500.00000000000006, 0.0, 0.0, 0.0, 0.0, 0.0, 0.0, 0.0, 0.0, 0.0, 0.0, 0.0, 0.0, 0.0, 0.0, 0.0, 0.0, 0.0, 0.0, 0.0, 0.0, 0.0, 0.0, 12.355018545346658, 0.0, 0.0, 0.0, 0.0, 0.0, 0.0, 0.0, 0.0, 0.0, 0.0, 0.0, 0.0, 0.0, 0.0, 0.0, 0.0, 0.0, 0.0, 0.0, 0.0, 0.0, 0.0, 500.00000000000006, 0.0, 0.0, 0.0, 0.0, 0.0, 0.0, 0.0, 0.0, 0.0, 0.0, 0.0, 0.0, 0.0, 0.0, 0.0, 0.0, 0.0, 0.0, 0.0, 0.0, 0.0, 0.0, 500.00000000000006, 0.0, 0.0, 0.0, 0.0, 500.00000000000006, 0.0, 0.0, 0.0, 0.0, 0.0, 0.0, 0.0, 0.0, 0.0, 0.0, 0.0, 0.0, 0.0, 0.0, 0.0, 0.0, 0.0, 500.00000000000006, 0.0, 0.0, 0.0, 0.0, 500.00000000000006, 0.0, 0.0, 0.0, 0.0, 0.0, 0.0, 0.0, 0.0, 0.0, 0.0, 0.0, 0.0, 0.0, 0.0, 0.0, 0.0, 0.0, 500.00000000000006, 0.0, 0.0, 0.0, 0.0, 500.00000000000006, 0.0, 0.0, 0.0, 0.0, 0.0, 0.0, 0.0, 0.0, 0.0, 0.0, 0.0, 0.0, 500.00000000000006, 0.0, 500.00000000000006, 0.0, 0.0, 500.00000000000006, 0.0, 0.0, 0.0, 0.0, 500.00000000000006, 0.0, 0.0, 0.0, 0.0, 0.0, 0.0, 0.0, 0.0, 500.00000000000006, 0.0, 0.0, 0.0, 500.00000000000006, 0.0, 0.0, 0.0, 0.0, 0.0, 0.0, 0.0, 0.0, 0.0, 0.0, 0.0, 0.0, 0.0, 500.00000000000006, 0.0, 0.0, 0.0, 0.0, 500.00000000000006, 0.0, 0.0, 0.0, 500.00000000000006, 0.0, 0.0, 0.0, 0.0, 0.0, 0.0, 0.0, 0.0, 0.0, 0.0, 0.0, 0.0, 0.0, 500.00000000000006, 0.0, 0.0, 0.0, 0.0, 500.00000000000006, 0.0, 0.0, 0.0, 500.00000000000006, 0.0, 0.0, 0.0, 0.0, 0.0, 0.0, 0.0, 0.0, 0.0, 0.0, 0.0, 0.0, 0.0, 500.00000000000006, 0.0, 0.0, 0.0, 0.0, 500.00000000000006, 0.0, 0.0, 0.0, 500.00000000000006, 0.0, 0.0, 0.0, 0.0, 0.0, 0.0, 0.0, 0.0, 0.0, 0.0, 0.0, 0.0, 0.0, 500.00000000000006, 0.0, 0.0, 0.0, 0.0, 500.00000000000006, 0.0, 0.0, 0.0, 500.00000000000006, 0.0, 0.0, 0.0, 0.0, 0.0, 0.0, 0.0, 0.0, 0.0, 0.0, 0.0, 0.0, 0.0, 0.0, 0.0, 0.0, 0.0, 0.0, 500.00000000000006, 0.0, 0.0, 0.0, 0.0, 0.0, 0.0, 0.0, 0.0, 0.0, 0.0, 0.0, 0.0, 0.0, 0.0, 0.0, 0.0, 0.0, 500.00000000000006, 0.0, 0.0, 0.0, 0.0, 500.00000000000006, 0.0, 0.0, 0.0, 500.00000000000006, 0.0, 0.0, 0.0, 0.0, 0.0, 0.0, 0.0, 0.0, 0.0, 500.00000000000006, 0.0, 0.0, 0.0, 500.00000000000006, 0.0, 0.0, 0.0, 0.0, 500.00000000000006, 0.0, 0.0, 0.0, 500.00000000000006, 0.0, 0.0, 0.0, 0.0, 500.00000000000006, 0.0, 500.00000000000006, 0.0, 0.0, 500.00000000000006, 0.0, 0.0, 0.0, 500.00000000000006, 0.0, 500.00000000000006, 0.0, 500.00000000000006, 0.0, 0.0, 500.00000000000006, 0.0, 0.0, 0.0, 0.0, 0.0, 500.00000000000006, 0.0, 0.0, 0.0, 0.0, 0.0, 0.0, 0.0, 0.0, 0.0, 0.0, 0.0, 0.0, 0.0, 500.00000000000006, 0.0, 0.0, 500.00000000000006, 500.00000000000006, 0.0, 0.0, 0.0, 0.0, 500.00000000000006, 0.0, 0.0, 0.0, 0.0, 0.0, 0.0, 0.0, 0.0, 0.0, 0.0, 0.0, 500.00000000000006, 0.0, 500.00000000000006, 0.0, 0.0, 500.00000000000006, 500.00000000000006, 0.0, 0.0, 0.0, 0.0, 500.00000000000006, 0.0, 0.0, 0.0, 0.0, 0.0, 0.0, 0.0, 0.0, 0.0, 0.0, 0.0, 500.00000000000006, 0.0, 500.00000000000006, 0.0, 0.0, 500.00000000000006, 500.00000000000006, 0.0, 0.0, 0.0, 0.0, 500.00000000000006, 0.0, 0.0, 0.0, 0.0, 0.0, 0.0, 0.0, 0.0, 0.0, 0.0, 0.0, 500.00000000000006, 0.0, 500.00000000000006, 0.0, 0.0, 500.00000000000006, 45.55109898776593, 0.0, 0.0, 0.0, 0.0, 500.00000000000006, 17.961805657759772, 0.0, 0.0, 0.0, 0.0, 0.0, 0.0, 0.0, 0.0, 0.0, 0.0, 500.00000000000006, 0.0, 500.00000000000006, 0.0, 0.0, 500.00000000000006, 500.00000000000006, 0.0, 0.0, 0.0, 0.0, 500.00000000000006, 3.595356013675634, 0.0, 0.0, 195.5468891465429, 0.0, 0.0, 0.0, 134.75258643992046, 0.0, 0.0, 0.0, 0.0, 0.0, 500.00000000000006, 0.0, 0.0, 500.00000000000006, 0.0, 0.0, 0.0, 0.0, 0.0, 0.0, 0.0, 0.0, 0.0, 0.0, 0.0, 25.1344783869001, 0.0, 0.0, 0.0, 0.0, 0.0, 0.0, 0.0, 0.0, 0.0, 0.0, 500.00000000000006, 0.0, 0.0, 0.0, 0.0, 0.0, 0.0, 0.0, 0.0, 0.0, 0.0, 0.0, 3.595130563648112, 0.0, 0.0, 0.0, 0.0, 0.0, 0.0, 0.0, 0.0, 0.0, 0.0, 0.0, 0.0, 0.0, 0.0, 0.0, 0.0, 0.0, 0.0, 0.0, 0.0, 0.0, 0.0, 0.0, 0.0, 0.0, 0.0, 0.0, 0.0, 0.0, 0.0, 0.0, 0.0, 0.0, 0.0, 0.0, 0.0, 0.0, 0.0, 0.0, 0.0, 14.372438160463425, 0.0, 0.0, 0.0, 0.0, 7.188763156107686, 0.0, 0.0, 0.0, 0.0, 0.0, 0.0, 0.0, 0.0, 0.0, 0.0, 0.0, 0.0, 0.0, 0.0, 500.00000000000006, 0.0, 0.0, 0.0, 0.0, 0.0, 0.0, 0.0, 0.0, 0.0, 0.0, 0.0, 0.0, 0.0, 0.0, 0.0, 0.0, 0.0, 0.0, 0.0, 0.0, 0.0, 0.0, 500.00000000000006, 0.0, 0.0, 0.0, 0.0, 0.0, 0.0, 0.0, 0.0, 0.0, 0.0, 0.0, 0.0, 0.0, 0.0, 0.0, 0.0, 0.0, 0.0, 0.0, 0.0, 0.0, 0.0, 500.00000000000006, 0.0, 0.0, 0.0, 0.0, 0.0, 0.0, 500.00000000000006, 10.780898401534388, 0.0, 0.0, 0.0, 0.0, 0.0, 0.0, 0.0, 0.0, 0.0, 0.0, 0.0, 0.0, 0.0, 0.0, 500.00000000000006, 0.0, 0.0, 0.0, 0.0, 0.0, 0.0, 500.00000000000006, 0.0, 0.0, 0.0, 0.0, 0.0, 0.0, 0.0, 0.0, 0.0, 0.0, 0.0, 0.0, 0.0, 500.00000000000006, 0.0, 500.00000000000006, 0.0, 0.0, 0.0, 0.0, 0.0, 0.0, 500.00000000000006, 0.0, 0.0, 0.0, 500.00000000000006, 0.0, 0.0, 0.0, 0.0, 32.30592839468358, 500.00000000000006, 0.0, 0.0, 0.0, 0.0, 0.0, 500.00000000000006, 0.0, 0.0, 0.0, 0.0, 0.0, 0.0, 500.00000000000006, 0.0, 0.0, 0.0, 500.00000000000006, 0.0, 0.0, 0.0, 0.0, 0.0, 500.00000000000006, 0.0, 0.0, 0.0, 0.0, 0.0, 500.00000000000006, 0.0, 0.0, 0.0, 0.0, 0.0, 0.0, 500.00000000000006, 0.0, 0.0, 0.0, 500.00000000000006, 0.0, 0.0, 0.0, 0.0, 0.0, 500.00000000000006, 0.0, 0.0, 0.0, 0.0, 0.0, 500.00000000000006, 0.0, 0.0, 0.0, 0.0, 0.0, 0.0, 500.00000000000006, 0.0, 0.0, 0.0, 500.00000000000006, 0.0, 0.0, 0.0, 0.0, 0.0, 500.00000000000006, 0.0, 0.0, 0.0, 0.0, 0.0, 500.00000000000006, 0.0, 0.0, 0.0, 0.0, 0.0, 0.0, 0.0, 0.0, 0.0, 0.0, 500.00000000000006, 0.0, 0.0, 0.0, 0.0, 0.0, 500.00000000000006, 0.0, 0.0, 0.0, 0.0, 0.0, 500.00000000000006, 0.0, 0.0, 0.0, 0.0, 0.0, 0.0, 0.0, 0.0, 0.0, 0.0, 500.00000000000006, 0.0, 500.00000000000006, 0.0, 0.0, 0.0, 500.00000000000006, 0.0, 0.0, 0.0, 0.0, 0.0, 500.00000000000006, 0.0, 0.0, 0.0, 0.0, 0.0, 0.0, 0.0, 0.0, 0.0, 0.0, 500.00000000000006, 0.0, 500.00000000000006, 0.0, 0.0, 0.0, 500.00000000000006, 0.0, 0.0, 0.0, 0.0, 0.0, 500.00000000000006, 0.0, 0.0, 0.0, 0.0, 0.0, 0.0, 0.0, 0.0, 0.0, 0.0, 500.00000000000006, 0.0, 500.00000000000006, 194.19073990440558, 0.0, 0.0, 188.44795571496593, 0.0, 189.85111651236159, 0.0, 0.0, 0.0, 500.00000000000006, 0.0, 0.0, 0.0, 0.0, 0.0, 0.0, 0.0, 0.0, 0.0, 0.0, 500.00000000000006, 500.00000000000006, 500.00000000000006, 0.0, 0.0, 0.0, 500.00000000000006, 0.0, 500.00000000000006, 0.0, 0.0, 0.0, 500.00000000000006, 0.0, 0.0, 0.0, 0.0, 0.0, 0.0, 0.0, 0.0, 0.0, 0.0, 500.00000000000006, 0.0, 0.0, 0.0, 0.0, 0.0, 0.0, 0.0, 500.00000000000006, 0.0, 0.0, 0.0, 0.0, 0.0, 0.0, 0.0, 0.0, 0.0, 500.00000000000006, 0.0, 0.0, 0.0, 0.0, 500.00000000000006, 0.0, 0.0, 0.0, 0.0, 0.0, 0.0, 0.0, 500.00000000000006, 0.0, 0.0, 0.0, 0.0, 0.0, 0.0, 0.0, 0.0, 0.0, 500.00000000000006, 0.0, 0.0, 0.20802087926636778, 0.0, 0.0, 0.0, 0.0, 0.0, 0.0, 149.5592554202272, 0.0, 0.0, 500.00000000000006, 0.0, 0.0, 0.0, 0.0, 0.0, 0.0, 0.0, 0.0, 0.0, 500.00000000000006, 0.0, 0.0, 189.1014047466283, 0.0, 0.0, 0.0, 0.0, 0.0, 0.0, 500.00000000000006, 0.0, 0.0, 500.00000000000006, 0.0, 0.0, 0.0, 0.0, 0.0, 0.0, 0.0, 0.0, 0.0, 500.00000000000006, 0.0, 0.0, 500.00000000000006, 0.0, 0.0, 0.0, 0.0, 0.0, 0.0, 500.00000000000006, 0.0, 0.0, 500.00000000000006, 0.0, 0.0, 0.0, 0.0, 0.0, 500.00000000000006, 0.0, 0.0, 0.0, 500.00000000000006, 0.0, 0.0, 500.00000000000006, 0.0, 0.0, 0.0, 0.0, 0.0, 0.0, 500.00000000000006, 0.0, 0.0, 500.00000000000006, 0.0, 0.0, 0.0, 0.0, 0.0, 0.0, 0.0, 0.0, 0.0, 500.00000000000006, 0.0, 0.0, 500.00000000000006, 0.0, 0.0, 0.0, 0.0, 0.0, 0.0, 500.00000000000006, 0.0, 0.0, 500.00000000000006, 0.0, 0.0, 0.0, 0.0, 0.0, 0.0, 0.0, 0.0, 0.0, 500.00000000000006, 0.0, 0.0, 500.00000000000006, 0.0, 0.0, 0.0, 0.0, 0.0, 0.0, 0.0, 0.0, 0.0, 0.0, 0.0, 0.0, 0.0, 0.0, 0.0, 0.0, 0.0, 0.0, 0.0, 500.00000000000006, 0.0, 0.0, 0.0, 0.0, 0.0, 0.0, 0.0, 500.00000000000006, 0.0, 0.0, 0.0, 0.0, 0.0, 0.0, 0.0, 0.0, 0.0, 0.0, 0.0, 0.0, 0.0, 0.0, 0.0, 0.0, 0.0, 0.0, 0.0, 0.0, 0.0, 500.00000000000006, 500.00000000000006, 0.0, 0.0, 0.0, 0.0, 500.00000000000006, 0.0, 0.0, 0.0, 0.0, 0.0, 0.0, 0.0, 0.0, 0.0, 0.0, 0.0, 0.0, 0.0, 0.0, 0.0, 0.0, 500.00000000000006, 500.00000000000006, 0.0, 0.0, 0.0, 0.0, 0.0, 0.0, 0.0, 0.0, 0.0, 0.0, 0.0, 0.0, 0.0, 0.0, 55.88856917739241, 0.0, 0.0, 0.0, 0.0, 500.00000000000006, 0.0, 500.00000000000006, 500.00000000000006, 0.0, 0.0, 500.00000000000006, 0.0, 0.0, 0.0, 0.0, 0.0, 0.0, 0.0, 0.0, 0.0, 0.0, 0.0, 0.0, 0.0, 0.0, 0.0, 0.0, 500.00000000000006, 0.0, 500.00000000000006, 500.00000000000006, 0.0, 0.0, 500.00000000000006, 0.0, 0.0, 0.0, 0.0, 0.0, 0.0, 0.0, 0.0, 0.0, 0.0, 0.0, 0.0, 0.0, 0.0, 0.0, 0.0, 0.0, 0.0, 500.00000000000006, 500.00000000000006, 0.0, 0.0, 500.00000000000006, 0.0, 0.0, 0.0, 0.0, 0.0, 0.0, 0.0, 0.0, 0.0, 0.0, 0.0, 0.0, 0.0, 0.0, 0.0, 0.0, 0.0, 0.0, 500.00000000000006, 500.00000000000006, 0.0, 0.0, 500.00000000000006, 0.0, 0.0, 0.0, 0.0, 0.0, 0.0, 0.0, 0.0, 0.0, 0.0, 0.0, 0.0, 0.0, 0.0, 500.00000000000006, 0.0, 0.0, 0.0, 500.00000000000006, 500.00000000000006, 0.0, 0.0, 500.00000000000006, 0.0, 21.550766124560198, 0.0, 0.0, 0.0, 0.0, 0.0, 0.0, 0.0, 0.0, 0.0, 0.0, 0.0, 0.0, 0.0, 0.0, 0.0, 500.00000000000006, 500.00000000000006, 500.00000000000006, 500.00000000000006, 0.0, 0.0, 0.0, 0.0, 0.0, 500.00000000000006, 0.0, 0.0, 0.0, 0.0, 0.0, 500.00000000000006, 0.0, 0.0, 0.0, 0.0, 0.0, 0.0, 0.0, 0.0, 500.00000000000006, 500.00000000000006, 500.00000000000006, 0.0, 0.0, 0.0, 0.0, 0.0, 500.00000000000006, 500.00000000000006, 0.0, 0.0, 0.0, 0.0, 500.00000000000006, 0.0, 0.0, 0.0, 0.0, 0.0, 0.0, 0.0, 242.9550758146672, 500.00000000000006, 500.00000000000006, 500.00000000000006, 0.0, 0.0, 0.0, 0.0, 0.0, 500.00000000000006, 500.00000000000006, 0.0, 0.0, 0.0, 0.0, 500.00000000000006, 0.0, 0.0, 0.0, 0.0, 0.0, 0.0, 0.0, 500.00000000000006, 500.00000000000006, 0.0, 500.00000000000006, 0.0, 0.0, 0.0, 0.0, 0.0, 500.00000000000006, 500.00000000000006, 0.0, 0.0, 365.8801373554559, 0.0, 500.00000000000006, 0.0, 0.0, 0.0, 0.0, 0.0, 0.0, 0.0, 500.00000000000006, 56.541643229640265, 0.0, 500.00000000000006, 0.0, 0.0, 0.0, 0.0, 0.0, 500.00000000000006, 500.00000000000006, 0.0, 0.0, 500.00000000000006, 0.0, 500.00000000000006, 0.0, 0.0, 0.0, 0.0, 0.0, 0.0, 278.8172999711812, 500.00000000000006, 0.0, 0.0, 500.00000000000006, 0.0, 0.0, 0.0, 0.0, 0.0, 500.00000000000006, 0.0, 0.0, 0.0, 500.00000000000006, 0.0, 500.00000000000006, 0.0, 0.0, 0.0, 0.0, 0.0, 0.0, 500.00000000000006, 500.00000000000006, 0.0, 0.0, 500.00000000000006, 0.0, 0.0, 0.0, 0.0, 0.0, 500.00000000000006, 0.0, 0.0, 0.0, 500.00000000000006, 0.0, 500.00000000000006, 0.0, 0.0, 0.0, 0.0, 0.0, 0.0, 500.00000000000006, 500.00000000000006, 0.0, 0.0, 500.00000000000006, 0.0, 500.00000000000006, 0.0, 500.00000000000006, 0.0, 0.0, 0.0, 0.0, 0.0, 500.00000000000006, 0.0, 0.0, 0.0, 0.0, 0.0, 0.0, 0.0, 0.0, 500.00000000000006, 0.0, 500.00000000000006, 0.0, 0.0, 0.0, 500.00000000000006, 0.0, 500.00000000000006, 0.0, 0.0, 500.00000000000006, 0.0, 0.0, 500.00000000000006, 0.0, 0.0, 0.0, 500.00000000000006, 0.0, 0.0, 0.0, 0.0, 0.0, 0.0, 0.0, 0.0, 0.0, 0.0, 0.0, 0.0, 500.00000000000006, 0.0, 0.0, 0.0, 0.0, 0.0, 0.0, 0.0, 0.0, 0.0, 500.00000000000006, 0.0, 0.0, 0.0, 0.0, 0.0, 0.0, 0.0, 0.0, 0.0, 0.0, 0.0, 127.1296565725325, 500.00000000000006, 0.0, 0.0, 500.00000000000006, 0.0, 0.0, 0.0, 0.0, 0.0, 0.0, 500.00000000000006, 0.0, 0.0, 0.0, 500.00000000000006, 0.0, 0.0, 0.0, 0.0, 0.0, 0.0, 0.0, 500.00000000000006, 500.00000000000006, 0.0, 0.0, 500.00000000000006, 0.0, 0.0, 0.0, 0.0, 0.0, 0.0, 500.00000000000006, 0.0, 0.0, 0.0, 0.0, 0.0, 0.0, 0.0, 0.0, 0.0, 0.0, 0.0, 500.00000000000006, 500.00000000000006, 0.0, 0.0, 500.00000000000006, 0.0, 0.0, 0.0, 0.0, 0.0, 0.0, 500.00000000000006, 0.0, 0.0, 0.0, 500.00000000000006, 0.0, 0.0, 0.0, 0.0, 0.0, 0.0, 0.0, 500.00000000000006, 500.00000000000006, 0.0, 0.0, 500.00000000000006, 0.0, 0.0, 0.0, 0.0, 0.0, 0.0, 500.00000000000006, 0.0, 0.0, 0.0, 500.00000000000006, 0.0, 0.0, 0.0, 0.0, 0.0, 0.0, 0.0, 500.00000000000006, 500.00000000000006, 0.0, 0.0, 500.00000000000006, 0.0, 0.0, 0.0, 0.0, 0.0, 121.60466396016079, 500.00000000000006, 0.0, 0.0, 0.0, 500.00000000000006, 0.0, 0.0, 0.0, 0.0, 0.0, 0.0, 0.0, 0.0, 500.00000000000006, 0.0, 0.0, 500.00000000000006, 0.0, 0.0, 0.0, 0.0, 0.0, 0.0, 3.595551794746636, 0.0, 0.0, 0.0, 500.00000000000006, 0.0, 0.0, 0.0, 0.0, 0.0, 0.0, 0.0, 0.0, 500.00000000000006, 0.0, 0.0, 500.00000000000006, 0.0, 0.0, 0.0, 0.0, 0.0, 500.00000000000006, 3.595551794746636, 0.0, 0.0, 0.0, 0.0, 0.0, 0.0, 0.0, 0.0, 0.0, 0.0, 500.00000000000006, 0.0, 500.00000000000006, 0.0, 0.0, 500.00000000000006, 0.0, 0.0, 0.0, 0.0, 0.0, 0.0, 0.0, 0.0, 0.0, 0.0, 0.0, 0.0, 0.0, 0.0, 0.0, 0.0, 0.0, 500.00000000000006, 0.0, 0.0, 0.0, 0.0, 500.00000000000006, 0.0, 0.0, 0.0, 0.0, 0.0, 0.0, 0.0, 0.0, 0.0, 0.0, 0.0, 0.0, 0.0, 0.0, 0.0, 0.0, 0.0, 500.00000000000006, 0.0, 0.0, 0.0, 0.0, 500.00000000000006, 0.0, 0.0, 0.0, 0.0, 0.0, 0.0, 0.0, 0.0, 0.0, 0.0, 0.0, 0.0, 0.0, 0.0, 0.0, 0.0, 0.0, 500.00000000000006, 0.0, 0.0, 0.0, 0.0, 500.00000000000006, 0.0, 0.0, 0.0, 0.0, 0.0, 0.0, 0.0, 0.0, 0.0, 0.0, 0.0, 0.0, 0.0, 0.0, 0.0, 0.0, 0.0, 500.00000000000006, 0.0, 0.0, 0.0, 0.0, 500.00000000000006, 0.0, 0.0, 0.0, 0.0, 0.0, 0.0, 0.0, 0.0, 0.0, 0.0, 0.0, 0.0, 0.0, 0.0, 0.0, 0.0, 0.0, 500.00000000000006, 0.0, 0.0, 0.0, 0.0, 163.63401747546285, 0.0, 0.0, 0.0, 0.0, 0.0, 0.0, 0.0, 0.0, 0.0, 0.0, 0.0, 0.0, 0.0, 0.0, 0.0, 0.0, 0.0, 500.00000000000006, 0.0, 0.0, 0.0, 0.0, 3.5951305910615705, 0.0, 0.0, 0.0, 0.0, 0.0, 0.0, 0.0, 0.0, 0.0, 0.0, 0.0, 0.0, 500.00000000000006, 0.0, 0.0, 0.0, 0.0, 0.0, 0.0, 0.0, 0.0, 0.0, 0.0, 0.0, 0.0, 0.0, 0.0, 500.00000000000006, 500.00000000000006, 0.0, 0.0, 0.0, 0.20802087926636778, 0.0, 0.0, 500.00000000000006, 0.0, 0.0, 0.0, 0.0, 0.0, 0.0, 0.0, 0.0, 500.00000000000006, 0.0, 0.0, 0.0, 0.0, 0.0, 500.00000000000006, 500.00000000000006, 0.0, 0.0, 0.0, 0.20802087926636778, 0.0, 0.0, 500.00000000000006, 0.0, 0.0, 0.0, 0.0, 0.0, 0.0, 0.0, 0.0, 500.00000000000006, 0.0, 0.0, 0.0, 0.0, 0.0, 500.00000000000006, 0.0, 0.0, 0.0, 0.0, 0.20802087926636778, 0.0, 0.0, 500.00000000000006, 0.0, 0.0, 0.0, 0.0, 0.0, 0.0, 0.0, 0.0, 500.00000000000006, 0.0, 0.0, 0.0, 0.0, 0.0, 500.00000000000006, 500.00000000000006, 0.0, 0.0, 0.0, 0.20802087926636778, 0.0, 0.0, 500.00000000000006, 0.0, 0.0, 0.0, 0.0, 0.0, 0.0, 0.0, 0.0, 500.00000000000006, 0.0, 0.0, 0.0, 0.0, 0.0, 500.00000000000006, 500.00000000000006, 0.0, 0.0, 0.0, 0.20802087926636778, 0.0, 0.0, 500.00000000000006, 0.0, 0.0, 0.0, 0.0, 0.0, 0.0, 0.0, 0.0, 500.00000000000006, 0.0, 0.0, 0.0, 0.0, 0.0, 500.00000000000006, 0.0, 0.0, 0.0, 0.0, 350.66699838123503, 0.0, 0.0, 500.00000000000006, 0.0, 0.0, 0.0, 0.0, 0.0, 0.0, 0.0, 0.0, 500.00000000000006, 0.0, 0.0, 0.0, 0.0, 0.0, 500.00000000000006, 0.0, 0.0, 0.0, 0.0, 0.0, 0.0, 0.0, 500.00000000000006, 0.0, 0.0, 500.00000000000006, 0.0, 500.00000000000006, 0.0, 0.0, 0.0, 0.0, 0.0, 0.0, 0.0, 500.00000000000006, 0.0, 0.0, 0.0, 500.00000000000006, 0.0, 0.0, 0.0, 0.0, 500.00000000000006, 0.0, 0.0, 0.0, 500.00000000000006, 0.0, 500.00000000000006, 0.0, 0.0, 500.00000000000006, 0.0, 0.0, 0.0, 0.0, 0.0, 0.0, 0.0, 0.0, 500.00000000000006, 0.0, 0.0, 0.0, 0.0, 0.0, 0.0, 0.0, 0.0, 0.0, 500.00000000000006, 0.0, 0.0, 0.0, 500.00000000000006, 0.0, 0.0, 0.0, 0.0, 0.0, 0.0, 0.0, 0.0, 500.00000000000006, 0.0, 0.0, 0.0, 0.0, 0.0, 0.0, 0.0, 0.0, 0.0, 0.0, 0.0, 0.0, 0.0, 500.00000000000006, 0.0, 0.0, 0.0, 0.0, 0.0, 0.0, 0.0, 0.0, 500.00000000000006, 0.0, 0.0, 0.0, 0.0, 0.0, 0.0, 0.0, 0.0, 0.0, 0.0, 0.0, 0.0, 0.0, 500.00000000000006, 0.0, 0.0, 0.0, 0.0, 0.0, 0.0, 0.0, 0.0, 500.00000000000006, 0.0, 0.0, 0.0, 0.0, 0.0, 0.0, 0.0, 0.0, 0.0, 0.0, 0.0, 0.0, 0.0, 500.00000000000006, 0.0, 0.0, 0.0, 0.0, 0.0, 0.0, 0.0, 0.0, 500.00000000000006, 0.0, 0.0, 0.0, 0.0, 0.0, 0.0, 0.0, 0.0, 0.0, 0.0, 0.0, 0.0, 0.0, 500.00000000000006, 0.0, 0.0, 0.0, 0.0, 0.0, 0.0, 0.0, 0.0, 500.00000000000006, 0.0, 0.0, 0.0, 0.0, 0.0, 0.0, 0.0, 0.0, 0.0, 0.0, 0.0, 0.0, 0.0, 500.00000000000006, 0.0, 0.0, 0.0, 0.0, 0.0, 0.0, 0.0, 0.0, 500.00000000000006, 0.0, 0.0, 0.0, 0.0, 0.0, 0.0, 0.0, 0.0, 0.0, 0.0, 0.0, 500.00000000000006, 0.0, 0.0, 0.0, 0.0, 0.0, 0.0, 0.0, 0.0, 0.0, 0.0, 500.00000000000006, 0.0, 0.0, 0.0, 0.0, 0.0, 0.0, 0.0, 0.0, 0.0, 0.0, 0.0, 0.0, 0.0, 0.0, 0.0, 0.0, 0.0, 0.0, 0.0, 0.0, 0.0, 0.0, 500.00000000000006, 500.00000000000006, 0.0, 0.0, 0.0, 0.0, 0.0, 0.0, 139.0855825618051, 500.00000000000006, 0.0, 500.00000000000006, 0.0, 0.0, 0.0, 0.0, 0.0, 0.0, 0.0, 0.0, 0.0, 0.0, 0.0, 0.0, 500.00000000000006, 0.0, 0.0, 0.0, 0.0, 0.0, 0.0, 3.5946086170395444, 0.0, 0.0, 500.00000000000006, 0.0, 0.0, 0.0, 0.0, 0.0, 0.0, 0.0, 0.0, 0.0, 0.0, 0.0, 0.0, 500.00000000000006, 0.0, 0.0, 0.0, 0.0, 0.0, 0.0, 0.0, 0.0, 0.0, 356.57100979783246, 0.0, 0.0, 0.0, 0.0, 0.0, 0.0, 0.0, 0.0, 0.0, 0.0, 0.0, 0.0, 0.0, 0.0, 0.0, 0.0, 0.0, 0.0, 0.0, 0.0, 0.0, 0.0, 500.00000000000006, 0.0, 0.0, 0.0, 0.0, 0.0, 0.0, 0.0, 0.0, 0.0, 0.0, 0.0, 0.0, 0.0, 0.0, 0.0, 0.0, 0.0, 0.0, 500.00000000000006, 0.0, 0.0, 0.0, 500.00000000000006, 0.0, 0.0, 0.0, 0.0, 144.7953002602777, 0.0, 0.0, 0.0, 0.0, 0.0, 0.0, 0.0, 500.00000000000006, 0.0, 0.0, 0.0, 0.0, 0.0, 500.00000000000006, 0.0, 199.69685159261635, 0.0, 500.00000000000006, 0.0, 0.0, 0.0, 500.00000000000006, 500.00000000000006, 0.0, 0.0, 0.0, 0.0, 0.0, 0.0, 0.0, 0.0, 0.0, 0.0, 0.0, 0.0, 0.0, 500.00000000000006, 0.0, 500.00000000000006, 0.0, 500.00000000000006, 0.0, 0.0, 0.0, 500.00000000000006, 0.0, 0.0, 0.0, 0.0, 0.0, 0.0, 0.0, 0.0, 0.0, 0.0, 500.00000000000006, 0.0, 57.33495143885342]"
m,1.0
TES_charge_costs,34554.75754713568
cost_HX,10751.438535878058
coal_LCOE_profit,-0.04295535953325373
coal_LCOE_opex_costs,0.1448353083416599
relative_gap,0.038279287418973414
CAPEX_TES_charger,1566.8241683866854
charger_cost,1566.8241683866856
Q_IND_heater_peak,0.0
Li_dispatch,1.178245e6
flowSalt_discharge_peak,2.909444291252505
coal_LCOE_fom_costs,0.020449057319922255
coal_LCOE_capex,0.0
lambda_3,"[0.0, 0.0, 0.0, 0.0, 0.0, 0.0, 0.0, 0.0, 0.0, 0.0, 0.0, 0.0, 0.0, 0.0, 0.0, 0.0, 0.0, 0.0, 0.0, 0.0, 0.0, 0.0, 0.0, 0.0, 0.0, 0.0, 0.0, 0.0, 0.0, 0.0, 0.0, 0.0, 0.0, 0.0, 0.0, 0.0, 0.0, 0.0, 0.0, 0.0, 0.0, 0.0, 0.0, 0.0, 0.0, 0.0, 0.0, 0.0, 0.0, 0.0, 0.0, 0.0, 0.0, 0.0, 0.0, 0.0, 0.0, 0.0, 0.0, 0.0, 0.0, 0.0, 0.0, 0.0, 0.0, 0.0, 0.0, 0.0, 0.0, 0.0, 0.0, 0.0, 0.0, 0.0, 0.0, 0.0, 0.0, 0.0, 0.0, 0.0, 0.0, 0.0, 0.0, 0.0, 0.0, 0.0, 0.0, 0.0, 0.0, 0.0, 0.0, 0.0, 0.0, 0.0, 0.0, 0.0, 0.0, 0.0, 0.0, 0.0, 0.0, 0.0, 0.0, 0.0, 0.0, 0.0, 0.0, 0.0, 0.0, 0.0, 0.0, 0.0, 0.0, 0.0, 0.0, 1.0, 0.0, 0.0, 0.0, 0.0, 0.0, 0.0, 0.0, 0.0, 0.0, 0.0, 0.0, 0.0, 0.0, 0.0, 0.0, 0.0, 0.0, 0.0, 0.0, 0.0, 0.0, 0.0, 0.0, 0.0, 0.0, 0.0, 0.0, 0.0, 0.0, 0.0, 0.0, 0.0, 0.0, 0.0, 0.0, 0.0, 0.0, 0.0, 0.0, 0.0, 0.0, 0.0, 0.0, 0.0, 0.0, 0.0, 0.0, 0.0, 0.0, 0.0, 0.0, 0.0, 0.0, 0.0, 0.0, 0.0, 0.0, 0.0, 0.0, 0.0, 0.0, 0.0, 0.0, 0.0, 0.0, 0.0, 0.0, 0.0, 0.0, 0.0, 0.0, 0.0, 0.0, 0.0, 0.0, 0.0, 0.0, 0.0, 0.0, 0.0, 0.0, 0.0, 0.0, 0.0, 0.0, 0.0, 0.0, 0.0, 0.0, 0.0, 0.0, 0.0, 0.0, 0.0, 0.0, 0.0, 0.0, 0.0, 0.0, 0.0, 0.0, 0.0, 0.0, 0.0, 0.0, 0.0, 0.0, 0.0, 0.0, 0.0, 0.0, 0.0, 0.0, 0.0, 0.0, 0.0, 0.0, 0.0, 0.0, 0.0, 0.0, 0.0, 0.0, 0.0, 0.0, 0.0, 0.0, 0.0, 0.0, 0.0, 0.0, 0.0, 0.0, 0.0, 0.0, 0.0, 0.0, 0.0, 0.0, 0.0, 0.0, 0.0, 0.0, 0.0, 0.0]"
flowSalt_discharge_t,"[0.0, 0.0, 0.0, 0.0, 0.0, 1.4547221456262527, 0.0, 0.0, 0.0, 0.0, 0.0, 0.0, 0.0, 0.0, 0.0, 0.0, 0.0, 0.0, 0.0, 0.0, 0.0, 0.0, 0.0, 0.0, 0.0, 1.4547221456262525, 0.0, 0.0, 2.9094442912525054, 0.0, 0.0, 0.0, 1.4547221456262525, 0.0, 0.0, 0.0, 0.0, 0.0, 0.0, 0.0, 0.0, 0.0, 0.0, 0.0, 0.0, 0.0, 0.0, 0.0, 2.909444291252505, 0.0, 0.0, 1.454722145626253, 0.0, 0.0, 0.0, 2.909444291252505, 0.0, 0.0, 0.0, 0.0, 0.0, 0.0, 0.0, 0.0, 0.0, 0.0, 0.0, 0.0, 0.0, 0.0, 0.0, 2.909444291252505, 0.0, 0.0, 2.909444291252506, 0.0, 0.0, 0.0, 2.909444291252505, 0.0, 0.0, 0.0, 0.0, 0.0, 0.0, 0.0, 0.0, 0.0, 0.0, 0.0, 1.4547221456262531, 0.0, 0.0, 0.0, 2.8022915807085, 0.0, 0.0, 1.4547221456262527, 0.0, 0.0, 0.0, 2.909444291252505, 0.0, 0.0, 0.0, 0.0, 0.0, 0.0, 0.0, 0.0, 0.0, 0.0, 0.0, 1.9126799934964087, 0.0, 0.0, 0.0, 1.3475694350822474, 0.0, 0.0, 0.0, 1.4547221456262525, 0.0, 0.0, 1.4547221456262525, 0.0, 0.0, 0.0, 0.0, 0.0, 0.0, 0.0, 0.0, 0.0, 0.0, 0.0, 0.49460552951292586, 0.0, 0.0, 0.0, 0.49460552951292586, 0.0, 0.0, 0.0, 2.909444291252505, 0.0, 0.0, 0.0, 0.0, 0.0, 0.0, 0.0, 0.0, 0.0, 0.0, 0.0, 0.0, 0.0, 0.0, 0.0, 0.0, 0.0, 0.0, 0.0, 0.0, 0.0, 0.0, 1.4547221456262525, 0.0, 0.0, 0.0, 0.0, 0.0, 0.0, 0.0, 1.4547221456262525, 0.0, 0.0, 0.0, 0.0, 0.0, 0.0, 1.4547221456262525, 0.0, 0.0, 0.0, 0.0, 0.0, 0.0, 0.0, 0.0, 0.0, 0.0, 0.0, 0.0, 0.0, 0.0, 0.0, 1.01474204557785, 0.0, 0.0, 0.0, 0.0, 0.0, 0.0, 0.0, 0.0, 0.0, 0.0, 0.0, 0.0, 0.0, 0.0, 0.0, 0.0, 0.0, 0.0, 0.0, 0.0, 0.0, 0.0, 0.0, 0.0, 0.0, 0.0, 0.0, 0.0, 0.0, 0.0, 0.0, 0.0, 0.0, 0.0, 0.0, 0.0, 0.0, 0.0, 0.0, 0.0, 0.0, 0.0, 0.0, 0.0, 0.0, 0.0, 0.0, 0.0, 0.0, 0.0, 0.0, 0.0, 0.0, 0.0, 0.0, 0.0, 0.0, 0.0, 0.0, 0.0, 0.0, 0.0, 0.0, 0.0, 0.0, 0.0, 0.0, 0.0, 0.0, 0.0, 0.0, 0.0, 0.0, 0.0, 0.0, 0.0, 0.0, 0.0, 0.0, 0.0, 0.0, 0.0, 0.0, 0.0, 0.0, 0.0, 0.0, 0.0, 0.0, 0.0, 0.0, 0.0, 0.0, 0.0, 0.0, 0.0, 0.0, 0.0, 0.0, 0.0, 0.0, 0.0, 0.0, 0.0, 0.0, 0.0, 0.0, 0.0, 0.0, 0.0, 0.0, 0.0, 0.0, 0.0, 0.0, 0.0, 0.0, 0.0, 0.0, 0.0, 0.0, 0.0, 0.0, 0.0, 0.0, 0.0, 0.0, 0.0, 0.0, 0.0, 0.0, 0.0, 0.0, 0.0, 0.0, 0.0, 0.0, 0.0, 0.0, 0.0, 0.0, 0.0, 0.0, 0.0, 0.0, 0.0, 0.0, 0.0, 0.0, 0.0, 0.0, 0.0, 0.0, 0.0, 0.0, 0.0, 0.0, 0.0, 0.49460552951292586, 0.0, 0.0, 0.0, 0.0, 0.0, 0.0, 0.0, 0.0, 0.0, 0.0, 0.0, 0.0, 0.0, 0.0, 0.0, 0.0, 0.0, 0.0, 0.0, 0.0, 0.0, 0.0, 1.4713124640889947, 0.0, 0.0, 0.0, 0.0, 0.0, 0.0, 0.0, 0.0, 0.0, 0.0, 0.0, 0.0, 1.4547221456262522, 0.0, 0.0, 0.0, 0.0, 0.0, 0.0, 0.0, 0.0, 0.0, 0.49460552951292586, 0.0, 0.0, 0.0, 0.0, 0.0, 0.0, 0.0, 0.0, 0.0, 0.0, 0.0, 0.0, 2.9094442912525045, 0.0, 0.0, 0.0, 0.0, 0.0, 0.0, 0.0, 0.0, 0.0, 0.0, 0.0, 0.0, 0.0, 0.0, 0.0, 0.0, 0.0, 0.0, 0.0, 0.0, 0.0, 0.0, 1.4547221456262522, 0.0, 0.0, 0.0, 0.0, 0.0, 0.0, 0.0, 0.0, 0.0, 0.0, 0.0, 0.0, 0.0, 0.0, 0.0, 0.0, 0.0, 0.0, 0.0, 0.0, 0.0, 0.0, 0.0, 0.0, 0.0, 0.0, 0.0, 0.0, 0.0, 0.0, 0.0, 0.0, 0.0, 0.0, 0.0, 0.0, 0.0, 0.0, 0.0, 0.0, 0.0, 0.0, 0.0, 0.0, 0.0, 0.0, 0.0, 0.0, 0.0, 0.0, 0.0, 0.0, 0.0, 0.0, 0.0, 0.0, 0.0, 0.0, 0.0, 0.0, 0.0, 0.0, 0.0, 0.0, 0.0, 0.0, 0.0, 0.0, 0.0, 0.0, 0.0, 0.0, 0.0, 0.0, 0.0, 0.0, 0.0, 0.0, 0.0, 0.0, 0.0, 0.0, 0.0, 0.0, 0.0, 0.0, 0.0, 0.0, 0.0, 0.0, 0.0, 0.0, 0.0, 0.0, 0.0, 0.0, 0.0, 0.0, 0.0, 0.0, 0.0, 0.0, 0.0, 0.0, 0.0, 0.0, 0.0, 0.0, 1.4547221456262525, 0.0, 0.0, 1.4547221456262525, 0.0, 0.0, 0.0, 0.0, 0.0, 0.0, 0.0, 0.0, 0.0, 0.0, 0.0, 0.0, 0.0, 0.0, 0.0, 0.0, 0.0, 0.0, 0.0, 2.9094442912525045, 0.0, 0.0, 2.909444291252505, 0.0, 0.0, 0.0, 0.0, 0.0, 0.0, 0.0, 0.0, 0.0, 0.0, 0.0, 0.0, 0.0, 0.0, 0.0, 0.0, 0.0, 0.0, 0.0, 2.909444291252505, 0.0, 0.0, 1.4547221456262525, 0.0, 0.0, 0.0, 0.0, 0.0, 0.0, 0.0, 0.0, 0.0, 0.0, 0.0, 0.0, 0.0, 0.0, 0.0, 0.0, 0.0, 0.0, 0.0, 2.2767975639828677, 0.0, 0.0, 0.0, 1.4547221456262525, 0.0, 0.0, 0.0, 0.0, 0.0, 0.0, 0.0, 0.0, 0.0, 0.0, 0.0, 0.0, 0.0, 0.0, 0.0, 0.0, 0.0, 0.0, 0.8220754183566151, 0.0, 0.0, 0.0, 2.909444291252505, 0.0, 0.0, 0.0, 0.0, 0.0, 0.0, 0.0, 0.0, 0.0, 0.0, 0.0, 0.0, 0.0, 0.0, 0.0, 0.0, 0.0, 0.0, 1.4547221456262525, 0.0, 0.0, 0.0, 2.909444291252505, 0.0, 0.0, 0.0, 0.0, 0.0, 0.0, 0.0, 0.0, 0.0, 0.0, 0.0, 0.0, 0.0, 0.0, 0.0, 0.0, 0.0, 0.0, 2.909444291252505, 0.0, 0.0, 0.0, 1.4547221456262525, 0.0, 0.0, 0.0, 0.0, 0.0, 0.0, 0.0, 0.0, 0.0, 0.0, 0.0, 0.0, 0.0, 0.0, 0.0, 0.0, 0.0, 0.0, 1.4547221456262525, 0.0, 0.0, 0.0, 0.0, 0.0, 0.0, 0.0, 0.0, 0.0, 0.0, 0.0, 0.0, 0.0, 0.0, 0.0, 0.0, 0.0, 0.0, 0.0, 0.0, 0.0, 0.0, 0.0, 0.0, 0.0, 0.0, 0.0, 0.0, 0.0, 0.0, 0.0, 0.0, 0.0, 0.0, 0.0, 0.0, 0.0, 0.0, 0.0, 0.0, 0.0, 0.0, 0.0, 0.0, 0.0, 0.0, 0.0, 0.0, 0.0, 0.0, 0.0, 0.0, 0.0, 0.0, 0.0, 0.0, 0.0, 0.0, 0.0, 0.0, 0.0, 0.0, 0.0, 0.0, 0.0, 0.0, 0.0, 0.0, 0.0, 0.0, 0.0, 0.0, 0.0, 0.0, 0.0, 0.0, 0.0, 0.0, 0.0, 0.0, 0.0, 0.0, 0.0, 0.0, 0.0, 0.0, 0.0, 0.0, 0.0, 0.0, 0.0, 0.0, 0.0, 0.0, 0.0, 0.0, 0.0, 0.0, 0.0, 0.0, 0.0, 0.0, 0.0, 0.0, 0.0, 0.0, 0.0, 0.0, 0.0, 0.0, 0.0, 0.0, 0.0, 0.0, 0.0, 0.0, 0.0, 0.0, 0.0, 0.0, 0.0, 0.0, 0.0, 0.0, 0.0, 0.0, 0.0, 0.0, 0.0, 0.0, 0.0, 0.0, 0.0, 0.0, 0.0, 0.0, 0.0, 0.0, 0.0, 0.0, 0.0, 0.0, 0.0, 0.0, 0.0, 0.0, 0.0, 0.0, 0.0, 0.0, 0.0, 0.0, 0.0, 0.0, 0.0, 0.0, 0.0, 0.0, 0.0, 0.0, 0.0, 0.0, 0.0, 0.0, 0.0, 0.0, 0.0, 0.0, 0.0, 0.0, 0.0, 0.0, 0.0, 0.0, 0.0, 0.0, 0.0, 0.0, 0.0, 0.0, 0.0, 0.0, 0.0, 0.0, 0.0, 0.0, 0.0, 0.0, 0.0, 0.0, 0.0, 0.0, 0.0, 0.0, 0.0, 0.0, 0.0, 0.0, 0.0, 0.0, 0.0, 0.0, 0.0, 0.0, 0.0, 0.0, 0.0, 0.0, 0.0, 0.0, 0.0, 0.0, 0.0, 0.0, 0.0, 0.0, 0.0, 0.0, 0.0, 1.4547221456262525, 0.0, 0.0, 0.0, 0.0, 0.0, 0.0, 0.0, 0.0, 0.0, 0.0, 0.0, 0.0, 0.0, 0.0, 0.0, 0.0, 0.0, 0.0, 0.0, 0.0, 0.0, 0.0, 2.909444291252505, 1.4547221456262525, 0.0, 0.0, 0.0, 0.0, 0.0, 0.0, 0.0, 0.0, 0.0, 0.0, 0.0, 0.0, 0.0, 0.0, 0.0, 1.4547221456262525, 0.0, 0.0, 0.0, 1.4547221456262525, 0.0, 2.909444291252505, 2.909444291252505, 0.0, 0.0, 0.0, 0.0, 0.0, 0.0, 0.0, 0.0, 0.0, 0.0, 0.0, 0.0, 0.0, 0.0, 0.0, 2.909444291252505, 0.0, 0.0, 0.0, 2.909444291252505, 0.0, 1.4547221456262525, 2.909444291252504, 1.4547221456262525, 0.0, 0.0, 0.0, 0.0, 0.0, 0.0, 0.0, 0.0, 0.0, 0.0, 1.4547221456262525, 0.0, 0.0, 0.0, 2.909444291252505, 0.0, 0.0, 0.0, 2.909444291252505, 0.0, 0.0, 2.909444291252505, 2.909444291252505, 0.0, 0.0, 0.0, 0.0, 0.0, 0.0, 0.0, 0.0, 0.0, 0.0, 2.7413541794675114, 0.0, 0.0, 0.0, 2.909444291252506, 0.0, 0.0, 0.0, 1.4547221456262525, 0.0, 0.0, 2.909444291252505, 2.909444291252505, 0.0, 0.0, 0.0, 0.0, 0.0, 0.0, 0.0, 0.0, 0.0, 0.0, 1.286632033841259, 0.0, 0.0, 0.0, 2.905967939336083, 0.0, 0.0, 0.0, 2.909444291252505, 0.0, 0.0, 2.909444291252505, 1.4547221456262525, 0.0, 0.0, 0.0, 0.0, 0.0, 0.0, 0.0, 0.0, 0.0, 0.0, 0.0, 0.0, 0.0, 0.0, 1.4547221456262525, 0.0, 0.0, 0.0, 2.909444291252505, 0.0, 0.0, 1.4547221456262525, 0.0, 0.0, 0.0, 0.0, 0.0, 0.0, 0.0, 0.0, 0.0, 0.0, 0.0, 0.0, 0.0, 0.0, 0.0, 2.909444291252505, 0.0, 0.0, 1.4547221456262525, 2.909444291252505, 0.0, 0.0, 0.0, 0.0, 0.0, 0.0, 1.4547221456262525, 0.0, 0.0, 0.0, 0.0, 0.0, 0.0, 0.0, 0.0, 0.0, 0.0, 0.0, 1.4547221456262525, 0.0, 0.0, 2.909444291252505, 1.4547221456262525, 0.0, 0.0, 0.0, 0.0, 0.0, 0.0, 2.909444291252505, 0.0, 0.0, 0.0, 0.0, 0.0, 0.0, 0.0, 0.0, 0.0, 0.0, 0.0, 0.0, 0.0, 0.0, 2.909444291252505, 0.0, 0.0, 0.0, 0.0, 0.0, 0.0, 0.0, 2.909444291252505, 0.0, 0.0, 0.0, 0.0, 0.0, 0.0, 0.0, 0.0, 0.0, 0.0, 0.0, 0.0, 0.0, 0.0, 2.909444291252505, 0.0, 0.0, 0.0, 0.0, 0.0, 0.0, 0.0, 2.909444291252505, 0.0, 0.0, 0.0, 0.0, 0.0, 0.0, 0.0, 0.0, 0.0, 0.0, 0.0, 0.0, 0.0, 0.0, 2.909444291252505, 0.0, 0.0, 0.0, 0.0, 0.0, 0.0, 0.0, 2.909444291252505, 0.0, 0.0, 0.0, 0.0, 0.0, 0.0, 0.0, 0.0, 0.0, 0.0, 0.0, 0.0, 0.0, 0.0, 2.909444291252505, 0.0, 0.0, 0.0, 0.0, 0.0, 0.0, 0.0, 2.909444291252505, 0.0, 0.0, 0.0, 0.0, 0.0, 0.0, 1.4547221456262525, 0.0, 0.0, 0.0, 0.0, 0.0, 0.0, 0.0, 1.4547221456262525, 0.0, 0.0, 0.0, 0.0, 0.0, 0.0, 0.0, 1.4547221456262525, 0.0, 0.0, 0.0, 0.0, 0.0, 0.0, 0.0, 0.0, 0.0, 0.0, 0.0, 0.0, 0.0, 0.0, 0.0, 0.0, 0.0, 0.0, 0.0, 0.0, 0.0, 0.0, 0.0, 0.0, 0.0, 0.0, 0.0, 0.0, 0.0, 0.0, 0.0, 0.0, 0.0, 0.0, 0.0, 0.0, 0.0, 0.0, 0.0, 0.0, 0.0, 0.0, 0.0, 0.0, 0.0, 0.0, 0.0, 0.0, 0.0, 0.0, 0.0, 0.0, 0.0, 0.0, 0.0, 0.0, 0.0, 0.0, 0.0, 0.0, 0.0, 0.0, 0.0, 0.0, 0.0, 0.0, 0.0, 0.0, 0.0, 0.0, 0.0, 0.0, 0.0, 0.0, 0.0, 0.0, 0.0, 0.0, 0.0, 0.0, 0.0, 0.0, 0.0, 0.0, 0.0, 0.0, 0.0, 0.0, 0.0, 0.0, 0.0, 0.0, 0.0, 0.0, 0.0, 0.0, 0.0, 0.0, 0.0, 0.0, 0.0, 0.0, 0.0, 0.0, 0.0, 0.0, 0.0, 0.0, 0.0, 0.0, 0.0, 0.0, 0.0, 0.0, 0.0, 0.0, 0.0, 0.0, 0.0, 0.0, 0.0, 0.0, 0.0, 0.0, 0.0, 0.0, 0.0, 0.0, 0.0, 0.0, 0.0, 0.0, 0.0, 0.0, 0.0, 0.0, 0.0, 0.0, 0.0, 0.0, 0.0, 0.0, 0.0, 0.0, 0.0, 0.0, 0.0, 0.0, 0.0, 0.0, 0.0, 0.0, 0.0, 0.0, 0.0, 0.0, 0.0, 0.0, 0.0, 0.0, 0.0, 0.0, 0.0, 0.0, 0.0, 0.0, 0.0, 0.0, 0.0, 0.0, 0.0, 0.0, 0.0, 0.0, 1.4547221456262525, 0.0, 0.0, 0.0, 0.0, 0.0, 0.0, 0.0, 0.0, 0.0, 0.0, 0.0, 0.0, 0.0, 0.0, 0.0, 0.0, 0.0, 0.0, 0.0, 0.0, 0.0, 0.0, 2.909444291252505, 0.0, 0.0, 0.0, 1.4547221456262525, 0.0, 0.0, 0.0, 0.0, 0.0, 1.2110019108716752, 0.0, 0.0, 0.0, 0.0, 0.0, 0.0, 0.0, 0.0, 0.0, 0.0, 0.0, 0.0, 2.909444291252505, 0.0, 0.0, 0.0, 2.909444291252505, 0.0, 0.0, 0.0, 0.0, 0.0, 2.6657240564979277, 0.0, 0.0, 0.0, 0.0, 0.0, 0.0, 0.0, 0.0, 1.4547221456262531, 0.0, 0.0, 0.0, 1.4547221456262525, 0.0, 0.0, 0.0, 2.909444291252505, 0.0, 0.0, 0.0, 0.0, 0.0, 2.909444291252505, 0.0, 0.0, 0.0, 0.0, 0.0, 0.0, 0.0, 0.0, 2.909444291252505, 0.0, 0.0, 0.0, 0.0, 0.0, 0.0, 0.0, 1.4547221456262525, 0.0, 1.4547221456262525, 0.0, 0.0, 0.0, 1.4547221456262525, 0.0, 0.0, 0.0, 0.0, 0.0, 0.0, 0.0, 0.0, 2.909444291252505, 0.0, 0.0, 0.0, 0.0, 0.0, 0.0, 0.0, 0.0, 0.0, 2.4248628368872365, 0.0, 1.375296637976424, 0.0, 0.0, 0.0, 0.0, 0.0, 0.0, 0.0, 0.0, 0.0, 0.0, 2.909444291252505, 0.0, 0.0, 0.0, 0.0, 0.0, 0.0, 0.0, 0.0, 0.0, 0.9701406912609839, 0.0, 0.49460552951292586, 0.0, 0.0, 0.0, 0.0, 0.0, 0.0, 0.0, 0.0, 0.0, 0.0, 1.7456675779494655, 0.0, 0.0, 0.0, 0.0, 0.0, 0.0, 0.0, 0.0, 0.0, 0.49460552951292586, 0.0, 0.49460552951292586, 0.0, 0.0, 0.0, 0.0, 0.0, 0.0, 0.0, 0.0, 0.0, 0.0, 0.49460552951292586, 0.0, 0.0, 0.0, 0.0, 0.0, 0.0, 0.0, 0.0, 0.0, 1.4547221456262525, 0.0, 0.49460552951292586, 0.0, 0.0, 0.0, 0.0, 0.0, 0.0, 0.0, 0.0, 0.0, 0.0, 0.0, 0.0, 0.0, 0.0, 0.0, 0.0, 0.0, 1.4547221456262525, 0.0, 0.0, 0.0, 0.0, 1.4547221456262525, 0.0, 0.0, 0.0, 0.0, 0.0, 0.0, 0.0, 0.0, 0.0, 0.0, 0.0, 0.0, 0.0, 0.0, 0.0, 0.0, 0.0, 2.909444291252505, 0.0, 0.0, 0.0, 0.0, 2.909444291252505, 0.0, 0.0, 0.0, 0.0, 0.0, 0.0, 0.0, 0.0, 0.0, 0.0, 0.0, 0.0, 1.4547221456262527, 0.0, 0.0, 0.0, 0.0, 2.909444291252505, 0.0, 0.0, 0.0, 0.0, 2.909444291252505, 0.0, 0.0, 0.0, 0.0, 0.0, 0.0, 0.0, 0.0, 0.0, 0.0, 0.0, 0.0, 2.9094442912525054, 0.0, 0.0, 0.0, 0.0, 2.909444291252505, 0.0, 0.0, 0.0, 0.0, 2.909444291252505, 0.0, 0.0, 0.0, 0.0, 0.0, 0.0, 0.0, 0.0, 0.0, 0.0, 0.0, 0.0, 2.7318563927857253, 0.0, 0.0, 0.0, 0.0, 2.909444291252505, 0.0, 0.0, 0.0, 0.0, 2.909444291252505, 0.0, 0.0, 1.0263671979791311, 0.0, 0.0, 0.0, 0.0, 0.0, 0.0, 0.0, 0.0, 0.0, 1.277134247159472, 0.0, 0.0, 0.0, 0.0, 2.909444291252505, 0.0, 0.0, 0.0, 0.0, 1.4547221456262525, 0.0, 0.0, 2.4810893436053836, 0.0, 0.0, 0.0, 0.0, 0.0, 0.0, 0.0, 0.0, 0.0, 1.4547221456262445, 0.0, 0.0, 0.0, 0.0, 1.4547221456262525, 0.0, 0.0, 0.0, 0.0, 1.4547221456262525, 0.0, 0.0, 2.909444291252505, 0.0, 0.0, 0.0, 0.0, 0.0, 0.0, 0.0, 0.0, 0.0, 0.0, 0.0, 0.0, 0.0, 0.0, 0.0, 0.0, 0.0, 0.0, 0.0, 0.0, 1.0360747510037656, 0.0, 1.4547221456262525, 0.0, 0.0, 0.0, 0.0, 0.0, 0.0, 0.0, 0.0, 0.0, 0.0, 0.0, 0.0, 0.0, 0.0, 0.0, 0.0, 0.0, 0.0, 0.0, 0.0, 0.0, 0.0, 0.0, 0.0, 0.0, 0.0, 0.0, 0.0, 0.0, 0.0, 0.0, 0.0, 0.0, 0.0, 0.0, 0.0, 0.0, 0.0, 0.0, 0.0, 0.0, 0.0, 0.0, 0.0, 0.0, 0.0, 0.0, 0.0, 0.0, 0.0, 0.0, 0.0, 0.0, 0.0, 0.0, 0.0, 0.0, 0.0, 0.0, 0.0, 0.0, 0.0, 0.0, 0.0, 0.0, 0.0, 0.0, 0.0, 0.0, 0.0, 0.0, 0.0, 0.0, 0.0, 0.0, 0.0, 0.0, 0.0, 0.0, 0.0, 0.0, 0.0, 0.0, 0.0, 0.0, 0.0, 0.0, 0.0, 0.0, 0.0, 0.0, 0.0, 0.0, 0.0, 0.0, 0.0, 0.0, 0.0, 0.0, 0.0, 0.0, 0.0, 0.0, 0.0, 0.0, 0.0, 0.0, 0.0, 0.0, 0.0, 0.0, 0.0, 0.0, 0.0, 0.0, 0.0, 0.0, 0.0, 0.0, 0.0, 0.0, 0.0, 0.0, 0.0, 0.0, 0.0, 0.0, 0.0, 0.0, 0.0, 0.0, 0.0, 0.0, 0.0, 0.0, 0.0, 0.0, 0.0, 0.0, 0.0, 0.0, 0.0, 0.0, 0.0, 0.0, 0.0, 0.0, 0.0, 0.0, 0.0, 0.0, 0.0, 0.0, 0.0, 0.0, 0.0, 0.0, 0.0, 0.0, 0.0, 0.0, 0.0, 0.0, 0.0, 0.0, 0.0, 0.0, 0.0, 0.0, 0.0, 0.0, 0.0, 0.0, 0.0, 0.0, 0.0, 0.0, 0.0, 0.0, 0.0, 0.0, 0.0, 0.0, 0.0, 0.0, 0.0, 0.0, 0.0, 0.0, 0.0, 0.0, 0.0, 0.0, 0.0, 0.0, 1.4547221456262525, 0.0, 0.0, 0.0, 0.0, 0.0, 0.0, 0.0, 0.0, 0.0, 0.0, 0.0, 0.0, 0.0, 0.0, 0.0, 0.0, 0.0, 0.0, 0.0, 0.0, 0.0, 0.0, 2.909444291252505, 0.0, 0.0, 0.0, 0.0, 0.0, 0.0, 0.0, 0.0, 0.0, 0.0, 1.4547221456262525, 0.0, 0.0, 0.0, 0.0, 0.0, 0.0, 0.0, 0.0, 0.0, 0.0, 0.0, 1.4547221456262525, 0.0, 0.0, 0.0, 0.0, 0.0, 0.0, 0.0, 0.0, 0.0, 0.0, 2.909444291252505, 0.0, 0.0, 0.0, 0.0, 0.0, 0.0, 0.0, 0.0, 0.0, 0.0, 0.0, 0.0, 0.0, 0.0, 0.0, 0.0, 0.0, 0.0, 0.0, 0.0, 0.0, 0.0, 2.9094442912525036, 0.0, 0.0, 0.0, 0.0, 0.0, 0.0, 0.0, 0.0, 0.0, 0.0, 0.0, 0.0, 0.0, 0.0, 0.0, 0.0, 0.0, 0.0, 0.0, 1.4547221456262525, 0.0, 0.0, 2.909444291252505, 0.0, 0.0, 0.0, 0.0, 0.0, 0.0, 0.0, 0.0, 0.0, 0.0, 0.0, 0.0, 0.0, 0.0, 0.0, 0.0, 0.0, 0.0, 0.0, 2.909444291252505, 0.0, 0.0, 1.4547221456262525, 0.0, 0.0, 0.0, 0.0, 0.0, 0.0, 0.0, 0.0, 0.0, 0.0, 0.0, 0.0, 0.0, 0.0, 0.0, 0.0, 0.0, 0.0, 0.0, 1.707208982372655, 0.0, 0.0, 0.0, 0.0, 0.0, 0.0, 0.0, 0.0, 0.0, 0.0, 0.0, 0.0, 0.0, 0.0, 0.0, 0.0, 0.0, 0.0, 0.0, 0.0, 0.0, 0.0, 0.49460552951292597, 0.0, 0.0, 0.0, 1.4547221456262525, 0.0, 0.0, 0.0, 0.0, 0.0, 0.0, 0.0, 0.0, 0.0, 0.0, 0.0, 0.0, 0.0, 0.0, 0.0, 0.0, 0.0, 0.0, 0.0, 0.0, 0.0, 0.0, 2.909444291252505, 0.0, 0.7255310017147615, 0.0, 0.0, 0.0, 1.4547221456262525, 0.0, 0.0, 0.0, 1.4547221456262525, 0.0, 0.0, 0.0, 0.0, 0.0, 0.0, 0.0, 0.0, 0.0, 0.0, 0.0, 0.0, 2.909444291252505, 0.0, 2.1802531473410136, 1.4547221456262525, 0.0, 0.0, 2.909444291252505, 0.0, 0.0, 0.0, 2.909444291252505, 0.0, 0.0, 0.0, 0.0, 0.0, 0.0, 0.0, 0.0, 0.0, 0.0, 0.0, 0.0, 1.4547221456262525, 0.0, 2.909444291252505, 2.768780868702831, 0.0, 0.0, 2.909444291252505, 0.0, 0.0, 0.0, 2.909444291252505, 0.0, 0.0, 0.0, 0.0, 0.0, 0.0, 0.0, 0.0, 0.0, 0.0, 0.0, 0.0, 0.0, 0.0, 2.909444291252505, 2.909444291252505, 0.0, 0.0, 2.909444291252505, 0.0, 0.0, 0.0, 1.4704777076395397, 0.0, 0.0, 0.0, 0.0, 0.0, 0.0, 0.0, 0.0, 0.0, 0.0, 0.0, 0.0, 0.0, 0.0, 2.909444291252505, 2.909444291252505, 0.0, 0.0, 2.909444291252505, 0.0, 0.0, 0.0, 2.909444291252505, 0.0, 0.0, 0.0, 0.0, 0.0, 0.0, 0.0, 0.0, 0.0, 0.0, 0.0, 0.0, 0.0, 0.0, 2.909444291252505, 2.909444291252505, 0.0, 0.0, 2.909444291252505, 0.0, 0.0, 0.0, 2.909444291252505, 0.0, 0.0, 0.0, 0.0, 0.0, 0.0, 0.0, 0.0, 0.0, 0.0, 0.0, 0.0, 0.0, 0.0, 2.909444291252505, 2.909444291252505, 0.0, 0.0, 1.4547221456262525, 0.0, 0.0, 0.0, 2.909444291252505, 0.0, 0.0, 0.0, 0.0, 0.0, 0.0, 0.0, 0.0, 0.0, 0.0, 0.0, 0.0, 0.0, 0.0, 1.4547221456262525, 1.4547221456262525, 0.0, 0.0, 0.0, 0.0, 0.0, 0.0, 1.4547221456262525, 0.0, 0.0, 0.0, 0.0, 0.0, 0.0, 0.0, 0.0, 0.0, 0.0, 0.0, 0.0, 0.0, 0.0, 0.0, 0.0, 0.0, 0.0, 0.0, 0.0, 0.0, 0.0, 0.0, 0.0, 0.0, 0.0, 0.0, 0.0, 0.0, 0.0, 0.0, 0.0, 0.0, 0.0, 0.0, 0.0, 0.0, 0.0, 0.0, 0.0, 0.0, 0.0, 0.0, 0.0, 0.0, 0.0, 0.0, 0.0, 0.0, 0.0, 0.0, 0.0, 0.0, 0.0, 0.0, 0.0, 0.0, 0.0, 0.0, 0.0, 0.0, 0.0, 0.0, 0.0, 0.0, 0.0, 0.0, 0.0, 0.0, 0.0, 0.0, 0.0, 0.0, 0.0, 0.0, 0.0, 0.0, 0.0, 0.0, 0.0, 0.0, 0.0, 0.0, 0.0, 0.0, 0.0, 0.0, 0.0, 0.0, 0.0, 0.0, 0.0, 0.0, 0.0, 0.0, 0.0, 0.0, 0.0, 0.0, 0.0, 0.0, 0.0, 0.0, 0.0, 0.0, 0.0, 0.0, 0.0, 0.0, 0.0, 0.0, 0.0, 0.0, 0.0, 0.0, 0.0, 0.0, 0.0, 0.0, 0.0, 0.0, 0.0, 0.0, 0.0, 0.0, 0.0, 0.0, 0.0, 0.0, 0.0, 0.0, 0.0, 0.0, 0.0, 0.0, 0.0, 0.0, 0.0, 0.0, 0.0, 0.0, 0.0, 0.0, 0.0, 0.0, 0.0, 0.0, 0.0, 0.0, 0.0, 0.0, 0.0, 0.0, 0.0, 0.0, 0.0, 0.0, 0.0, 0.0, 0.0, 0.0, 0.0, 0.0, 0.0, 0.0, 0.0, 0.0, 0.0, 0.0, 0.0, 0.0, 0.0, 0.0, 0.0, 0.0, 0.0, 0.0, 0.0, 0.0, 0.0, 0.0, 0.0, 0.0, 0.0, 0.0, 0.0, 0.0, 0.0, 0.0, 0.0, 0.0, 0.0, 0.0, 0.0, 0.0, 0.0, 0.0, 0.0, 0.0, 0.0, 0.0, 0.0, 0.0, 0.0, 0.0, 0.0, 0.0, 0.0, 0.0, 0.0, 0.0, 1.148353581755781, 0.0, 0.0, 0.0, 0.0, 0.0, 0.0, 0.0, 0.0, 0.0, 0.0, 0.0, 0.0, 0.0, 0.0, 0.0, 0.0, 0.0, 0.0, 0.0, 0.0, 0.0, 0.0, 2.6030757273820355, 0.0, 0.0, 0.0, 0.0, 0.0, 0.0, 0.0, 0.0, 0.0, 0.0, 0.0, 0.0, 0.0, 0.0, 0.0, 0.0, 0.0, 0.0, 0.0, 0.0, 0.0, 0.0, 1.148353581755781, 0.0, 0.0, 0.0, 0.0, 0.0, 0.0, 0.0, 0.0, 0.0, 0.0, 0.0, 0.0, 0.0, 0.0, 0.0, 0.0, 0.0, 0.0, 0.0, 0.0, 0.0, 1.4547221456262525, 0.0, 0.0, 0.0, 0.0, 0.0, 0.0, 0.0, 0.0, 1.4547221456262525, 0.0, 0.0, 0.0, 0.0, 0.0, 0.0, 0.0, 0.0, 0.0, 0.0, 0.0, 0.0, 0.0, 2.909444291252505, 0.0, 0.0, 0.0, 0.0, 0.0, 0.0, 0.0, 0.0, 2.909444291252505, 0.0, 0.0, 0.0, 0.0, 0.0, 0.0, 0.0, 0.0, 0.0, 0.0, 0.0, 0.0, 0.0, 1.4547221456262525, 0.0, 0.0, 0.0, 0.0, 0.0, 0.0, 0.0, 0.0, 1.7607219938805523, 0.0, 0.0, 0.0, 0.0, 0.0, 0.0, 0.0, 0.0, 0.0, 0.0, 0.0, 0.0, 0.0, 0.0, 0.0, 0.0, 0.0, 0.0, 0.0, 0.0, 0.0, 0.0, 1.4547221456262525, 0.0, 0.0, 0.0, 0.0, 0.0, 0.0, 0.0, 0.0, 0.0, 0.0, 0.0, 0.0, 0.0, 0.0, 0.0, 0.0, 0.0, 0.0, 0.0, 1.4547221456262531, 0.0, 0.0, 0.0, 1.418042422678843, 0.0, 0.0, 0.0, 0.0, 0.0, 0.0, 0.0, 0.0, 0.0, 1.4547221456262525, 0.0, 1.4547221456262525, 0.0, 0.0, 0.0, 0.0, 0.0, 0.0, 2.9094442912525054, 0.0, 0.0, 0.0, 2.8727645683050955, 0.0, 0.0, 0.0, 0.0, 0.0, 0.0, 0.0, 0.0, 0.0, 2.909444291252505, 0.0, 2.9094442912525045, 0.0, 0.0, 0.0, 0.0, 0.0, 0.0, 2.909444291252505, 0.0, 0.0, 0.0, 1.949327675139177, 0.0, 0.0, 0.0, 0.0, 0.0, 0.0, 0.0, 0.0, 0.0, 2.909444291252505, 0.0, 2.909444291252505, 0.0, 0.0, 0.0, 0.0, 0.0, 0.0, 2.909444291252505, 0.0, 0.0, 0.0, 0.4946055295129256, 0.0, 0.0, 0.0, 0.0, 0.0, 0.0, 0.0, 0.0, 0.0, 2.909444291252505, 0.0, 2.909444291252505, 0.0, 0.0, 0.0, 0.0, 0.0, 0.0, 2.8390416660798685, 0.0, 0.0, 0.0, 1.9493276751391782, 0.0, 0.0, 0.0, 0.0, 0.0, 0.0, 0.0, 0.0, 0.0, 2.909444291252505, 0.0, 2.909444291252505, 0.0, 0.0, 0.0, 0.0, 0.0, 0.0, 1.3843195204536163, 0.0, 0.0, 0.0, 1.4547221456262525, 0.0, 0.0, 0.0, 0.0, 0.0, 0.0, 0.0, 0.0, 0.0, 2.909444291252505, 0.0, 2.3709406812853513, 0.0, 0.0, 0.0, 0.0, 0.0, 0.0, 2.8390416660798685, 0.0, 0.0, 0.0, 2.909444291252505, 0.0, 0.0, 0.0, 0.0, 0.0, 0.0, 0.0, 0.0, 0.0, 1.4547221456262525, 0.0, 0.9162185356590989, 0.0, 0.0, 0.0, 0.0, 0.0, 0.0, 1.4547221456262525, 0.0, 0.0, 0.0, 2.909444291252505, 0.0, 0.0, 0.0, 0.0, 0.0, 0.0, 0.0, 0.0, 0.0, 0.0, 0.0, 0.0, 0.0, 0.0, 0.0, 0.0, 0.0, 0.0, 0.0, 0.0, 0.0, 0.0, 1.4547221456262525, 0.0, 0.0, 0.0, 0.0, 0.0, 0.0, 0.0, 0.0, 0.0, 0.0, 0.0, 0.0, 0.0, 0.0, 0.0, 0.0, 0.0, 0.0, 0.0, 0.0, 0.0, 0.0, 0.0, 0.0, 0.0, 0.0, 0.0, 0.0, 0.0, 0.0, 0.0, 0.0, 0.0, 0.0, 0.0, 0.0, 0.0, 0.0, 0.0, 0.0, 0.0, 0.0, 0.0, 0.0, 0.0, 0.0, 0.0, 0.0, 0.0, 0.0, 0.0, 0.0, 0.0, 0.0, 0.0, 0.0, 0.0, 0.0, 0.0, 0.0, 0.0, 0.0, 0.0, 0.0, 0.0, 0.0, 0.0, 0.0, 0.0, 0.0, 0.0, 0.0, 0.0, 0.0, 0.0, 0.0, 0.0, 0.0, 0.0, 0.0, 0.0, 0.0, 0.0, 0.0, 0.0, 0.0, 0.0, 0.0, 0.0, 0.0, 0.0, 0.0, 0.0, 0.0, 0.0, 0.0, 0.0, 0.0, 0.0, 0.0, 0.0, 0.0, 0.0, 0.0, 0.0, 0.0, 0.0, 0.0, 0.0, 0.0, 0.0, 0.0, 0.0, 0.0, 0.0, 0.0, 0.0, 0.0, 0.0, 0.0, 0.0, 0.0, 0.0, 0.0, 0.0, 0.0, 0.0, 0.0, 0.0, 0.0, 0.0, 0.0, 0.0, 0.0, 0.0, 0.0, 0.0, 0.0, 0.0, 0.0, 0.0, 0.0, 0.0, 0.0, 0.0, 0.0, 0.0, 0.0, 0.0, 0.0, 0.0, 0.0, 0.0, 0.0, 0.0, 0.0, 0.0, 0.0, 0.0, 0.0, 0.0, 0.0, 0.0, 0.0, 0.0, 0.0, 0.0, 0.0, 0.0, 0.0, 0.0, 0.0, 0.0, 0.0, 0.0, 0.0, 0.0, 0.0, 0.0, 0.0, 0.0, 0.0, 0.0, 0.0, 0.0, 0.0, 0.0, 0.0, 0.0, 1.4547221456262525, 0.0, 0.0, 0.0, 0.0, 0.0, 0.0, 0.0, 0.0, 0.0, 0.0, 0.0, 0.0, 0.0, 0.0, 0.0, 0.0, 0.0, 0.0, 0.0, 0.0, 0.0, 0.0, 2.909444291252505, 0.0, 0.0, 0.0, 0.0, 0.0, 0.0, 0.0, 0.0, 0.0, 0.0, 0.0, 0.0, 0.0, 0.0, 0.0, 0.0, 0.0, 0.0, 0.0, 0.0, 0.0, 0.0, 2.909444291252505, 0.0, 0.0, 0.0, 0.0, 0.0, 0.0, 0.0, 0.0, 0.0, 0.0, 0.0, 0.0, 0.0, 0.0, 0.0, 0.0, 0.0, 0.0, 0.0, 0.0, 0.0, 0.0, 2.909444291252505, 0.0, 0.0, 0.0, 0.0, 0.0, 0.0, 0.0, 0.0, 0.0, 0.0, 0.0, 0.0, 0.0, 0.0, 0.0, 0.0, 0.0, 0.0, 1.4547221456262525, 0.0, 0.0, 0.0, 2.909444291252505, 0.0, 0.0, 0.0, 0.0, 0.0, 0.0, 0.0, 0.0, 0.0, 0.0, 0.0, 0.0, 0.0, 0.0, 0.0, 0.0, 0.0, 0.0, 2.909444291252505, 0.0, 0.0, 0.0, 1.5609705799429177, 0.0, 0.0, 0.0, 0.0, 0.0, 0.0, 0.0, 0.0, 0.0, 0.0, 0.0, 0.0, 0.0, 0.0, 0.0, 0.0, 0.0, 0.0, 1.4547221456262525, 0.0, 0.0, 0.0, 0.49460552951292586, 0.0, 0.0, 0.0, 0.0, 0.0, 0.0, 0.0, 0.0, 0.0, 0.0, 0.0, 0.0, 0.0, 0.0, 0.0, 0.0, 0.0, 0.0, 0.0, 0.0, 0.0, 0.0, 0.0, 0.0, 0.0, 0.0, 0.0, 0.0, 0.0, 0.0, 0.0, 0.0, 0.0, 0.0, 0.0, 0.0, 0.0, 0.0, 1.4547221456262531, 0.0, 0.0, 0.0, 0.0, 0.0, 0.0, 0.0, 0.0, 0.0, 0.0, 1.4547221456262525, 0.0, 0.0, 0.0, 0.0, 0.0, 0.0, 0.0, 0.0, 0.0, 0.0, 0.0, 2.909444291252505, 0.0, 0.0, 0.0, 0.0, 0.0, 0.0, 0.0, 0.0, 0.0, 0.0, 2.909444291252505, 0.0, 0.0, 0.0, 0.0, 0.0, 0.0, 0.0, 0.0, 0.0, 0.0, 0.0, 2.909444291252505, 0.0, 0.0, 0.0, 0.0, 0.0, 0.0, 0.0, 0.0, 0.0, 0.0, 2.909444291252505, 0.0, 0.0, 0.0, 0.0, 0.0, 0.0, 0.0, 0.0, 0.0, 0.0, 0.0, 2.909444291252505, 0.0, 0.0, 0.0, 0.0, 0.0, 0.0, 0.0, 0.0, 0.0, 0.0, 2.0265264341288445, 0.0, 0.0, 0.0, 0.0, 0.0, 0.0, 0.0, 0.0, 0.0, 0.0, 0.0, 2.909444291252505, 0.0, 0.0, 0.0, 0.0, 0.0, 0.0, 0.0, 0.0, 0.0, 0.0, 0.571804288502592, 0.0, 0.0, 0.0, 0.0, 0.0, 0.0, 0.0, 0.0, 0.0, 0.0, 0.0, 2.909444291252505, 0.0, 0.0, 0.0, 0.0, 0.0, 0.0, 0.0, 0.0, 0.0, 0.0, 0.0, 0.0, 0.0, 0.0, 0.0, 0.0, 0.0, 0.0, 0.0, 0.0, 0.0, 0.0, 2.167450347111602, 0.0, 0.0, 0.0, 0.0, 0.0, 0.0, 0.0, 0.0, 0.0, 0.0, 0.0, 0.0, 0.0, 0.0, 0.0, 0.0, 0.0, 0.0, 0.0, 0.0, 0.0, 0.0, 0.7127282014853494, 0.0, 0.0, 0.0, 0.0, 0.0, 0.0, 0.0, 0.0, 0.0, 0.0, 0.0, 0.0, 0.0, 0.0, 0.0, 0.0, 0.0, 0.0, 0.0, 0.0, 0.0, 0.0, 0.0, 0.0, 0.0, 0.0, 0.0, 0.0, 0.0, 0.0, 0.0, 0.0, 0.0, 0.0, 0.0, 0.0, 0.0, 0.0, 0.0, 0.0, 0.0, 0.0, 0.0, 0.0, 0.0, 0.0, 0.0, 0.0, 0.0, 0.0, 0.0, 0.0, 0.0, 0.0, 0.0, 0.0, 0.0, 0.0, 0.0, 0.0, 0.0, 0.0, 0.0, 0.0, 0.0, 0.0, 0.0, 0.0, 0.0, 0.0, 0.0, 0.0, 0.0, 0.0, 0.0, 0.0, 0.0, 0.0, 0.0, 0.0, 0.0, 0.0, 0.0, 0.0, 1.454722145626252, 0.0, 0.0, 0.0, 0.0, 0.0, 0.0, 0.0, 0.0, 0.0, 0.0, 0.0, 0.0, 0.0, 0.0, 0.0, 0.0, 0.0, 0.0, 0.0, 0.0, 0.0, 0.0, 2.9094442912525045, 0.0, 0.0, 0.0, 0.0, 0.0, 0.0, 0.0, 0.0, 0.0, 0.0, 0.0, 0.0, 0.0, 0.0, 0.0, 0.0, 0.0, 0.0, 0.0, 0.0, 0.0, 0.0, 2.9094442912525045, 0.0, 0.0, 0.0, 0.0, 0.0, 0.0, 0.0, 0.0, 0.0, 0.0, 0.0, 0.0, 0.0, 0.0, 0.0, 0.0, 0.0, 0.0, 0.0, 0.0, 0.0, 0.0, 2.9094442912525045, 0.0, 0.0, 0.0, 0.0, 0.0, 0.0, 0.0, 0.0, 0.0, 0.0, 0.0, 0.0, 0.0, 0.0, 0.0, 0.0, 0.0, 0.0, 0.0, 0.0, 0.0, 0.0, 2.9094442912525045, 0.0, 0.0, 0.0, 0.0, 0.0, 0.0, 0.0, 0.0, 0.0, 0.0, 0.0, 0.0, 0.0, 0.0, 0.0, 0.0, 0.0, 0.0, 0.0, 0.0, 0.0, 0.49460552951292586, 1.4547221456262525, 0.0, 0.0, 0.0, 0.0, 0.0, 0.0, 0.0, 0.0, 0.0, 0.0, 0.0, 0.0, 0.0, 0.0, 0.0, 0.0, 0.0, 0.0, 0.0, 0.0, 0.0, 1.6817327198954093, 0.0, 0.0, 0.0, 0.0, 0.0, 0.0, 0.0, 0.0, 0.0, 0.0, 0.0, 0.0, 0.0, 1.4547221456262525, 0.0, 0.0, 0.0, 0.0, 0.0, 0.0, 0.0, 0.0, 0.4946055295129303, 0.0, 0.0, 0.0, 0.0, 0.0, 0.0, 0.0, 0.0, 0.0, 0.0, 0.0, 0.0, 0.0, 2.909444291252505, 0.0, 0.0, 0.0, 0.0, 0.0, 0.0, 1.4547221456262525, 0.0, 0.0, 0.0, 1.4547221456262525, 0.0, 0.0, 0.0, 0.0, 0.0, 0.0, 0.0, 0.0, 0.0, 0.0, 0.0, 2.909444291252505, 0.0, 0.0, 0.0, 0.0, 0.0, 0.0, 2.909444291252505, 1.4547221456262525, 0.0, 0.0, 2.909444291252505, 0.0, 0.0, 0.0, 0.0, 0.0, 1.4547221456262525, 0.0, 0.0, 0.0, 0.0, 0.0, 2.909444291252505, 0.0, 0.0, 0.0, 0.0, 0.0, 0.0, 2.909444291252505, 2.909444291252505, 0.0, 0.0, 2.909444291252505, 0.0, 0.0, 0.0, 0.0, 0.0, 2.909444291252505, 0.0, 0.0, 0.0, 0.0, 0.0, 2.909444291252505, 0.0, 0.0, 0.0, 0.0, 0.0, 0.0, 1.4547221456262525, 2.375957935935213, 0.0, 0.0, 1.4547221456262525, 0.0, 0.0, 0.0, 0.0, 0.0, 2.909444291252505, 0.0, 0.0, 0.0, 0.0, 0.0, 2.909444291252505, 0.0, 0.0, 0.0, 0.0, 0.0, 0.0, 0.0, 0.9212357903089609, 0.0, 0.0, 0.0, 0.0, 0.0, 0.0, 0.0, 0.0, 2.56285662056994, 0.0, 0.0, 0.0, 0.0, 0.0, 1.4547221456262525, 0.0, 0.0, 0.0, 0.0, 0.0, 0.0, 0.0, 0.0, 0.0, 0.0, 0.0, 0.0, 0.0, 0.0, 0.0, 0.0, 1.1081344749436874, 0.0, 0.0, 0.0, 0.0, 0.0]"
cost_HX_2,4739.065378890385
objective_value,-19843.727115878148
start_z_t,"[-0.0, -0.0, -0.0, -0.0, -0.0, 1.0, -0.0, -0.0, -0.0, 0.0, -0.0, -0.0, -0.0, -0.0, -0.0, -0.0, -0.0, -0.0, -0.0, -0.0, -0.0, 0.0, -0.0, -0.0, -0.0, 1.0, -0.0, -0.0, -0.0, -0.0, -0.0, -0.0, 1.0, -0.0, -0.0, -0.0, -0.0, -0.0, -0.0, -0.0, -0.0, -0.0, -0.0, -0.0, 0.0, -0.0, -0.0, -0.0, -0.0, -0.0, -0.0, -0.0, -0.0, -0.0, -0.0, 0.0, -0.0, -0.0, -0.0, -0.0, -0.0, -0.0, -0.0, -0.0, -0.0, -0.0, -0.0, 0.0, -0.0, -0.0, -0.0, -0.0, -0.0, -0.0, -0.0, -0.0, -0.0, -0.0, -0.0, -0.0, -0.0, -0.0, -0.0, -0.0, -0.0, -0.0, -0.0, -0.0, -0.0, -0.0, 1.0, -0.0, -0.0, -0.0, -4.015699032189346e-7, -0.0, -0.0, -0.0, -0.0, -0.0, -0.0, -0.0, -0.0, -0.0, -0.0, -0.0, -0.0, -0.0, -0.0, -0.0, -0.0, -0.0, -0.0, -0.0, -0.0, -0.0, -0.0, -0.0, -0.0, -0.0, -0.0, 1.0, -0.0, -0.0, 0.0, -0.0, -0.0, -0.0, -0.0, -0.0, -0.0, -0.0, -0.0, -0.0, -0.0, -0.0, -0.0, -0.0, -0.0, -0.0, -0.0, -0.0, -0.0, -0.0, 0.0, -0.0, -0.0, -0.0, -0.0, -0.0, -0.0, -0.0, 0.0, -0.0, -0.0, -0.0, -0.0, -0.0, -0.0, -0.0, -0.0, -0.0, -0.0, -0.0, -0.0, -0.0, -0.0, -0.0, -0.0, -0.0, -0.0, -0.0, -0.0, -0.0, -0.0, 1.0, -0.0, -0.0, -0.0, -0.0, -0.0, -0.0, 1.0, -0.0, -0.0, -0.0, -0.0, -0.0, -0.0, -0.0, -0.0, -0.0, -0.0, -0.0, -0.0, -0.0, -0.0, -0.0, -0.0, -0.0, -0.0, -0.0, -0.0, -0.0, -0.0, -0.0, -0.0, -0.0, -0.0, -0.0, -0.0, -0.0, -0.0, -0.0, -0.0, -0.0, -0.0, -0.0, -0.0, -0.0, -0.0, -0.0, -0.0, -0.0, -0.0, -0.0, -0.0, -0.0, -0.0, -0.0, -0.0, -0.0, -0.0, -0.0, -0.0, -0.0, -0.0, -0.0, -0.0, -0.0, -0.0, -0.0, -0.0, -0.0, -0.0, -0.0, -0.0, -0.0, -0.0, -0.0, -0.0, -0.0, -0.0, -0.0, -0.0, -0.0, -0.0, -0.0, -0.0, -0.0, -0.0, -0.0, -0.0, -0.0, -0.0, 0.0, -0.0, -0.0, -0.0, -0.0, -0.0, -0.0, -0.0, -0.0, -0.0, -0.0, -0.0, -0.0, -0.0, -0.0, -0.0, -0.0, -0.0, -0.0, -0.0, -0.0, -0.0, -0.0, 0.0, -0.0, -0.0, -0.0, -0.0, -0.0, -0.0, -0.0, -0.0, -0.0, -0.0, -0.0, -0.0, -0.0, -0.0, -0.0, -0.0, -0.0, -0.0, -0.0, -0.0, -0.0, -0.0, 0.0, -0.0, -0.0, -0.0, -0.0, -0.0, -0.0, -0.0, -0.0, -0.0, -0.0, -0.0, -0.0, -0.0, -0.0, -0.0, -0.0, -0.0, -0.0, -0.0, -0.0, -0.0, -0.0, 0.0, -0.0, -0.0, -0.0, -0.0, -0.0, -0.0, -0.0, -0.0, -0.0, -0.0, -0.0, -0.0, -0.0, -0.0, -0.0, -0.0, -0.0, -0.0, -0.0, -0.0, -0.0, -0.0, 1.0, -0.0, -0.0, -0.0, -0.0, -0.0, -0.0, -0.0, -0.0, -0.0, -0.0, -0.0, -0.0, 0.0, -0.0, -0.0, -0.0, -0.0, -0.0, -0.0, -0.0, -0.0, -0.0, -0.0, -0.0, -0.0, -0.0, -0.0, -0.0, -0.0, -0.0, -0.0, -0.0, -0.0, -0.0, -0.0, 1.0, 0.0, -0.0, -0.0, -0.0, -0.0, -0.0, -0.0, -0.0, -0.0, -0.0, -0.0, -0.0, -0.0, -0.0, -0.0, -0.0, -0.0, -0.0, -0.0, -0.0, -0.0, -0.0, 0.0, 0.0, -0.0, -0.0, -0.0, -0.0, -0.0, -0.0, -0.0, -0.0, -0.0, -0.0, -0.0, -0.0, -0.0, -0.0, -0.0, -0.0, -0.0, -0.0, -0.0, -0.0, -0.0, -0.0, -0.0, -0.0, -0.0, -0.0, -0.0, -0.0, -0.0, -0.0, -0.0, -0.0, -0.0, -0.0, -0.0, -0.0, -0.0, -0.0, -0.0, -0.0, -0.0, -0.0, -0.0, -0.0, -0.0, -0.0, -0.0, -0.0, -0.0, -0.0, -0.0, -0.0, -0.0, -0.0, -0.0, -0.0, -0.0, -0.0, -0.0, -0.0, -0.0, -0.0, -0.0, -0.0, -0.0, -0.0, -0.0, -0.0, -0.0, -0.0, -0.0, -0.0, -0.0, -0.0, -0.0, -0.0, -0.0, -0.0, -0.0, -0.0, -0.0, -0.0, -0.0, -0.0, -0.0, -0.0, -0.0, -0.0, -0.0, -0.0, -0.0, -0.0, -0.0, -0.0, -0.0, -0.0, -0.0, -0.0, -0.0, -0.0, -0.0, -0.0, -0.0, -0.0, -0.0, -0.0, -0.0, -0.0, -0.0, -0.0, -0.0, -0.0, -0.0, -0.0, -0.0, -0.0, -0.0, -0.0, -0.0, -0.0, -0.0, -0.0, -0.0, -0.0, -0.0, -0.0, -0.0, -0.0, -0.0, -0.0, 1.0, -0.0, -0.0, 1.0, -0.0, -0.0, -0.0, -0.0, -0.0, -0.0, -0.0, -0.0, -0.0, -0.0, -0.0, -0.0, -0.0, -0.0, -0.0, -0.0, -0.0, -0.0, -0.0, 0.0, -0.0, -0.0, 0.0, -0.0, -0.0, -0.0, -0.0, -0.0, -0.0, -0.0, -0.0, -0.0, -0.0, -0.0, -0.0, -0.0, -0.0, -0.0, -0.0, -0.0, -0.0, -0.0, 0.0, -0.0, -0.0, -0.0, -0.0, -0.0, -0.0, -0.0, -0.0, -0.0, -0.0, -0.0, -0.0, -0.0, -0.0, -0.0, -0.0, -0.0, -0.0, -0.0, -0.0, -0.0, -0.0, -0.0, -0.0, -0.0, -0.0, 1.0, -0.0, -0.0, -0.0, -0.0, -0.0, -0.0, -0.0, -0.0, -0.0, -0.0, -0.0, -0.0, -0.0, -0.0, -0.0, -0.0, -0.0, -0.0, 0.0, -0.0, -0.0, -0.0, 0.0, -0.0, -0.0, -0.0, -0.0, -0.0, -0.0, -0.0, -0.0, -0.0, -0.0, -0.0, -0.0, -0.0, -0.0, -0.0, -0.0, -0.0, -0.0, 0.0, -0.0, -0.0, -0.0, -0.0, -0.0, -0.0, -0.0, -0.0, -0.0, -0.0, -0.0, -0.0, -0.0, -0.0, -0.0, -0.0, -0.0, -0.0, -0.0, -0.0, -0.0, -0.0, 0.0, -0.0, -0.0, -0.0, -0.0, -0.0, -0.0, -0.0, -0.0, -0.0, -0.0, -0.0, -0.0, -0.0, -0.0, -0.0, -0.0, -0.0, -0.0, -0.0, -0.0, -0.0, -0.0, -0.0, -0.0, -0.0, -0.0, -0.0, -0.0, -0.0, -0.0, -0.0, -0.0, -0.0, -0.0, -0.0, -0.0, -0.0, -0.0, -0.0, -0.0, -0.0, -0.0, -0.0, -0.0, -0.0, -0.0, -0.0, -0.0, -0.0, -0.0, -0.0, -0.0, -0.0, -0.0, -0.0, -0.0, -0.0, -0.0, -0.0, -0.0, -0.0, -0.0, -0.0, -0.0, -0.0, -0.0, -0.0, -0.0, -0.0, -0.0, -0.0, -0.0, -0.0, -0.0, -0.0, -0.0, -0.0, -0.0, -0.0, -0.0, -0.0, -0.0, -0.0, -0.0, -0.0, -0.0, -0.0, -0.0, -0.0, -0.0, -0.0, -0.0, -0.0, -0.0, -0.0, -0.0, -0.0, -0.0, -0.0, -0.0, -0.0, -0.0, -0.0, -0.0, -0.0, -0.0, -0.0, -0.0, -0.0, -0.0, -0.0, -0.0, -0.0, -0.0, -0.0, -0.0, -0.0, -0.0, -0.0, -0.0, -0.0, -0.0, -0.0, -0.0, -0.0, -0.0, -0.0, -0.0, -0.0, -0.0, -0.0, -0.0, -0.0, -0.0, -0.0, -0.0, -0.0, -0.0, -0.0, -0.0, -0.0, -0.0, -0.0, -0.0, -0.0, -0.0, -0.0, -0.0, -0.0, -0.0, -0.0, -0.0, -0.0, -0.0, -0.0, -0.0, -0.0, -0.0, -0.0, -0.0, -0.0, -0.0, -0.0, -0.0, -0.0, -0.0, -0.0, -0.0, -0.0, -0.0, -0.0, -0.0, -0.0, -0.0, -0.0, -0.0, -0.0, -0.0, -0.0, -0.0, -0.0, -0.0, -0.0, -0.0, -0.0, -0.0, -0.0, -0.0, -0.0, -0.0, -0.0, -0.0, -0.0, -0.0, -0.0, -0.0, -0.0, -0.0, -0.0, -0.0, -0.0, -0.0, -0.0, -0.0, -0.0, -0.0, -0.0, -0.0, -0.0, -0.0, -0.0, -0.0, -0.0, -0.0, -0.0, -0.0, -0.0, -0.0, -0.0, 0.0, -0.0, -0.0, -0.0, -0.0, -0.0, -0.0, -0.0, -0.0, -0.0, -0.0, -0.0, -0.0, -0.0, -0.0, -0.0, -0.0, -0.0, -0.0, -0.0, -0.0, -0.0, -0.0, 1.0, -0.0, -0.0, -0.0, -0.0, -0.0, 0.0, -0.0, -0.0, -0.0, -0.0, -0.0, -0.0, -0.0, -0.0, -0.0, -0.0, -0.0, -0.0, -0.0, -0.0, -0.0, -0.0, 0.0, 1.0, -0.0, -0.0, -0.0, -0.0, -0.0, -0.0, -0.0, -0.0, -0.0, -0.0, -0.0, -0.0, -0.0, -0.0, -0.0, 1.0, -0.0, -0.0, -0.0, 1.0, -0.0, -0.0, 0.0, -0.0, -0.0, 0.0, -0.0, -0.0, -0.0, -0.0, -0.0, -0.0, -0.0, -0.0, -0.0, -0.0, -0.0, -0.0, 0.0, -0.0, -0.0, -0.0, 0.0, -0.0, -0.0, -0.0, 1.0, -0.0, -0.0, -0.0, -0.0, -0.0, -0.0, -0.0, -0.0, -0.0, -0.0, 1.0, -0.0, -0.0, -0.0, -0.0, -0.0, -0.0, -0.0, -0.0, -0.0, -0.0, -0.0, -0.0, -0.0, -0.0, -0.0, -0.0, -0.0, -0.0, -0.0, -0.0, -0.0, -0.0, -0.0, -0.0, -0.0, -0.0, -0.0, -0.0, -0.0, -0.0, -0.0, -0.0, -0.0, -0.0, -0.0, -0.0, -0.0, -0.0, -0.0, -0.0, -0.0, -0.0, -0.0, -0.0, -0.0, -0.0, -0.0, -0.0, -0.0, -0.0, -0.0, -0.0, -0.0, -0.0, -0.0, -0.0, -0.0, -0.0, -0.0, -0.0, -0.0, -0.0, -0.0, -0.0, -0.0, -0.0, -0.0, -0.0, -0.0, -0.0, -0.0, -0.0, -0.0, -0.0, -0.0, -0.0, -0.0, -0.0, -0.0, -0.0, -0.0, -0.0, -0.0, -0.0, -0.0, -0.0, -0.0, -0.0, -0.0, -0.0, -0.0, -0.0, -0.0, -0.0, -0.0, -0.0, -0.0, -0.0, 1.0, -0.0, -0.0, -0.0, -0.0, -0.0, -0.0, -0.0, 1.0, -0.0, -0.0, -0.0, -0.0, -0.0, -0.0, -0.0, -0.0, -0.0, -0.0, -0.0, -0.0, -0.0, -0.0, 0.0, -0.0, -0.0, -0.0, -0.0, -0.0, -0.0, -0.0, 0.0, -0.0, -0.0, -0.0, -0.0, -0.0, -0.0, -0.0, -0.0, -0.0, -0.0, -0.0, -0.0, -0.0, -0.0, -0.0, -0.0, -0.0, -0.0, -0.0, -0.0, -0.0, -0.0, -0.0, -0.0, -0.0, -0.0, -0.0, -0.0, -0.0, -0.0, -0.0, -0.0, -0.0, -0.0, -0.0, -0.0, -0.0, -0.0, -0.0, -0.0, -0.0, -0.0, -0.0, -0.0, -0.0, -0.0, -0.0, -0.0, -0.0, -0.0, -0.0, -0.0, -0.0, -0.0, -0.0, -0.0, -0.0, -0.0, -0.0, -0.0, -0.0, -0.0, -0.0, -0.0, -0.0, -0.0, -0.0, -0.0, -0.0, -0.0, -0.0, -0.0, -0.0, -0.0, -0.0, -0.0, -0.0, -0.0, -0.0, -0.0, -0.0, -0.0, -0.0, -0.0, -0.0, -0.0, -0.0, -0.0, -0.0, -0.0, -0.0, -0.0, -0.0, -0.0, -0.0, -0.0, -0.0, -0.0, 1.0, -0.0, -0.0, -0.0, -0.0, -0.0, -0.0, -0.0, -0.0, -0.0, -0.0, -0.0, -0.0, -0.0, -0.0, -0.0, -0.0, -0.0, -0.0, -0.0, -0.0, -0.0, -0.0, -0.0, -0.0, -0.0, -0.0, -0.0, -0.0, -0.0, -0.0, -0.0, -0.0, -0.0, -0.0, -0.0, -0.0, -0.0, -0.0, -0.0, -0.0, -0.0, -0.0, -0.0, -0.0, -0.0, -0.0, -0.0, -0.0, -0.0, -0.0, -0.0, -0.0, -0.0, -0.0, -0.0, -0.0, -0.0, -0.0, -0.0, -0.0, -0.0, -0.0, -0.0, -0.0, -0.0, -0.0, -0.0, -0.0, -0.0, -0.0, -0.0, -0.0, -0.0, -0.0, -0.0, -0.0, -0.0, -0.0, -0.0, -0.0, -0.0, -0.0, -0.0, -0.0, -0.0, -0.0, -0.0, -0.0, -0.0, -0.0, -0.0, -0.0, -0.0, -0.0, -0.0, -0.0, -0.0, -0.0, -0.0, -0.0, -0.0, -0.0, -0.0, -0.0, -0.0, -0.0, -0.0, -0.0, -0.0, -0.0, -0.0, -0.0, -0.0, -0.0, -0.0, -0.0, -0.0, -0.0, -0.0, -0.0, -0.0, -0.0, -0.0, -0.0, -0.0, -0.0, -0.0, -0.0, -0.0, -0.0, -0.0, -0.0, -0.0, -0.0, -0.0, -0.0, -0.0, -0.0, -0.0, -0.0, -0.0, -0.0, -0.0, -0.0, -0.0, -0.0, -0.0, -0.0, -0.0, -0.0, -0.0, -0.0, -0.0, -0.0, -0.0, -0.0, -0.0, -0.0, -0.0, -0.0, -0.0, -0.0, -0.0, -0.0, -0.0, -0.0, -0.0, -0.0, -0.0, -0.0, -0.0, -0.0, -0.0, -0.0, -0.0, -0.0, -0.0, -0.0, -0.0, -0.0, -0.0, -0.0, -0.0, -0.0, -0.0, -0.0, -0.0, -0.0, -0.0, -0.0, 1.0, -0.0, -0.0, -0.0, -0.0, -0.0, -0.0, -0.0, -0.0, -0.0, -0.0, -0.0, -0.0, -0.0, -0.0, -0.0, -0.0, -0.0, -0.0, -0.0, -0.0, -0.0, -0.0, 0.0, -0.0, -0.0, -0.0, 1.0, -0.0, -0.0, -0.0, -0.0, -0.0, 1.0, -0.0, -0.0, -0.0, -0.0, -0.0, -0.0, -0.0, -0.0, 0.0, -0.0, -0.0, -0.0, -0.0, -0.0, -0.0, -0.0, 0.0, -0.0, -0.0, -0.0, -0.0, -0.0, -0.0, -0.0, -0.0, -0.0, -0.0, -0.0, -0.0, -0.0, -0.0, 1.0, -0.0, -0.0, -0.0, -0.0, -0.0, -0.0, -0.0, 0.0, -0.0, -0.0, -0.0, -0.0, -0.0, 0.0, -0.0, -0.0, -0.0, -0.0, -0.0, -0.0, -0.0, -0.0, -0.0, -0.0, -0.0, -0.0, -0.0, -0.0, -0.0, -0.0, -0.0, -0.0, 1.0, -0.0, -0.0, -0.0, -0.0, -0.0, -0.0, -0.0, -0.0, -0.0, -0.0, -0.0, -0.0, -0.0, -0.0, -0.0, -0.0, -0.0, -0.0, -0.0, -0.0, -0.0, -0.0, -0.0, -0.0, 1.0, -0.0, -0.0, -0.0, -0.0, -0.0, -0.0, -0.0, -0.0, -0.0, -0.0, -0.0, -0.0, -0.0, -0.0, -0.0, -0.0, -0.0, -0.0, -0.0, -0.0, -0.0, -0.0, -0.0, -0.0, -0.0, -0.0, -0.0, -0.0, -0.0, -0.0, -0.0, -0.0, -0.0, -0.0, -0.0, -0.0, -0.0, -0.0, -0.0, -0.0, -0.0, -0.0, -0.0, -0.0, -0.0, -0.0, -0.0, -0.0, -0.0, -0.0, -0.0, -0.0, -0.0, -0.0, -0.0, -0.0, -0.0, -0.0, -0.0, -0.0, -0.0, -0.0, -0.0, -0.0, -0.0, -0.0, -0.0, -0.0, -0.0, -0.0, -0.0, -0.0, -0.0, -0.0, -0.0, -0.0, -0.0, -0.0, -0.0, -0.0, -0.0, -0.0, -0.0, -0.0, -0.0, -0.0, 1.0, -0.0, -0.0, -0.0, -0.0, 0.0, -0.0, -0.0, -0.0, -0.0, -0.0, -0.0, -0.0, -0.0, -0.0, -0.0, -0.0, -0.0, 0.0, -0.0, -0.0, -0.0, -0.0, 0.0, -0.0, -0.0, -0.0, -0.0, 0.0, 0.0, -0.0, -0.0, -0.0, -0.0, -0.0, -0.0, -0.0, -0.0, -0.0, -0.0, -0.0, 1.0, -0.0, -0.0, -0.0, -0.0, -0.0, -0.0, -0.0, -0.0, -0.0, -0.0, 0.0, -0.0, -0.0, -0.0, -0.0, -0.0, -0.0, -0.0, -0.0, -0.0, -0.0, -0.0, -0.0, -0.0, -0.0, -0.0, -0.0, -0.0, -0.0, -0.0, -0.0, -0.0, -0.0, 0.0, -0.0, -0.0, -0.0, -0.0, -0.0, -0.0, -0.0, -0.0, -0.0, -0.0, -0.0, -0.0, -0.0, -0.0, -0.0, -0.0, -0.0, -0.0, -0.0, -0.0, -0.0, -0.0, 0.0, -0.0, 1.0, -0.0, -0.0, -0.0, -0.0, -0.0, -0.0, -0.0, -0.0, -0.0, -0.0, -0.0, -0.0, -0.0, -0.0, -0.0, -0.0, -0.0, -0.0, -0.0, -0.0, 0.0, -0.0, 0.0, -0.0, -0.0, -0.0, -0.0, -0.0, -0.0, -0.0, -0.0, -0.0, -0.0, -0.0, -0.0, -0.0, -0.0, -0.0, -0.0, -0.0, -0.0, -0.0, -0.0, 0.0, -0.0, 0.0, -0.0, -0.0, -0.0, -0.0, -0.0, -0.0, -0.0, -0.0, -0.0, -0.0, -0.0, -0.0, -0.0, -0.0, -0.0, -0.0, -0.0, -0.0, -0.0, -0.0, 1.0, -0.0, -0.0, -0.0, -0.0, -0.0, -0.0, -0.0, -0.0, -0.0, -0.0, -0.0, -0.0, -0.0, -0.0, -0.0, -0.0, -0.0, -0.0, -0.0, -0.0, -0.0, -0.0, -0.0, -0.0, -0.0, -0.0, -0.0, -0.0, -0.0, -0.0, -0.0, -0.0, -0.0, -0.0, -0.0, -0.0, -0.0, -0.0, -0.0, -0.0, -0.0, -0.0, -0.0, -0.0, -0.0, -0.0, -0.0, -0.0, -0.0, -0.0, -0.0, -0.0, -0.0, -0.0, -0.0, -0.0, -0.0, -0.0, -0.0, -0.0, -0.0, -0.0, -0.0, -0.0, -0.0, -0.0, -0.0, -0.0, -0.0, -0.0, -0.0, -0.0, -0.0, -0.0, -0.0, -0.0, -0.0, -0.0, -0.0, -0.0, -0.0, -0.0, -0.0, -0.0, -0.0, -0.0, -0.0, -0.0, -0.0, -0.0, -0.0, -0.0, -0.0, -0.0, -0.0, -0.0, -0.0, -0.0, -0.0, -0.0, -0.0, -0.0, -0.0, -0.0, -0.0, -0.0, -0.0, -0.0, -0.0, -0.0, -0.0, -0.0, -0.0, -0.0, -0.0, -0.0, -0.0, -0.0, -0.0, -0.0, -0.0, -0.0, -0.0, -0.0, -0.0, -0.0, -0.0, -0.0, -0.0, -0.0, -0.0, -0.0, -0.0, -0.0, -0.0, -0.0, -0.0, -0.0, -0.0, -0.0, -0.0, -0.0, -0.0, -0.0, -0.0, -0.0, -0.0, -0.0, -0.0, -0.0, -0.0, -0.0, -0.0, -0.0, -0.0, -0.0, -0.0, -0.0, -0.0, -0.0, -0.0, -0.0, -0.0, -0.0, -0.0, -0.0, -0.0, -0.0, -0.0, -0.0, -0.0, -0.0, -0.0, -0.0, -0.0, -0.0, -0.0, -0.0, -0.0, -0.0, -0.0, -0.0, -0.0, -0.0, -0.0, -0.0, -0.0, -0.0, -0.0, -0.0, -0.0, -0.0, -0.0, -0.0, -0.0, -0.0, -0.0, 1.0, -0.0, -0.0, -0.0, -0.0, -0.0, -0.0, -0.0, -0.0, -0.0, -0.0, -0.0, -0.0, -0.0, -0.0, -0.0, -0.0, -0.0, -0.0, -0.0, -0.0, -0.0, -0.0, 0.0, -0.0, -0.0, -0.0, -0.0, -0.0, -0.0, -0.0, -0.0, -0.0, -0.0, 1.0, -0.0, -0.0, -0.0, -0.0, -0.0, -0.0, -0.0, -0.0, -0.0, -0.0, -0.0, -0.0, -0.0, -0.0, -0.0, 0.0, -0.0, -0.0, -0.0, -0.0, -0.0, -0.0, 0.0, -0.0, -0.0, -0.0, -0.0, -0.0, -0.0, -0.0, -0.0, -0.0, -0.0, -0.0, -0.0, -0.0, -0.0, -0.0, -0.0, -0.0, -0.0, -0.0, 0.0, -0.0, -0.0, -0.0, -0.0, -0.0, -0.0, -0.0, -0.0, -0.0, -0.0, -0.0, -0.0, 0.0, -0.0, -0.0, -0.0, -0.0, -0.0, -0.0, -0.0, -0.0, -0.0, 1.0, -0.0, -0.0, -0.0, -0.0, -0.0, -0.0, -0.0, -0.0, -0.0, -0.0, -0.0, -0.0, -0.0, -0.0, -0.0, -0.0, -0.0, -0.0, -0.0, -0.0, -0.0, -0.0, -0.0, -0.0, -0.0, -0.0, -0.0, -0.0, -0.0, -0.0, -0.0, -0.0, -0.0, -0.0, -0.0, -0.0, -0.0, -0.0, -0.0, -0.0, -0.0, -0.0, -0.0, -0.0, -0.0, -0.0, -0.0, -0.0, -0.0, -0.0, -0.0, -0.0, -0.0, -0.0, -0.0, -0.0, -0.0, -0.0, -0.0, -0.0, -0.0, -0.0, -0.0, -0.0, -0.0, -0.0, -0.0, -0.0, -0.0, -0.0, -0.0, -0.0, 1.0, -0.0, -0.0, -0.0, -0.0, -0.0, -0.0, -0.0, -0.0, -0.0, -0.0, -0.0, -0.0, -0.0, -0.0, -0.0, -0.0, -0.0, -0.0, -0.0, -0.0, -0.0, -0.0, 0.0, -0.0, 1.0, -0.0, -0.0, -0.0, 1.0, -0.0, -0.0, -0.0, 1.0, -0.0, -0.0, -0.0, -0.0, -0.0, -0.0, -0.0, -0.0, -0.0, -0.0, -0.0, -0.0, -0.0, -0.0, 0.0, 1.0, -0.0, -0.0, 0.0, -0.0, -0.0, -0.0, 0.0, -0.0, -0.0, -0.0, -0.0, -0.0, -0.0, -0.0, -0.0, -0.0, -0.0, -0.0, -0.0, -0.0, -0.0, 0.0, 0.0, -0.0, -0.0, -0.0, -0.0, -0.0, 0.0, -0.0, -0.0, -0.0, -0.0, -0.0, -0.0, -0.0, -0.0, -0.0, -0.0, -0.0, -0.0, -0.0, -0.0, -0.0, -0.0, 0.0, -0.0, -0.0, -0.0, -0.0, -0.0, -0.0, -0.0, -0.0, -0.0, -0.0, -0.0, -0.0, -0.0, -0.0, -0.0, -0.0, -0.0, -0.0, -0.0, -0.0, -0.0, -0.0, -0.0, -0.0, -0.0, -0.0, -0.0, -0.0, -0.0, -0.0, -0.0, -0.0, -0.0, -0.0, -0.0, -0.0, -0.0, -0.0, -0.0, -0.0, -0.0, -0.0, -0.0, -0.0, -0.0, -0.0, -0.0, -0.0, -0.0, -0.0, -0.0, -0.0, -0.0, -0.0, -0.0, -0.0, -0.0, -0.0, -0.0, -0.0, -0.0, -0.0, -0.0, -0.0, -0.0, -0.0, -0.0, -0.0, -0.0, -0.0, -0.0, -0.0, -0.0, -0.0, -0.0, -0.0, -0.0, -0.0, -0.0, -0.0, -0.0, -0.0, -0.0, -0.0, -0.0, -0.0, -0.0, -0.0, -0.0, -0.0, -0.0, -0.0, -0.0, -0.0, -0.0, -0.0, -0.0, -0.0, -0.0, -0.0, -0.0, -0.0, -0.0, -0.0, -0.0, -0.0, -0.0, -0.0, -0.0, -0.0, -0.0, -0.0, -0.0, -0.0, -0.0, -0.0, -0.0, -0.0, -0.0, -0.0, -0.0, -0.0, -0.0, -0.0, -0.0, -0.0, -0.0, -0.0, -0.0, -0.0, -0.0, -0.0, -0.0, -0.0, -0.0, -0.0, -0.0, -0.0, -0.0, -0.0, -0.0, -0.0, -0.0, -0.0, -0.0, -0.0, -0.0, -0.0, -0.0, -0.0, -0.0, -0.0, -0.0, -0.0, -0.0, -0.0, -0.0, -0.0, -0.0, -0.0, -0.0, -0.0, -0.0, -0.0, -0.0, -0.0, -0.0, -0.0, -0.0, -0.0, -0.0, -0.0, -0.0, -0.0, -0.0, -0.0, -0.0, -0.0, -0.0, -0.0, -0.0, -0.0, -0.0, -0.0, -0.0, -0.0, -0.0, -0.0, -0.0, -0.0, -0.0, -0.0, -0.0, -0.0, -0.0, -0.0, -0.0, -0.0, -0.0, -0.0, -0.0, -0.0, -0.0, -0.0, -0.0, -0.0, -0.0, -0.0, -0.0, -0.0, -0.0, -0.0, -0.0, -0.0, -0.0, -0.0, -0.0, -0.0, -0.0, -0.0, -0.0, -0.0, -0.0, -0.0, -0.0, -0.0, -0.0, -0.0, -0.0, -0.0, -0.0, -0.0, -0.0, -0.0, -0.0, -0.0, -0.0, -0.0, -0.0, -0.0, -0.0, -0.0, -0.0, -0.0, -0.0, -0.0, -0.0, -0.0, -0.0, -0.0, -0.0, -0.0, -0.0, -0.0, -0.0, -0.0, -0.0, -0.0, -0.0, -0.0, -0.0, -0.0, -0.0, -0.0, -0.0, -0.0, -0.0, -0.0, -0.0, -0.0, -0.0, -0.0, -0.0, -0.0, -0.0, -0.0, -0.0, -0.0, -0.0, -0.0, -0.0, -0.0, -0.0, -0.0, -0.0, -0.0, -0.0, -0.0, -0.0, -0.0, -0.0, -0.0, -0.0, -0.0, -0.0, -0.0, -0.0, -0.0, -0.0, -0.0, -0.0, -0.0, -0.0, -0.0, -0.0, -0.0, -0.0, -0.0, -0.0, -0.0, 1.0000000000000009, -0.0, -0.0, -0.0, -0.0, -0.0, -0.0, -0.0, -0.0, -0.0, -0.0, -0.0, -0.0, -0.0, -0.0, -0.0, -0.0, -0.0, -0.0, -0.0, -0.0, -0.0, -0.0, -0.0, -0.0, -0.0, -0.0, -0.0, -0.0, -0.0, -0.0, -0.0, -0.0, -0.0, -0.0, -0.0, -0.0, -0.0, -0.0, -0.0, -0.0, -0.0, -0.0, -0.0, -0.0, -0.0, -0.0, -0.0, 0.0, -0.0, -0.0, -0.0, -0.0, -0.0, -0.0, -0.0, -0.0, -0.0, -0.0, -0.0, -0.0, -0.0, -0.0, -0.0, -0.0, -0.0, -0.0, -0.0, 1.0, -0.0, -0.0, 0.0, -0.0, -0.0, -0.0, -0.0, -0.0, 1.0, -0.0, -0.0, -0.0, -0.0, -0.0, -0.0, -0.0, -0.0, -0.0, -0.0, -0.0, -0.0, -0.0, 0.0, -0.0, -0.0, -0.0, -0.0, -0.0, -0.0, -0.0, -0.0, 0.0, -0.0, -0.0, -0.0, -0.0, -0.0, -0.0, -0.0, -0.0, -0.0, -0.0, -0.0, -0.0, -0.0, -0.0, -0.0, -0.0, -0.0, -0.0, -0.0, -0.0, -0.0, -0.0, -0.0, -0.0, -0.0, -0.0, -0.0, -0.0, -0.0, -0.0, -0.0, -0.0, -0.0, -0.0, -0.0, -0.0, -0.0, -0.0, -0.0, -0.0, -0.0, -0.0, -0.0, -0.0, -0.0, -0.0, -0.0, -0.0, -0.0, -0.0, -0.0, -0.0, -0.0, -0.0, -0.0, -0.0, -0.0, -0.0, -0.0, -0.0, -0.0, -0.0, -0.0, -0.0, -0.0, 1.0, -0.0, -0.0, -0.0, 0.9999999999999994, -0.0, -0.0, -0.0, -0.0, -0.0, -0.0, -0.0, -0.0, -0.0, 1.0, -0.0, 1.0, -0.0, -0.0, -0.0, -0.0, -0.0, -0.0, 0.0, -0.0, -0.0, -0.0, -0.0, -0.0, -0.0, -0.0, -0.0, -0.0, -0.0, -0.0, -0.0, -0.0, -0.0, -0.0, -0.0, -0.0, -0.0, -0.0, -0.0, -0.0, -0.0, -0.0, -0.0, -0.0, -0.0, -0.0, -0.0, -0.0, -0.0, -0.0, -0.0, -0.0, -0.0, -0.0, -0.0, -0.0, -0.0, -0.0, -0.0, -0.0, -0.0, -0.0, -0.0, -0.0, -0.0, -0.0, -0.0, -0.0, -0.0, -0.0, -0.0, -0.0, -0.0, -0.0, -0.0, -0.0, -0.0, -0.0, -0.0, -0.0, -0.0, -0.0, -0.0, -0.0, -0.0, -0.0, -0.0, -0.0, -0.0, -0.0, -0.0, 0.0, -0.0, -0.0, -0.0, -0.0, -0.0, -0.0, -0.0, -0.0, -0.0, -0.0, -0.0, -0.0, -0.0, -0.0, -0.0, -0.0, -0.0, -0.0, -0.0, -0.0, -0.0, -0.0, -0.0, -0.0, -0.0, -0.0, -0.0, -0.0, -0.0, -0.0, -0.0, -0.0, -0.0, -0.0, -0.0, -0.0, -0.0, -0.0, -0.0, -0.0, -0.0, -0.0, -0.0, -0.0, -0.0, 0.0, -0.0, -0.0, -0.0, -0.0, -0.0, -0.0, -0.0, -0.0, -0.0, -0.0, -0.0, -0.0, -0.0, -0.0, -0.0, -0.0, -0.0, -0.0, -0.0, -0.0, -0.0, -0.0, -0.0, -0.0, -0.0, -0.0, -0.0, -0.0, -0.0, -0.0, -0.0, -0.0, -0.0, -0.0, -0.0, -0.0, -0.0, -0.0, -0.0, -0.0, -0.0, -0.0, -0.0, -0.0, -0.0, -0.0, -0.0, -0.0, -0.0, -0.0, -0.0, -0.0, -0.0, -0.0, -0.0, -0.0, -0.0, -0.0, -0.0, -0.0, -0.0, -0.0, -0.0, -0.0, -0.0, -0.0, -0.0, -0.0, -0.0, -0.0, -0.0, -0.0, -0.0, -0.0, -0.0, -0.0, -0.0, -0.0, -0.0, -0.0, -0.0, -0.0, -0.0, -0.0, -0.0, -0.0, -0.0, -0.0, -0.0, -0.0, -0.0, -0.0, -0.0, -0.0, -0.0, -0.0, -0.0, -0.0, -0.0, -0.0, -0.0, -0.0, -0.0, -0.0, -0.0, -0.0, -0.0, -0.0, -0.0, -0.0, -0.0, -0.0, -0.0, -0.0, -0.0, -0.0, -0.0, -0.0, -0.0, -0.0, -0.0, -0.0, -0.0, -0.0, -0.0, -0.0, -0.0, -0.0, -0.0, -0.0, -0.0, -0.0, -0.0, -0.0, -0.0, -0.0, -0.0, -0.0, -0.0, -0.0, -0.0, -0.0, -0.0, -0.0, -0.0, -0.0, -0.0, -0.0, -0.0, -0.0, -0.0, -0.0, -0.0, -0.0, -0.0, -0.0, -0.0, -0.0, -0.0, -0.0, -0.0, -0.0, -0.0, -0.0, -0.0, -0.0, -0.0, -0.0, -0.0, -0.0, -0.0, -0.0, -0.0, -0.0, -0.0, -0.0, -0.0, -0.0, -0.0, -0.0, -0.0, -0.0, -0.0, -0.0, -0.0, -0.0, -0.0, -0.0, -0.0, -0.0, -0.0, -0.0, -0.0, -0.0, -0.0, -0.0, -0.0, -0.0, -0.0, -0.0, -0.0, -0.0, -0.0, -0.0, -0.0, -0.0, -0.0, -0.0, -0.0, -0.0, -0.0, -0.0, -0.0, -0.0, -0.0, -0.0, -0.0, -0.0, -0.0, -0.0, -0.0, -0.0, -0.0, -0.0, -0.0, -0.0, -0.0, -0.0, -0.0, -0.0, -0.0, -0.0, -0.0, -0.0, -0.0, 1.0, -0.0, -0.0, -0.0, -0.0, -0.0, -0.0, -0.0, -0.0, -0.0, -0.0, -0.0, -0.0, -0.0, -0.0, -0.0, -0.0, -0.0, -0.0, -0.0, -0.0, -0.0, -0.0, 0.0, -0.0, -0.0, -0.0, -0.0, -0.0, -0.0, -0.0, -0.0, -0.0, -0.0, -0.0, -0.0, -0.0, -0.0, -0.0, -0.0, -0.0, -0.0, -0.0, -0.0, -0.0, -0.0, -0.0, -0.0, -0.0, -0.0, -0.0, -0.0, -0.0, -0.0, -0.0, -0.0, -0.0, -0.0, -0.0, -0.0, -0.0, -0.0, -0.0, -0.0, -0.0, -0.0, -0.0, -0.0, -0.0, -0.0, -0.0, -0.0, -0.0, -0.0, -0.0, -0.0, -0.0, -0.0, -0.0, -0.0, -0.0, -0.0, -0.0, -0.0, -0.0, -0.0, -0.0, -0.0, 1.0, -0.0, -0.0, -0.0, -0.0, -0.0, -0.0, -0.0, -0.0, -0.0, -0.0, -0.0, -0.0, -0.0, -0.0, -0.0, -0.0, -0.0, -0.0, -0.0, -0.0, -0.0, -0.0, 0.0, -0.0, -0.0, -0.0, -0.0, -0.0, -0.0, -0.0, -0.0, -0.0, -0.0, -0.0, -0.0, -0.0, -0.0, -0.0, -0.0, -0.0, -0.0, -0.0, -0.0, -0.0, -0.0, -0.0, -0.0, -0.0, -0.0, -0.0, -0.0, -0.0, -0.0, -0.0, -0.0, -0.0, -0.0, -0.0, -0.0, -0.0, -0.0, -0.0, -0.0, -0.0, -0.0, -0.0, -0.0, -0.0, -0.0, -0.0, -0.0, -0.0, -0.0, -0.0, -0.0, -0.0, -0.0, -0.0, -0.0, -0.0, -0.0, -0.0, -0.0, -0.0, -0.0, -0.0, -0.0, -0.0, 1.0, -0.0, -0.0, -0.0, -0.0, -0.0, -0.0, -0.0, -0.0, -0.0, -0.0, 1.0, -0.0, -0.0, -0.0, -0.0, -0.0, -0.0, -0.0, -0.0, -0.0, -0.0, -0.0, 0.0, -0.0, -0.0, -0.0, -0.0, -0.0, -0.0, -0.0, -0.0, -0.0, -0.0, -0.0, -0.0, -0.0, -0.0, -0.0, -0.0, -0.0, -0.0, -0.0, -0.0, -0.0, -0.0, -0.0, -0.0, -0.0, -0.0, -0.0, -0.0, -0.0, -0.0, -0.0, -0.0, -0.0, -0.0, -0.0, -0.0, -0.0, -0.0, -0.0, -0.0, -0.0, -0.0, -0.0, -0.0, -0.0, -0.0, -0.0, -0.0, -0.0, -0.0, -0.0, -0.0, -0.0, -0.0, -0.0, -0.0, 0.0, -0.0, -0.0, -0.0, -0.0, -0.0, -0.0, -0.0, -0.0, -0.0, -0.0, -0.0, -0.0, -0.0, -0.0, -0.0, -0.0, -0.0, -0.0, -0.0, -0.0, -0.0, -0.0, 0.0, -0.0, -0.0, -0.0, -0.0, -0.0, -0.0, -0.0, -0.0, -0.0, -0.0, -0.0, -0.0, -0.0, -0.0, -0.0, -0.0, -0.0, -0.0, -0.0, -0.0, -0.0, -0.0, -0.0, -0.0, -0.0, -0.0, -0.0, -0.0, -0.0, -0.0, -0.0, -0.0, -0.0, -0.0, -0.0, -0.0, -0.0, -0.0, -0.0, -0.0, -0.0, -0.0, -0.0, -0.0, -0.0, -0.0, -0.0, -0.0, -0.0, -0.0, -0.0, -0.0, -0.0, -0.0, -0.0, -0.0, -0.0, -0.0, -0.0, -0.0, -0.0, -0.0, -0.0, -0.0, -0.0, -0.0, -0.0, -0.0, -0.0, -0.0, -0.0, -0.0, -0.0, -0.0, -0.0, -0.0, -0.0, -0.0, -0.0, -0.0, -0.0, -0.0, -0.0, -0.0, -0.0, -0.0, -0.0, -0.0, -0.0, -0.0, -0.0, -0.0, -0.0, -0.0, -0.0, -0.0, -0.0, -0.0, -0.0, -0.0, -0.0, -0.0, -0.0, -0.0, -0.0, -0.0, -0.0, -0.0, -0.0, -0.0, -0.0, -0.0, -0.0, -0.0, -0.0, -0.0, -0.0, -0.0, -0.0, -0.0, -0.0, -0.0, -0.0, -0.0, -0.0, -0.0, -0.0, -0.0, -0.0, -0.0, -0.0, -0.0, -0.0, -0.0, -0.0, -0.0, -0.0, -0.0, -0.0, -0.0, -0.0, -0.0, 0.9999999999999998, -0.0, -0.0, -0.0, -0.0, -0.0, -0.0, -0.0, -0.0, -0.0, -0.0, -0.0, -0.0, -0.0, -0.0, -0.0, -0.0, -0.0, -0.0, -0.0, -0.0, -0.0, -0.0, -0.0, -0.0, -0.0, -0.0, -0.0, -0.0, -0.0, -0.0, -0.0, -0.0, -0.0, -0.0, -0.0, -0.0, -0.0, -0.0, -0.0, -0.0, -0.0, -0.0, -0.0, -0.0, -0.0, -0.0, -0.0, -0.0, -0.0, -0.0, -0.0, -0.0, -0.0, -0.0, -0.0, -0.0, -0.0, -0.0, -0.0, -0.0, -0.0, -0.0, -0.0, -0.0, -0.0, -0.0, -0.0, 0.0, -0.0, -0.0, -0.0, -0.0, -0.0, -0.0, -0.0, -0.0, -0.0, -0.0, -0.0, -0.0, -0.0, -0.0, -0.0, -0.0, -0.0, -0.0, -0.0, -0.0, -0.0, -0.0, 0.0, -0.0, -0.0, -0.0, -0.0, -0.0, -0.0, -0.0, -0.0, -0.0, -0.0, -0.0, -0.0, -0.0, -0.0, -0.0, -0.0, -0.0, -0.0, -0.0, -0.0, -0.0, -0.0, 1.0, -0.0, -0.0, -0.0, -0.0, -0.0, -0.0, -0.0, -0.0, -0.0, -0.0, -0.0, -0.0, -0.0, -0.0, -0.0, -0.0, -0.0, -0.0, -0.0, -0.0, -0.0, -0.0, -0.0, -0.0, -0.0, -0.0, -0.0, -0.0, -0.0, -0.0, -0.0, -0.0, -0.0, -0.0, -0.0, -0.0, 1.0, -0.0, -0.0, -0.0, -0.0, -0.0, -0.0, -0.0, 0.0, -0.0, -0.0, -0.0, -0.0, -0.0, -0.0, -0.0, -0.0, -0.0, -0.0, -0.0, -0.0, -0.0, -0.0, 0.0, -0.0, -0.0, -0.0, -0.0, -0.0, -0.0, 1.0, 0.0, -0.0, -0.0, 1.0, -0.0, -0.0, -0.0, -0.0, -0.0, -0.0, -0.0, -0.0, -0.0, -0.0, -0.0, -0.0, -0.0, -0.0, -0.0, -0.0, -0.0, -0.0, 0.0, 1.0, -0.0, -0.0, 0.0, -0.0, -0.0, -0.0, -0.0, -0.0, 1.0, -0.0, -0.0, -0.0, -0.0, -0.0, -0.0, -0.0, -0.0, -0.0, -0.0, -0.0, -0.0, -0.0, -0.0, -0.0, -0.0, -0.0, -0.0, -0.0, -0.0, -0.0, -0.0, 0.0, -0.0, -0.0, -0.0, -0.0, -0.0, -0.0, -0.0, -0.0, -0.0, -0.0, -0.0, -0.0, -0.0, -0.0, -0.0, -0.0, -0.0, -0.0, -0.0, -0.0, -0.0, -0.0, -0.0, -0.0, -0.0, -0.0, -0.0, -0.0, -0.0, -0.0, -0.0, -0.0, -0.0, -0.0, -0.0, -0.0, -0.0, -0.0, -0.0, -0.0, -0.0, -0.0, -0.0, -0.0, -0.0, -0.0, -0.0, -0.0, -0.0, -0.0, -0.0, -0.0, -0.0, -0.0, -0.0, -0.0, -0.0, -0.0, -0.0, -0.0, -0.0, -0.0, -0.0, -0.0, -0.0, -0.0, -0.0, -0.0, -0.0, -0.0, -0.0, -0.0, -0.0, -0.0]"
TES_startup_costs,619.1499979620329
Li_LCOE_Revenue,0.17365133327533722
coal_LCOE_startup_costs,0.009029287821416461
cost_tank,171193.5838783523
q_turbind_t,"[0.0, 0.0, 0.0, 0.0, 0.0, 0.0, 0.0, 0.0, 0.0, 0.0, 0.0, 0.0, 0.0, 0.0, 0.0, 0.0, 0.0, 0.0, 0.0, 0.0, 0.0, 0.0, 0.0, 0.0, 0.0, 0.0, 0.0, 0.0, 0.0, 0.0, 0.0, 0.0, 0.0, 0.0, 0.0, 0.0, 0.0, 0.0, 0.0, 0.0, 0.0, 0.0, 0.0, 0.0, 0.0, 0.0, 0.0, 0.0, 0.0, 0.0, 0.0, 0.0, 0.0, 0.0, 0.0, 0.0, 0.0, 0.0, 0.0, 0.0, 0.0, 0.0, 0.0, 0.0, 0.0, 0.0, 0.0, 0.0, 0.0, 0.0, 0.0, 0.0, 0.0, 0.0, 0.0, 0.0, 0.0, 0.0, 0.0, 0.0, 0.0, 0.0, 0.0, 0.0, 0.0, 0.0, 0.0, 0.0, 0.0, 0.0, 0.0, 0.0, 0.0, 0.0, 0.0, 0.0, 0.0, 0.0, 0.0, 0.0, 0.0, 0.0, 0.0, 0.0, 0.0, 0.0, 0.0, 0.0, 0.0, 0.0, 0.0, 0.0, 0.0, 0.0, 0.0, 0.0, 0.0, 0.0, 0.0, 0.0, 0.0, 0.0, 0.0, 0.0, 0.0, 0.0, 0.0, 0.0, 0.0, 0.0, 0.0, 0.0, 0.0, 0.0, 0.0, 0.0, 0.0, 0.0, 0.0, 0.0, 0.0, 0.0, 0.0, 0.0, 0.0, 0.0, 0.0, 0.0, 0.0, 0.0, 0.0, 0.0, 0.0, 0.0, 0.0, 0.0, 0.0, 0.0, 0.0, 0.0, 0.0, 0.0, 0.0, 0.0, 0.0, 0.0, 0.0, 0.0, 0.0, 0.0, 0.0, 0.0, 0.0, 0.0, 0.0, 0.0, 0.0, 0.0, 0.0, 0.0, 0.0, 0.0, 0.0, 0.0, 0.0, 0.0, 0.0, 0.0, 0.0, 0.0, 0.0, 0.0, 0.0, 0.0, 0.0, 0.0, 0.0, 0.0, 0.0, 0.0, 0.0, 0.0, 0.0, 0.0, 0.0, 0.0, 0.0, 0.0, 0.0, 0.0, 0.0, 0.0, 0.0, 0.0, 0.0, 0.0, 0.0, 0.0, 0.0, 0.0, 0.0, 0.0, 0.0, 0.0, 0.0, 0.0, 0.0, 0.0, 0.0, 0.0, 0.0, 0.0, 0.0, 0.0, 0.0, 0.0, 0.0, 0.0, 0.0, 0.0, 0.0, 0.0, 0.0, 0.0, 0.0, 0.0, 0.0, 0.0, 0.0, 0.0, 0.0, 0.0, 0.0, 0.0, 0.0, 0.0, 0.0, 0.0, 0.0, 0.0, 0.0, 0.0, 0.0, 0.0, 0.0, 0.0, 0.0, 0.0, 0.0, 0.0, 0.0, 0.0, 0.0, 0.0, 0.0, 0.0, 0.0, 0.0, 0.0, 0.0, 0.0, 0.0, 0.0, 0.0, 0.0, 0.0, 0.0, 0.0, 0.0, 0.0, 0.0, 0.0, 0.0, 0.0, 0.0, 0.0, 0.0, 0.0, 0.0, 0.0, 0.0, 0.0, 0.0, 0.0, 0.0, 0.0, 0.0, 0.0, 0.0, 0.0, 0.0, 0.0, 0.0, 0.0, 0.0, 0.0, 0.0, 0.0, 0.0, 0.0, 0.0, 0.0, 0.0, 0.0, 0.0, 0.0, 0.0, 0.0, 0.0, 0.0, 0.0, 0.0, 0.0, 0.0, 0.0, 0.0, 0.0, 0.0, 0.0, 0.0, 0.0, 0.0, 0.0, 0.0, 0.0, 0.0, 0.0, 0.0, 0.0, 0.0, 0.0, 0.0, 0.0, 0.0, 0.0, 0.0, 0.0, 0.0, 0.0, 0.0, 0.0, 0.0, 0.0, 0.0, 0.0, 0.0, 0.0, 0.0, 0.0, 0.0, 0.0, 0.0, 0.0, 0.0, 0.0, 0.0, 0.0, 0.0, 0.0, 0.0, 0.0, 0.0, 0.0, 0.0, 0.0, 0.0, 0.0, 0.0, 0.0, 0.0, 0.0, 0.0, 0.0, 0.0, 0.0, 0.0, 0.0, 0.0, 0.0, 0.0, 0.0, 0.0, 0.0, 0.0, 0.0, 0.0, 0.0, 0.0, 0.0, 0.0, 0.0, 0.0, 0.0, 0.0, 0.0, 0.0, 0.0, 0.0, 0.0, 0.0, 0.0, 0.0, 0.0, 0.0, 0.0, 0.0, 0.0, 0.0, 0.0, 0.0, 0.0, 0.0, 0.0, 0.0, 0.0, 0.0, 0.0, 0.0, 0.0, 0.0, 0.0, 0.0, 0.0, 0.0, 0.0, 0.0, 0.0, 0.0, 0.0, 0.0, 0.0, 0.0, 0.0, 0.0, 0.0, 0.0, 0.0, 0.0, 0.0, 0.0, 0.0, 0.0, 0.0, 0.0, 0.0, 0.0, 0.0, 0.0, 0.0, 0.0, 0.0, 0.0, 0.0, 0.0, 0.0, 0.0, 0.0, 0.0, 0.0, 0.0, 0.0, 0.0, 0.0, 0.0, 0.0, 0.0, 0.0, 0.0, 0.0, 0.0, 0.0, 0.0, 0.0, 0.0, 0.0, 0.0, 0.0, 0.0, 0.0, 0.0, 0.0, 0.0, 0.0, 0.0, 0.0, 0.0, 0.0, 0.0, 0.0, 0.0, 0.0, 0.0, 0.0, 0.0, 0.0, 0.0, 0.0, 0.0, 0.0, 0.0, 0.0, 0.0, 0.0, 0.0, 0.0, 0.0, 0.0, 0.0, 0.0, 0.0, 0.0, 0.0, 0.0, 0.0, 0.0, 0.0, 0.0, 0.0, 0.0, 0.0, 0.0, 0.0, 0.0, 0.0, 0.0, 0.0, 0.0, 0.0, 0.0, 0.0, 0.0, 0.0, 0.0, 0.0, 0.0, 0.0, 0.0, 0.0, 0.0, 0.0, 0.0, 0.0, 0.0, 0.0, 0.0, 0.0, 0.0, 0.0, 0.0, 0.0, 0.0, 0.0, 0.0, 0.0, 0.0, 0.0, 0.0, 0.0, 0.0, 0.0, 0.0, 0.0, 0.0, 0.0, 0.0, 0.0, 0.0, 0.0, 0.0, 0.0, 0.0, 0.0, 0.0, 0.0, 0.0, 0.0, 0.0, 0.0, 0.0, 0.0, 0.0, 0.0, 0.0, 0.0, 0.0, 0.0, 0.0, 0.0, 0.0, 0.0, 0.0, 0.0, 0.0, 0.0, 0.0, 0.0, 0.0, 0.0, 0.0, 0.0, 0.0, 0.0, 0.0, 0.0, 0.0, 0.0, 0.0, 0.0, 0.0, 0.0, 0.0, 0.0, 0.0, 0.0, 0.0, 0.0, 0.0, 0.0, 0.0, 0.0, 0.0, 0.0, 0.0, 0.0, 0.0, 0.0, 0.0, 0.0, 0.0, 0.0, 0.0, 0.0, 0.0, 0.0, 0.0, 0.0, 0.0, 0.0, 0.0, 0.0, 0.0, 0.0, 0.0, 0.0, 0.0, 0.0, 0.0, 0.0, 0.0, 0.0, 0.0, 0.0, 0.0, 0.0, 0.0, 0.0, 0.0, 0.0, 0.0, 0.0, 0.0, 0.0, 0.0, 0.0, 0.0, 0.0, 0.0, 0.0, 0.0, 0.0, 0.0, 0.0, 0.0, 0.0, 0.0, 0.0, 0.0, 0.0, 0.0, 0.0, 0.0, 0.0, 0.0, 0.0, 0.0, 0.0, 0.0, 0.0, 0.0, 0.0, 0.0, 0.0, 0.0, 0.0, 0.0, 0.0, 0.0, 0.0, 0.0, 0.0, 0.0, 0.0, 0.0, 0.0, 0.0, 0.0, 0.0, 0.0, 0.0, 0.0, 0.0, 0.0, 0.0, 0.0, 0.0, 0.0, 0.0, 0.0, 0.0, 0.0, 0.0, 0.0, 0.0, 0.0, 0.0, 0.0, 0.0, 0.0, 0.0, 0.0, 0.0, 0.0, 0.0, 0.0, 0.0, 0.0, 0.0, 0.0, 0.0, 0.0, 0.0, 0.0, 0.0, 0.0, 0.0, 0.0, 0.0, 0.0, 0.0, 0.0, 0.0, 0.0, 0.0, 0.0, 0.0, 0.0, 0.0, 0.0, 0.0, 0.0, 0.0, 0.0, 0.0, 0.0, 0.0, 0.0, 0.0, 0.0, 0.0, 0.0, 0.0, 0.0, 0.0, 0.0, 0.0, 0.0, 0.0, 0.0, 0.0, 0.0, 0.0, 0.0, 0.0, 0.0, 0.0, 0.0, 0.0, 0.0, 0.0, 0.0, 0.0, 0.0, 0.0, 0.0, 0.0, 0.0, 0.0, 0.0, 0.0, 0.0, 0.0, 0.0, 0.0, 0.0, 0.0, 0.0, 0.0, 0.0, 0.0, 0.0, 0.0, 0.0, 0.0, 0.0, 0.0, 0.0, 0.0, 0.0, 0.0, 0.0, 0.0, 0.0, 0.0, 0.0, 0.0, 0.0, 0.0, 0.0, 0.0, 0.0, 0.0, 0.0, 0.0, 0.0, 0.0, 0.0, 0.0, 0.0, 0.0, 0.0, 0.0, 0.0, 0.0, 0.0, 0.0, 0.0, 0.0, 0.0, 0.0, 0.0, 0.0, 0.0, 0.0, 0.0, 0.0, 0.0, 0.0, 0.0, 0.0, 0.0, 0.0, 0.0, 0.0, 0.0, 0.0, 0.0, 0.0, 0.0, 0.0, 0.0, 0.0, 0.0, 0.0, 0.0, 0.0, 0.0, 0.0, 0.0, 0.0, 0.0, 0.0, 0.0, 0.0, 0.0, 0.0, 0.0, 0.0, 0.0, 0.0, 0.0, 0.0, 0.0, 0.0, 0.0, 0.0, 0.0, 0.0, 0.0, 0.0, 0.0, 0.0, 0.0, 0.0, 0.0, 0.0, 0.0, 0.0, 0.0, 0.0, 0.0, 0.0, 0.0, 0.0, 0.0, 0.0, 0.0, 0.0, 0.0, 0.0, 0.0, 0.0, 0.0, 0.0, 0.0, 0.0, 0.0, 0.0, 0.0, 0.0, 0.0, 0.0, 0.0, 0.0, 0.0, 0.0, 0.0, 0.0, 0.0, 0.0, 0.0, 0.0, 0.0, 0.0, 0.0, 0.0, 0.0, 0.0, 0.0, 0.0, 0.0, 0.0, 0.0, 0.0, 0.0, 0.0, 0.0, 0.0, 0.0, 0.0, 0.0, 0.0, 0.0, 0.0, 0.0, 0.0, 0.0, 0.0, 0.0, 0.0, 0.0, 0.0, 0.0, 0.0, 0.0, 0.0, 0.0, 0.0, 0.0, 0.0, 0.0, 0.0, 0.0, 0.0, 0.0, 0.0, 0.0, 0.0, 0.0, 0.0, 0.0, 0.0, 0.0, 0.0, 0.0, 0.0, 0.0, 0.0, 0.0, 0.0, 0.0, 0.0, 0.0, 0.0, 0.0, 0.0, 0.0, 0.0, 0.0, 0.0, 0.0, 0.0, 0.0, 0.0, 0.0, 0.0, 0.0, 0.0, 0.0, 0.0, 0.0, 0.0, 0.0, 0.0, 0.0, 0.0, 0.0, 0.0, 0.0, 0.0, 0.0, 0.0, 0.0, 0.0, 0.0, 0.0, 0.0, 0.0, 0.0, 0.0, 0.0, 0.0, 0.0, 0.0, 0.0, 0.0, 0.0, 0.0, 0.0, 0.0, 0.0, 0.0, 0.0, 0.0, 0.0, 0.0, 0.0, 0.0, 0.0, 0.0, 0.0, 0.0, 0.0, 0.0, 0.0, 0.0, 0.0, 0.0, 0.0, 0.0, 0.0, 0.0, 0.0, 0.0, 0.0, 0.0, 0.0, 0.0, 0.0, 0.0, 0.0, 0.0, 0.0, 0.0, 0.0, 0.0, 0.0, 0.0, 0.0, 0.0, 0.0, 0.0, 0.0, 0.0, 0.0, 0.0, 0.0, 0.0, 0.0, 0.0, 0.0, 0.0, 0.0, 0.0, 0.0, 0.0, 0.0, 0.0, 0.0, 0.0, 0.0, 0.0, 0.0, 0.0, 0.0, 0.0, 0.0, 0.0, 0.0, 0.0, 0.0, 0.0, 0.0, 0.0, 0.0, 0.0, 0.0, 0.0, 0.0, 0.0, 0.0, 0.0, 0.0, 0.0, 0.0, 0.0, 0.0, 0.0, 0.0, 0.0, 0.0, 0.0, 0.0, 0.0, 0.0, 0.0, 0.0, 0.0, 0.0, 0.0, 0.0, 0.0, 0.0, 0.0, 0.0, 0.0, 0.0, 0.0, 0.0, 0.0, 0.0, 0.0, 0.0, 0.0, 0.0, 0.0, 0.0, 0.0, 0.0, 0.0, 0.0, 0.0, 0.0, 0.0, 0.0, 0.0, 0.0, 0.0, 0.0, 0.0, 0.0, 0.0, 0.0, 0.0, 0.0, 0.0, 0.0, 0.0, 0.0, 0.0, 0.0, 0.0, 0.0, 0.0, 0.0, 0.0, 0.0, 0.0, 0.0, 0.0, 0.0, 0.0, 0.0, 0.0, 0.0, 0.0, 0.0, 0.0, 0.0, 0.0, 0.0, 0.0, 0.0, 0.0, 0.0, 0.0, 0.0, 0.0, 0.0, 0.0, 0.0, 0.0, 0.0, 0.0, 0.0, 0.0, 0.0, 0.0, 0.0, 0.0, 0.0, 0.0, 0.0, 0.0, 0.0, 0.0, 0.0, 0.0, 0.0, 0.0, 0.0, 0.0, 0.0, 0.0, 0.0, 0.0, 0.0, 0.0, 0.0, 0.0, 0.0, 0.0, 0.0, 0.0, 0.0, 0.0, 0.0, 0.0, 0.0, 0.0, 0.0, 0.0, 0.0, 0.0, 0.0, 0.0, 0.0, 0.0, 0.0, 0.0, 0.0, 0.0, 0.0, 0.0, 0.0, 0.0, 0.0, 0.0, 0.0, 0.0, 0.0, 0.0, 0.0, 0.0, 0.0, 0.0, 0.0, 0.0, 0.0, 0.0, 0.0, 0.0, 0.0, 0.0, 0.0, 0.0, 0.0, 0.0, 0.0, 0.0, 0.0, 0.0, 0.0, 0.0, 0.0, 0.0, 0.0, 0.0, 0.0, 0.0, 0.0, 0.0, 0.0, 0.0, 0.0, 0.0, 0.0, 0.0, 0.0, 0.0, 0.0, 0.0, 0.0, 0.0, 0.0, 0.0, 0.0, 0.0, 0.0, 0.0, 0.0, 0.0, 0.0, 0.0, 0.0, 0.0, 0.0, 0.0, 0.0, 0.0, 0.0, 0.0, 0.0, 0.0, 0.0, 0.0, 0.0, 0.0, 0.0, 0.0, 0.0, 0.0, 0.0, 0.0, 0.0, 0.0, 0.0, 0.0, 0.0, 0.0, 0.0, 0.0, 0.0, 0.0, 0.0, 0.0, 0.0, 0.0, 0.0, 0.0, 0.0, 0.0, 0.0, 0.0, 0.0, 0.0, 0.0, 0.0, 0.0, 0.0, 0.0, 0.0, 0.0, 0.0, 0.0, 0.0, 0.0, 0.0, 0.0, 0.0, 0.0, 0.0, 0.0, 0.0, 0.0, 0.0, 0.0, 0.0, 0.0, 0.0, 0.0, 0.0, 0.0, 0.0, 0.0, 0.0, 0.0, 0.0, 0.0, 0.0, 0.0, 0.0, 0.0, 0.0, 0.0, 0.0, 0.0, 0.0, 0.0, 0.0, 0.0, 0.0, 0.0, 0.0, 0.0, 0.0, 0.0, 0.0, 0.0, 0.0, 0.0, 0.0, 0.0, 0.0, 0.0, 0.0, 0.0, 0.0, 0.0, 0.0, 0.0, 0.0, 0.0, 0.0, 0.0, 0.0, 0.0, 0.0, 0.0, 0.0, 0.0, 0.0, 0.0, 0.0, 0.0, 0.0, 0.0, 0.0, 0.0, 0.0, 0.0, 0.0, 0.0, 0.0, 0.0, 0.0, 0.0, 0.0, 0.0, 0.0, 0.0, 0.0, 0.0, 0.0, 0.0, 0.0, 0.0, 0.0, 0.0, 0.0, 0.0, 0.0, 0.0, 0.0, 0.0, 0.0, 0.0, 0.0, 0.0, 0.0, 0.0, 0.0, 0.0, 0.0, 0.0, 0.0, 0.0, 0.0, 0.0, 0.0, 0.0, 0.0, 0.0, 0.0, 0.0, 0.0, 0.0, 0.0, 0.0, 0.0, 0.0, 0.0, 0.0, 0.0, 0.0, 0.0, 0.0, 0.0, 0.0, 0.0, 0.0, 0.0, 0.0, 0.0, 0.0, 0.0, 0.0, 0.0, 0.0, 0.0, 0.0, 0.0, 0.0, 0.0, 0.0, 0.0, 0.0, 0.0, 0.0, 0.0, 0.0, 0.0, 0.0, 0.0, 0.0, 0.0, 0.0, 0.0, 0.0, 0.0, 0.0, 0.0, 0.0, 0.0, 0.0, 0.0, 0.0, 0.0, 0.0, 0.0, 0.0, 0.0, 0.0, 0.0, 0.0, 0.0, 0.0, 0.0, 0.0, 0.0, 0.0, 0.0, 0.0, 0.0, 0.0, 0.0, 0.0, 0.0, 0.0, 0.0, 0.0, 0.0, 0.0, 0.0, 0.0, 0.0, 0.0, 0.0, 0.0, 0.0, 0.0, 0.0, 0.0, 0.0, 0.0, 0.0, 0.0, 0.0, 0.0, 0.0, 0.0, 0.0, 0.0, 0.0, 0.0, 0.0, 0.0, 0.0, 0.0, 0.0, 0.0, 0.0, 0.0, 0.0, 0.0, 0.0, 0.0, 0.0, 0.0, 0.0, 0.0, 0.0, 0.0, 0.0, 0.0, 0.0, 0.0, 0.0, 0.0, 0.0, 0.0, 0.0, 0.0, 0.0, 0.0, 0.0, 0.0, 0.0, 0.0, 0.0, 0.0, 0.0, 0.0, 0.0, 0.0, 0.0, 0.0, 0.0, 0.0, 0.0, 0.0, 0.0, 0.0, 0.0, 0.0, 0.0, 0.0, 0.0, 0.0, 0.0, 0.0, 0.0, 0.0, 0.0, 0.0, 0.0, 0.0, 0.0, 0.0, 0.0, 0.0, 0.0, 0.0, 0.0, 0.0, 0.0, 0.0, 0.0, 0.0, 0.0, 0.0, 0.0, 0.0, 0.0, 0.0, 0.0, 0.0, 0.0, 0.0, 0.0, 0.0, 0.0, 0.0, 0.0, 0.0, 0.0, 0.0, 0.0, 0.0, 0.0, 0.0, 0.0, 0.0, 0.0, 0.0, 0.0, 0.0, 0.0, 0.0, 0.0, 0.0, 0.0, 0.0, 0.0, 0.0, 0.0, 0.0, 0.0, 0.0, 0.0, 0.0, 0.0, 0.0, 0.0, 0.0, 0.0, 0.0, 0.0, 0.0, 0.0, 0.0, 0.0, 0.0, 0.0, 0.0, 0.0, 0.0, 0.0, 0.0, 0.0, 0.0, 0.0, 0.0, 0.0, 0.0, 0.0, 0.0, 0.0, 0.0, 0.0, 0.0, 0.0, 0.0, 0.0, 0.0, 0.0, 0.0, 0.0, 0.0, 0.0, 0.0, 0.0, 0.0, 0.0, 0.0, 0.0, 0.0, 0.0, 0.0, 0.0, 0.0, 0.0, 0.0, 0.0, 0.0, 0.0, 0.0, 0.0, 0.0, 0.0, 0.0, 0.0, 0.0, 0.0, 0.0, 0.0, 0.0, 0.0, 0.0, 0.0, 0.0, 0.0, 0.0, 0.0, 0.0, 0.0, 0.0, 0.0, 0.0, 0.0, 0.0, 0.0, 0.0, 0.0, 0.0, 0.0, 0.0, 0.0, 0.0, 0.0, 0.0, 0.0, 0.0, 0.0, 0.0, 0.0, 0.0, 0.0, 0.0, 0.0, 0.0, 0.0, 0.0, 0.0, 0.0, 0.0, 0.0, 0.0, 0.0, 0.0, 0.0, 0.0, 0.0, 0.0, 0.0, 0.0, 0.0, 0.0, 0.0, 0.0, 0.0, 0.0, 0.0, 0.0, 0.0, 0.0, 0.0, 0.0, 0.0, 0.0, 0.0, 0.0, 0.0, 0.0, 0.0, 0.0, 0.0, 0.0, 0.0, 0.0, 0.0, 0.0, 0.0, 0.0, 0.0, 0.0, 0.0, 0.0, 0.0, 0.0, 0.0, 0.0, 0.0, 0.0, 0.0, 0.0, 0.0, 0.0, 0.0, 0.0, 0.0, 0.0, 0.0, 0.0, 0.0, 0.0, 0.0, 0.0, 0.0, 0.0, 0.0, 0.0, 0.0, 0.0, 0.0, 0.0, 0.0, 0.0, 0.0, 0.0, 0.0, 0.0, 0.0, 0.0, 0.0, 0.0, 0.0, 0.0, 0.0, 0.0, 0.0, 0.0, 0.0, 0.0, 0.0, 0.0, 0.0, 0.0, 0.0, 0.0, 0.0, 0.0, 0.0, 0.0, 0.0, 0.0, 0.0, 0.0, 0.0, 0.0, 0.0, 0.0, 0.0, 0.0, 0.0, 0.0, 0.0, 0.0, 0.0, 0.0, 0.0, 0.0, 0.0, 0.0, 0.0, 0.0, 0.0, 0.0, 0.0, 0.0, 0.0, 0.0, 0.0, 0.0, 0.0, 0.0, 0.0, 0.0, 0.0, 0.0, 0.0, 0.0, 0.0, 0.0, 0.0, 0.0, 0.0, 0.0, 0.0, 0.0, 0.0, 0.0, 0.0, 0.0, 0.0, 0.0, 0.0, 0.0, 0.0, 0.0, 0.0, 0.0, 0.0, 0.0, 0.0, 0.0, 0.0, 0.0, 0.0, 0.0, 0.0, 0.0, 0.0, 0.0, 0.0, 0.0, 0.0, 0.0, 0.0, 0.0, 0.0, 0.0, 0.0, 0.0, 0.0, 0.0, 0.0, 0.0, 0.0, 0.0, 0.0, 0.0, 0.0, 0.0, 0.0, 0.0, 0.0, 0.0, 0.0, 0.0, 0.0, 0.0, 0.0, 0.0, 0.0, 0.0, 0.0, 0.0, 0.0, 0.0, 0.0, 0.0, 0.0, 0.0, 0.0, 0.0, 0.0, 0.0, 0.0, 0.0, 0.0, 0.0, 0.0, 0.0, 0.0, 0.0, 0.0, 0.0, 0.0, 0.0, 0.0, 0.0, 0.0, 0.0, 0.0, 0.0, 0.0, 0.0, 0.0, 0.0, 0.0, 0.0, 0.0, 0.0, 0.0, 0.0, 0.0, 0.0, 0.0, 0.0, 0.0, 0.0, 0.0, 0.0, 0.0, 0.0, 0.0, 0.0, 0.0, 0.0, 0.0, 0.0, 0.0, 0.0, 0.0, 0.0, 0.0, 0.0, 0.0, 0.0, 0.0, 0.0, 0.0, 0.0, 0.0, 0.0, 0.0, 0.0, 0.0, 0.0, 0.0, 0.0, 0.0, 0.0, 0.0, 0.0, 0.0, 0.0, 0.0, 0.0, 0.0, 0.0, 0.0, 0.0, 0.0, 0.0, 0.0, 0.0, 0.0, 0.0, 0.0, 0.0, 0.0, 0.0, 0.0, 0.0, 0.0, 0.0, 0.0, 0.0, 0.0, 0.0, 0.0, 0.0, 0.0, 0.0, 0.0, 0.0, 0.0, 0.0, 0.0, 0.0, 0.0, 0.0, 0.0, 0.0, 0.0, 0.0, 0.0, 0.0, 0.0, 0.0, 0.0, 0.0, 0.0, 0.0, 0.0, 0.0, 0.0, 0.0, 0.0, 0.0, 0.0, 0.0, 0.0, 0.0, 0.0, 0.0, 0.0, 0.0, 0.0, 0.0, 0.0, 0.0, 0.0, 0.0, 0.0, 0.0, 0.0, 0.0, 0.0, 0.0, 0.0, 0.0, 0.0, 0.0, 0.0, 0.0, 0.0, 0.0, 0.0, 0.0, 0.0, 0.0, 0.0, 0.0, 0.0, 0.0, 0.0, 0.0, 0.0, 0.0, 0.0, 0.0, 0.0, 0.0, 0.0, 0.0, 0.0, 0.0, 0.0, 0.0, 0.0, 0.0, 0.0, 0.0, 0.0, 0.0, 0.0, 0.0, 0.0, 0.0, 0.0, 0.0, 0.0, 0.0, 0.0, 0.0, 0.0, 0.0, 0.0, 0.0, 0.0, 0.0, 0.0, 0.0, 0.0, 0.0, 0.0, 0.0, 0.0, 0.0, 0.0, 0.0, 0.0, 0.0, 0.0, 0.0, 0.0, 0.0, 0.0, 0.0, 0.0, 0.0, 0.0, 0.0, 0.0, 0.0, 0.0, 0.0, 0.0, 0.0, 0.0, 0.0, 0.0, 0.0, 0.0, 0.0, 0.0, 0.0, 0.0, 0.0, 0.0, 0.0, 0.0, 0.0, 0.0, 0.0, 0.0, 0.0, 0.0, 0.0, 0.0, 0.0, 0.0, 0.0, 0.0, 0.0, 0.0, 0.0, 0.0, 0.0, 0.0, 0.0, 0.0, 0.0, 0.0, 0.0, 0.0, 0.0, 0.0, 0.0, 0.0, 0.0, 0.0, 0.0, 0.0, 0.0, 0.0, 0.0, 0.0, 0.0, 0.0, 0.0, 0.0, 0.0, 0.0, 0.0, 0.0, 0.0, 0.0, 0.0, 0.0, 0.0, 0.0, 0.0, 0.0, 0.0, 0.0, 0.0, 0.0, 0.0, 0.0, 0.0, 0.0, 0.0, 0.0, 0.0, 0.0, 0.0, 0.0, 0.0, 0.0, 0.0, 0.0, 0.0, 0.0, 0.0, 0.0, 0.0, 0.0, 0.0, 0.0, 0.0, 0.0, 0.0, 0.0, 0.0, 0.0, 0.0, 0.0, 0.0, 0.0, 0.0, 0.0, 0.0, 0.0, 0.0, 0.0, 0.0, 0.0, 0.0, 0.0, 0.0, 0.0, 0.0, 0.0, 0.0, 0.0, 0.0, 0.0, 0.0, 0.0, 0.0, 0.0, 0.0, 0.0, 0.0, 0.0, 0.0, 0.0, 0.0, 0.0, 0.0, 0.0, 0.0, 0.0, 0.0, 0.0, 0.0, 0.0, 0.0, 0.0, 0.0, 0.0, 0.0, 0.0, 0.0, 0.0, 0.0, 0.0, 0.0, 0.0, 0.0, 0.0, 0.0, 0.0, 0.0, 0.0, 0.0, 0.0, 0.0, 0.0, 0.0, 0.0, 0.0, 0.0, 0.0, 0.0, 0.0, 0.0, 0.0, 0.0, 0.0, 0.0, 0.0, 0.0, 0.0, 0.0, 0.0, 0.0, 0.0, 0.0, 0.0, 0.0, 0.0, 0.0, 0.0, 0.0, 0.0, 0.0, 0.0, 0.0, 0.0, 0.0, 0.0, 0.0, 0.0, 0.0, 0.0, 0.0, 0.0, 0.0, 0.0, 0.0, 0.0, 0.0, 0.0, 0.0, 0.0, 0.0, 0.0, 0.0, 0.0, 0.0, 0.0, 0.0, 0.0, 0.0, 0.0, 0.0, 0.0, 0.0, 0.0, 0.0, 0.0, 0.0, 0.0, 0.0, 0.0, 0.0, 0.0, 0.0, 0.0, 0.0, 0.0, 0.0, 0.0, 0.0, 0.0, 0.0, 0.0, 0.0, 0.0, 0.0, 0.0, 0.0, 0.0, 0.0, 0.0, 0.0, 0.0, 0.0, 0.0, 0.0, 0.0, 0.0, 0.0, 0.0, 0.0, 0.0, 0.0, 0.0, 0.0, 0.0, 0.0, 0.0, 0.0, 0.0, 0.0, 0.0, 0.0, 0.0, 0.0, 0.0, 0.0, 0.0, 0.0, 0.0, 0.0, 0.0, 0.0, 0.0, 0.0, 0.0, 0.0, 0.0, 0.0, 0.0, 0.0, 0.0, 0.0, 0.0, 0.0, 0.0, 0.0, 0.0, 0.0, 0.0, 0.0, 0.0, 0.0, 0.0, 0.0, 0.0, 0.0, 0.0, 0.0, 0.0, 0.0, 0.0, 0.0, 0.0, 0.0, 0.0, 0.0, 0.0, 0.0, 0.0, 0.0, 0.0, 0.0, 0.0, 0.0, 0.0, 0.0, 0.0, 0.0, 0.0, 0.0, 0.0, 0.0, 0.0, 0.0, 0.0, 0.0, 0.0, 0.0, 0.0, 0.0, 0.0, 0.0, 0.0, 0.0, 0.0, 0.0, 0.0, 0.0, 0.0, 0.0, 0.0, 0.0, 0.0, 0.0, 0.0, 0.0, 0.0, 0.0, 0.0, 0.0, 0.0, 0.0, 0.0, 0.0, 0.0, 0.0, 0.0, 0.0, 0.0, 0.0, 0.0, 0.0, 0.0, 0.0, 0.0, 0.0, 0.0, 0.0, 0.0, 0.0, 0.0, 0.0, 0.0, 0.0, 0.0, 0.0, 0.0, 0.0, 0.0, 0.0, 0.0, 0.0, 0.0, 0.0, 0.0, 0.0, 0.0, 0.0, 0.0, 0.0, 0.0, 0.0, 0.0, 0.0, 0.0, 0.0, 0.0, 0.0, 0.0, 0.0, 0.0, 0.0, 0.0, 0.0, 0.0, 0.0, 0.0, 0.0, 0.0, 0.0, 0.0, 0.0, 0.0, 0.0, 0.0, 0.0, 0.0, 0.0, 0.0, 0.0, 0.0, 0.0, 0.0, 0.0, 0.0, 0.0, 0.0, 0.0, 0.0, 0.0, 0.0, 0.0, 0.0, 0.0, 0.0, 0.0, 0.0, 0.0, 0.0, 0.0, 0.0, 0.0, 0.0, 0.0, 0.0, 0.0, 0.0, 0.0, 0.0, 0.0, 0.0, 0.0, 0.0, 0.0, 0.0, 0.0, 0.0, 0.0, 0.0, 0.0, 0.0, 0.0, 0.0, 0.0, 0.0, 0.0, 0.0, 0.0, 0.0, 0.0, 0.0, 0.0, 0.0, 0.0, 0.0, 0.0, 0.0, 0.0, 0.0, 0.0, 0.0, 0.0, 0.0, 0.0, 0.0, 0.0, 0.0, 0.0, 0.0, 0.0, 0.0, 0.0, 0.0, 0.0, 0.0, 0.0, 0.0, 0.0, 0.0, 0.0, 0.0, 0.0, 0.0, 0.0, 0.0, 0.0, 0.0, 0.0, 0.0, 0.0, 0.0, 0.0, 0.0, 0.0, 0.0, 0.0, 0.0, 0.0, 0.0, 0.0, 0.0, 0.0, 0.0, 0.0, 0.0, 0.0, 0.0, 0.0, 0.0, 0.0, 0.0, 0.0, 0.0, 0.0, 0.0, 0.0, 0.0, 0.0, 0.0, 0.0, 0.0, 0.0, 0.0, 0.0, 0.0, 0.0, 0.0, 0.0, 0.0, 0.0, 0.0, 0.0, 0.0, 0.0, 0.0, 0.0, 0.0, 0.0, 0.0, 0.0, 0.0, 0.0, 0.0, 0.0, 0.0, 0.0, 0.0, 0.0, 0.0, 0.0, 0.0, 0.0, 0.0, 0.0, 0.0, 0.0, 0.0, 0.0, 0.0, 0.0, 0.0, 0.0, 0.0, 0.0, 0.0, 0.0, 0.0, 0.0, 0.0, 0.0, 0.0, 0.0, 0.0, 0.0, 0.0, 0.0, 0.0, 0.0, 0.0, 0.0, 0.0, 0.0, 0.0, 0.0, 0.0, 0.0, 0.0, 0.0, 0.0, 0.0, 0.0, 0.0, 0.0, 0.0, 0.0, 0.0, 0.0, 0.0, 0.0, 0.0, 0.0, 0.0, 0.0, 0.0, 0.0, 0.0, 0.0, 0.0, 0.0, 0.0, 0.0, 0.0, 0.0, 0.0, 0.0, 0.0, 0.0, 0.0, 0.0, 0.0, 0.0, 0.0, 0.0, 0.0, 0.0, 0.0, 0.0, 0.0, 0.0, 0.0, 0.0, 0.0, 0.0, 0.0, 0.0, 0.0, 0.0, 0.0, 0.0, 0.0, 0.0, 0.0, 0.0, 0.0, 0.0, 0.0, 0.0, 0.0, 0.0, 0.0, 0.0, 0.0, 0.0, 0.0, 0.0, 0.0, 0.0, 0.0, 0.0, 0.0, 0.0, 0.0, 0.0, 0.0, 0.0, 0.0, 0.0, 0.0, 0.0, 0.0, 0.0, 0.0, 0.0, 0.0, 0.0, 0.0, 0.0, 0.0, 0.0, 0.0, 0.0, 0.0, 0.0, 0.0, 0.0, 0.0, 0.0, 0.0, 0.0, 0.0, 0.0, 0.0, 0.0, 0.0, 0.0, 0.0, 0.0, 0.0, 0.0, 0.0, 0.0, 0.0, 0.0, 0.0, 0.0, 0.0, 0.0, 0.0, 0.0, 0.0, 0.0, 0.0, 0.0, 0.0, 0.0, 0.0, 0.0, 0.0, 0.0, 0.0, 0.0, 0.0, 0.0, 0.0, 0.0, 0.0, 0.0, 0.0, 0.0, 0.0, 0.0, 0.0, 0.0, 0.0, 0.0, 0.0, 0.0, 0.0, 0.0, 0.0, 0.0, 0.0, 0.0, 0.0, 0.0, 0.0, 0.0, 0.0, 0.0, 0.0, 0.0, 0.0, 0.0, 0.0, 0.0, 0.0, 0.0, 0.0, 0.0, 0.0, 0.0, 0.0, 0.0, 0.0, 0.0, 0.0, 0.0, 0.0, 0.0, 0.0, 0.0, 0.0, 0.0, 0.0, 0.0, 0.0, 0.0, 0.0, 0.0, 0.0, 0.0, 0.0, 0.0, 0.0, 0.0, 0.0, 0.0, 0.0, 0.0, 0.0, 0.0, 0.0, 0.0, 0.0, 0.0, 0.0, 0.0, 0.0, 0.0, 0.0, 0.0, 0.0, 0.0, 0.0, 0.0, 0.0, 0.0, 0.0, 0.0, 0.0, 0.0, 0.0, 0.0, 0.0, 0.0, 0.0, 0.0, 0.0, 0.0, 0.0, 0.0, 0.0, 0.0, 0.0, 0.0, 0.0, 0.0, 0.0, 0.0, 0.0, 0.0, 0.0, 0.0, 0.0, 0.0, 0.0, 0.0, 0.0, 0.0, 0.0, 0.0, 0.0, 0.0, 0.0, 0.0, 0.0, 0.0, 0.0, 0.0, 0.0, 0.0, 0.0, 0.0, 0.0, 0.0, 0.0, 0.0, 0.0, 0.0, 0.0, 0.0, 0.0, 0.0, 0.0, 0.0, 0.0, 0.0, 0.0, 0.0, 0.0, 0.0, 0.0, 0.0, 0.0, 0.0, 0.0, 0.0, 0.0, 0.0, 0.0, 0.0, 0.0, 0.0, 0.0, 0.0, 0.0, 0.0, 0.0, 0.0, 0.0, 0.0, 0.0, 0.0, 0.0, 0.0, 0.0, 0.0, 0.0, 0.0, 0.0, 0.0, 0.0, 0.0, 0.0, 0.0, 0.0, 0.0, 0.0, 0.0, 0.0, 0.0, 0.0, 0.0, 0.0, 0.0, 0.0, 0.0, 0.0, 0.0, 0.0, 0.0, 0.0, 0.0, 0.0, 0.0, 0.0, 0.0, 0.0, 0.0, 0.0, 0.0, 0.0, 0.0, 0.0, 0.0, 0.0, 0.0, 0.0, 0.0, 0.0, 0.0, 0.0, 0.0, 0.0, 0.0, 0.0, 0.0, 0.0, 0.0, 0.0, 0.0, 0.0, 0.0, 0.0, 0.0, 0.0, 0.0, 0.0, 0.0, 0.0, 0.0, 0.0, 0.0, 0.0, 0.0, 0.0, 0.0, 0.0, 0.0, 0.0, 0.0, 0.0, 0.0, 0.0, 0.0, 0.0, 0.0, 0.0, 0.0, 0.0, 0.0, 0.0, 0.0, 0.0, 0.0, 0.0, 0.0, 0.0, 0.0, 0.0, 0.0, 0.0, 0.0, 0.0, 0.0, 0.0, 0.0, 0.0, 0.0, 0.0, 0.0, 0.0, 0.0, 0.0, 0.0, 0.0, 0.0, 0.0, 0.0, 0.0, 0.0, 0.0, 0.0, 0.0, 0.0, 0.0, 0.0, 0.0, 0.0, 0.0, 0.0, 0.0, 0.0, 0.0, 0.0, 0.0, 0.0, 0.0, 0.0, 0.0, 0.0, 0.0, 0.0, 0.0, 0.0, 0.0, 0.0, 0.0, 0.0, 0.0, 0.0, 0.0, 0.0, 0.0, 0.0, 0.0, 0.0, 0.0, 0.0, 0.0, 0.0, 0.0, 0.0, 0.0, 0.0, 0.0, 0.0, 0.0, 0.0, 0.0, 0.0, 0.0, 0.0, 0.0, 0.0, 0.0, 0.0, 0.0, 0.0, 0.0, 0.0, 0.0, 0.0, 0.0, 0.0, 0.0, 0.0, 0.0, 0.0, 0.0, 0.0, 0.0, 0.0, 0.0, 0.0, 0.0, 0.0, 0.0, 0.0, 0.0, 0.0, 0.0, 0.0, 0.0, 0.0, 0.0, 0.0, 0.0, 0.0, 0.0, 0.0, 0.0, 0.0, 0.0, 0.0, 0.0, 0.0, 0.0, 0.0, 0.0, 0.0, 0.0, 0.0, 0.0, 0.0, 0.0, 0.0, 0.0, 0.0, 0.0, 0.0, 0.0, 0.0, 0.0, 0.0, 0.0, 0.0, 0.0, 0.0, 0.0, 0.0, 0.0, 0.0, 0.0, 0.0, 0.0, 0.0, 0.0, 0.0, 0.0, 0.0, 0.0, 0.0, 0.0, 0.0, 0.0, 0.0, 0.0, 0.0, 0.0, 0.0, 0.0, 0.0, 0.0, 0.0, 0.0, 0.0, 0.0, 0.0, 0.0, 0.0, 0.0, 0.0, 0.0, 0.0, 0.0, 0.0, 0.0, 0.0, 0.0, 0.0, 0.0, 0.0, 0.0, 0.0, 0.0, 0.0, 0.0, 0.0, 0.0, 0.0, 0.0, 0.0, 0.0, 0.0, 0.0, 0.0, 0.0, 0.0, 0.0, 0.0, 0.0, 0.0, 0.0, 0.0, 0.0, 0.0, 0.0, 0.0, 0.0, 0.0, 0.0, 0.0, 0.0, 0.0, 0.0, 0.0, 0.0, 0.0, 0.0, 0.0, 0.0, 0.0, 0.0, 0.0, 0.0, 0.0, 0.0, 0.0, 0.0, 0.0, 0.0, 0.0, 0.0, 0.0, 0.0, 0.0, 0.0, 0.0, 0.0, 0.0, 0.0, 0.0, 0.0, 0.0, 0.0, 0.0, 0.0, 0.0, 0.0, 0.0, 0.0, 0.0, 0.0, 0.0, 0.0, 0.0, 0.0, 0.0, 0.0, 0.0, 0.0, 0.0, 0.0, 0.0, 0.0, 0.0, 0.0, 0.0, 0.0, 0.0, 0.0, 0.0, 0.0, 0.0, 0.0, 0.0, 0.0, 0.0, 0.0, 0.0, 0.0, 0.0, 0.0, 0.0, 0.0, 0.0, 0.0, 0.0, 0.0, 0.0, 0.0, 0.0, 0.0, 0.0, 0.0, 0.0, 0.0, 0.0, 0.0, 0.0, 0.0, 0.0, 0.0, 0.0, 0.0, 0.0, 0.0, 0.0, 0.0, 0.0, 0.0, 0.0, 0.0, 0.0, 0.0, 0.0, 0.0, 0.0, 0.0, 0.0, 0.0, 0.0, 0.0, 0.0, 0.0, 0.0, 0.0, 0.0, 0.0, 0.0, 0.0, 0.0, 0.0, 0.0, 0.0, 0.0, 0.0, 0.0, 0.0, 0.0, 0.0, 0.0, 0.0, 0.0, 0.0, 0.0, 0.0, 0.0, 0.0, 0.0, 0.0, 0.0, 0.0, 0.0, 0.0, 0.0, 0.0, 0.0, 0.0, 0.0, 0.0, 0.0, 0.0, 0.0, 0.0, 0.0, 0.0, 0.0, 0.0, 0.0, 0.0, 0.0, 0.0, 0.0, 0.0, 0.0, 0.0, 0.0, 0.0, 0.0, 0.0, 0.0, 0.0, 0.0, 0.0, 0.0, 0.0, 0.0, 0.0, 0.0, 0.0, 0.0, 0.0, 0.0, 0.0, 0.0, 0.0, 0.0, 0.0, 0.0, 0.0, 0.0, 0.0, 0.0, 0.0, 0.0, 0.0, 0.0, 0.0, 0.0, 0.0, 0.0, 0.0, 0.0, 0.0, 0.0, 0.0, 0.0, 0.0, 0.0, 0.0, 0.0, 0.0, 0.0, 0.0, 0.0, 0.0, 0.0, 0.0, 0.0, 0.0, 0.0, 0.0, 0.0, 0.0, 0.0, 0.0, 0.0, 0.0, 0.0, 0.0, 0.0, 0.0, 0.0, 0.0, 0.0, 0.0, 0.0, 0.0, 0.0, 0.0, 0.0, 0.0, 0.0, 0.0, 0.0, 0.0, 0.0, 0.0, 0.0, 0.0, 0.0, 0.0, 0.0, 0.0, 0.0, 0.0, 0.0, 0.0, 0.0, 0.0, 0.0, 0.0, 0.0, 0.0, 0.0, 0.0, 0.0, 0.0, 0.0, 0.0, 0.0, 0.0, 0.0, 0.0, 0.0, 0.0, 0.0, 0.0, 0.0, 0.0, 0.0, 0.0, 0.0, 0.0, 0.0, 0.0, 0.0, 0.0, 0.0, 0.0, 0.0, 0.0, 0.0, 0.0, 0.0, 0.0, 0.0, 0.0, 0.0, 0.0, 0.0, 0.0, 0.0, 0.0, 0.0, 0.0, 0.0, 0.0, 0.0, 0.0, 0.0, 0.0, 0.0, 0.0, 0.0, 0.0, 0.0, 0.0, 0.0, 0.0, 0.0, 0.0, 0.0, 0.0, 0.0, 0.0, 0.0, 0.0, 0.0, 0.0, 0.0, 0.0, 0.0, 0.0, 0.0, 0.0, 0.0, 0.0, 0.0, 0.0, 0.0, 0.0, 0.0, 0.0, 0.0, 0.0, 0.0, 0.0, 0.0, 0.0, 0.0, 0.0, 0.0]"
UA_2,12.9
Li_duration,6.999999999999999
TES_LCOE_IndustrialCharge,0.0
coal_dispatch,764045.0
UA_3,11.5
powerPeak,500.0
cost_coldpump,456.5946836918748
Li_LCOE_Capex,0.07487142451607888
net_discharge_t,"[0.0, 0.0, 0.0, 0.0, 0.0, 249.71458351502818, 0.0, 0.0, 0.0, 0.0, 0.0, 0.0, 0.0, 0.0, 0.0, 0.0, 0.0, 0.0, 0.0, 0.0, 0.0, 0.0, 0.0, 0.0, 0.0, 249.71458351502815, 0.0, 0.0, 499.42916703005636, 0.0, 0.0, 0.0, 249.71458351502815, 0.0, 0.0, 0.0, 0.0, 0.0, 0.0, 0.0, 0.0, 0.0, 0.0, 0.0, 0.0, 0.0, 0.0, 0.0, 499.4291670300563, 0.0, 0.0, 249.71458351502824, 0.0, 0.0, 0.0, 499.4291670300563, 0.0, 0.0, 0.0, 0.0, 0.0, 0.0, 0.0, 0.0, 0.0, 0.0, 0.0, 0.0, 0.0, 0.0, 0.0, 499.4291670300563, 0.0, 0.0, 499.4291670300565, 0.0, 0.0, 0.0, 499.4291670300563, 0.0, 0.0, 0.0, 0.0, 0.0, 0.0, 0.0, 0.0, 0.0, 0.0, 0.0, 249.71458351502824, 0.0, 0.0, 0.0, 481.0355551870994, 0.0, 0.0, 249.71458351502818, 0.0, 0.0, 0.0, 499.4291670300563, 0.0, 0.0, 0.0, 0.0, 0.0, 0.0, 0.0, 0.0, 0.0, 0.0, 0.0, 328.326676959927, 0.0, 0.0, 0.0, 231.32097167207135, 0.0, 0.0, 0.0, 249.71458351502815, 0.0, 0.0, 249.71458351502815, 0.0, 0.0, 0.0, 0.0, 0.0, 0.0, 0.0, 0.0, 0.0, 0.0, 0.0, 84.90295839510958, 0.0, 0.0, 0.0, 84.90295839510958, 0.0, 0.0, 0.0, 499.4291670300563, 0.0, 0.0, 0.0, 0.0, 0.0, 0.0, 0.0, 0.0, 0.0, 0.0, 0.0, 0.0, 0.0, 0.0, 0.0, 0.0, 0.0, 0.0, 0.0, 0.0, 0.0, 0.0, 249.71458351502815, 0.0, 0.0, 0.0, 0.0, 0.0, 0.0, 0.0, 249.71458351502815, 0.0, 0.0, 0.0, 0.0, 0.0, 0.0, 249.71458351502815, 0.0, 0.0, 0.0, 0.0, 0.0, 0.0, 0.0, 0.0, 0.0, 0.0, 0.0, 0.0, 0.0, 0.0, 0.0, 174.18851293940708, 0.0, 0.0, 0.0, 0.0, 0.0, 0.0, 0.0, 0.0, 0.0, 0.0, 0.0, 0.0, 0.0, 0.0, 0.0, 0.0, 0.0, 0.0, 0.0, 0.0, 0.0, 0.0, 0.0, 0.0, 0.0, 0.0, 0.0, 0.0, 0.0, 0.0, 0.0, 0.0, 0.0, 0.0, 0.0, 0.0, 0.0, 0.0, 0.0, 0.0, 0.0, 0.0, 0.0, 0.0, 0.0, 0.0, 0.0, 0.0, 0.0, 0.0, 0.0, 0.0, 0.0, 0.0, 0.0, 0.0, 0.0, 0.0, 0.0, 0.0, 0.0, 0.0, 0.0, 0.0, 0.0, 0.0, 0.0, 0.0, 0.0, 0.0, 0.0, 0.0, 0.0, 0.0, 0.0, 0.0, 0.0, 0.0, 0.0, 0.0, 0.0, 0.0, 0.0, 0.0, 0.0, 0.0, 0.0, 0.0, 0.0, 0.0, 0.0, 0.0, 0.0, 0.0, 0.0, 0.0, 0.0, 0.0, 0.0, 0.0, 0.0, 0.0, 0.0, 0.0, 0.0, 0.0, 0.0, 0.0, 0.0, 0.0, 0.0, 0.0, 0.0, 0.0, 0.0, 0.0, 0.0, 0.0, 0.0, 0.0, 0.0, 0.0, 0.0, 0.0, 0.0, 0.0, 0.0, 0.0, 0.0, 0.0, 0.0, 0.0, 0.0, 0.0, 0.0, 0.0, 0.0, 0.0, 0.0, 0.0, 0.0, 0.0, 0.0, 0.0, 0.0, 0.0, 0.0, 0.0, 0.0, 0.0, 0.0, 0.0, 0.0, 0.0, 0.0, 0.0, 0.0, 0.0, 84.90295839510958, 0.0, 0.0, 0.0, 0.0, 0.0, 0.0, 0.0, 0.0, 0.0, 0.0, 0.0, 0.0, 0.0, 0.0, 0.0, 0.0, 0.0, 0.0, 0.0, 0.0, 0.0, 0.0, 252.5624431408414, 0.0, 0.0, 0.0, 0.0, 0.0, 0.0, 0.0, 0.0, 0.0, 0.0, 0.0, 0.0, 249.71458351502815, 0.0, 0.0, 0.0, 0.0, 0.0, 0.0, 0.0, 0.0, 0.0, 84.90295839510958, 0.0, 0.0, 0.0, 0.0, 0.0, 0.0, 0.0, 0.0, 0.0, 0.0, 0.0, 0.0, 499.4291670300563, 0.0, 0.0, 0.0, 0.0, 0.0, 0.0, 0.0, 0.0, 0.0, 0.0, 0.0, 0.0, 0.0, 0.0, 0.0, 0.0, 0.0, 0.0, 0.0, 0.0, 0.0, 0.0, 249.71458351502815, 0.0, 0.0, 0.0, 0.0, 0.0, 0.0, 0.0, 0.0, 0.0, 0.0, 0.0, 0.0, 0.0, 0.0, 0.0, 0.0, 0.0, 0.0, 0.0, 0.0, 0.0, 0.0, 0.0, 0.0, 0.0, 0.0, 0.0, 0.0, 0.0, 0.0, 0.0, 0.0, 0.0, 0.0, 0.0, 0.0, 0.0, 0.0, 0.0, 0.0, 0.0, 0.0, 0.0, 0.0, 0.0, 0.0, 0.0, 0.0, 0.0, 0.0, 0.0, 0.0, 0.0, 0.0, 0.0, 0.0, 0.0, 0.0, 0.0, 0.0, 0.0, 0.0, 0.0, 0.0, 0.0, 0.0, 0.0, 0.0, 0.0, 0.0, 0.0, 0.0, 0.0, 0.0, 0.0, 0.0, 0.0, 0.0, 0.0, 0.0, 0.0, 0.0, 0.0, 0.0, 0.0, 0.0, 0.0, 0.0, 0.0, 0.0, 0.0, 0.0, 0.0, 0.0, 0.0, 0.0, 0.0, 0.0, 0.0, 0.0, 0.0, 0.0, 0.0, 0.0, 0.0, 0.0, 0.0, 0.0, 249.71458351502815, 0.0, 0.0, 249.71458351502815, 0.0, 0.0, 0.0, 0.0, 0.0, 0.0, 0.0, 0.0, 0.0, 0.0, 0.0, 0.0, 0.0, 0.0, 0.0, 0.0, 0.0, 0.0, 0.0, 499.4291670300563, 0.0, 0.0, 499.4291670300563, 0.0, 0.0, 0.0, 0.0, 0.0, 0.0, 0.0, 0.0, 0.0, 0.0, 0.0, 0.0, 0.0, 0.0, 0.0, 0.0, 0.0, 0.0, 0.0, 499.4291670300563, 0.0, 0.0, 249.71458351502815, 0.0, 0.0, 0.0, 0.0, 0.0, 0.0, 0.0, 0.0, 0.0, 0.0, 0.0, 0.0, 0.0, 0.0, 0.0, 0.0, 0.0, 0.0, 0.0, 390.8303432015562, 0.0, 0.0, 0.0, 249.71458351502815, 0.0, 0.0, 0.0, 0.0, 0.0, 0.0, 0.0, 0.0, 0.0, 0.0, 0.0, 0.0, 0.0, 0.0, 0.0, 0.0, 0.0, 0.0, 141.11575968652804, 0.0, 0.0, 0.0, 499.4291670300563, 0.0, 0.0, 0.0, 0.0, 0.0, 0.0, 0.0, 0.0, 0.0, 0.0, 0.0, 0.0, 0.0, 0.0, 0.0, 0.0, 0.0, 0.0, 249.71458351502815, 0.0, 0.0, 0.0, 499.4291670300563, 0.0, 0.0, 0.0, 0.0, 0.0, 0.0, 0.0, 0.0, 0.0, 0.0, 0.0, 0.0, 0.0, 0.0, 0.0, 0.0, 0.0, 0.0, 499.4291670300563, 0.0, 0.0, 0.0, 249.71458351502815, 0.0, 0.0, 0.0, 0.0, 0.0, 0.0, 0.0, 0.0, 0.0, 0.0, 0.0, 0.0, 0.0, 0.0, 0.0, 0.0, 0.0, 0.0, 249.71458351502815, 0.0, 0.0, 0.0, 0.0, 0.0, 0.0, 0.0, 0.0, 0.0, 0.0, 0.0, 0.0, 0.0, 0.0, 0.0, 0.0, 0.0, 0.0, 0.0, 0.0, 0.0, 0.0, 0.0, 0.0, 0.0, 0.0, 0.0, 0.0, 0.0, 0.0, 0.0, 0.0, 0.0, 0.0, 0.0, 0.0, 0.0, 0.0, 0.0, 0.0, 0.0, 0.0, 0.0, 0.0, 0.0, 0.0, 0.0, 0.0, 0.0, 0.0, 0.0, 0.0, 0.0, 0.0, 0.0, 0.0, 0.0, 0.0, 0.0, 0.0, 0.0, 0.0, 0.0, 0.0, 0.0, 0.0, 0.0, 0.0, 0.0, 0.0, 0.0, 0.0, 0.0, 0.0, 0.0, 0.0, 0.0, 0.0, 0.0, 0.0, 0.0, 0.0, 0.0, 0.0, 0.0, 0.0, 0.0, 0.0, 0.0, 0.0, 0.0, 0.0, 0.0, 0.0, 0.0, 0.0, 0.0, 0.0, 0.0, 0.0, 0.0, 0.0, 0.0, 0.0, 0.0, 0.0, 0.0, 0.0, 0.0, 0.0, 0.0, 0.0, 0.0, 0.0, 0.0, 0.0, 0.0, 0.0, 0.0, 0.0, 0.0, 0.0, 0.0, 0.0, 0.0, 0.0, 0.0, 0.0, 0.0, 0.0, 0.0, 0.0, 0.0, 0.0, 0.0, 0.0, 0.0, 0.0, 0.0, 0.0, 0.0, 0.0, 0.0, 0.0, 0.0, 0.0, 0.0, 0.0, 0.0, 0.0, 0.0, 0.0, 0.0, 0.0, 0.0, 0.0, 0.0, 0.0, 0.0, 0.0, 0.0, 0.0, 0.0, 0.0, 0.0, 0.0, 0.0, 0.0, 0.0, 0.0, 0.0, 0.0, 0.0, 0.0, 0.0, 0.0, 0.0, 0.0, 0.0, 0.0, 0.0, 0.0, 0.0, 0.0, 0.0, 0.0, 0.0, 0.0, 0.0, 0.0, 0.0, 0.0, 0.0, 0.0, 0.0, 0.0, 0.0, 0.0, 0.0, 0.0, 0.0, 0.0, 0.0, 0.0, 0.0, 0.0, 0.0, 0.0, 0.0, 0.0, 0.0, 0.0, 0.0, 0.0, 0.0, 0.0, 0.0, 0.0, 0.0, 249.71458351502815, 0.0, 0.0, 0.0, 0.0, 0.0, 0.0, 0.0, 0.0, 0.0, 0.0, 0.0, 0.0, 0.0, 0.0, 0.0, 0.0, 0.0, 0.0, 0.0, 0.0, 0.0, 0.0, 499.4291670300563, 249.71458351502815, 0.0, 0.0, 0.0, 0.0, 0.0, 0.0, 0.0, 0.0, 0.0, 0.0, 0.0, 0.0, 0.0, 0.0, 0.0, 249.71458351502815, 0.0, 0.0, 0.0, 249.71458351502815, 0.0, 499.4291670300563, 499.4291670300563, 0.0, 0.0, 0.0, 0.0, 0.0, 0.0, 0.0, 0.0, 0.0, 0.0, 0.0, 0.0, 0.0, 0.0, 0.0, 499.4291670300563, 0.0, 0.0, 0.0, 499.4291670300563, 0.0, 249.71458351502815, 499.4291670300562, 249.71458351502815, 0.0, 0.0, 0.0, 0.0, 0.0, 0.0, 0.0, 0.0, 0.0, 0.0, 249.71458351502815, 0.0, 0.0, 0.0, 499.4291670300563, 0.0, 0.0, 0.0, 499.4291670300563, 0.0, 0.0, 499.4291670300563, 499.4291670300563, 0.0, 0.0, 0.0, 0.0, 0.0, 0.0, 0.0, 0.0, 0.0, 0.0, 470.5751673961164, 0.0, 0.0, 0.0, 499.4291670300565, 0.0, 0.0, 0.0, 249.71458351502815, 0.0, 0.0, 499.4291670300563, 499.4291670300563, 0.0, 0.0, 0.0, 0.0, 0.0, 0.0, 0.0, 0.0, 0.0, 0.0, 220.86058388108825, 0.0, 0.0, 0.0, 498.83242367698995, 0.0, 0.0, 0.0, 499.4291670300563, 0.0, 0.0, 499.4291670300563, 249.71458351502815, 0.0, 0.0, 0.0, 0.0, 0.0, 0.0, 0.0, 0.0, 0.0, 0.0, 0.0, 0.0, 0.0, 0.0, 249.71458351502815, 0.0, 0.0, 0.0, 499.4291670300563, 0.0, 0.0, 249.71458351502815, 0.0, 0.0, 0.0, 0.0, 0.0, 0.0, 0.0, 0.0, 0.0, 0.0, 0.0, 0.0, 0.0, 0.0, 0.0, 499.4291670300563, 0.0, 0.0, 249.71458351502815, 499.4291670300563, 0.0, 0.0, 0.0, 0.0, 0.0, 0.0, 249.71458351502815, 0.0, 0.0, 0.0, 0.0, 0.0, 0.0, 0.0, 0.0, 0.0, 0.0, 0.0, 249.71458351502815, 0.0, 0.0, 499.4291670300563, 249.71458351502815, 0.0, 0.0, 0.0, 0.0, 0.0, 0.0, 499.4291670300563, 0.0, 0.0, 0.0, 0.0, 0.0, 0.0, 0.0, 0.0, 0.0, 0.0, 0.0, 0.0, 0.0, 0.0, 499.4291670300563, 0.0, 0.0, 0.0, 0.0, 0.0, 0.0, 0.0, 499.4291670300563, 0.0, 0.0, 0.0, 0.0, 0.0, 0.0, 0.0, 0.0, 0.0, 0.0, 0.0, 0.0, 0.0, 0.0, 499.4291670300563, 0.0, 0.0, 0.0, 0.0, 0.0, 0.0, 0.0, 499.4291670300563, 0.0, 0.0, 0.0, 0.0, 0.0, 0.0, 0.0, 0.0, 0.0, 0.0, 0.0, 0.0, 0.0, 0.0, 499.4291670300563, 0.0, 0.0, 0.0, 0.0, 0.0, 0.0, 0.0, 499.4291670300563, 0.0, 0.0, 0.0, 0.0, 0.0, 0.0, 0.0, 0.0, 0.0, 0.0, 0.0, 0.0, 0.0, 0.0, 499.4291670300563, 0.0, 0.0, 0.0, 0.0, 0.0, 0.0, 0.0, 499.4291670300563, 0.0, 0.0, 0.0, 0.0, 0.0, 0.0, 249.71458351502815, 0.0, 0.0, 0.0, 0.0, 0.0, 0.0, 0.0, 249.71458351502815, 0.0, 0.0, 0.0, 0.0, 0.0, 0.0, 0.0, 249.71458351502815, 0.0, 0.0, 0.0, 0.0, 0.0, 0.0, 0.0, 0.0, 0.0, 0.0, 0.0, 0.0, 0.0, 0.0, 0.0, 0.0, 0.0, 0.0, 0.0, 0.0, 0.0, 0.0, 0.0, 0.0, 0.0, 0.0, 0.0, 0.0, 0.0, 0.0, 0.0, 0.0, 0.0, 0.0, 0.0, 0.0, 0.0, 0.0, 0.0, 0.0, 0.0, 0.0, 0.0, 0.0, 0.0, 0.0, 0.0, 0.0, 0.0, 0.0, 0.0, 0.0, 0.0, 0.0, 0.0, 0.0, 0.0, 0.0, 0.0, 0.0, 0.0, 0.0, 0.0, 0.0, 0.0, 0.0, 0.0, 0.0, 0.0, 0.0, 0.0, 0.0, 0.0, 0.0, 0.0, 0.0, 0.0, 0.0, 0.0, 0.0, 0.0, 0.0, 0.0, 0.0, 0.0, 0.0, 0.0, 0.0, 0.0, 0.0, 0.0, 0.0, 0.0, 0.0, 0.0, 0.0, 0.0, 0.0, 0.0, 0.0, 0.0, 0.0, 0.0, 0.0, 0.0, 0.0, 0.0, 0.0, 0.0, 0.0, 0.0, 0.0, 0.0, 0.0, 0.0, 0.0, 0.0, 0.0, 0.0, 0.0, 0.0, 0.0, 0.0, 0.0, 0.0, 0.0, 0.0, 0.0, 0.0, 0.0, 0.0, 0.0, 0.0, 0.0, 0.0, 0.0, 0.0, 0.0, 0.0, 0.0, 0.0, 0.0, 0.0, 0.0, 0.0, 0.0, 0.0, 0.0, 0.0, 0.0, 0.0, 0.0, 0.0, 0.0, 0.0, 0.0, 0.0, 0.0, 0.0, 0.0, 0.0, 0.0, 0.0, 0.0, 0.0, 0.0, 0.0, 0.0, 0.0, 0.0, 0.0, 0.0, 0.0, 0.0, 249.71458351502815, 0.0, 0.0, 0.0, 0.0, 0.0, 0.0, 0.0, 0.0, 0.0, 0.0, 0.0, 0.0, 0.0, 0.0, 0.0, 0.0, 0.0, 0.0, 0.0, 0.0, 0.0, 0.0, 499.4291670300563, 0.0, 0.0, 0.0, 249.71458351502815, 0.0, 0.0, 0.0, 0.0, 0.0, 207.8780739802648, 0.0, 0.0, 0.0, 0.0, 0.0, 0.0, 0.0, 0.0, 0.0, 0.0, 0.0, 0.0, 499.4291670300563, 0.0, 0.0, 0.0, 499.4291670300563, 0.0, 0.0, 0.0, 0.0, 0.0, 457.59265749529294, 0.0, 0.0, 0.0, 0.0, 0.0, 0.0, 0.0, 0.0, 249.71458351502824, 0.0, 0.0, 0.0, 249.71458351502815, 0.0, 0.0, 0.0, 499.4291670300563, 0.0, 0.0, 0.0, 0.0, 0.0, 499.4291670300563, 0.0, 0.0, 0.0, 0.0, 0.0, 0.0, 0.0, 0.0, 499.4291670300563, 0.0, 0.0, 0.0, 0.0, 0.0, 0.0, 0.0, 249.71458351502815, 0.0, 249.71458351502815, 0.0, 0.0, 0.0, 249.71458351502815, 0.0, 0.0, 0.0, 0.0, 0.0, 0.0, 0.0, 0.0, 499.4291670300563, 0.0, 0.0, 0.0, 0.0, 0.0, 0.0, 0.0, 0.0, 0.0, 416.2469205648136, 0.0, 236.08056575921248, 0.0, 0.0, 0.0, 0.0, 0.0, 0.0, 0.0, 0.0, 0.0, 0.0, 499.4291670300563, 0.0, 0.0, 0.0, 0.0, 0.0, 0.0, 0.0, 0.0, 0.0, 166.53233704978544, 0.0, 84.90295839510958, 0.0, 0.0, 0.0, 0.0, 0.0, 0.0, 0.0, 0.0, 0.0, 0.0, 299.6576724249134, 0.0, 0.0, 0.0, 0.0, 0.0, 0.0, 0.0, 0.0, 0.0, 84.90295839510958, 0.0, 84.90295839510958, 0.0, 0.0, 0.0, 0.0, 0.0, 0.0, 0.0, 0.0, 0.0, 0.0, 84.90295839510958, 0.0, 0.0, 0.0, 0.0, 0.0, 0.0, 0.0, 0.0, 0.0, 249.71458351502815, 0.0, 84.90295839510958, 0.0, 0.0, 0.0, 0.0, 0.0, 0.0, 0.0, 0.0, 0.0, 0.0, 0.0, 0.0, 0.0, 0.0, 0.0, 0.0, 0.0, 249.71458351502815, 0.0, 0.0, 0.0, 0.0, 249.71458351502815, 0.0, 0.0, 0.0, 0.0, 0.0, 0.0, 0.0, 0.0, 0.0, 0.0, 0.0, 0.0, 0.0, 0.0, 0.0, 0.0, 0.0, 499.4291670300563, 0.0, 0.0, 0.0, 0.0, 499.4291670300563, 0.0, 0.0, 0.0, 0.0, 0.0, 0.0, 0.0, 0.0, 0.0, 0.0, 0.0, 0.0, 249.71458351502818, 0.0, 0.0, 0.0, 0.0, 499.4291670300563, 0.0, 0.0, 0.0, 0.0, 499.4291670300563, 0.0, 0.0, 0.0, 0.0, 0.0, 0.0, 0.0, 0.0, 0.0, 0.0, 0.0, 0.0, 499.42916703005636, 0.0, 0.0, 0.0, 0.0, 499.4291670300563, 0.0, 0.0, 0.0, 0.0, 499.4291670300563, 0.0, 0.0, 0.0, 0.0, 0.0, 0.0, 0.0, 0.0, 0.0, 0.0, 0.0, 0.0, 468.9447970517262, 0.0, 0.0, 0.0, 0.0, 499.4291670300563, 0.0, 0.0, 0.0, 0.0, 499.4291670300563, 0.0, 0.0, 176.18406246679461, 0.0, 0.0, 0.0, 0.0, 0.0, 0.0, 0.0, 0.0, 0.0, 219.23021353669785, 0.0, 0.0, 0.0, 0.0, 499.4291670300563, 0.0, 0.0, 0.0, 0.0, 249.71458351502815, 0.0, 0.0, 425.89864598182277, 0.0, 0.0, 0.0, 0.0, 0.0, 0.0, 0.0, 0.0, 0.0, 249.71458351502676, 0.0, 0.0, 0.0, 0.0, 249.71458351502815, 0.0, 0.0, 0.0, 0.0, 249.71458351502815, 0.0, 0.0, 499.4291670300563, 0.0, 0.0, 0.0, 0.0, 0.0, 0.0, 0.0, 0.0, 0.0, 0.0, 0.0, 0.0, 0.0, 0.0, 0.0, 0.0, 0.0, 0.0, 0.0, 0.0, 177.85044086612328, 0.0, 249.71458351502815, 0.0, 0.0, 0.0, 0.0, 0.0, 0.0, 0.0, 0.0, 0.0, 0.0, 0.0, 0.0, 0.0, 0.0, 0.0, 0.0, 0.0, 0.0, 0.0, 0.0, 0.0, 0.0, 0.0, 0.0, 0.0, 0.0, 0.0, 0.0, 0.0, 0.0, 0.0, 0.0, 0.0, 0.0, 0.0, 0.0, 0.0, 0.0, 0.0, 0.0, 0.0, 0.0, 0.0, 0.0, 0.0, 0.0, 0.0, 0.0, 0.0, 0.0, 0.0, 0.0, 0.0, 0.0, 0.0, 0.0, 0.0, 0.0, 0.0, 0.0, 0.0, 0.0, 0.0, 0.0, 0.0, 0.0, 0.0, 0.0, 0.0, 0.0, 0.0, 0.0, 0.0, 0.0, 0.0, 0.0, 0.0, 0.0, 0.0, 0.0, 0.0, 0.0, 0.0, 0.0, 0.0, 0.0, 0.0, 0.0, 0.0, 0.0, 0.0, 0.0, 0.0, 0.0, 0.0, 0.0, 0.0, 0.0, 0.0, 0.0, 0.0, 0.0, 0.0, 0.0, 0.0, 0.0, 0.0, 0.0, 0.0, 0.0, 0.0, 0.0, 0.0, 0.0, 0.0, 0.0, 0.0, 0.0, 0.0, 0.0, 0.0, 0.0, 0.0, 0.0, 0.0, 0.0, 0.0, 0.0, 0.0, 0.0, 0.0, 0.0, 0.0, 0.0, 0.0, 0.0, 0.0, 0.0, 0.0, 0.0, 0.0, 0.0, 0.0, 0.0, 0.0, 0.0, 0.0, 0.0, 0.0, 0.0, 0.0, 0.0, 0.0, 0.0, 0.0, 0.0, 0.0, 0.0, 0.0, 0.0, 0.0, 0.0, 0.0, 0.0, 0.0, 0.0, 0.0, 0.0, 0.0, 0.0, 0.0, 0.0, 0.0, 0.0, 0.0, 0.0, 0.0, 0.0, 0.0, 0.0, 0.0, 0.0, 0.0, 0.0, 0.0, 0.0, 0.0, 0.0, 0.0, 0.0, 0.0, 0.0, 0.0, 0.0, 0.0, 249.71458351502815, 0.0, 0.0, 0.0, 0.0, 0.0, 0.0, 0.0, 0.0, 0.0, 0.0, 0.0, 0.0, 0.0, 0.0, 0.0, 0.0, 0.0, 0.0, 0.0, 0.0, 0.0, 0.0, 499.4291670300563, 0.0, 0.0, 0.0, 0.0, 0.0, 0.0, 0.0, 0.0, 0.0, 0.0, 249.71458351502815, 0.0, 0.0, 0.0, 0.0, 0.0, 0.0, 0.0, 0.0, 0.0, 0.0, 0.0, 249.71458351502815, 0.0, 0.0, 0.0, 0.0, 0.0, 0.0, 0.0, 0.0, 0.0, 0.0, 499.4291670300563, 0.0, 0.0, 0.0, 0.0, 0.0, 0.0, 0.0, 0.0, 0.0, 0.0, 0.0, 0.0, 0.0, 0.0, 0.0, 0.0, 0.0, 0.0, 0.0, 0.0, 0.0, 0.0, 499.4291670300561, 0.0, 0.0, 0.0, 0.0, 0.0, 0.0, 0.0, 0.0, 0.0, 0.0, 0.0, 0.0, 0.0, 0.0, 0.0, 0.0, 0.0, 0.0, 0.0, 249.71458351502815, 0.0, 0.0, 499.4291670300563, 0.0, 0.0, 0.0, 0.0, 0.0, 0.0, 0.0, 0.0, 0.0, 0.0, 0.0, 0.0, 0.0, 0.0, 0.0, 0.0, 0.0, 0.0, 0.0, 499.4291670300563, 0.0, 0.0, 249.71458351502815, 0.0, 0.0, 0.0, 0.0, 0.0, 0.0, 0.0, 0.0, 0.0, 0.0, 0.0, 0.0, 0.0, 0.0, 0.0, 0.0, 0.0, 0.0, 0.0, 293.05594974824254, 0.0, 0.0, 0.0, 0.0, 0.0, 0.0, 0.0, 0.0, 0.0, 0.0, 0.0, 0.0, 0.0, 0.0, 0.0, 0.0, 0.0, 0.0, 0.0, 0.0, 0.0, 0.0, 84.9029583951096, 0.0, 0.0, 0.0, 249.71458351502815, 0.0, 0.0, 0.0, 0.0, 0.0, 0.0, 0.0, 0.0, 0.0, 0.0, 0.0, 0.0, 0.0, 0.0, 0.0, 0.0, 0.0, 0.0, 0.0, 0.0, 0.0, 0.0, 499.4291670300563, 0.0, 124.54314555199637, 0.0, 0.0, 0.0, 249.71458351502815, 0.0, 0.0, 0.0, 249.71458351502815, 0.0, 0.0, 0.0, 0.0, 0.0, 0.0, 0.0, 0.0, 0.0, 0.0, 0.0, 0.0, 499.4291670300563, 0.0, 374.25772906702446, 249.71458351502815, 0.0, 0.0, 499.4291670300563, 0.0, 0.0, 0.0, 499.4291670300563, 0.0, 0.0, 0.0, 0.0, 0.0, 0.0, 0.0, 0.0, 0.0, 0.0, 0.0, 0.0, 249.71458351502815, 0.0, 499.4291670300563, 475.28317593244446, 0.0, 0.0, 499.4291670300563, 0.0, 0.0, 0.0, 499.4291670300563, 0.0, 0.0, 0.0, 0.0, 0.0, 0.0, 0.0, 0.0, 0.0, 0.0, 0.0, 0.0, 0.0, 0.0, 499.4291670300563, 499.4291670300563, 0.0, 0.0, 499.4291670300563, 0.0, 0.0, 0.0, 252.41915058168226, 0.0, 0.0, 0.0, 0.0, 0.0, 0.0, 0.0, 0.0, 0.0, 0.0, 0.0, 0.0, 0.0, 0.0, 499.4291670300563, 499.4291670300563, 0.0, 0.0, 499.4291670300563, 0.0, 0.0, 0.0, 499.4291670300563, 0.0, 0.0, 0.0, 0.0, 0.0, 0.0, 0.0, 0.0, 0.0, 0.0, 0.0, 0.0, 0.0, 0.0, 499.4291670300563, 499.4291670300563, 0.0, 0.0, 499.4291670300563, 0.0, 0.0, 0.0, 499.4291670300563, 0.0, 0.0, 0.0, 0.0, 0.0, 0.0, 0.0, 0.0, 0.0, 0.0, 0.0, 0.0, 0.0, 0.0, 499.4291670300563, 499.4291670300563, 0.0, 0.0, 249.71458351502815, 0.0, 0.0, 0.0, 499.4291670300563, 0.0, 0.0, 0.0, 0.0, 0.0, 0.0, 0.0, 0.0, 0.0, 0.0, 0.0, 0.0, 0.0, 0.0, 249.71458351502815, 249.71458351502815, 0.0, 0.0, 0.0, 0.0, 0.0, 0.0, 249.71458351502815, 0.0, 0.0, 0.0, 0.0, 0.0, 0.0, 0.0, 0.0, 0.0, 0.0, 0.0, 0.0, 0.0, 0.0, 0.0, 0.0, 0.0, 0.0, 0.0, 0.0, 0.0, 0.0, 0.0, 0.0, 0.0, 0.0, 0.0, 0.0, 0.0, 0.0, 0.0, 0.0, 0.0, 0.0, 0.0, 0.0, 0.0, 0.0, 0.0, 0.0, 0.0, 0.0, 0.0, 0.0, 0.0, 0.0, 0.0, 0.0, 0.0, 0.0, 0.0, 0.0, 0.0, 0.0, 0.0, 0.0, 0.0, 0.0, 0.0, 0.0, 0.0, 0.0, 0.0, 0.0, 0.0, 0.0, 0.0, 0.0, 0.0, 0.0, 0.0, 0.0, 0.0, 0.0, 0.0, 0.0, 0.0, 0.0, 0.0, 0.0, 0.0, 0.0, 0.0, 0.0, 0.0, 0.0, 0.0, 0.0, 0.0, 0.0, 0.0, 0.0, 0.0, 0.0, 0.0, 0.0, 0.0, 0.0, 0.0, 0.0, 0.0, 0.0, 0.0, 0.0, 0.0, 0.0, 0.0, 0.0, 0.0, 0.0, 0.0, 0.0, 0.0, 0.0, 0.0, 0.0, 0.0, 0.0, 0.0, 0.0, 0.0, 0.0, 0.0, 0.0, 0.0, 0.0, 0.0, 0.0, 0.0, 0.0, 0.0, 0.0, 0.0, 0.0, 0.0, 0.0, 0.0, 0.0, 0.0, 0.0, 0.0, 0.0, 0.0, 0.0, 0.0, 0.0, 0.0, 0.0, 0.0, 0.0, 0.0, 0.0, 0.0, 0.0, 0.0, 0.0, 0.0, 0.0, 0.0, 0.0, 0.0, 0.0, 0.0, 0.0, 0.0, 0.0, 0.0, 0.0, 0.0, 0.0, 0.0, 0.0, 0.0, 0.0, 0.0, 0.0, 0.0, 0.0, 0.0, 0.0, 0.0, 0.0, 0.0, 0.0, 0.0, 0.0, 0.0, 0.0, 0.0, 0.0, 0.0, 0.0, 0.0, 0.0, 0.0, 0.0, 0.0, 0.0, 0.0, 0.0, 0.0, 0.0, 0.0, 0.0, 0.0, 0.0, 0.0, 0.0, 0.0, 0.0, 0.0, 197.12399186216163, 0.0, 0.0, 0.0, 0.0, 0.0, 0.0, 0.0, 0.0, 0.0, 0.0, 0.0, 0.0, 0.0, 0.0, 0.0, 0.0, 0.0, 0.0, 0.0, 0.0, 0.0, 0.0, 446.8385753771901, 0.0, 0.0, 0.0, 0.0, 0.0, 0.0, 0.0, 0.0, 0.0, 0.0, 0.0, 0.0, 0.0, 0.0, 0.0, 0.0, 0.0, 0.0, 0.0, 0.0, 0.0, 0.0, 197.12399186216163, 0.0, 0.0, 0.0, 0.0, 0.0, 0.0, 0.0, 0.0, 0.0, 0.0, 0.0, 0.0, 0.0, 0.0, 0.0, 0.0, 0.0, 0.0, 0.0, 0.0, 0.0, 249.71458351502815, 0.0, 0.0, 0.0, 0.0, 0.0, 0.0, 0.0, 0.0, 249.71458351502815, 0.0, 0.0, 0.0, 0.0, 0.0, 0.0, 0.0, 0.0, 0.0, 0.0, 0.0, 0.0, 0.0, 499.4291670300563, 0.0, 0.0, 0.0, 0.0, 0.0, 0.0, 0.0, 0.0, 499.4291670300563, 0.0, 0.0, 0.0, 0.0, 0.0, 0.0, 0.0, 0.0, 0.0, 0.0, 0.0, 0.0, 0.0, 249.71458351502815, 0.0, 0.0, 0.0, 0.0, 0.0, 0.0, 0.0, 0.0, 302.24188221067624, 0.0, 0.0, 0.0, 0.0, 0.0, 0.0, 0.0, 0.0, 0.0, 0.0, 0.0, 0.0, 0.0, 0.0, 0.0, 0.0, 0.0, 0.0, 0.0, 0.0, 0.0, 0.0, 249.71458351502815, 0.0, 0.0, 0.0, 0.0, 0.0, 0.0, 0.0, 0.0, 0.0, 0.0, 0.0, 0.0, 0.0, 0.0, 0.0, 0.0, 0.0, 0.0, 0.0, 249.71458351502824, 0.0, 0.0, 0.0, 243.41821842098068, 0.0, 0.0, 0.0, 0.0, 0.0, 0.0, 0.0, 0.0, 0.0, 249.71458351502815, 0.0, 249.71458351502815, 0.0, 0.0, 0.0, 0.0, 0.0, 0.0, 499.42916703005636, 0.0, 0.0, 0.0, 493.13280193600883, 0.0, 0.0, 0.0, 0.0, 0.0, 0.0, 0.0, 0.0, 0.0, 499.4291670300563, 0.0, 499.4291670300563, 0.0, 0.0, 0.0, 0.0, 0.0, 0.0, 499.4291670300563, 0.0, 0.0, 0.0, 334.6175419101375, 0.0, 0.0, 0.0, 0.0, 0.0, 0.0, 0.0, 0.0, 0.0, 499.4291670300563, 0.0, 499.4291670300563, 0.0, 0.0, 0.0, 0.0, 0.0, 0.0, 499.4291670300563, 0.0, 0.0, 0.0, 84.90295839510954, 0.0, 0.0, 0.0, 0.0, 0.0, 0.0, 0.0, 0.0, 0.0, 499.4291670300563, 0.0, 499.4291670300563, 0.0, 0.0, 0.0, 0.0, 0.0, 0.0, 487.3439985487714, 0.0, 0.0, 0.0, 334.6175419101377, 0.0, 0.0, 0.0, 0.0, 0.0, 0.0, 0.0, 0.0, 0.0, 499.4291670300563, 0.0, 499.4291670300563, 0.0, 0.0, 0.0, 0.0, 0.0, 0.0, 237.6294150337433, 0.0, 0.0, 0.0, 249.71458351502815, 0.0, 0.0, 0.0, 0.0, 0.0, 0.0, 0.0, 0.0, 0.0, 499.4291670300563, 0.0, 406.990755276589, 0.0, 0.0, 0.0, 0.0, 0.0, 0.0, 487.3439985487714, 0.0, 0.0, 0.0, 499.4291670300563, 0.0, 0.0, 0.0, 0.0, 0.0, 0.0, 0.0, 0.0, 0.0, 249.71458351502815, 0.0, 157.2761717615609, 0.0, 0.0, 0.0, 0.0, 0.0, 0.0, 249.71458351502815, 0.0, 0.0, 0.0, 499.4291670300563, 0.0, 0.0, 0.0, 0.0, 0.0, 0.0, 0.0, 0.0, 0.0, 0.0, 0.0, 0.0, 0.0, 0.0, 0.0, 0.0, 0.0, 0.0, 0.0, 0.0, 0.0, 0.0, 249.71458351502815, 0.0, 0.0, 0.0, 0.0, 0.0, 0.0, 0.0, 0.0, 0.0, 0.0, 0.0, 0.0, 0.0, 0.0, 0.0, 0.0, 0.0, 0.0, 0.0, 0.0, 0.0, 0.0, 0.0, 0.0, 0.0, 0.0, 0.0, 0.0, 0.0, 0.0, 0.0, 0.0, 0.0, 0.0, 0.0, 0.0, 0.0, 0.0, 0.0, 0.0, 0.0, 0.0, 0.0, 0.0, 0.0, 0.0, 0.0, 0.0, 0.0, 0.0, 0.0, 0.0, 0.0, 0.0, 0.0, 0.0, 0.0, 0.0, 0.0, 0.0, 0.0, 0.0, 0.0, 0.0, 0.0, 0.0, 0.0, 0.0, 0.0, 0.0, 0.0, 0.0, 0.0, 0.0, 0.0, 0.0, 0.0, 0.0, 0.0, 0.0, 0.0, 0.0, 0.0, 0.0, 0.0, 0.0, 0.0, 0.0, 0.0, 0.0, 0.0, 0.0, 0.0, 0.0, 0.0, 0.0, 0.0, 0.0, 0.0, 0.0, 0.0, 0.0, 0.0, 0.0, 0.0, 0.0, 0.0, 0.0, 0.0, 0.0, 0.0, 0.0, 0.0, 0.0, 0.0, 0.0, 0.0, 0.0, 0.0, 0.0, 0.0, 0.0, 0.0, 0.0, 0.0, 0.0, 0.0, 0.0, 0.0, 0.0, 0.0, 0.0, 0.0, 0.0, 0.0, 0.0, 0.0, 0.0, 0.0, 0.0, 0.0, 0.0, 0.0, 0.0, 0.0, 0.0, 0.0, 0.0, 0.0, 0.0, 0.0, 0.0, 0.0, 0.0, 0.0, 0.0, 0.0, 0.0, 0.0, 0.0, 0.0, 0.0, 0.0, 0.0, 0.0, 0.0, 0.0, 0.0, 0.0, 0.0, 0.0, 0.0, 0.0, 0.0, 0.0, 0.0, 0.0, 0.0, 0.0, 0.0, 0.0, 0.0, 0.0, 0.0, 0.0, 0.0, 0.0, 0.0, 0.0, 249.71458351502815, 0.0, 0.0, 0.0, 0.0, 0.0, 0.0, 0.0, 0.0, 0.0, 0.0, 0.0, 0.0, 0.0, 0.0, 0.0, 0.0, 0.0, 0.0, 0.0, 0.0, 0.0, 0.0, 499.4291670300563, 0.0, 0.0, 0.0, 0.0, 0.0, 0.0, 0.0, 0.0, 0.0, 0.0, 0.0, 0.0, 0.0, 0.0, 0.0, 0.0, 0.0, 0.0, 0.0, 0.0, 0.0, 0.0, 499.4291670300563, 0.0, 0.0, 0.0, 0.0, 0.0, 0.0, 0.0, 0.0, 0.0, 0.0, 0.0, 0.0, 0.0, 0.0, 0.0, 0.0, 0.0, 0.0, 0.0, 0.0, 0.0, 0.0, 499.4291670300563, 0.0, 0.0, 0.0, 0.0, 0.0, 0.0, 0.0, 0.0, 0.0, 0.0, 0.0, 0.0, 0.0, 0.0, 0.0, 0.0, 0.0, 0.0, 249.71458351502815, 0.0, 0.0, 0.0, 499.4291670300563, 0.0, 0.0, 0.0, 0.0, 0.0, 0.0, 0.0, 0.0, 0.0, 0.0, 0.0, 0.0, 0.0, 0.0, 0.0, 0.0, 0.0, 0.0, 499.4291670300563, 0.0, 0.0, 0.0, 267.95296917807724, 0.0, 0.0, 0.0, 0.0, 0.0, 0.0, 0.0, 0.0, 0.0, 0.0, 0.0, 0.0, 0.0, 0.0, 0.0, 0.0, 0.0, 0.0, 249.71458351502815, 0.0, 0.0, 0.0, 84.90295839510958, 0.0, 0.0, 0.0, 0.0, 0.0, 0.0, 0.0, 0.0, 0.0, 0.0, 0.0, 0.0, 0.0, 0.0, 0.0, 0.0, 0.0, 0.0, 0.0, 0.0, 0.0, 0.0, 0.0, 0.0, 0.0, 0.0, 0.0, 0.0, 0.0, 0.0, 0.0, 0.0, 0.0, 0.0, 0.0, 0.0, 0.0, 0.0, 249.71458351502824, 0.0, 0.0, 0.0, 0.0, 0.0, 0.0, 0.0, 0.0, 0.0, 0.0, 249.71458351502815, 0.0, 0.0, 0.0, 0.0, 0.0, 0.0, 0.0, 0.0, 0.0, 0.0, 0.0, 499.4291670300563, 0.0, 0.0, 0.0, 0.0, 0.0, 0.0, 0.0, 0.0, 0.0, 0.0, 499.4291670300563, 0.0, 0.0, 0.0, 0.0, 0.0, 0.0, 0.0, 0.0, 0.0, 0.0, 0.0, 499.4291670300563, 0.0, 0.0, 0.0, 0.0, 0.0, 0.0, 0.0, 0.0, 0.0, 0.0, 499.4291670300563, 0.0, 0.0, 0.0, 0.0, 0.0, 0.0, 0.0, 0.0, 0.0, 0.0, 0.0, 499.4291670300563, 0.0, 0.0, 0.0, 0.0, 0.0, 0.0, 0.0, 0.0, 0.0, 0.0, 347.8693206136802, 0.0, 0.0, 0.0, 0.0, 0.0, 0.0, 0.0, 0.0, 0.0, 0.0, 0.0, 499.4291670300563, 0.0, 0.0, 0.0, 0.0, 0.0, 0.0, 0.0, 0.0, 0.0, 0.0, 98.154737098652, 0.0, 0.0, 0.0, 0.0, 0.0, 0.0, 0.0, 0.0, 0.0, 0.0, 0.0, 499.4291670300563, 0.0, 0.0, 0.0, 0.0, 0.0, 0.0, 0.0, 0.0, 0.0, 0.0, 0.0, 0.0, 0.0, 0.0, 0.0, 0.0, 0.0, 0.0, 0.0, 0.0, 0.0, 0.0, 372.06002695825697, 0.0, 0.0, 0.0, 0.0, 0.0, 0.0, 0.0, 0.0, 0.0, 0.0, 0.0, 0.0, 0.0, 0.0, 0.0, 0.0, 0.0, 0.0, 0.0, 0.0, 0.0, 0.0, 122.34544344322879, 0.0, 0.0, 0.0, 0.0, 0.0, 0.0, 0.0, 0.0, 0.0, 0.0, 0.0, 0.0, 0.0, 0.0, 0.0, 0.0, 0.0, 0.0, 0.0, 0.0, 0.0, 0.0, 0.0, 0.0, 0.0, 0.0, 0.0, 0.0, 0.0, 0.0, 0.0, 0.0, 0.0, 0.0, 0.0, 0.0, 0.0, 0.0, 0.0, 0.0, 0.0, 0.0, 0.0, 0.0, 0.0, 0.0, 0.0, 0.0, 0.0, 0.0, 0.0, 0.0, 0.0, 0.0, 0.0, 0.0, 0.0, 0.0, 0.0, 0.0, 0.0, 0.0, 0.0, 0.0, 0.0, 0.0, 0.0, 0.0, 0.0, 0.0, 0.0, 0.0, 0.0, 0.0, 0.0, 0.0, 0.0, 0.0, 0.0, 0.0, 0.0, 0.0, 0.0, 0.0, 249.7145835150281, 0.0, 0.0, 0.0, 0.0, 0.0, 0.0, 0.0, 0.0, 0.0, 0.0, 0.0, 0.0, 0.0, 0.0, 0.0, 0.0, 0.0, 0.0, 0.0, 0.0, 0.0, 0.0, 499.4291670300563, 0.0, 0.0, 0.0, 0.0, 0.0, 0.0, 0.0, 0.0, 0.0, 0.0, 0.0, 0.0, 0.0, 0.0, 0.0, 0.0, 0.0, 0.0, 0.0, 0.0, 0.0, 0.0, 499.4291670300563, 0.0, 0.0, 0.0, 0.0, 0.0, 0.0, 0.0, 0.0, 0.0, 0.0, 0.0, 0.0, 0.0, 0.0, 0.0, 0.0, 0.0, 0.0, 0.0, 0.0, 0.0, 0.0, 499.4291670300563, 0.0, 0.0, 0.0, 0.0, 0.0, 0.0, 0.0, 0.0, 0.0, 0.0, 0.0, 0.0, 0.0, 0.0, 0.0, 0.0, 0.0, 0.0, 0.0, 0.0, 0.0, 0.0, 499.4291670300563, 0.0, 0.0, 0.0, 0.0, 0.0, 0.0, 0.0, 0.0, 0.0, 0.0, 0.0, 0.0, 0.0, 0.0, 0.0, 0.0, 0.0, 0.0, 0.0, 0.0, 0.0, 84.90295839510958, 249.71458351502815, 0.0, 0.0, 0.0, 0.0, 0.0, 0.0, 0.0, 0.0, 0.0, 0.0, 0.0, 0.0, 0.0, 0.0, 0.0, 0.0, 0.0, 0.0, 0.0, 0.0, 0.0, 288.6827474201194, 0.0, 0.0, 0.0, 0.0, 0.0, 0.0, 0.0, 0.0, 0.0, 0.0, 0.0, 0.0, 0.0, 249.71458351502815, 0.0, 0.0, 0.0, 0.0, 0.0, 0.0, 0.0, 0.0, 84.90295839511033, 0.0, 0.0, 0.0, 0.0, 0.0, 0.0, 0.0, 0.0, 0.0, 0.0, 0.0, 0.0, 0.0, 499.4291670300563, 0.0, 0.0, 0.0, 0.0, 0.0, 0.0, 249.71458351502815, 0.0, 0.0, 0.0, 249.71458351502815, 0.0, 0.0, 0.0, 0.0, 0.0, 0.0, 0.0, 0.0, 0.0, 0.0, 0.0, 499.4291670300563, 0.0, 0.0, 0.0, 0.0, 0.0, 0.0, 499.4291670300563, 249.71458351502815, 0.0, 0.0, 499.4291670300563, 0.0, 0.0, 0.0, 0.0, 0.0, 249.71458351502815, 0.0, 0.0, 0.0, 0.0, 0.0, 499.4291670300563, 0.0, 0.0, 0.0, 0.0, 0.0, 0.0, 499.4291670300563, 499.4291670300563, 0.0, 0.0, 499.4291670300563, 0.0, 0.0, 0.0, 0.0, 0.0, 499.4291670300563, 0.0, 0.0, 0.0, 0.0, 0.0, 499.4291670300563, 0.0, 0.0, 0.0, 0.0, 0.0, 0.0, 249.71458351502815, 407.8520067939636, 0.0, 0.0, 249.71458351502815, 0.0, 0.0, 0.0, 0.0, 0.0, 499.4291670300563, 0.0, 0.0, 0.0, 0.0, 0.0, 499.4291670300563, 0.0, 0.0, 0.0, 0.0, 0.0, 0.0, 0.0, 158.13742327893553, 0.0, 0.0, 0.0, 0.0, 0.0, 0.0, 0.0, 0.0, 439.9346469966915, 0.0, 0.0, 0.0, 0.0, 0.0, 249.71458351502815, 0.0, 0.0, 0.0, 0.0, 0.0, 0.0, 0.0, 0.0, 0.0, 0.0, 0.0, 0.0, 0.0, 0.0, 0.0, 0.0, 190.22006348166337, 0.0, 0.0, 0.0, 0.0, 0.0]"
Q,"[2302.8678432066617, 2302.912890493872, 2302.8378127210117, 2302.8378127210117, 2302.907438339223, 2302.872534059909, 2302.8701035659915, 2302.7980208783224, 1070.8010732605856, 1709.1800703456865, 2302.8725340599085, 2302.870103565991, 2302.8378127210117, 2302.8378127210117, 2302.8378127210117, 2302.8378127210117, 2302.8378127210117, 2302.907438339223, 1070.8519523795978, 2302.8378127210117, 2302.8378127210117, 2302.8378127210117, 2302.8378127210117, 5037.307190541457, 4405.807355317731, 4954.478447747773, 2303.832464330175, 2303.832464330175, 5158.8423787677275, 3971.1953478527294, 1846.6058256321721, 4954.800908028098, 2303.982408359623, 2303.832464330171, 2303.832464330171, 4954.478447747771, 2303.832464330174, 2303.8324643301735, 2303.8324643301735, 2303.8324643301735, 2303.6930163836228, 2303.832464330175, 2303.832464330175, 2303.832464330175, 1709.1023791384907, 2302.8002812376512, 2302.872534059908, 2302.8002812376517, 2302.872534059908, 2302.8002812376512, 2302.872534059908, 2302.870103565991]"
fn_map,[20; 6; 4; 7; 10; 21; 7; 4; 12; 1; 1; 7; 21; 7; 7; 7; 7; 10; 14; 13; 7; 7; 7; 9; 5; 3; 0; 10; 2; 11; 8; 22; 19; 18; 10; 15; 17; 10; 10; 10; 18; 16; 10; 10; 20; 1; 10; 18; 10; 4; 10; 7;;]
CAPEX_TES_upgrade_costs,0.0
TES_revenue,74139.56553531504
cost_HX_1,4111.409731952776
powerTurbine,515.4639175257732
fname,/home/gridsan/spatel/MITEI_TES/bottomup/parameters/TrombayU5_0hrs_DADRA__NAGAR_HAVELI.csv
TES_LCOE_Startup,0.002304794537314054
steam_eff,0.41
TES_indheater_costs,0.0
Li_objective,-17693.967267798034
CRF,0.1018
P_hotpump,570.8329699437414
TES_charge_dispatch,734524.5580556943
Li_net_discharge_t,"[0.0, 0.0, 0.0, 500.0, 500.0, 500.0, 0.0, 0.0, 0.0, 500.0, 500.0, 0.0, 0.0, 0.0, 0.0, 0.0, 0.0, 0.0, 0.0, 500.0, 0.0, 500.0, 500.0, 0.0, 500.0, 500.0, 500.0, 207.50000000000023, 500.0, 0.0, 0.0, 0.0, 500.0, 0.0, 0.0, 0.0, 0.0, 0.0, 0.0, 0.0, 0.0, 0.0, 500.0, 0.0, 500.0, 500.0, 0.0, 500.0, 500.0, 500.0, 0.0, 500.0, 0.0, 0.0, 0.0, 500.0, 0.0, 0.0, 0.0, 0.0, 0.0, 0.0, 0.0, 0.0, 0.0, 500.0, 0.0, 500.0, 500.0, 0.0, 500.0, 500.0, 500.0, 0.0, 500.0, 0.0, 0.0, 0.0, 500.0, 0.0, 0.0, 0.0, 0.0, 0.0, 0.0, 0.0, 0.0, 0.0, 500.0, 0.0, 500.0, 500.0, 0.0, 500.0, 500.0, 500.0, 0.0, 500.0, 0.0, 0.0, 0.0, 500.0, 500.0, 0.0, 0.0, 0.0, 0.0, 0.0, 0.0, 0.0, 0.0, 500.0, 0.0, 500.0, 500.0, 0.0, 0.0, 500.0, 500.0, 500.0, 500.0, 0.0, 0.0, 0.0, 500.0, 0.0, 0.0, 0.0, 0.0, 0.0, 0.0, 0.0, 0.0, 0.0, 500.0, 0.0, 500.0, 500.0, 0.0, 0.0, 500.0, 500.0, 500.0, 500.0, 500.0, 0.0, 0.0, 500.0, 0.0, 0.0, 0.0, 0.0, 0.0, 0.0, 0.0, 0.0, 0.0, 0.0, 0.0, 0.0, 500.0, 110.00000000000033, 0.0, 500.0, 0.0, 500.0, 0.0, 0.0, 0.0, 0.0, 0.0, 0.0, 500.0, 0.0, 0.0, 500.0, 0.0, 0.0, 0.0, 0.0, 0.0, 0.0, 500.0, 0.0, 0.0, 0.0, 0.0, 0.0, 500.0, 0.0, 0.0, 0.0, 0.0, 0.0, 0.0, 500.0, 0.0, 0.0, 500.0, 0.0, 0.0, 0.0, 0.0, 0.0, 0.0, 0.0, 0.0, 0.0, 305.00000000000017, 0.0, 0.0, 0.0, 0.0, 0.0, 0.0, 0.0, 0.0, 0.0, 0.0, 500.0, 0.0, 0.0, 500.0, 500.0, 0.0, 500.0, 0.0, 0.0, 0.0, 0.0, 415.00000000000045, 500.0, 0.0, 0.0, 0.0, 0.0, 0.0, 0.0, 0.0, 0.0, 500.0, 0.0, 500.0, 0.0, 0.0, 500.0, 0.0, 0.0, 500.0, 0.0, 0.0, 0.0, 0.0, 0.0, 500.0, 0.0, 0.0, 0.0, 0.0, 0.0, 0.0, 0.0, 0.0, 500.0, 0.0, 500.0, 0.0, 0.0, 500.0, 0.0, 0.0, 500.0, 0.0, 0.0, 0.0, 0.0, 0.0, 0.0, 0.0, 0.0, 0.0, 0.0, 500.0, 0.0, 0.0, 0.0, 500.0, 0.0, 500.0, 0.0, 0.0, 500.0, 0.0, 0.0, 500.0, 0.0, 0.0, 0.0, 0.0, 0.0, 0.0, 0.0, 0.0, 0.0, 0.0, 0.0, 0.0, 0.0, 0.0, 500.0, 0.0, 500.0, 0.0, 0.0, 500.0, 0.0, 0.0, 500.0, 0.0, 0.0, 0.0, 0.0, 500.0, 0.0, 0.0, 0.0, 0.0, 0.0, 61.25000000000037, 0.0, 0.0, 0.0, 500.0, 0.0, 0.0, 0.0, 0.0, 500.0, 0.0, 0.0, 500.0, 0.0, 0.0, 0.0, 0.0, 0.0, 500.0, 0.0, 0.0, 500.0, 0.0, 0.0, 0.0, 0.0, 0.0, 500.0, 0.0, 500.0, 500.0, 0.0, 500.0, 0.0, 500.0, 500.0, 0.0, 0.0, 0.0, 0.0, 0.0, 0.0, 500.0, 0.0, 0.0, 0.0, 0.0, 0.0, 0.0, 500.0, 0.0, 0.0, 500.0, 500.0, 0.0, 0.0, 0.0, 500.0, 0.0, 0.0, 0.0, 0.0, 0.0, 0.0, 0.0, 500.0, 0.0, 0.0, 500.0, 0.0, 0.0, 0.0, 500.0, 0.0, 0.0, 0.0, 0.0, 0.0, 0.0, 500.0, 0.0, 0.0, 0.0, 0.0, 0.0, 0.0, 500.0, 0.0, 500.0, 500.0, 0.0, 0.0, 0.0, 0.0, 0.0, 500.0, 500.0, 500.0, 0.0, 0.0, 500.0, 0.0, 500.0, 500.0, 0.0, 0.0, 0.0, 0.0, 0.0, 500.0, 0.0, 500.0, 500.0, 0.0, 0.0, 0.0, 0.0, 0.0, 500.0, 451.25, 500.0, 0.0, 500.0, 500.0, 0.0, 500.0, 500.0, 0.0, 500.0, 500.0, 500.0, 500.0, 500.0, 0.0, 500.0, 500.0, 256.25000000000017, 0.0, 0.0, 0.0, 500.0, 500.0, 0.0, 500.0, 0.0, 500.0, 500.0, 0.0, 500.0, 500.0, 0.0, 500.0, 500.0, 0.0, 500.0, 500.0, 0.0, 0.0, 500.0, 500.0, 0.0, 0.0, 0.0, 402.50000000000006, 500.0, 0.0, 500.0, 0.0, 500.0, 500.0, 0.0, 256.25000000000017, 0.0, 0.0, 451.25, 500.0, 0.0, 0.0, 500.0, 0.0, 500.0, 500.0, 500.0, 0.0, 0.0, 0.0, 0.0, 500.0, 451.25, 500.0, 0.0, 500.0, 500.0, 0.0, 0.0, 500.0, 0.0, 0.0, 0.0, 0.0, 500.0, 500.0, 0.0, 500.0, 500.0, 500.0, 0.0, 0.0, 0.0, 0.0, 0.0, 0.0, 500.0, 0.0, 500.0, 0.0, 0.0, 0.0, 500.0, 0.0, 0.0, 0.0, 0.0, 500.0, 0.0, 0.0, 0.0, 500.0, 0.0, 0.0, 0.0, 0.0, 0.0, 0.0, 0.0, 0.0, 0.0, 0.0, 0.0, 0.0, 0.0, 0.0, 500.0, 500.0, 500.0, 500.0, 500.0, 0.0, 0.0, 0.0, 0.0, 0.0, 0.0, 0.0, 451.25, 0.0, 0.0, 0.0, 0.0, 0.0, 0.0, 0.0, 0.0, 0.0, 0.0, 0.0, 500.0, 0.0, 500.0, 0.0, 0.0, 0.0, 0.0, 0.0, 0.0, 0.0, 0.0, 0.0, 0.0, 0.0, 0.0, 0.0, 0.0, 0.0, 0.0, 0.0, 0.0, 0.0, 415.00000000000045, 500.0, 0.0, 500.0, 0.0, 0.0, 0.0, 0.0, 0.0, 0.0, 0.0, 0.0, 451.25, 0.0, 0.0, 0.0, 0.0, 0.0, 0.0, 0.0, 0.0, 0.0, 0.0, 0.0, 500.0, 0.0, 500.0, 0.0, 500.0, 0.0, 0.0, 0.0, 0.0, 0.0, 0.0, 0.0, 0.0, 0.0, 0.0, 0.0, 0.0, 0.0, 0.0, 0.0, 0.0, 0.0, 500.0, 0.0, 500.0, 0.0, 0.0, 500.0, 0.0, 0.0, 0.0, 0.0, 0.0, 0.0, 402.50000000000006, 0.0, 0.0, 0.0, 0.0, 0.0, 0.0, 0.0, 0.0, 500.0, 0.0, 500.0, 500.0, 500.0, 0.0, 500.0, 500.0, 0.0, 0.0, 451.25, 0.0, 0.0, 0.0, 0.0, 0.0, 0.0, 0.0, 0.0, 0.0, 0.0, 0.0, 0.0, 500.0, 0.0, 0.0, 0.0, 500.0, 0.0, 500.0, 0.0, 0.0, 0.0, 0.0, 0.0, 0.0, 0.0, 500.0, 0.0, 0.0, 0.0, 0.0, 0.0, 500.0, 0.0, 0.0, 0.0, 0.0, 0.0, 0.0, 0.0, 500.0, 0.0, 0.0, 0.0, 0.0, 0.0, 0.0, 0.0, 500.0, 0.0, 0.0, 451.25, 0.0, 0.0, 0.0, 0.0, 0.0, 0.0, 500.0, 0.0, 0.0, 0.0, 0.0, 500.0, 0.0, 0.0, 0.0, 500.0, 0.0, 500.0, 0.0, 500.0, 0.0, 0.0, 0.0, 0.0, 0.0, 500.0, 0.0, 0.0, 0.0, 500.0, 0.0, 0.0, 0.0, 0.0, 0.0, 0.0, 0.0, 500.0, 500.0, 0.0, 500.0, 500.0, 500.0, 0.0, 0.0, 0.0, 451.25, 0.0, 500.0, 0.0, 0.0, 0.0, 500.0, 158.75000000000028, 500.0, 0.0, 0.0, 0.0, 0.0, 0.0, 500.0, 500.0, 0.0, 500.0, 500.0, 500.0, 0.0, 0.0, 0.0, 0.0, 0.0, 500.0, 0.0, 0.0, 0.0, 0.0, 0.0, 500.0, 0.0, 0.0, 500.0, 0.0, 0.0, 500.0, 500.0, 0.0, 500.0, 500.0, 500.0, 0.0, 0.0, 0.0, 0.0, 0.0, 500.0, 0.0, 0.0, 0.0, 0.0, 0.0, 500.0, 0.0, 0.0, 0.0, 0.0, 0.0, 500.0, 500.0, 0.0, 500.0, 500.0, 500.0, 0.0, 0.0, 0.0, 0.0, 0.0, 500.0, 0.0, 0.0, 0.0, 0.0, 0.0, 500.0, 0.0, 0.0, 0.0, 0.0, 0.0, 500.0, 500.0, 0.0, 500.0, 500.0, 500.0, 0.0, 0.0, 500.0, 0.0, 0.0, 500.0, 0.0, 0.0, 0.0, 500.0, 0.0, 500.0, 0.0, 0.0, 0.0, 0.0, 0.0, 500.0, 500.0, 0.0, 500.0, 500.0, 0.0, 0.0, 0.0, 500.0, 0.0, 0.0, 500.0, 0.0, 0.0, 500.0, 500.0, 0.0, 500.0, 500.0, 0.0, 0.0, 0.0, 500.0, 500.0, 0.0, 0.0, 0.0, 500.0, 0.0, 0.0, 0.0, 500.0, 0.0, 0.0, 0.0, 500.0, 0.0, 500.0, 0.0, 0.0, 500.0, 500.0, 0.0, 0.0, 0.0, 0.0, 0.0, 0.0, 0.0, 0.0, 0.0, 0.0, 0.0, 500.0, 500.0, 500.0, 0.0, 0.0, 500.0, 0.0, 500.0, 0.0, 0.0, 0.0, 500.0, 0.0, 0.0, 0.0, 500.0, 0.0, 0.0, 500.0, 0.0, 0.0, 0.0, 500.0, 500.0, 500.0, 500.0, 0.0, 0.0, 500.0, 0.0, 500.0, 0.0, 500.0, 0.0, 500.0, 500.0, 0.0, 0.0, 500.0, 500.0, 0.0, 500.0, 0.0, 0.0, 0.0, 500.0, 500.0, 500.0, 500.0, 500.0, 0.0, 500.0, 0.0, 500.0, 0.0, 500.0, 0.0, 500.0, 500.0, 0.0, 500.0, 500.0, 0.0, 0.0, 500.0, 0.0, 0.0, 0.0, 500.0, 500.0, 500.0, 500.0, 500.0, 0.0, 500.0, 0.0, 500.0, 0.0, 500.0, 0.0, 500.0, 500.0, 0.0, 500.0, 500.0, 0.0, 0.0, 500.0, 0.0, 0.0, 0.0, 0.0, 500.0, 0.0, 500.0, 500.0, 0.0, 500.0, 0.0, 0.0, 0.0, 500.0, 0.0, 158.75000000000028, 500.0, 500.0, 500.0, 500.0, 0.0, 0.0, 500.0, 0.0, 0.0, 0.0, 500.0, 500.0, 0.0, 500.0, 500.0, 0.0, 500.0, 0.0, 0.0, 0.0, 500.0, 0.0, 0.0, 500.0, 0.0, 500.0, 500.0, 0.0, 0.0, 500.0, 0.0, 0.0, 0.0, 500.0, 500.0, 0.0, 500.0, 0.0, 0.0, 0.0, 0.0, 500.0, 500.0, 500.0, 0.0, 0.0, 110.00000000000033, 500.0, 0.0, 0.0, 0.0, 0.0, 500.0, 0.0, 0.0, 500.0, 500.0, 0.0, 451.25, 0.0, 0.0, 0.0, 0.0, 500.0, 0.0, 500.0, 0.0, 0.0, 0.0, 0.0, 500.0, 0.0, 0.0, 0.0, 0.0, 0.0, 0.0, 0.0, 500.0, 500.0, 0.0, 0.0, 0.0, 0.0, 0.0, 0.0, 500.0, 0.0, 0.0, 0.0, 0.0, 0.0, 0.0, 500.0, 451.25, 500.0, 0.0, 0.0, 0.0, 0.0, 0.0, 500.0, 0.0, 0.0, 0.0, 0.0, 0.0, 0.0, 0.0, 500.0, 0.0, 0.0, 0.0, 0.0, 0.0, 0.0, 500.0, 500.0, 0.0, 0.0, 0.0, 0.0, 0.0, 0.0, 500.0, 0.0, 0.0, 0.0, 0.0, 0.0, 0.0, 0.0, 500.0, 0.0, 0.0, 0.0, 0.0, 0.0, 0.0, 500.0, 0.0, 0.0, 0.0, 0.0, 0.0, 0.0, 0.0, 500.0, 0.0, 0.0, 0.0, 0.0, 500.0, 0.0, 0.0, 500.0, 0.0, 0.0, 0.0, 0.0, 0.0, 0.0, 0.0, 0.0, 0.0, 0.0, 0.0, 0.0, 500.0, 0.0, 500.0, 500.0, 0.0, 0.0, 0.0, 500.0, 0.0, 0.0, 500.0, 0.0, 0.0, 0.0, 0.0, 0.0, 0.0, 500.0, 500.0, 0.0, 0.0, 0.0, 0.0, 500.0, 0.0, 500.0, 0.0, 0.0, 0.0, 500.0, 500.0, 0.0, 0.0, 500.0, 0.0, 0.0, 0.0, 0.0, 0.0, 0.0, 0.0, 500.0, 0.0, 0.0, 0.0, 0.0, 500.0, 0.0, 0.0, 0.0, 0.0, 0.0, 500.0, 0.0, 0.0, 500.0, 0.0, 0.0, 0.0, 0.0, 0.0, 0.0, 500.0, 0.0, 0.0, 500.0, 0.0, 0.0, 0.0, 500.0, 500.0, 0.0, 0.0, 0.0, 0.0, 0.0, 0.0, 0.0, 500.0, 0.0, 0.0, 500.0, 0.0, 0.0, 0.0, 500.0, 500.0, 0.0, 110.00000000000033, 500.0, 500.0, 0.0, 500.0, 0.0, 0.0, 0.0, 0.0, 0.0, 500.0, 0.0, 500.0, 0.0, 0.0, 500.0, 0.0, 0.0, 0.0, 0.0, 0.0, 0.0, 0.0, 0.0, 500.0, 500.0, 0.0, 500.0, 0.0, 0.0, 0.0, 0.0, 0.0, 500.0, 0.0, 500.0, 0.0, 0.0, 500.0, 0.0, 0.0, 0.0, 0.0, 0.0, 0.0, 0.0, 0.0, 0.0, 500.0, 0.0, 0.0, 0.0, 0.0, 0.0, 0.0, 0.0, 0.0, 0.0, 256.25000000000017, 0.0, 0.0, 500.0, 0.0, 0.0, 0.0, 0.0, 0.0, 500.0, 0.0, 0.0, 0.0, 500.0, 0.0, 500.0, 500.0, 0.0, 0.0, 0.0, 0.0, 0.0, 0.0, 0.0, 0.0, 0.0, 0.0, 0.0, 0.0, 110.00000000000033, 0.0, 0.0, 0.0, 0.0, 0.0, 0.0, 500.0, 0.0, 0.0, 500.0, 0.0, 0.0, 0.0, 0.0, 0.0, 0.0, 0.0, 0.0, 0.0, 500.0, 0.0, 0.0, 500.0, 0.0, 0.0, 0.0, 0.0, 0.0, 0.0, 500.0, 0.0, 0.0, 500.0, 0.0, 0.0, 0.0, 500.0, 0.0, 0.0, 500.0, 0.0, 0.0, 0.0, 0.0, 0.0, 0.0, 0.0, 0.0, 0.0, 0.0, 0.0, 0.0, 500.0, 0.0, 500.0, 500.0, 0.0, 0.0, 0.0, 500.0, 402.50000000000006, 0.0, 500.0, 0.0, 0.0, 500.0, 0.0, 0.0, 0.0, 305.00000000000017, 0.0, 0.0, 0.0, 0.0, 500.0, 0.0, 0.0, 0.0, 500.0, 0.0, 0.0, 0.0, 500.0, 500.0, 0.0, 0.0, 0.0, 0.0, 500.0, 0.0, 0.0, 0.0, 500.0, 0.0, 0.0, 0.0, 0.0, 500.0, 0.0, 0.0, 0.0, 500.0, 500.0, 0.0, 0.0, 500.0, 0.0, 0.0, 0.0, 0.0, 0.0, 500.0, 451.25, 0.0, 500.0, 500.0, 0.0, 0.0, 500.0, 500.0, 500.0, 0.0, 0.0, 0.0, 0.0, 500.0, 0.0, 500.0, 500.0, 451.25, 500.0, 0.0, 0.0, 0.0, 0.0, 0.0, 500.0, 500.0, 500.0, 0.0, 0.0, 500.0, 500.0, 500.0, 0.0, 0.0, 0.0, 0.0, 500.0, 500.0, 500.0, 500.0, 0.0, 500.0, 0.0, 500.0, 0.0, 0.0, 0.0, 500.0, 500.0, 0.0, 500.0, 0.0, 500.0, 500.0, 500.0, 0.0, 0.0, 0.0, 0.0, 500.0, 0.0, 0.0, 500.0, 0.0, 500.0, 0.0, 451.25, 0.0, 0.0, 0.0, 500.0, 0.0, 0.0, 500.0, 0.0, 500.0, 500.0, 500.0, 0.0, 0.0, 0.0, 0.0, 500.0, 0.0, 0.0, 0.0, 0.0, 500.0, 0.0, 0.0, 0.0, 0.0, 0.0, 500.0, 0.0, 0.0, 500.0, 500.0, 500.0, 500.0, 500.0, 0.0, 0.0, 0.0, 0.0, 500.0, 0.0, 0.0, 0.0, 0.0, 500.0, 0.0, 0.0, 0.0, 0.0, 0.0, 500.0, 0.0, 0.0, 500.0, 500.0, 500.0, 500.0, 0.0, 0.0, 0.0, 0.0, 0.0, 0.0, 0.0, 0.0, 0.0, 0.0, 0.0, 0.0, 500.0, 0.0, 0.0, 0.0, 500.0, 0.0, 0.0, 500.0, 0.0, 500.0, 0.0, 0.0, 0.0, 500.0, 0.0, 0.0, 0.0, 500.0, 500.0, 0.0, 0.0, 0.0, 0.0, 500.0, 500.0, 0.0, 0.0, 500.0, 500.0, 500.0, 0.0, 0.0, 0.0, 0.0, 0.0, 0.0, 500.0, 0.0, 0.0, 0.0, 500.0, 500.0, 0.0, 0.0, 0.0, 0.0, 500.0, 500.0, 0.0, 500.0, 0.0, 500.0, 500.0, 0.0, 0.0, 0.0, 0.0, 0.0, 0.0, 500.0, 0.0, 0.0, 0.0, 500.0, 500.0, 0.0, 0.0, 0.0, 0.0, 500.0, 500.0, 0.0, 500.0, 0.0, 500.0, 500.0, 0.0, 0.0, 0.0, 0.0, 0.0, 0.0, 500.0, 0.0, 0.0, 500.0, 500.0, 500.0, 0.0, 0.0, 0.0, 402.50000000000006, 500.0, 500.0, 0.0, 500.0, 0.0, 0.0, 500.0, 0.0, 0.0, 0.0, 0.0, 0.0, 0.0, 500.0, 0.0, 0.0, 0.0, 0.0, 500.0, 0.0, 0.0, 500.0, 500.0, 0.0, 500.0, 0.0, 500.0, 0.0, 0.0, 500.0, 0.0, 0.0, 0.0, 0.0, 402.50000000000006, 0.0, 500.0, 500.0, 0.0, 0.0, 500.0, 500.0, 110.00000000000033, 0.0, 451.25, 0.0, 500.0, 500.0, 0.0, 500.0, 0.0, 0.0, 500.0, 500.0, 500.0, 0.0, 0.0, 500.0, 500.0, 500.0, 500.0, 0.0, 0.0, 500.0, 0.0, 0.0, 0.0, 500.0, 0.0, 0.0, 500.0, 0.0, 500.0, 110.00000000000033, 0.0, 0.0, 500.0, 500.0, 0.0, 0.0, 0.0, 0.0, 0.0, 500.0, 0.0, 0.0, 0.0, 0.0, 0.0, 0.0, 0.0, 0.0, 0.0, 0.0, 0.0, 0.0, 0.0, 0.0, 0.0, 0.0, 500.0, 0.0, 0.0, 0.0, 0.0, 0.0, 0.0, 500.0, 0.0, 0.0, 0.0, 0.0, 0.0, 0.0, 0.0, 0.0, 0.0, 0.0, 500.0, 0.0, 0.0, 0.0, 0.0, 0.0, 500.0, 500.0, 451.25, 0.0, 0.0, 0.0, 0.0, 0.0, 0.0, 0.0, 0.0, 0.0, 0.0, 500.0, 0.0, 0.0, 500.0, 0.0, 0.0, 500.0, 0.0, 0.0, 0.0, 0.0, 0.0, 0.0, 0.0, 0.0, 0.0, 0.0, 0.0, 0.0, 0.0, 0.0, 0.0, 0.0, 500.0, 0.0, 0.0, 500.0, 0.0, 0.0, 500.0, 0.0, 0.0, 0.0, 0.0, 500.0, 0.0, 0.0, 0.0, 0.0, 0.0, 0.0, 0.0, 0.0, 0.0, 0.0, 0.0, 500.0, 0.0, 0.0, 500.0, 0.0, 0.0, 500.0, 0.0, 0.0, 0.0, 0.0, 500.0, 0.0, 0.0, 0.0, 0.0, 0.0, 0.0, 0.0, 0.0, 500.0, 0.0, 0.0, 500.0, 0.0, 0.0, 500.0, 0.0, 0.0, 500.0, 0.0, 0.0, 0.0, 0.0, 500.0, 500.0, 0.0, 0.0, 0.0, 500.0, 0.0, 0.0, 0.0, 500.0, 0.0, 0.0, 500.0, 0.0, 0.0, 500.0, 0.0, 0.0, 500.0, 0.0, 0.0, 0.0, 500.0, 500.0, 0.0, 500.0, 0.0, 0.0, 500.0, 0.0, 0.0, 0.0, 500.0, 0.0, 0.0, 500.0, 0.0, 0.0, 0.0, 0.0, 0.0, 500.0, 0.0, 0.0, 0.0, 500.0, 500.0, 0.0, 500.0, 0.0, 0.0, 500.0, 0.0, 0.0, 0.0, 500.0, 0.0, 500.0, 500.0, 0.0, 0.0, 500.0, 0.0, 0.0, 500.0, 0.0, 0.0, 0.0, 500.0, 500.0, 0.0, 0.0, 0.0, 0.0, 500.0, 0.0, 500.0, 0.0, 500.0, 0.0, 402.50000000000006, 0.0, 0.0, 0.0, 500.0, 500.0, 0.0, 0.0, 0.0, 0.0, 500.0, 500.0, 0.0, 0.0, 0.0, 0.0, 0.0, 500.0, 0.0, 500.0, 0.0, 500.0, 0.0, 0.0, 0.0, 500.0, 0.0, 0.0, 500.0, 0.0, 0.0, 0.0, 0.0, 500.0, 500.0, 0.0, 0.0, 0.0, 0.0, 0.0, 500.0, 0.0, 500.0, 500.0, 500.0, 0.0, 0.0, 0.0, 500.0, 0.0, 0.0, 500.0, 500.0, 0.0, 500.0, 0.0, 500.0, 500.0, 0.0, 0.0, 0.0, 500.0, 0.0, 500.0, 0.0, 0.0, 500.0, 0.0, 0.0, 0.0, 0.0, 500.0, 500.0, 0.0, 500.0, 500.0, 0.0, 0.0, 0.0, 500.0, 0.0, 0.0, 0.0, 0.0, 500.0, 0.0, 0.0, 0.0, 0.0, 500.0, 0.0, 0.0, 0.0, 0.0, 500.0, 500.0, 0.0, 500.0, 500.0, 0.0, 0.0, 402.50000000000006, 0.0, 0.0, 0.0, 0.0, 0.0, 500.0, 0.0, 0.0, 0.0, 0.0, 500.0, 0.0, 0.0, 0.0, 0.0, 500.0, 500.0, 0.0, 0.0, 500.0, 0.0, 500.0, 500.0, 500.0, 0.0, 0.0, 0.0, 0.0, 500.0, 0.0, 0.0, 0.0, 0.0, 500.0, 0.0, 0.0, 0.0, 0.0, 500.0, 0.0, 0.0, 0.0, 0.0, 0.0, 402.50000000000006, 0.0, 500.0, 0.0, 0.0, 0.0, 0.0, 500.0, 0.0, 0.0, 0.0, 0.0, 0.0, 0.0, 0.0, 0.0, 451.25, 500.0, 0.0, 0.0, 500.0, 500.0, 0.0, 0.0, 0.0, 500.0, 0.0, 500.0, 0.0, 0.0, 0.0, 500.0, 0.0, 500.0, 0.0, 500.0, 0.0, 0.0, 0.0, 0.0, 0.0, 402.50000000000006, 0.0, 0.0, 500.0, 0.0, 500.0, 500.0, 0.0, 0.0, 500.0, 0.0, 0.0, 0.0, 0.0, 0.0, 500.0, 0.0, 500.0, 0.0, 0.0, 0.0, 0.0, 0.0, 0.0, 0.0, 0.0, 500.0, 0.0, 500.0, 500.0, 0.0, 0.0, 500.0, 0.0, 0.0, 0.0, 500.0, 0.0, 353.7500000000001, 0.0, 0.0, 0.0, 0.0, 0.0, 0.0, 0.0, 500.0, 0.0, 0.0, 0.0, 0.0, 500.0, 500.0, 0.0, 0.0, 500.0, 0.0, 0.0, 0.0, 500.0, 0.0, 0.0, 0.0, 0.0, 0.0, 0.0, 0.0, 0.0, 0.0, 500.0, 0.0, 0.0, 0.0, 0.0, 500.0, 500.0, 0.0, 0.0, 500.0, 0.0, 0.0, 0.0, 500.0, 0.0, 0.0, 0.0, 0.0, 0.0, 0.0, 0.0, 0.0, 0.0, 500.0, 0.0, 0.0, 0.0, 0.0, 500.0, 500.0, 0.0, 0.0, 500.0, 0.0, 0.0, 500.0, 500.0, 0.0, 0.0, 0.0, 0.0, 0.0, 0.0, 0.0, 0.0, 0.0, 500.0, 0.0, 500.0, 0.0, 451.25, 500.0, 500.0, 0.0, 0.0, 500.0, 0.0, 0.0, 500.0, 500.0, 0.0, 0.0, 0.0, 0.0, 0.0, 0.0, 0.0, 0.0, 0.0, 500.0, 0.0, 500.0, 0.0, 0.0, 0.0, 500.0, 0.0, 0.0, 0.0, 0.0, 0.0, 0.0, 500.0, 0.0, 0.0, 0.0, 0.0, 0.0, 0.0, 0.0, 0.0, 0.0, 0.0, 0.0, 500.0, 0.0, 500.0, 0.0, 0.0, 0.0, 0.0, 0.0, 0.0, 500.0, 0.0, 0.0, 0.0, 0.0, 0.0, 0.0, 0.0, 0.0, 500.0, 0.0, 0.0, 451.25, 0.0, 0.0, 0.0, 500.0, 0.0, 0.0, 0.0, 0.0, 0.0, 500.0, 500.0, 0.0, 0.0, 0.0, 0.0, 0.0, 0.0, 0.0, 0.0, 0.0, 0.0, 0.0, 0.0, 500.0, 0.0, 0.0, 0.0, 0.0, 0.0, 0.0, 500.0, 0.0, 500.0, 500.0, 0.0, 0.0, 0.0, 0.0, 0.0, 0.0, 500.0, 500.0, 0.0, 0.0, 0.0, 0.0, 500.0, 0.0, 0.0, 0.0, 0.0, 0.0, 0.0, 500.0, 0.0, 500.0, 500.0, 0.0, 0.0, 500.0, 0.0, 0.0, 0.0, 500.0, 500.0, 0.0, 0.0, 0.0, 0.0, 500.0, 0.0, 0.0, 0.0, 0.0, 0.0, 0.0, 0.0, 0.0, 500.0, 500.0, 0.0, 0.0, 0.0, 0.0, 0.0, 0.0, 500.0, 500.0, 0.0, 0.0, 0.0, 0.0, 500.0, 0.0, 0.0, 0.0, 0.0, 0.0, 0.0, 0.0, 0.0, 500.0, 500.0, 0.0, 0.0, 207.50000000000023, 0.0, 0.0, 0.0, 0.0, 500.0, 0.0, 0.0, 0.0, 0.0, 500.0, 0.0, 0.0, 0.0, 0.0, 0.0, 0.0, 500.0, 0.0, 500.0, 500.0, 0.0, 0.0, 500.0, 0.0, 0.0, 0.0, 500.0, 500.0, 0.0, 0.0, 0.0, 0.0, 500.0, 0.0, 0.0, 0.0, 0.0, 0.0, 0.0, 500.0, 0.0, 500.0, 0.0, 353.7500000000001, 0.0, 500.0, 0.0, 0.0, 0.0, 500.0, 500.0, 0.0, 0.0, 500.0, 0.0, 500.0, 0.0, 0.0, 0.0, 0.0, 0.0, 0.0, 500.0, 0.0, 0.0, 0.0, 500.0, 0.0, 500.0, 0.0, 500.0, 0.0, 500.0, 500.0, 0.0, 0.0, 500.0, 0.0, 0.0, 0.0, 0.0, 0.0, 0.0, 0.0, 0.0, 500.0, 0.0, 0.0, 0.0, 500.0, 0.0, 500.0, 0.0, 0.0, 500.0, 500.0, 0.0, 0.0, 0.0, 0.0, 0.0, 0.0, 0.0, 451.25, 451.25, 0.0, 0.0, 0.0, 500.0, 500.0, 0.0, 0.0, 0.0, 0.0, 0.0, 0.0, 0.0, 500.0, 0.0, 0.0, 500.0, 0.0, 500.0, 0.0, 0.0, 0.0, 0.0, 0.0, 0.0, 500.0, 0.0, 0.0, 500.0, 0.0, 0.0, 451.25, 0.0, 0.0, 0.0, 0.0, 500.0, 0.0, 0.0, 500.0, 0.0, 500.0, 451.25, 0.0, 0.0, 500.0, 0.0, 500.0, 500.0, 0.0, 0.0, 500.0, 0.0, 0.0, 0.0, 0.0, 0.0, 0.0, 0.0, 500.0, 0.0, 0.0, 500.0, 0.0, 500.0, 500.0, 0.0, 0.0, 500.0, 0.0, 500.0, 500.0, 0.0, 0.0, 500.0, 0.0, 0.0, 0.0, 0.0, 0.0, 0.0, 0.0, 500.0, 0.0, 0.0, 500.0, 0.0, 0.0, 0.0, 0.0, 0.0, 500.0, 0.0, 500.0, 500.0, 0.0, 0.0, 500.0, 0.0, 0.0, 0.0, 0.0, 0.0, 0.0, 0.0, 500.0, 0.0, 0.0, 500.0, 0.0, 0.0, 0.0, 0.0, 0.0, 500.0, 0.0, 500.0, 0.0, 0.0, 0.0, 500.0, 0.0, 0.0, 0.0, 0.0, 0.0, 0.0, 0.0, 500.0, 0.0, 0.0, 0.0, 0.0, 0.0, 0.0, 0.0, 500.0, 0.0, 500.0, 500.0, 451.25, 0.0, 0.0, 0.0, 0.0, 0.0, 0.0, 0.0, 500.0, 500.0, 500.0, 0.0, 0.0, 0.0, 500.0, 500.0, 0.0, 500.0, 0.0, 0.0, 500.0, 500.0, 500.0, 500.0, 500.0, 0.0, 0.0, 0.0, 0.0, 0.0, 0.0, 500.0, 500.0, 500.0, 0.0, 0.0, 0.0, 0.0, 353.7500000000001, 0.0, 500.0, 0.0, 0.0, 500.0, 500.0, 500.0, 0.0, 500.0, 0.0, 0.0, 0.0, 0.0, 0.0, 0.0, 500.0, 500.0, 500.0, 0.0, 0.0, 0.0, 0.0, 500.0, 0.0, 500.0, 0.0, 0.0, 0.0, 0.0, 0.0, 0.0, 500.0, 0.0, 0.0, 0.0, 0.0, 0.0, 0.0, 500.0, 500.0, 500.0, 0.0, 0.0, 0.0, 0.0, 0.0, 0.0, 500.0, 0.0, 0.0, 451.25, 500.0, 0.0, 0.0, 500.0, 0.0, 0.0, 0.0, 500.0, 0.0, 0.0, 500.0, 500.0, 500.0, 0.0, 0.0, 0.0, 0.0, 0.0, 0.0, 0.0, 0.0, 0.0, 0.0, 0.0, 0.0, 0.0, 500.0, 0.0, 0.0, 0.0, 0.0, 0.0, 0.0, 500.0, 500.0, 500.0, 0.0, 0.0, 0.0, 0.0, 0.0, 0.0, 500.0, 0.0, 0.0, 500.0, 500.0, 0.0, 500.0, 500.0, 0.0, 0.0, 0.0, 0.0, 0.0, 0.0, 500.0, 500.0, 500.0, 0.0, 0.0, 0.0, 0.0, 0.0, 0.0, 500.0, 0.0, 0.0, 0.0, 500.0, 0.0, 500.0, 500.0, 0.0, 0.0, 0.0, 500.0, 0.0, 0.0, 0.0, 0.0, 0.0, 0.0, 0.0, 0.0, 0.0, 0.0, 0.0, 0.0, 0.0, 0.0, 0.0, 500.0, 0.0, 0.0, 0.0, 0.0, 0.0, 0.0, 0.0, 0.0, 500.0, 0.0, 0.0, 0.0, 0.0, 0.0, 0.0, 500.0, 0.0, 0.0, 0.0, 0.0, 500.0, 0.0, 0.0, 0.0, 0.0, 0.0, 500.0, 0.0, 0.0, 0.0, 500.0, 500.0, 0.0, 0.0, 0.0, 0.0, 0.0, 0.0, 500.0, 0.0, 0.0, 0.0, 500.0, 0.0, 0.0, 0.0, 0.0, 0.0, 0.0, 500.0, 0.0, 0.0, 0.0, 500.0, 0.0, 0.0, 0.0, 0.0, 0.0, 500.0, 0.0, 0.0, 0.0, 500.0, 0.0, 0.0, 500.0, 0.0, 0.0, 0.0, 0.0, 0.0, 0.0, 0.0, 0.0, 0.0, 0.0, 0.0, 0.0, 0.0, 0.0, 0.0, 500.0, 0.0, 0.0, 0.0, 500.0, 0.0, 500.0, 0.0, 0.0, 0.0, 0.0, 0.0, 0.0, 0.0, 0.0, 0.0, 500.0, 500.0, 0.0, 0.0, 0.0, 0.0, 0.0, 500.0, 0.0, 0.0, 0.0, 500.0, 0.0, 500.0, 0.0, 0.0, 0.0, 0.0, 0.0, 0.0, 0.0, 500.0, 0.0, 500.0, 500.0, 0.0, 0.0, 0.0, 0.0, 0.0, 500.0, 0.0, 0.0, 0.0, 0.0, 0.0, 500.0, 0.0, 0.0, 0.0, 0.0, 0.0, 0.0, 0.0, 500.0, 0.0, 500.0, 500.0, 0.0, 61.25000000000037, 0.0, 0.0, 0.0, 500.0, 0.0, 0.0, 451.25, 500.0, 0.0, 500.0, 0.0, 0.0, 0.0, 0.0, 0.0, 0.0, 500.0, 500.0, 0.0, 0.0, 500.0, 0.0, 500.0, 0.0, 0.0, 0.0, 500.0, 0.0, 0.0, 0.0, 500.0, 0.0, 500.0, 500.0, 0.0, 500.0, 500.0, 0.0, 0.0, 500.0, 500.0, 500.0, 0.0, 500.0, 0.0, 0.0, 0.0, 0.0, 0.0, 500.0, 0.0, 0.0, 0.0, 500.0, 0.0, 500.0, 0.0, 0.0, 0.0, 500.0, 0.0, 500.0, 500.0, 0.0, 500.0, 0.0, 0.0, 0.0, 0.0, 0.0, 0.0, 500.0, 0.0, 0.0, 0.0, 0.0, 500.0, 500.0, 0.0, 0.0, 0.0, 0.0, 451.25, 500.0, 500.0, 500.0, 0.0, 500.0, 0.0, 0.0, 0.0, 0.0, 0.0, 500.0, 0.0, 0.0, 0.0, 0.0, 0.0, 0.0, 500.0, 0.0, 0.0, 0.0, 0.0, 0.0, 500.0, 0.0, 500.0, 500.0, 500.0, 0.0, 0.0, 0.0, 0.0, 0.0, 500.0, 0.0, 0.0, 0.0, 0.0, 0.0, 451.25, 500.0, 0.0, 0.0, 0.0, 500.0, 500.0, 500.0, 500.0, 0.0, 500.0, 500.0, 0.0, 0.0, 0.0, 0.0, 0.0, 500.0, 500.0, 0.0, 0.0, 500.0, 0.0, 0.0, 500.0, 0.0, 0.0, 0.0, 0.0, 500.0, 500.0, 500.0, 0.0, 500.0, 500.0, 0.0, 0.0, 0.0, 0.0, 0.0, 500.0, 500.0, 0.0, 0.0, 500.0, 0.0, 0.0, 500.0, 0.0, 0.0, 0.0, 0.0, 500.0, 500.0, 500.0, 0.0, 0.0, 500.0, 0.0, 0.0, 0.0, 0.0, 0.0, 500.0, 500.0, 0.0, 0.0, 500.0, 0.0, 0.0, 0.0, 0.0, 0.0, 500.0, 0.0, 500.0, 500.0, 500.0, 0.0, 0.0, 0.0, 0.0, 0.0, 0.0, 0.0, 0.0, 0.0, 500.0, 0.0, 0.0, 0.0, 0.0, 0.0, 0.0, 0.0, 0.0, 0.0, 500.0, 500.0, 500.0, 500.0, 0.0, 0.0, 0.0, 500.0, 0.0, 0.0, 500.0, 500.0, 0.0, 500.0, 0.0, 0.0, 500.0, 500.0, 0.0, 0.0, 0.0, 0.0, 500.0, 0.0, 0.0, 0.0, 0.0, 0.0, 0.0, 0.0, 0.0, 0.0, 0.0, 500.0, 500.0, 0.0, 500.0, 0.0, 0.0, 500.0, 500.0, 0.0, 0.0, 0.0, 0.0, 500.0, 0.0, 0.0, 0.0, 0.0, 0.0, 0.0, 0.0, 353.7500000000001, 0.0, 0.0, 500.0, 500.0, 0.0, 0.0, 0.0, 0.0, 0.0, 500.0, 0.0, 0.0, 0.0, 500.0, 500.0, 0.0, 0.0, 0.0, 0.0, 0.0, 0.0, 0.0, 500.0, 0.0, 0.0, 500.0, 500.0, 0.0, 451.25, 0.0, 0.0, 0.0, 500.0, 0.0, 0.0, 0.0, 0.0, 500.0, 0.0, 0.0, 0.0, 0.0, 0.0, 0.0, 0.0, 0.0, 0.0, 0.0, 500.0, 500.0, 0.0, 0.0, 0.0, 0.0, 0.0, 500.0, 0.0, 0.0, 0.0, 0.0, 500.0, 0.0, 0.0, 0.0, 0.0, 0.0, 0.0, 500.0, 0.0, 0.0, 0.0, 500.0, 500.0, 0.0, 0.0, 0.0, 0.0, 500.0, 158.75000000000028, 0.0, 0.0, 0.0, 0.0, 500.0, 500.0, 500.0, 0.0, 0.0, 0.0, 0.0, 0.0, 0.0, 0.0, 0.0, 500.0, 500.0, 500.0, 0.0, 0.0, 0.0, 500.0, 500.0, 0.0, 0.0, 0.0, 0.0, 0.0, 500.0, 500.0, 0.0, 0.0, 0.0, 0.0, 0.0, 0.0, 0.0, 0.0, 0.0, 0.0, 0.0, 0.0, 0.0, 0.0, 0.0, 0.0, 0.0, 0.0, 0.0, 0.0, 0.0, 500.0, 0.0, 500.0, 0.0, 0.0, 0.0, 0.0, 500.0, 0.0, 0.0, 0.0, 0.0, 0.0, 0.0, 500.0, 500.0, 0.0, 0.0, 500.0, 0.0, 0.0, 0.0, 0.0, 500.0, 0.0, 500.0, 0.0, 0.0, 500.0, 0.0, 500.0, 500.0, 0.0, 0.0, 0.0, 0.0, 0.0, 207.50000000000023, 0.0, 0.0, 0.0, 0.0, 500.0, 500.0, 500.0, 0.0, 500.0, 0.0, 0.0, 0.0, 0.0, 0.0, 0.0, 500.0, 500.0, 0.0, 0.0, 0.0, 0.0, 0.0, 0.0, 500.0, 0.0, 0.0, 0.0, 500.0, 500.0, 500.0, 0.0, 0.0, 0.0, 0.0, 0.0, 0.0, 0.0, 0.0, 158.75000000000028, 500.0, 0.0, 0.0, 0.0, 0.0, 0.0, 0.0, 500.0, 0.0, 0.0, 0.0, 500.0, 500.0, 500.0, 0.0, 0.0, 0.0, 0.0, 0.0, 0.0, 0.0, 0.0, 500.0, 500.0, 0.0, 0.0, 0.0, 0.0, 0.0, 0.0, 500.0, 0.0, 0.0, 500.0, 207.50000000000023, 0.0, 500.0, 0.0, 0.0, 0.0, 0.0, 0.0, 0.0, 0.0, 0.0, 500.0, 500.0, 0.0, 0.0, 0.0, 0.0, 0.0, 0.0, 500.0, 0.0, 0.0, 0.0, 0.0, 0.0, 500.0, 0.0, 0.0, 0.0, 0.0, 0.0, 0.0, 0.0, 0.0, 500.0, 500.0, 0.0, 0.0, 0.0, 0.0, 0.0, 500.0, 500.0, 0.0, 0.0, 500.0, 0.0, 500.0, 500.0, 0.0, 0.0, 0.0, 0.0, 0.0, 256.25000000000017, 0.0, 500.0, 0.0, 500.0, 500.0, 61.25000000000037, 0.0, 0.0, 0.0, 500.0, 500.0, 0.0, 0.0, 500.0, 0.0, 500.0, 500.0, 0.0, 500.0, 0.0, 0.0, 0.0, 500.0, 0.0, 0.0, 0.0, 0.0, 0.0, 500.0, 0.0, 0.0, 0.0, 500.0, 0.0, 0.0, 0.0, 500.0, 500.0, 500.0, 0.0, 0.0, 0.0, 0.0, 500.0, 0.0, 500.0, 500.0, 0.0, 0.0, 0.0, 0.0, 0.0, 500.0, 500.0, 500.0, 500.0, 0.0, 0.0, 0.0, 500.0, 500.0, 500.0, 451.25, 500.0, 0.0, 0.0, 0.0, 0.0, 500.0, 500.0, 0.0, 0.0, 0.0, 0.0, 0.0, 500.0, 500.0, 500.0, 0.0, 0.0, 500.0, 0.0, 500.0, 0.0, 0.0, 0.0, 500.0, 0.0, 451.25, 500.0, 0.0, 500.0, 500.0, 0.0, 0.0, 0.0, 0.0, 0.0, 500.0, 500.0, 500.0, 0.0, 0.0, 500.0, 0.0, 0.0, 0.0, 0.0, 0.0, 500.0, 0.0, 500.0, 500.0, 0.0, 0.0, 500.0, 0.0, 0.0, 0.0, 0.0, 0.0, 500.0, 500.0, 500.0, 0.0, 0.0, 500.0, 0.0, 0.0, 0.0, 0.0, 0.0, 500.0, 0.0, 0.0, 500.0, 0.0, 0.0, 500.0, 0.0, 0.0, 0.0, 0.0, 0.0, 500.0, 500.0, 500.0, 0.0, 0.0, 500.0, 0.0, 0.0, 0.0, 0.0, 0.0, 500.0, 0.0, 0.0, 500.0, 0.0, 0.0, 500.0, 0.0, 0.0, 0.0, 0.0, 0.0, 500.0, 0.0, 500.0, 0.0, 0.0, 500.0, 0.0, 0.0, 0.0, 0.0, 0.0, 500.0, 500.0, 0.0, 500.0, 0.0, 0.0, 500.0, 0.0, 0.0, 0.0, 0.0, 0.0, 500.0, 0.0, 500.0, 0.0, 500.0, 500.0, 0.0, 0.0, 0.0, 0.0, 500.0, 500.0, 500.0, 0.0, 0.0, 0.0, 0.0]"
UA_1,13.0
flowSalt_charge_t,"[0.0022214437430921425, 0.0, 0.0, 0.0, 0.0022204462929882422, 0.0, 0.0, 0.0022204846618055717, 0.0, 0.0, 0.0, 0.0, 0.0, 0.0022204846618108336, 0.0, 0.0, 0.0022214437430926686, 0.0022214437430931946, 0.0, 0.0, 1.0987577583574466, 0.0, 0.0, 1.0987577583574466, 0.0, 0.0, 0.0, 0.0, 0.0, 0.0, 0.0, 0.0, 0.0, 1.0987577583574466, 0.0, 0.0, 0.0, 0.0, 0.0, 1.0987577583574466, 0.5886421660665333, 0.0, 0.0, 0.0, 0.0, 0.0, 1.0987577583574466, 0.0, 0.0, 0.0, 0.0, 0.0, 0.0, 0.0, 0.0, 0.0, 1.0987577583574466, 0.0, 0.0, 0.0, 0.0, 0.0, 1.0987577583574466, 1.0987577583574466, 0.0, 0.0, 0.0, 0.0, 0.0, 1.0987577583574466, 0.0, 0.0, 0.0, 0.0, 0.0, 0.0, 0.0, 0.0, 0.0, 1.0987577583574466, 0.0, 0.0, 0.0, 0.0, 0.0, 1.0987577583574466, 1.0987577583574466, 0.0, 0.0, 0.0, 0.0, 0.0, 1.0987577583574466, 0.0, 0.0, 0.0, 0.0, 0.0, 1.0987577583574466, 0.0, 0.0, 0.0, 0.0, 0.0, 0.0, 0.0, 0.0, 0.0, 1.0987577583574466, 1.0987577583574466, 0.0, 0.0, 0.0, 0.0, 0.0, 0.0, 0.0, 0.0, 0.0, 0.0, 0.0, 0.0, 0.0, 0.0, 0.0, 0.27470409343882274, 0.0, 0.0, 0.0, 0.0, 0.0, 0.5146489588840826, 1.0987577583574466, 0.0, 0.0, 0.0, 0.0, 0.0, 1.0987577583574466, 0.0, 0.0, 0.0, 0.0, 0.0, 0.0, 0.0, 0.0, 0.0, 1.0987577583574466, 0.0, 0.0, 0.0, 0.0, 0.0, 1.0987577583574466, 1.0987577583574466, 0.0, 0.0, 0.0, 0.0, 0.0, 0.0, 0.0, 0.0, 0.0, 0.0, 0.0, 0.0, 1.0987577583574466, 1.0987577583574466, 0.0, 1.0987577583574466, 0.0, 0.0, 1.0987577583574466, 0.0, 0.0, 1.0987577583574466, 0.0, 0.0, 1.0987577583574466, 0.0, 0.0, 0.0, 1.0987577583574466, 0.0, 0.0, 0.0, 0.0, 0.0, 1.0987577583574466, 1.0987577583574466, 1.0987577583574466, 0.0, 0.0, 0.0, 0.0, 1.0987577583574466, 0.0, 0.0, 1.0987577583574466, 0.0, 0.0, 1.0987577583574466, 0.0, 0.0, 0.0, 0.0, 0.0, 0.34009248928514335, 0.0, 0.0, 0.0, 1.0987577583574466, 1.0987577583574466, 1.0987577583574466, 0.0, 0.0, 0.0, 0.0, 1.0987577583574466, 0.0, 0.0, 0.0, 0.0, 0.0, 1.0987577583574466, 0.0, 0.0, 0.0, 0.0, 0.0, 1.0987577583574466, 0.0, 1.0987577583574466, 0.0, 1.0987577583574466, 1.0987577583574466, 1.0987577583574466, 0.0, 0.0, 0.0, 0.0, 1.0987577583574466, 0.0, 0.0, 1.0987577583574466, 0.0, 0.0, 1.0987577583574466, 0.0, 0.0, 0.0, 0.0, 0.0, 1.0987577583574466, 0.0, 1.0987577583574466, 0.0, 1.0987577583574466, 1.0987577583574466, 1.0987577583574466, 0.0, 0.0, 0.0, 0.0, 1.0987577583574466, 0.0, 0.0, 1.0987577583574466, 0.0, 0.0, 1.0987577583574466, 0.0, 0.0, 0.0, 0.0, 0.0, 1.0987577583574466, 0.0, 1.0987577583574466, 0.0, 0.0, 1.0987577583574466, 1.0987577583574466, 0.0, 0.0, 0.0, 0.0, 1.0987577583574466, 0.0, 0.0, 1.0987577583574466, 0.0, 0.0, 1.0987577583574466, 0.5971058150433627, 0.0, 0.0, 0.0, 0.0, 1.0987577583574466, 0.0, 1.0987577583574466, 0.0, 1.0987577583574466, 1.0987577583574466, 1.0987577583574466, 0.0, 0.0, 0.0, 0.0, 1.0987577583574466, 0.0, 0.0, 1.0987577583574466, 0.0, 0.0, 1.0987577583574466, 1.0987577583574466, 0.0, 0.0, 0.0, 0.0, 1.0987577583574466, 0.0, 1.0987577583574466, 0.0, 0.0, 1.0987577583574466, 1.0987577583574466, 0.0, 0.0, 0.0, 0.0, 0.0, 0.0, 0.0, 1.0987577583574466, 0.0, 0.0, 1.0987577583574466, 0.0, 0.0, 0.0, 0.0, 0.0, 0.0, 0.0, 0.0, 0.0, 1.0987577583574466, 1.0987577583574466, 1.0987577583574466, 0.0, 0.0, 0.0, 0.0, 0.0, 0.0, 0.0, 0.0, 0.0, 0.0, 1.0987577583574466, 1.0987577583574466, 1.0987577583574466, 0.0, 0.0, 0.0, 0.0, 0.0, 0.0, 0.0, 1.0987577583574466, 1.0987577583574466, 1.0987577583574466, 0.0, 0.0, 0.0, 0.0, 0.0, 0.0, 0.0, 0.0, 0.0, 0.0, 1.0987577583574466, 1.0987577583574466, 0.0, 0.0, 0.0, 0.0, 0.0, 0.0, 0.0, 0.0, 0.0, 0.0, 1.0987577583574466, 0.0, 0.0, 0.0, 0.0, 0.0, 0.0, 0.0, 0.0, 0.0, 0.0, 0.0, 1.0987577583574466, 0.0, 0.0, 0.0, 0.0, 0.0, 0.0, 0.0, 0.0, 0.0, 0.0, 1.0987577583574466, 0.0, 0.0, 0.0, 0.0, 0.0, 0.0, 0.0, 0.0, 0.0, 0.0, 0.0, 0.0, 0.0, 0.0, 0.0, 0.0, 0.0, 0.0, 0.0, 0.0, 0.0, 0.0, 0.0, 0.0, 0.0, 0.0, 0.0, 0.0, 0.0, 0.0, 0.0, 0.0, 0.0, 0.0, 0.0, 0.0, 0.0, 0.0, 1.0987577583574466, 0.0, 0.0, 0.0, 0.0, 0.0, 0.0, 0.0, 0.0, 0.0, 0.0, 0.0, 0.0, 0.0, 0.0, 0.0, 0.0, 0.0, 0.0, 0.0, 0.0, 0.0, 0.0, 1.0987577583574466, 0.0, 0.0, 0.0, 1.0987577583574466, 0.0, 0.0, 0.0, 0.0, 0.0, 0.0, 0.0, 0.0, 0.0, 0.0, 0.0, 0.0, 0.0, 0.0, 0.0, 0.0, 0.0, 0.0, 1.0987577583574466, 0.0, 0.0, 0.0, 1.0987577583574466, 0.0, 0.0, 0.0, 0.0, 0.0, 0.0, 0.0, 0.0, 0.0, 0.0, 0.0, 0.0, 0.0, 0.0, 0.0, 0.0, 0.0, 0.0, 1.0987577583574466, 0.0, 0.0, 0.0, 1.0987577583574466, 0.0, 0.5879948162714975, 0.0, 0.0, 0.0, 0.0, 0.0, 0.0, 0.0, 0.0, 0.0, 0.0, 0.0, 0.0, 0.0, 0.0, 0.0, 0.0, 0.0, 0.0, 0.0, 0.0, 0.0, 0.0, 0.0, 0.5561184992256968, 1.0987577583574466, 1.0987577583574466, 0.0, 0.0, 0.0, 1.0987577583574466, 0.0, 0.0, 1.0987577583574466, 0.0, 0.0, 0.0, 0.0, 0.0, 0.0, 1.0987577583574466, 0.0, 0.0, 0.0, 0.0, 0.0, 0.0, 0.0, 1.0987577583574466, 0.0, 0.0, 0.0, 0.0, 1.0987577583574466, 0.0, 0.0, 1.0987577583574466, 0.0, 0.0, 0.0, 0.0, 0.0, 0.0, 1.0987577583574466, 0.0, 0.0, 0.0, 0.0, 0.0, 1.0987577583574466, 0.0, 1.0987577583574466, 0.0, 0.0, 0.0, 0.0, 1.0987577583574466, 0.0, 0.0, 1.0987577583574466, 0.0, 0.0, 0.0, 0.0, 0.0, 0.0, 1.0987577583574466, 0.0, 0.0, 0.0, 0.0, 0.0, 0.0, 0.0, 1.0987577583574466, 0.0, 0.0, 0.0, 0.0, 1.0987577583574466, 0.0, 0.0, 1.0987577583574466, 0.822188194492319, 0.0, 0.0, 0.0, 0.0, 0.0, 1.0987577583574466, 0.0, 0.0, 0.0, 0.056839862341824074, 0.0, 1.0987577583574466, 0.0, 1.0987577583574466, 1.0987577583574466, 0.0, 0.0, 0.0, 1.0987577583574466, 0.0, 0.0, 1.0987577583574466, 0.0, 0.0, 0.0, 0.37713688225201425, 0.0, 0.0, 0.0, 0.0, 0.0, 0.0, 1.0987577583574466, 0.0, 0.0, 0.0, 1.0987577583574466, 1.0987577583574466, 0.0, 0.0, 0.7652501874640495, 1.0987577583574466, 0.0, 0.0, 1.0987577583574466, 0.0, 0.0, 0.0, 0.0, 0.0, 0.0, 0.0, 0.0, 0.0, 0.0, 1.0987577583574466, 0.0, 0.0, 1.0987577583574466, 1.0987577583574466, 1.0987577583574466, 0.0, 0.0, 1.0987577583574466, 1.0987577583574466, 0.0, 0.0, 1.0987577583574466, 0.0, 0.0, 0.0, 0.0, 0.0, 0.0, 0.0, 0.0, 0.0, 0.0, 1.0987577583574466, 1.0987577583574466, 0.0, 0.0, 1.0987577583574466, 1.0987577583574466, 0.0, 0.0, 0.0, 0.34993424227131936, 0.0, 0.0, 0.0, 0.0, 0.0, 0.0, 0.0, 0.0, 0.0, 0.0, 0.0, 1.094677920079975, 0.0, 0.0, 0.0, 0.0, 0.0, 0.0, 1.0987577583574466, 0.0, 0.0, 0.0, 1.0987577583574466, 0.0, 0.0, 0.0, 1.0987577583574466, 0.0, 0.0, 0.0, 0.0, 0.0, 0.0, 0.0, 1.0987577583574466, 0.0, 0.0, 0.0, 0.0, 0.0, 0.0, 0.0, 0.0, 0.0, 0.0, 1.0987577583574466, 0.0, 0.0, 0.0, 0.0, 0.0, 1.0987577583574466, 0.0, 0.0, 0.0, 0.0, 0.0, 1.0987577583574466, 0.0, 0.0, 0.0, 0.0, 0.0, 0.0, 0.0, 0.0, 0.0, 0.0, 1.0987577583574466, 0.0, 0.0, 0.0, 0.0, 0.46717803546017256, 1.0987577583574466, 0.0, 0.0, 1.0987577583574466, 0.0, 0.0, 1.0987577583574466, 0.0, 0.0, 0.0, 0.0, 0.0, 0.0, 0.0, 0.0, 0.0, 0.0, 1.0987577583574466, 0.0, 0.0, 0.0, 0.0, 1.0987577583574466, 1.0987577583574466, 0.0, 0.0, 1.0987577583574466, 0.0, 0.0, 1.0987577583574466, 0.0, 0.0, 0.0, 0.0, 0.0, 0.0, 0.0, 1.0987577583574466, 0.0, 0.0, 1.0987577583574466, 0.0, 0.0, 0.0, 0.0, 1.0987577583574466, 1.0987577583574466, 0.0, 0.0, 1.0987577583574466, 0.0, 0.0, 1.0987577583574466, 0.0, 0.0, 0.0, 0.07099284391556784, 0.0, 0.0, 0.0, 1.0987577583574466, 0.0, 0.0, 1.0987577583574466, 0.0, 0.0, 0.0, 0.0, 1.0987577583574466, 1.0987577583574466, 0.0, 0.0, 1.0987577583574466, 0.0, 0.0, 1.0987577583574466, 0.0, 0.0, 0.0, 0.007901249724034894, 0.0, 0.0, 0.0, 1.0987577583574466, 0.0, 0.0, 1.0987577583574466, 0.0, 0.0, 0.0, 0.0, 0.0, 1.0987577583574466, 0.0, 0.0, 0.0, 0.0, 0.0, 0.007899290318943614, 0.0, 0.0, 1.0987577583574466, 0.007901249724030683, 0.0, 0.0, 0.0, 1.0987577583574466, 0.0, 0.0, 1.0987577583574466, 0.0, 0.0, 0.0, 0.0, 0.0, 1.0987577583574466, 0.0, 0.0, 0.0, 0.0, 0.0, 0.0, 0.0, 0.0, 0.0, 0.0, 0.0, 0.0, 0.0, 1.0987577583574466, 0.0, 0.0, 1.0987577583574466, 0.0, 0.0, 0.0, 0.0, 0.0, 1.0987577583574466, 0.0, 0.0, 0.0, 0.0, 0.0, 0.0, 0.0, 0.0, 0.553181552373994, 0.0, 0.0, 0.0, 0.0, 1.0987577583574466, 0.0, 0.0, 1.0987577583574466, 0.0, 0.0, 0.0, 0.0, 0.0, 0.007785878505486843, 0.0, 0.0, 0.0, 0.0, 0.0, 0.0, 0.0, 0.0, 1.0987577583574466, 0.0, 0.0, 0.0, 0.0, 0.0, 0.0, 0.0, 0.0, 0.0, 0.0, 0.0, 0.0, 0.0, 0.0, 0.0, 0.0, 0.0, 0.0, 0.0, 0.0, 0.0, 0.0, 1.0987577583574466, 0.0, 0.0, 0.0, 0.0, 0.0, 0.0, 0.0, 0.0, 0.0, 0.0, 0.0, 0.0, 0.0, 0.0, 0.0, 0.0, 0.0, 0.0, 0.0, 0.0, 0.0, 0.0, 1.0987577583574466, 0.0, 0.0, 0.0, 0.0, 0.0, 0.0, 0.0, 0.0, 0.0, 0.0, 0.0, 0.0, 0.0, 0.0, 0.0, 0.0, 0.0, 0.0, 0.0, 0.0, 0.0, 0.0, 1.0987577583574466, 0.0, 0.0, 0.0, 0.0, 0.0, 0.0, 0.0, 0.0, 0.0, 0.0, 0.0, 0.0, 0.0, 0.0, 0.0, 0.0, 0.0, 0.0, 0.0, 0.0, 0.0, 1.0987577583574466, 1.0987577583574466, 0.0, 0.0, 0.0, 0.0, 0.0, 0.0, 0.0, 0.0, 0.0, 0.0, 0.0, 0.0, 0.0, 0.0, 0.0, 0.0, 0.0, 0.0, 0.0, 0.0, 0.8262004099605234, 1.0987577583574466, 1.0987577583574466, 0.0, 0.0, 0.0, 0.0, 0.0, 0.0, 0.0, 0.0, 0.0, 0.0, 0.0, 0.0, 0.0, 0.0, 0.0, 0.0, 0.0, 0.0, 0.0, 0.0, 0.0, 0.0, 0.0, 0.0, 0.0, 0.0, 0.0, 0.0, 0.0, 0.0, 0.0, 0.0, 0.0, 0.0, 1.0987577583574466, 1.0987577583574466, 0.0, 0.0, 0.0, 0.0, 0.0, 0.0, 0.0, 0.0, 0.0, 0.0, 0.0, 0.0, 1.0987577583574466, 0.0, 0.0, 0.0, 0.0, 0.0, 0.0, 0.0, 0.0, 1.0987577583574466, 1.0987577583574466, 0.062196268444038326, 0.0, 0.0, 0.0, 0.0, 0.0, 0.0, 0.0, 0.0, 0.0, 0.0, 0.0, 1.0987577583574466, 0.0, 0.0, 0.0, 0.0, 0.0, 0.0, 0.0, 0.0, 1.0987577583574466, 1.0987577583574466, 0.0, 0.0, 0.0, 0.0, 0.0, 0.0, 0.0, 0.0, 0.0, 0.0, 0.0, 0.0, 1.0987577583574466, 0.0, 0.0, 0.0, 0.0, 0.0, 0.0, 0.0, 0.0, 1.0987577583574466, 1.0987577583574466, 0.0, 0.0, 0.0, 0.0, 0.0, 0.0, 0.0, 0.0, 0.0, 0.0, 0.0, 0.0, 1.0987577583574466, 0.0, 0.0, 0.0, 0.0, 0.0, 0.0, 0.0, 0.0, 0.0, 1.0987577583574466, 0.0, 0.0, 0.0, 0.0, 0.0, 0.0, 0.0, 0.0, 0.0, 0.0, 0.0, 0.0, 1.0987577583574466, 0.0, 0.0, 0.0, 0.0, 0.0, 0.0, 0.0, 0.0, 0.0, 1.0987577583574466, 0.0, 0.0, 0.0, 0.0, 0.0, 0.0, 0.0, 0.0, 0.0, 0.0, 0.0, 0.0, 1.0987577583574466, 0.0, 0.0, 0.0, 0.0, 0.0, 0.0, 0.0, 0.0, 0.0, 1.0987577583574466, 0.03889696487873606, 0.0, 0.0, 0.0, 0.0, 0.0, 0.0, 0.0, 0.0, 0.0, 0.0, 0.0, 1.0987577583574466, 0.0, 0.0, 0.0, 0.0, 1.0987577583574466, 0.0, 0.0, 0.0, 0.0, 1.0987577583574466, 0.0, 0.0, 0.0, 0.0, 0.0, 1.0987577583574466, 1.0987577583574466, 0.0, 0.0, 0.0, 0.0, 0.0, 1.070279626674018, 0.0, 0.0, 0.0, 0.0, 1.0987577583574466, 0.0, 0.0, 0.0, 1.0987577583574466, 0.0, 0.0, 0.0, 0.0, 0.0, 0.0, 0.0, 1.0987577583574466, 0.0, 0.0, 0.0, 0.0, 0.0, 0.0, 0.0, 0.0, 0.0, 1.0987577583574466, 1.0987577583574466, 0.0, 0.0, 0.0, 0.0, 0.0, 0.0, 0.0, 0.0, 0.0, 0.0, 0.0, 1.0987577583574466, 0.0, 0.0, 0.0, 0.0, 0.0, 0.0, 0.0, 0.0, 0.0, 1.0987577583574466, 1.0987577583574466, 0.0, 0.0, 0.0, 0.0, 0.0, 0.0, 0.0, 0.0, 1.0987577583574466, 0.0, 0.0, 1.0987577583574466, 0.0, 0.0, 0.0, 0.0, 0.0, 0.0, 0.0, 0.0, 0.0, 1.0987577583574466, 1.0987577583574466, 0.0, 0.0, 0.0, 0.0, 0.0, 0.0, 0.0, 0.0, 1.0987577583574466, 0.0, 0.0, 1.0987577583574466, 0.0, 0.0, 0.0, 0.0, 0.0, 0.0, 0.0, 0.0, 0.0, 1.0987577583574466, 1.0987577583574466, 0.0, 0.0, 0.0, 0.0, 0.0, 0.0, 0.0, 0.0, 1.0987577583574466, 0.0, 0.0, 1.0987577583574466, 0.0, 0.0, 0.0, 0.0, 0.24339212560633197, 0.0, 0.0, 0.0, 0.0, 0.0, 1.0987577583574466, 0.0, 0.0, 0.0, 0.0, 0.0, 0.0, 0.0, 0.0, 0.0, 0.0, 0.0, 1.0987577583574466, 0.0, 0.0, 0.0, 0.0, 0.007900538956608985, 0.0, 0.0, 0.0, 0.0, 0.0, 1.0987577583574466, 0.0, 0.0, 0.0, 0.0, 0.0, 0.062196268444038326, 0.0, 0.0, 0.0, 0.0, 0.0, 1.0987577583574466, 0.0, 0.0, 0.0, 0.0, 0.0, 0.0, 0.0, 0.0, 0.0, 0.0, 1.0987577583574466, 0.0, 0.0, 0.0, 0.0, 0.0, 0.007785878505486843, 0.0, 0.0, 0.0, 0.0, 0.0, 1.0987577583574466, 0.0, 0.0, 0.0, 0.0, 0.0, 0.0, 0.0, 0.0, 0.0, 0.0, 1.0987577583574466, 0.0, 0.0, 0.0, 0.0, 0.0, 0.007785878505486843, 0.0, 0.0, 0.0, 0.0, 0.0, 0.0, 0.0, 0.0, 0.0, 0.0, 0.0, 0.0, 0.0, 0.0, 0.0, 0.0, 1.0987577583574466, 0.0, 0.0, 0.0, 0.0, 0.0, 0.0, 0.0, 0.0, 0.0, 0.0, 0.0, 0.0, 0.0, 0.0, 0.0, 0.0, 0.0, 0.0, 0.0, 0.0, 0.0, 0.0, 0.027150344962699545, 0.0, 0.0, 0.0, 0.0, 0.0, 0.0, 0.0, 0.0, 0.0, 0.0, 0.0, 0.0, 0.0, 0.0, 0.0, 0.0, 0.0, 0.0, 0.0, 0.0, 0.0, 0.0, 1.0987577583574466, 0.0, 0.0, 0.0, 0.0, 0.0, 0.0, 0.0, 0.0, 0.0, 0.0, 0.0, 0.0, 0.0, 0.0, 0.0, 0.0, 0.0, 0.0, 0.0, 0.0, 0.0, 0.0, 1.0987577583574466, 0.0, 0.0, 0.0, 0.0, 1.0987577583574466, 0.0, 0.0, 0.0, 0.0, 0.0, 0.0, 0.0, 0.0, 0.0, 0.0, 0.0, 0.0, 0.0, 0.0, 0.0, 0.0, 0.0, 1.0987577583574466, 0.0, 0.0, 0.0, 0.0, 1.0987577583574466, 0.0, 0.0, 0.0, 0.0, 0.0, 0.0, 0.0, 0.0, 0.0, 0.0, 0.0, 0.0, 0.0, 0.0, 0.0, 0.0, 0.0, 1.0987577583574466, 0.0, 0.0, 0.0, 0.0, 1.0987577583574466, 0.0, 0.0, 0.0, 0.0, 0.0, 0.0, 0.0, 0.0, 0.0, 0.0, 0.0, 0.0, 1.0987577583574466, 0.0, 1.0987577583574466, 0.0, 0.0, 1.0987577583574466, 0.0, 0.0, 0.0, 0.0, 1.0987577583574466, 0.0, 0.0, 0.0, 0.0, 0.0, 0.0, 0.0, 0.0, 1.0987577583574466, 0.0, 0.0, 0.0, 1.0987577583574466, 0.0, 0.0, 0.0, 0.0, 0.0, 0.0, 0.0, 0.0, 0.0, 0.0, 0.0, 0.0, 0.0, 1.0987577583574466, 0.0, 0.0, 0.0, 0.0, 1.0987577583574466, 0.0, 0.0, 0.0, 1.0987577583574466, 0.0, 0.0, 0.0, 0.0, 0.0, 0.0, 0.0, 0.0, 0.0, 0.0, 0.0, 0.0, 0.0, 1.0987577583574466, 0.0, 0.0, 0.0, 0.0, 1.0987577583574466, 0.0, 0.0, 0.0, 1.0987577583574466, 0.0, 0.0, 0.0, 0.0, 0.0, 0.0, 0.0, 0.0, 0.0, 0.0, 0.0, 0.0, 0.0, 1.0987577583574466, 0.0, 0.0, 0.0, 0.0, 1.0987577583574466, 0.0, 0.0, 0.0, 1.0987577583574466, 0.0, 0.0, 0.0, 0.0, 0.0, 0.0, 0.0, 0.0, 0.0, 0.0, 0.0, 0.0, 0.0, 1.0987577583574466, 0.0, 0.0, 0.0, 0.0, 1.0987577583574466, 0.0, 0.0, 0.0, 1.0987577583574466, 0.0, 0.0, 0.0, 0.0, 0.0, 0.0, 0.0, 0.0, 0.0, 0.0, 0.0, 0.0, 0.0, 0.0, 0.0, 0.0, 0.0, 0.0, 1.0987577583574466, 0.0, 0.0, 0.0, 0.0, 0.0, 0.0, 0.0, 0.0, 0.0, 0.0, 0.0, 0.0, 0.0, 0.0, 0.0, 0.0, 0.0, 1.0987577583574466, 0.0, 0.0, 0.0, 0.0, 1.0987577583574466, 0.0, 0.0, 0.0, 1.0987577583574466, 0.0, 0.0, 0.0, 0.0, 0.0, 0.0, 0.0, 0.0, 0.0, 1.0987577583574466, 0.0, 0.0, 0.0, 1.0987577583574466, 0.0, 0.0, 0.0, 0.0, 1.0987577583574466, 0.0, 0.0, 0.0, 1.0987577583574466, 0.0, 0.0, 0.0, 0.0, 1.0987577583574466, 0.0, 1.0987577583574466, 0.0, 0.0, 1.0987577583574466, 0.0, 0.0, 0.0, 1.0987577583574466, 0.0, 1.0987577583574466, 0.0, 1.0987577583574466, 0.0, 0.0, 1.0987577583574466, 0.0, 0.0, 0.0, 0.0, 0.0, 1.0987577583574466, 0.0, 0.0, 0.0, 0.0, 0.0, 0.0, 0.0, 0.0, 0.0, 0.0, 0.0, 0.0, 0.0, 1.0987577583574466, 0.0, 0.0, 1.0987577583574466, 1.0987577583574466, 0.0, 0.0, 0.0, 0.0, 1.0987577583574466, 0.0, 0.0, 0.0, 0.0, 0.0, 0.0, 0.0, 0.0, 0.0, 0.0, 0.0, 1.0987577583574466, 0.0, 1.0987577583574466, 0.0, 0.0, 1.0987577583574466, 1.0987577583574466, 0.0, 0.0, 0.0, 0.0, 1.0987577583574466, 0.0, 0.0, 0.0, 0.0, 0.0, 0.0, 0.0, 0.0, 0.0, 0.0, 0.0, 1.0987577583574466, 0.0, 1.0987577583574466, 0.0, 0.0, 1.0987577583574466, 1.0987577583574466, 0.0, 0.0, 0.0, 0.0, 1.0987577583574466, 0.0, 0.0, 0.0, 0.0, 0.0, 0.0, 0.0, 0.0, 0.0, 0.0, 0.0, 1.0987577583574466, 0.0, 1.0987577583574466, 0.0, 0.0, 1.0987577583574466, 0.1000992468290317, 0.0, 0.0, 0.0, 0.0, 1.0987577583574466, 0.039471346641144454, 0.0, 0.0, 0.0, 0.0, 0.0, 0.0, 0.0, 0.0, 0.0, 0.0, 1.0987577583574466, 0.0, 1.0987577583574466, 0.0, 0.0, 1.0987577583574466, 1.0987577583574466, 0.0, 0.0, 0.0, 0.0, 1.0987577583574466, 0.007900850628166409, 0.0, 0.0, 0.4297173231448551, 0.0, 0.0, 0.0, 0.2961208996191901, 0.0, 0.0, 0.0, 0.0, 0.0, 1.0987577583574466, 0.0, 0.0, 1.0987577583574466, 0.0, 0.0, 0.0, 0.0, 0.0, 0.0, 0.0, 0.0, 0.0, 0.0, 0.0, 0.05523340625974808, 0.0, 0.0, 0.0, 0.0, 0.0, 0.0, 0.0, 0.0, 0.0, 0.0, 1.0987577583574466, 0.0, 0.0, 0.0, 0.0, 0.0, 0.0, 0.0, 0.0, 0.0, 0.0, 0.0, 0.007900355198232685, 0.0, 0.0, 0.0, 0.0, 0.0, 0.0, 0.0, 0.0, 0.0, 0.0, 0.0, 0.0, 0.0, 0.0, 0.0, 0.0, 0.0, 0.0, 0.0, 0.0, 0.0, 0.0, 0.0, 0.0, 0.0, 0.0, 0.0, 0.0, 0.0, 0.0, 0.0, 0.0, 0.0, 0.0, 0.0, 0.0, 0.0, 0.0, 0.0, 0.0, 0.03158365587064363, 0.0, 0.0, 0.0, 0.0, 0.015797418581534967, 0.0, 0.0, 0.0, 0.0, 0.0, 0.0, 0.0, 0.0, 0.0, 0.0, 0.0, 0.0, 0.0, 0.0, 1.0987577583574466, 0.0, 0.0, 0.0, 0.0, 0.0, 0.0, 0.0, 0.0, 0.0, 0.0, 0.0, 0.0, 0.0, 0.0, 0.0, 0.0, 0.0, 0.0, 0.0, 0.0, 0.0, 0.0, 1.0987577583574466, 0.0, 0.0, 0.0, 0.0, 0.0, 0.0, 0.0, 0.0, 0.0, 0.0, 0.0, 0.0, 0.0, 0.0, 0.0, 0.0, 0.0, 0.0, 0.0, 0.0, 0.0, 0.0, 1.0987577583574466, 0.0, 0.0, 0.0, 0.0, 0.0, 0.0, 1.0987577583574466, 0.023691191521498605, 0.0, 0.0, 0.0, 0.0, 0.0, 0.0, 0.0, 0.0, 0.0, 0.0, 0.0, 0.0, 0.0, 0.0, 1.0987577583574466, 0.0, 0.0, 0.0, 0.0, 0.0, 0.0, 1.0987577583574466, 0.0, 0.0, 0.0, 0.0, 0.0, 0.0, 0.0, 0.0, 0.0, 0.0, 0.0, 0.0, 0.0, 1.0987577583574466, 0.0, 1.0987577583574466, 0.0, 0.0, 0.0, 0.0, 0.0, 0.0, 1.0987577583574466, 0.0, 0.0, 0.0, 1.0987577583574466, 0.0, 0.0, 0.0, 0.0, 0.07099277892919743, 1.0987577583574466, 0.0, 0.0, 0.0, 0.0, 0.0, 1.0987577583574466, 0.0, 0.0, 0.0, 0.0, 0.0, 0.0, 1.0987577583574466, 0.0, 0.0, 0.0, 1.0987577583574466, 0.0, 0.0, 0.0, 0.0, 0.0, 1.0987577583574466, 0.0, 0.0, 0.0, 0.0, 0.0, 1.0987577583574466, 0.0, 0.0, 0.0, 0.0, 0.0, 0.0, 1.0987577583574466, 0.0, 0.0, 0.0, 1.0987577583574466, 0.0, 0.0, 0.0, 0.0, 0.0, 1.0987577583574466, 0.0, 0.0, 0.0, 0.0, 0.0, 1.0987577583574466, 0.0, 0.0, 0.0, 0.0, 0.0, 0.0, 1.0987577583574466, 0.0, 0.0, 0.0, 1.0987577583574466, 0.0, 0.0, 0.0, 0.0, 0.0, 1.0987577583574466, 0.0, 0.0, 0.0, 0.0, 0.0, 1.0987577583574466, 0.0, 0.0, 0.0, 0.0, 0.0, 0.0, 0.0, 0.0, 0.0, 0.0, 1.0987577583574466, 0.0, 0.0, 0.0, 0.0, 0.0, 1.0987577583574466, 0.0, 0.0, 0.0, 0.0, 0.0, 1.0987577583574466, 0.0, 0.0, 0.0, 0.0, 0.0, 0.0, 0.0, 0.0, 0.0, 0.0, 1.0987577583574466, 0.0, 1.0987577583574466, 0.0, 0.0, 0.0, 1.0987577583574466, 0.0, 0.0, 0.0, 0.0, 0.0, 1.0987577583574466, 0.0, 0.0, 0.0, 0.0, 0.0, 0.0, 0.0, 0.0, 0.0, 0.0, 1.0987577583574466, 0.0, 1.0987577583574466, 0.0, 0.0, 0.0, 1.0987577583574466, 0.0, 0.0, 0.0, 0.0, 0.0, 1.0987577583574466, 0.0, 0.0, 0.0, 0.0, 0.0, 0.0, 0.0, 0.0, 0.0, 0.0, 1.0987577583574466, 0.0, 1.0987577583574466, 0.4267371641422772, 0.0, 0.0, 0.4141173067768386, 0.0, 0.4172007744015616, 0.0, 0.0, 0.0, 1.0987577583574466, 0.0, 0.0, 0.0, 0.0, 0.0, 0.0, 0.0, 0.0, 0.0, 0.0, 1.0987577583574466, 1.0987577583574466, 1.0987577583574466, 0.0, 0.0, 0.0, 1.0987577583574466, 0.0, 1.0987577583574466, 0.0, 0.0, 0.0, 1.0987577583574466, 0.0, 0.0, 0.0, 0.0, 0.0, 0.0, 0.0, 0.0, 0.0, 0.0, 1.0987577583574466, 0.0, 0.0, 0.0, 0.0, 0.0, 0.0, 0.0, 1.0987577583574466, 0.0, 0.0, 0.0, 0.0, 0.0, 0.0, 0.0, 0.0, 0.0, 1.0987577583574466, 0.0, 0.0, 0.0, 0.0, 1.0987577583574466, 0.0, 0.0, 0.0, 0.0, 0.0, 0.0, 0.0, 1.0987577583574466, 0.0, 0.0, 0.0, 0.0, 0.0, 0.0, 0.0, 0.0, 0.0, 1.0987577583574466, 0.0, 0.0, 0.0004571291099885186, 0.0, 0.0, 0.0, 0.0, 0.0, 0.0, 0.32865878445427527, 0.0, 0.0, 1.0987577583574466, 0.0, 0.0, 0.0, 0.0, 0.0, 0.0, 0.0, 0.0, 0.0, 1.0987577583574466, 0.0, 0.0, 0.415553271163299, 0.0, 0.0, 0.0, 0.0, 0.0, 0.0, 1.0987577583574466, 0.0, 0.0, 1.0987577583574466, 0.0, 0.0, 0.0, 0.0, 0.0, 0.0, 0.0, 0.0, 0.0, 1.0987577583574466, 0.0, 0.0, 1.0987577583574466, 0.0, 0.0, 0.0, 0.0, 0.0, 0.0, 1.0987577583574466, 0.0, 0.0, 1.0987577583574466, 0.0, 0.0, 0.0, 0.0, 0.0, 1.0987577583574466, 0.0, 0.0, 0.0, 1.0987577583574466, 0.0, 0.0, 1.0987577583574466, 0.0, 0.0, 0.0, 0.0, 0.0, 0.0, 1.0987577583574466, 0.0, 0.0, 1.0987577583574466, 0.0, 0.0, 0.0, 0.0, 0.0, 0.0, 0.0, 0.0, 0.0, 1.0987577583574466, 0.0, 0.0, 1.0987577583574466, 0.0, 0.0, 0.0, 0.0, 0.0, 0.0, 1.0987577583574466, 0.0, 0.0, 1.0987577583574466, 0.0, 0.0, 0.0, 0.0, 0.0, 0.0, 0.0, 0.0, 0.0, 1.0987577583574466, 0.0, 0.0, 1.0987577583574466, 0.0, 0.0, 0.0, 0.0, 0.0, 0.0, 0.0, 0.0, 0.0, 0.0, 0.0, 0.0, 0.0, 0.0, 0.0, 0.0, 0.0, 0.0, 0.0, 1.0987577583574466, 0.0, 0.0, 0.0, 0.0, 0.0, 0.0, 0.0, 1.0987577583574466, 0.0, 0.0, 0.0, 0.0, 0.0, 0.0, 0.0, 0.0, 0.0, 0.0, 0.0, 0.0, 0.0, 0.0, 0.0, 0.0, 0.0, 0.0, 0.0, 0.0, 0.0, 1.0987577583574466, 1.0987577583574466, 0.0, 0.0, 0.0, 0.0, 1.0987577583574466, 0.0, 0.0, 0.0, 0.0, 0.0, 0.0, 0.0, 0.0, 0.0, 0.0, 0.0, 0.0, 0.0, 0.0, 0.0, 0.0, 1.0987577583574466, 1.0987577583574466, 0.0, 0.0, 0.0, 0.0, 0.0, 0.0, 0.0, 0.0, 0.0, 0.0, 0.0, 0.0, 0.0, 0.0, 0.12281599797431353, 0.0, 0.0, 0.0, 0.0, 1.0987577583574466, 0.0, 1.0987577583574466, 1.0987577583574466, 0.0, 0.0, 1.0987577583574466, 0.0, 0.0, 0.0, 0.0, 0.0, 0.0, 0.0, 0.0, 0.0, 0.0, 0.0, 0.0, 0.0, 0.0, 0.0, 0.0, 1.0987577583574466, 0.0, 1.0987577583574466, 1.0987577583574466, 0.0, 0.0, 1.0987577583574466, 0.0, 0.0, 0.0, 0.0, 0.0, 0.0, 0.0, 0.0, 0.0, 0.0, 0.0, 0.0, 0.0, 0.0, 0.0, 0.0, 0.0, 0.0, 1.0987577583574466, 1.0987577583574466, 0.0, 0.0, 1.0987577583574466, 0.0, 0.0, 0.0, 0.0, 0.0, 0.0, 0.0, 0.0, 0.0, 0.0, 0.0, 0.0, 0.0, 0.0, 0.0, 0.0, 0.0, 0.0, 1.0987577583574466, 1.0987577583574466, 0.0, 0.0, 1.0987577583574466, 0.0, 0.0, 0.0, 0.0, 0.0, 0.0, 0.0, 0.0, 0.0, 0.0, 0.0, 0.0, 0.0, 0.0, 1.0987577583574466, 0.0, 0.0, 0.0, 1.0987577583574466, 1.0987577583574466, 0.0, 0.0, 1.0987577583574466, 0.0, 0.04735814295581472, 0.0, 0.0, 0.0, 0.0, 0.0, 0.0, 0.0, 0.0, 0.0, 0.0, 0.0, 0.0, 0.0, 0.0, 0.0, 1.0987577583574466, 1.0987577583574466, 1.0987577583574466, 1.0987577583574466, 0.0, 0.0, 0.0, 0.0, 0.0, 1.0987577583574466, 0.0, 0.0, 0.0, 0.0, 0.0, 1.0987577583574466, 0.0, 0.0, 0.0, 0.0, 0.0, 0.0, 0.0, 0.0, 1.0987577583574466, 1.0987577583574466, 1.0987577583574466, 0.0, 0.0, 0.0, 0.0, 0.0, 1.0987577583574466, 1.0987577583574466, 0.0, 0.0, 0.0, 0.0, 1.0987577583574466, 0.0, 0.0, 0.0, 0.0, 0.0, 0.0, 0.0, 0.5338975489673744, 1.0987577583574466, 1.0987577583574466, 1.0987577583574466, 0.0, 0.0, 0.0, 0.0, 0.0, 1.0987577583574466, 1.0987577583574466, 0.0, 0.0, 0.0, 0.0, 1.0987577583574466, 0.0, 0.0, 0.0, 0.0, 0.0, 0.0, 0.0, 1.0987577583574466, 1.0987577583574466, 0.0, 1.0987577583574466, 0.0, 0.0, 0.0, 0.0, 0.0, 1.0987577583574466, 1.0987577583574466, 0.0, 0.0, 0.8040272790963906, 0.0, 1.0987577583574466, 0.0, 0.0, 0.0, 0.0, 0.0, 0.0, 0.0, 1.0987577583574466, 0.12425113833769205, 0.0, 1.0987577583574466, 0.0, 0.0, 0.0, 0.0, 0.0, 1.0987577583574466, 1.0987577583574466, 0.0, 0.0, 1.0987577583574466, 0.0, 1.0987577583574466, 0.0, 0.0, 0.0, 0.0, 0.0, 0.0, 0.6127053430152216, 1.0987577583574466, 0.0, 0.0, 1.0987577583574466, 0.0, 0.0, 0.0, 0.0, 0.0, 1.0987577583574466, 0.0, 0.0, 0.0, 1.0987577583574466, 0.0, 1.0987577583574466, 0.0, 0.0, 0.0, 0.0, 0.0, 0.0, 1.0987577583574466, 1.0987577583574466, 0.0, 0.0, 1.0987577583574466, 0.0, 0.0, 0.0, 0.0, 0.0, 1.0987577583574466, 0.0, 0.0, 0.0, 1.0987577583574466, 0.0, 1.0987577583574466, 0.0, 0.0, 0.0, 0.0, 0.0, 0.0, 1.0987577583574466, 1.0987577583574466, 0.0, 0.0, 1.0987577583574466, 0.0, 1.0987577583574466, 0.0, 1.0987577583574466, 0.0, 0.0, 0.0, 0.0, 0.0, 1.0987577583574466, 0.0, 0.0, 0.0, 0.0, 0.0, 0.0, 0.0, 0.0, 1.0987577583574466, 0.0, 1.0987577583574466, 0.0, 0.0, 0.0, 1.0987577583574466, 0.0, 1.0987577583574466, 0.0, 0.0, 1.0987577583574466, 0.0, 0.0, 1.0987577583574466, 0.0, 0.0, 0.0, 1.0987577583574466, 0.0, 0.0, 0.0, 0.0, 0.0, 0.0, 0.0, 0.0, 0.0, 0.0, 0.0, 0.0, 1.0987577583574466, 0.0, 0.0, 0.0, 0.0, 0.0, 0.0, 0.0, 0.0, 0.0, 1.0987577583574466, 0.0, 0.0, 0.0, 0.0, 0.0, 0.0, 0.0, 0.0, 0.0, 0.0, 0.0, 0.27936939295277563, 1.0987577583574466, 0.0, 0.0, 1.0987577583574466, 0.0, 0.0, 0.0, 0.0, 0.0, 0.0, 1.0987577583574466, 0.0, 0.0, 0.0, 1.0987577583574466, 0.0, 0.0, 0.0, 0.0, 0.0, 0.0, 0.0, 1.0987577583574466, 1.0987577583574466, 0.0, 0.0, 1.0987577583574466, 0.0, 0.0, 0.0, 0.0, 0.0, 0.0, 1.0987577583574466, 0.0, 0.0, 0.0, 0.0, 0.0, 0.0, 0.0, 0.0, 0.0, 0.0, 0.0, 1.0987577583574466, 1.0987577583574466, 0.0, 0.0, 1.0987577583574466, 0.0, 0.0, 0.0, 0.0, 0.0, 0.0, 1.0987577583574466, 0.0, 0.0, 0.0, 1.0987577583574466, 0.0, 0.0, 0.0, 0.0, 0.0, 0.0, 0.0, 1.0987577583574466, 1.0987577583574466, 0.0, 0.0, 1.0987577583574466, 0.0, 0.0, 0.0, 0.0, 0.0, 0.0, 1.0987577583574466, 0.0, 0.0, 0.0, 1.0987577583574466, 0.0, 0.0, 0.0, 0.0, 0.0, 0.0, 0.0, 1.0987577583574466, 1.0987577583574466, 0.0, 0.0, 1.0987577583574466, 0.0, 0.0, 0.0, 0.0, 0.0, 0.2672281359573537, 1.0987577583574466, 0.0, 0.0, 0.0, 1.0987577583574466, 0.0, 0.0, 0.0, 0.0, 0.0, 0.0, 0.0, 0.0, 1.0987577583574466, 0.0, 0.0, 1.0987577583574466, 0.0, 0.0, 0.0, 0.0, 0.0, 0.0, 0.007901280860107815, 0.0, 0.0, 0.0, 1.0987577583574466, 0.0, 0.0, 0.0, 0.0, 0.0, 0.0, 0.0, 0.0, 1.0987577583574466, 0.0, 0.0, 1.0987577583574466, 0.0, 0.0, 0.0, 0.0, 0.0, 1.0987577583574466, 0.007901280860107815, 0.0, 0.0, 0.0, 0.0, 0.0, 0.0, 0.0, 0.0, 0.0, 0.0, 1.0987577583574466, 0.0, 1.0987577583574466, 0.0, 0.0, 1.0987577583574466, 0.0, 0.0, 0.0, 0.0, 0.0, 0.0, 0.0, 0.0, 0.0, 0.0, 0.0, 0.0, 0.0, 0.0, 0.0, 0.0, 0.0, 1.0987577583574466, 0.0, 0.0, 0.0, 0.0, 1.0987577583574466, 0.0, 0.0, 0.0, 0.0, 0.0, 0.0, 0.0, 0.0, 0.0, 0.0, 0.0, 0.0, 0.0, 0.0, 0.0, 0.0, 0.0, 1.0987577583574466, 0.0, 0.0, 0.0, 0.0, 1.0987577583574466, 0.0, 0.0, 0.0, 0.0, 0.0, 0.0, 0.0, 0.0, 0.0, 0.0, 0.0, 0.0, 0.0, 0.0, 0.0, 0.0, 0.0, 1.0987577583574466, 0.0, 0.0, 0.0, 0.0, 1.0987577583574466, 0.0, 0.0, 0.0, 0.0, 0.0, 0.0, 0.0, 0.0, 0.0, 0.0, 0.0, 0.0, 0.0, 0.0, 0.0, 0.0, 0.0, 1.0987577583574466, 0.0, 0.0, 0.0, 0.0, 1.0987577583574466, 0.0, 0.0, 0.0, 0.0, 0.0, 0.0, 0.0, 0.0, 0.0, 0.0, 0.0, 0.0, 0.0, 0.0, 0.0, 0.0, 0.0, 1.0987577583574466, 0.0, 0.0, 0.0, 0.0, 0.35958829246472557, 0.0, 0.0, 0.0, 0.0, 0.0, 0.0, 0.0, 0.0, 0.0, 0.0, 0.0, 0.0, 0.0, 0.0, 0.0, 0.0, 0.0, 1.0987577583574466, 0.0, 0.0, 0.0, 0.0, 0.007900355258474186, 0.0, 0.0, 0.0, 0.0, 0.0, 0.0, 0.0, 0.0, 0.0, 0.0, 0.0, 0.0, 1.0987577583574466, 0.0, 0.0, 0.0, 0.0, 0.0, 0.0, 0.0, 0.0, 0.0, 0.0, 0.0, 0.0, 0.0, 0.0, 1.0987577583574466, 1.0987577583574466, 0.0, 0.0, 0.0, 0.0004571291099885186, 0.0, 0.0, 1.0987577583574466, 0.0, 0.0, 0.0, 0.0, 0.0, 0.0, 0.0, 0.0, 1.0987577583574466, 0.0, 0.0, 0.0, 0.0, 0.0, 1.0987577583574466, 1.0987577583574466, 0.0, 0.0, 0.0, 0.0004571291099885186, 0.0, 0.0, 1.0987577583574466, 0.0, 0.0, 0.0, 0.0, 0.0, 0.0, 0.0, 0.0, 1.0987577583574466, 0.0, 0.0, 0.0, 0.0, 0.0, 1.0987577583574466, 0.0, 0.0, 0.0, 0.0, 0.0004571291099885186, 0.0, 0.0, 1.0987577583574466, 0.0, 0.0, 0.0, 0.0, 0.0, 0.0, 0.0, 0.0, 1.0987577583574466, 0.0, 0.0, 0.0, 0.0, 0.0, 1.0987577583574466, 1.0987577583574466, 0.0, 0.0, 0.0, 0.0004571291099885186, 0.0, 0.0, 1.0987577583574466, 0.0, 0.0, 0.0, 0.0, 0.0, 0.0, 0.0, 0.0, 1.0987577583574466, 0.0, 0.0, 0.0, 0.0, 0.0, 1.0987577583574466, 1.0987577583574466, 0.0, 0.0, 0.0, 0.0004571291099885186, 0.0, 0.0, 1.0987577583574466, 0.0, 0.0, 0.0, 0.0, 0.0, 0.0, 0.0, 0.0, 1.0987577583574466, 0.0, 0.0, 0.0, 0.0, 0.0, 1.0987577583574466, 0.0, 0.0, 0.0, 0.0, 0.7705961701426003, 0.0, 0.0, 1.0987577583574466, 0.0, 0.0, 0.0, 0.0, 0.0, 0.0, 0.0, 0.0, 1.0987577583574466, 0.0, 0.0, 0.0, 0.0, 0.0, 1.0987577583574466, 0.0, 0.0, 0.0, 0.0, 0.0, 0.0, 0.0, 1.0987577583574466, 0.0, 0.0, 1.0987577583574466, 0.0, 1.0987577583574466, 0.0, 0.0, 0.0, 0.0, 0.0, 0.0, 0.0, 1.0987577583574466, 0.0, 0.0, 0.0, 1.0987577583574466, 0.0, 0.0, 0.0, 0.0, 1.0987577583574466, 0.0, 0.0, 0.0, 1.0987577583574466, 0.0, 1.0987577583574466, 0.0, 0.0, 1.0987577583574466, 0.0, 0.0, 0.0, 0.0, 0.0, 0.0, 0.0, 0.0, 1.0987577583574466, 0.0, 0.0, 0.0, 0.0, 0.0, 0.0, 0.0, 0.0, 0.0, 1.0987577583574466, 0.0, 0.0, 0.0, 1.0987577583574466, 0.0, 0.0, 0.0, 0.0, 0.0, 0.0, 0.0, 0.0, 1.0987577583574466, 0.0, 0.0, 0.0, 0.0, 0.0, 0.0, 0.0, 0.0, 0.0, 0.0, 0.0, 0.0, 0.0, 1.0987577583574466, 0.0, 0.0, 0.0, 0.0, 0.0, 0.0, 0.0, 0.0, 1.0987577583574466, 0.0, 0.0, 0.0, 0.0, 0.0, 0.0, 0.0, 0.0, 0.0, 0.0, 0.0, 0.0, 0.0, 1.0987577583574466, 0.0, 0.0, 0.0, 0.0, 0.0, 0.0, 0.0, 0.0, 1.0987577583574466, 0.0, 0.0, 0.0, 0.0, 0.0, 0.0, 0.0, 0.0, 0.0, 0.0, 0.0, 0.0, 0.0, 1.0987577583574466, 0.0, 0.0, 0.0, 0.0, 0.0, 0.0, 0.0, 0.0, 1.0987577583574466, 0.0, 0.0, 0.0, 0.0, 0.0, 0.0, 0.0, 0.0, 0.0, 0.0, 0.0, 0.0, 0.0, 1.0987577583574466, 0.0, 0.0, 0.0, 0.0, 0.0, 0.0, 0.0, 0.0, 1.0987577583574466, 0.0, 0.0, 0.0, 0.0, 0.0, 0.0, 0.0, 0.0, 0.0, 0.0, 0.0, 0.0, 0.0, 1.0987577583574466, 0.0, 0.0, 0.0, 0.0, 0.0, 0.0, 0.0, 0.0, 1.0987577583574466, 0.0, 0.0, 0.0, 0.0, 0.0, 0.0, 0.0, 0.0, 0.0, 0.0, 0.0, 1.0987577583574466, 0.0, 0.0, 0.0, 0.0, 0.0, 0.0, 0.0, 0.0, 0.0, 0.0, 1.0987577583574466, 0.0, 0.0, 0.0, 0.0, 0.0, 0.0, 0.0, 0.0, 0.0, 0.0, 0.0, 0.0, 0.0, 0.0, 0.0, 0.0, 0.0, 0.0, 0.0, 0.0, 0.0, 0.0, 1.0987577583574466, 1.0987577583574466, 0.0, 0.0, 0.0, 0.0, 0.0, 0.0, 0.305642725830897, 1.0987577583574466, 0.0, 1.0987577583574466, 0.0, 0.0, 0.0, 0.0, 0.0, 0.0, 0.0, 0.0, 0.0, 0.0, 0.0, 0.0, 1.0987577583574466, 0.0, 0.0, 0.0, 0.0, 0.0, 0.0, 0.007899208212461461, 0.0, 0.0, 1.0987577583574466, 0.0, 0.0, 0.0, 0.0, 0.0, 0.0, 0.0, 0.0, 0.0, 0.0, 0.0, 0.0, 1.0987577583574466, 0.0, 0.0, 0.0, 0.0, 0.0, 0.0, 0.0, 0.0, 0.0, 0.783570326841435, 0.0, 0.0, 0.0, 0.0, 0.0, 0.0, 0.0, 0.0, 0.0, 0.0, 0.0, 0.0, 0.0, 0.0, 0.0, 0.0, 0.0, 0.0, 0.0, 0.0, 0.0, 0.0, 1.0987577583574466, 0.0, 0.0, 0.0, 0.0, 0.0, 0.0, 0.0, 0.0, 0.0, 0.0, 0.0, 0.0, 0.0, 0.0, 0.0, 0.0, 0.0, 0.0, 1.0987577583574466, 0.0, 0.0, 0.0, 1.0987577583574466, 0.0, 0.0, 0.0, 0.0, 0.31818991906935223, 0.0, 0.0, 0.0, 0.0, 0.0, 0.0, 0.0, 1.0987577583574466, 0.0, 0.0, 0.0, 0.0, 0.0, 1.0987577583574466, 0.0, 0.43883693001388563, 0.0, 1.0987577583574466, 0.0, 0.0, 0.0, 1.0987577583574466, 1.0987577583574466, 0.0, 0.0, 0.0, 0.0, 0.0, 0.0, 0.0, 0.0, 0.0, 0.0, 0.0, 0.0, 0.0, 1.0987577583574466, 0.0, 1.0987577583574466, 0.0, 1.0987577583574466, 0.0, 0.0, 0.0, 1.0987577583574466, 0.0, 0.0, 0.0, 0.0, 0.0, 0.0, 0.0, 0.0, 0.0, 0.0, 1.0987577583574466, 0.0, 0.12599444543697527]"
q_heater_dispatch,0.0
pipes_valves_cost,2403.0214115781127
TES_annualized_capex,19121.93087433922
capP_Li,500.0
Li_LCOE_Profits,-0.015017222451865304
capE_Li,3684.210526315789
Li_LCOE_dict,"Dict(""Opex"" => 0.0012080332409972095, ""Charge"" => 0.07975964340080488, ""Fom"" => 0.003903042906588769, ""Profits"" => -0.015017222451865304, ""total"" => 0.15974214406446974, ""Capex"" => 0.07487142451607888, ""Revenue"" => 0.17365133327533722)"
deltaT_salt,277.0
tank_energy_max,8194.322909102775
min_hours,0.0
y_binary_coal,"[0.0, 0.0, 1.0, 0.0, 0.0, 1.0, 0.0, 0.0, 1.0, 1.0, 0.0, 1.0, 0.0, 0.0, 0.0, 0.0, 0.0, 1.0, 0.0, 1.0, 0.0, 1.0, 1.0, 0.0, 0.0, 1.0, 0.0, 0.0, 1.0, 0.0, 0.0, 0.0, 1.0, 0.0, 1.0, 0.0, 0.0, 0.0, 0.0, 0.0, 0.0, 0.0, 1.0, 0.0, 1.0, 1.0, 0.0, 0.0, 1.0, 0.0, 0.0, 1.0, 0.0, 0.0, 0.0, 1.0, 0.0, 1.0, 0.0, 0.0, 0.0, 0.0, 0.0, 0.0, 0.0, 1.0, 0.0, 1.0, 1.0, 0.0, 0.0, 1.0, 0.0, 0.0, 1.0, 0.0, 0.0, 0.0, 1.0, 0.0, 1.0, 0.0, 0.0, 0.0, 0.0, 0.0, 0.0, 0.0, 1.0, 0.0, 1.0, 1.0, 0.0, 0.0, 1.0, 0.0, 0.0, 1.0, 0.0, 0.0, 0.0, 1.0, 0.0, 1.0, 0.0, 0.0, 0.0, 0.0, 0.0, 0.0, 0.0, 1.0, 0.0, 1.0, 1.0, 0.0, 0.0, 1.0, 0.0, 0.0, 1.0, 1.0, 0.0, 0.0, 1.0, 0.0, 1.0, 0.0, 0.0, 0.0, 0.0, 0.0, 0.0, 0.0, 1.0, 0.0, 1.0, 1.0, 0.0, 0.0, 1.0, 0.0, 0.0, 1.0, 1.0, 0.0, 0.0, 1.0, 0.0, 1.0, 0.0, 0.0, 0.0, 0.0, 0.0, 0.0, 0.0, 1.0, 0.0, 1.0, 1.0, 0.0, 0.0, 1.0, 0.0, 0.0, 1.0, 1.0, 0.0, 0.0, 1.0, 0.0, 1.0, 0.0, 0.0, 0.0, 0.0, 0.0, 0.0, 0.0, 1.0, 0.0, 1.0, 1.0, 0.0, 0.0, 1.0, 0.0, 0.0, 0.0, 0.0, 0.0, 0.0, 1.0, 0.0, 1.0, 0.0, 0.0, 0.0, 0.0, 0.0, 0.0, 0.0, 1.0, 0.0, 1.0, 1.0, 0.0, 0.0, 1.0, 0.0, 0.0, 0.0, 0.0, 0.0, 0.0, 1.0, 0.0, 1.0, 0.0, 0.0, 0.0, 0.0, 0.0, 0.0, 0.0, 1.0, 0.0, 0.0, 1.0, 0.0, 0.0, 1.0, 0.0, 0.0, 0.0, 0.0, 0.0, 0.0, 1.0, 0.0, 1.0, 0.0, 0.0, 0.0, 0.0, 0.0, 0.0, 0.0, 1.0, 0.0, 0.0, 1.0, 0.0, 0.0, 1.0, 0.0, 0.0, 0.0, 0.0, 0.0, 0.0, 1.0, 0.0, 1.0, 0.0, 0.0, 0.0, 0.0, 0.0, 0.0, 0.0, 1.0, 0.0, 0.0, 1.0, 0.0, 0.0, 1.0, 0.0, 0.0, 0.0, 0.0, 0.0, 0.0, 1.0, 0.0, 1.0, 0.0, 0.0, 0.0, 0.0, 0.0, 0.0, 0.0, 1.0, 0.0, 0.0, 1.0, 0.0, 0.0, 1.0, 0.0, 0.0, 0.0, 0.0, 0.0, 0.0, 1.0, 0.0, 1.0, 0.0, 0.0, 0.0, 0.0, 0.0, 0.0, 0.0, 1.0, 0.0, 0.0, 1.0, 0.0, 0.0, 1.0, 0.0, 0.0, 0.0, 0.0, 0.0, 0.0, 1.0, 0.0, 1.0, 0.0, 0.0, 0.0, 0.0, 0.0, 0.0, 0.0, 1.0, 0.0, 0.0, 1.0, 0.0, 0.0, 1.0, 0.0, 0.0, 0.0, 0.0, 0.0, 0.0, 1.0, 0.0, 1.0, 0.0, 0.0, 0.0, 0.0, 0.0, 0.0, 0.0, 1.0, 0.0, 0.0, 1.0, 0.0, 0.0, 1.0, 0.0, 0.0, 0.0, 0.0, 0.0, 0.0, 1.0, 0.0, 1.0, 0.0, 0.0, 0.0, 0.0, 0.0, 0.0, 0.0, 1.0, 0.0, 0.0, 1.0, 0.0, 0.0, 1.0, 1.0, 0.0, 0.0, 0.0, 0.0, 0.0, 1.0, 0.0, 1.0, 0.0, 0.0, 0.0, 0.0, 0.0, 0.0, 0.0, 1.0, 0.0, 0.0, 1.0, 0.0, 0.0, 1.0, 1.0, 0.0, 0.0, 0.0, 0.0, 0.0, 1.0, 0.0, 1.0, 0.0, 0.0, 0.0, 0.0, 0.0, 0.0, 0.0, 1.0, 0.0, 0.0, 1.0, 0.0, 0.0, 1.0, 1.0, 0.0, 0.0, 0.0, 0.0, 0.0, 1.0, 0.0, 1.0, 0.0, 0.0, 0.0, 0.0, 0.0, 0.0, 0.0, 1.0, 0.0, 0.0, 1.0, 0.0, 0.0, 1.0, 1.0, 0.0, 0.0, 0.0, 0.0, 0.0, 1.0, 0.0, 1.0, 0.0, 0.0, 0.0, 0.0, 0.0, 0.0, 0.0, 1.0, 0.0, 0.0, 1.0, 0.0, 0.0, 1.0, 1.0, 0.0, 0.0, 0.0, 0.0, 0.0, 1.0, 0.0, 1.0, 0.0, 0.0, 0.0, 0.0, 0.0, 0.0, 0.0, 1.0, 0.0, 0.0, 1.0, 0.0, 0.0, 1.0, 1.0, 0.0, 0.0, 0.0, 0.0, 0.0, 1.0, 0.0, 1.0, 0.0, 0.0, 0.0, 0.0, 0.0, 0.0, 0.0, 1.0, 0.0, 0.0, 1.0, 0.0, 0.0, 1.0, 1.0, 0.0, 0.0, 0.0, 0.0, 0.0, 1.0, 0.0, 1.0, 0.0, 0.0, 0.0, 0.0, 0.0, 0.0, 0.0, 1.0, 0.0, 0.0, 1.0, 0.0, 0.0, 0.0, 1.0, 0.0, 0.0, 0.0, 0.0, 0.0, 1.0, 0.0, 1.0, 0.0, 0.0, 0.0, 0.0, 0.0, 0.0, 0.0, 1.0, 0.0, 0.0, 1.0, 0.0, 0.0, 0.0, 1.0, 0.0, 0.0, 0.0, 0.0, 0.0, 1.0, 0.0, 1.0, 0.0, 0.0, 0.0, 0.0, 0.0, 0.0, 0.0, 1.0, 0.0, 0.0, 1.0, 0.0, 0.0, 0.0, 1.0, 0.0, 0.0, 0.0, 0.0, 0.0, 1.0, 0.0, 1.0, 0.0, 0.0, 0.0, 0.0, 0.0, 0.0, 0.0, 1.0, 0.0, 0.0, 1.0, 1.0, 0.0, 0.0, 1.0, 0.0, 0.0, 0.0, 0.0, 0.0, 1.0, 0.0, 1.0, 0.0, 0.0, 0.0, 0.0, 0.0, 0.0, 0.0, 1.0, 0.0, 0.0, 1.0, 1.0, 0.0, 0.0, 1.0, 0.0, 0.0, 0.0, 0.0, 0.0, 1.0, 0.0, 1.0, 0.0, 0.0, 0.0, 0.0, 0.0, 0.0, 0.0, 1.0, 0.0, 0.0, 1.0, 1.0, 0.0, 0.0, 1.0, 0.0, 0.0, 0.0, 0.0, 0.0, 1.0, 0.0, 1.0, 0.0, 0.0, 0.0, 0.0, 1.0, 0.0, 0.0, 1.0, 0.0, 0.0, 1.0, 1.0, 0.0, 0.0, 1.0, 0.0, 0.0, 0.0, 0.0, 0.0, 1.0, 0.0, 1.0, 0.0, 0.0, 0.0, 0.0, 1.0, 0.0, 0.0, 1.0, 0.0, 0.0, 1.0, 0.0, 0.0, 0.0, 1.0, 0.0, 0.0, 0.0, 0.0, 0.0, 1.0, 0.0, 1.0, 0.0, 0.0, 0.0, 0.0, 1.0, 0.0, 0.0, 1.0, 0.0, 0.0, 1.0, 0.0, 0.0, 0.0, 1.0, 0.0, 0.0, 0.0, 0.0, 0.0, 1.0, 0.0, 1.0, 0.0, 0.0, 0.0, 0.0, 1.0, 0.0, 0.0, 1.0, 0.0, 0.0, 1.0, 0.0, 0.0, 0.0, 1.0, 0.0, 0.0, 0.0, 0.0, 0.0, 1.0, 0.0, 1.0, 0.0, 0.0, 0.0, 0.0, 1.0, 0.0, 0.0, 1.0, 0.0, 0.0, 1.0, 0.0, 0.0, 0.0, 1.0, 0.0, 0.0, 0.0, 0.0, 0.0, 1.0, 0.0, 1.0, 0.0, 0.0, 0.0, 0.0, 1.0, 0.0, 0.0, 1.0, 0.0, 0.0, 1.0, 0.0, 0.0, 0.0, 1.0, 0.0, 0.0, 0.0, 0.0, 0.0, 1.0, 0.0, 1.0, 0.0, 0.0, 0.0, 0.0, 1.0, 0.0, 0.0, 1.0, 0.0, 0.0, 1.0, 0.0, 0.0, 0.0, 1.0, 0.0, 0.0, 0.0, 0.0, 0.0, 1.0, 0.0, 1.0, 0.0, 0.0, 0.0, 0.0, 1.0, 0.0, 0.0, 1.0, 0.0, 0.0, 1.0, 0.0, 0.0, 0.0, 1.0, 0.0, 0.0, 0.0, 0.0, 0.0, 1.0, 0.0, 1.0, 0.0, 0.0, 0.0, 0.0, 1.0, 0.0, 0.0, 1.0, 0.0, 0.0, 1.0, 0.0, 0.0, 0.0, 1.0, 0.0, 0.0, 0.0, 0.0, 0.0, 1.0, 0.0, 1.0, 0.0, 0.0, 0.0, 0.0, 1.0, 0.0, 0.0, 1.0, 0.0, 0.0, 1.0, 0.0, 0.0, 0.0, 1.0, 0.0, 0.0, 0.0, 0.0, 1.0, 1.0, 1.0, 1.0, 0.0, 1.0, 0.0, 0.0, 1.0, 0.0, 0.0, 1.0, 0.0, 0.0, 1.0, 0.0, 0.0, 0.0, 1.0, 0.0, 0.0, 0.0, 0.0, 1.0, 1.0, 1.0, 1.0, 0.0, 1.0, 0.0, 0.0, 1.0, 0.0, 0.0, 1.0, 0.0, 0.0, 1.0, 0.0, 0.0, 0.0, 1.0, 0.0, 0.0, 0.0, 1.0, 1.0, 1.0, 1.0, 1.0, 0.0, 1.0, 0.0, 0.0, 1.0, 0.0, 0.0, 1.0, 0.0, 0.0, 1.0, 0.0, 0.0, 0.0, 1.0, 0.0, 0.0, 0.0, 1.0, 1.0, 1.0, 1.0, 1.0, 0.0, 1.0, 0.0, 0.0, 1.0, 1.0, 0.0, 1.0, 0.0, 0.0, 1.0, 0.0, 0.0, 0.0, 1.0, 0.0, 0.0, 0.0, 1.0, 1.0, 1.0, 1.0, 1.0, 0.0, 1.0, 0.0, 0.0, 1.0, 1.0, 0.0, 1.0, 0.0, 0.0, 1.0, 0.0, 0.0, 0.0, 1.0, 0.0, 0.0, 0.0, 1.0, 1.0, 1.0, 1.0, 1.0, 0.0, 1.0, 0.0, 0.0, 1.0, 1.0, 0.0, 1.0, 0.0, 0.0, 1.0, 0.0, 0.0, 0.0, 1.0, 0.0, 0.0, 0.0, 1.0, 1.0, 1.0, 1.0, 1.0, 0.0, 1.0, 0.0, 0.0, 1.0, 1.0, 0.0, 1.0, 0.0, 0.0, 1.0, 0.0, 0.0, 0.0, 1.0, 0.0, 0.0, 0.0, 1.0, 1.0, 1.0, 1.0, 1.0, 0.0, 1.0, 0.0, 0.0, 1.0, 1.0, 0.0, 1.0, 0.0, 0.0, 1.0, 0.0, 0.0, 0.0, 1.0, 0.0, 0.0, 0.0, 1.0, 1.0, 1.0, 1.0, 1.0, 0.0, 1.0, 0.0, 0.0, 1.0, 1.0, 0.0, 1.0, 0.0, 0.0, 1.0, 0.0, 0.0, 0.0, 1.0, 0.0, 0.0, 1.0, 1.0, 1.0, 1.0, 1.0, 1.0, 0.0, 1.0, 1.0, 0.0, 1.0, 1.0, 0.0, 1.0, 0.0, 0.0, 1.0, 0.0, 0.0, 0.0, 1.0, 0.0, 0.0, 1.0, 1.0, 1.0, 1.0, 1.0, 1.0, 0.0, 1.0, 1.0, 0.0, 1.0, 1.0, 0.0, 1.0, 0.0, 0.0, 1.0, 0.0, 0.0, 0.0, 1.0, 0.0, 0.0, 1.0, 1.0, 1.0, 1.0, 1.0, 1.0, 0.0, 1.0, 1.0, 0.0, 1.0, 1.0, 0.0, 1.0, 0.0, 0.0, 1.0, 0.0, 0.0, 0.0, 1.0, 0.0, 0.0, 1.0, 1.0, 1.0, 1.0, 1.0, 1.0, 0.0, 1.0, 1.0, 0.0, 1.0, 1.0, 0.0, 1.0, 0.0, 0.0, 1.0, 0.0, 0.0, 0.0, 1.0, 0.0, 0.0, 1.0, 1.0, 1.0, 1.0, 1.0, 1.0, 0.0, 1.0, 1.0, 0.0, 1.0, 1.0, 0.0, 1.0, 0.0, 0.0, 1.0, 0.0, 0.0, 0.0, 1.0, 0.0, 0.0, 1.0, 1.0, 1.0, 1.0, 1.0, 1.0, 0.0, 1.0, 1.0, 0.0, 1.0, 1.0, 0.0, 1.0, 0.0, 0.0, 1.0, 0.0, 0.0, 0.0, 1.0, 0.0, 0.0, 1.0, 1.0, 1.0, 1.0, 1.0, 1.0, 0.0, 1.0, 1.0, 0.0, 1.0, 1.0, 0.0, 1.0, 0.0, 0.0, 1.0, 0.0, 0.0, 0.0, 1.0, 0.0, 0.0, 0.0, 1.0, 1.0, 1.0, 1.0, 1.0, 0.0, 1.0, 0.0, 0.0, 1.0, 1.0, 0.0, 1.0, 0.0, 0.0, 1.0, 0.0, 0.0, 0.0, 1.0, 0.0, 0.0, 0.0, 0.0, 1.0, 1.0, 1.0, 1.0, 0.0, 1.0, 0.0, 0.0, 1.0, 1.0, 0.0, 1.0, 0.0, 0.0, 1.0, 0.0, 1.0, 0.0, 1.0, 0.0, 0.0, 0.0, 0.0, 1.0, 1.0, 1.0, 1.0, 0.0, 1.0, 0.0, 0.0, 1.0, 1.0, 0.0, 1.0, 0.0, 0.0, 1.0, 0.0, 1.0, 0.0, 1.0, 0.0, 0.0, 0.0, 0.0, 1.0, 1.0, 0.0, 1.0, 0.0, 1.0, 0.0, 0.0, 1.0, 1.0, 0.0, 1.0, 0.0, 0.0, 1.0, 0.0, 1.0, 0.0, 1.0, 0.0, 0.0, 0.0, 0.0, 1.0, 1.0, 0.0, 1.0, 0.0, 1.0, 0.0, 0.0, 1.0, 1.0, 0.0, 1.0, 0.0, 0.0, 1.0, 0.0, 1.0, 0.0, 1.0, 0.0, 0.0, 0.0, 0.0, 1.0, 1.0, 0.0, 1.0, 0.0, 1.0, 0.0, 0.0, 1.0, 1.0, 0.0, 1.0, 0.0, 0.0, 1.0, 0.0, 1.0, 0.0, 1.0, 0.0, 0.0, 0.0, 0.0, 1.0, 1.0, 0.0, 1.0, 0.0, 1.0, 0.0, 0.0, 1.0, 1.0, 0.0, 1.0, 0.0, 0.0, 1.0, 0.0, 1.0, 0.0, 1.0, 0.0, 0.0, 0.0, 0.0, 1.0, 1.0, 0.0, 1.0, 0.0, 1.0, 0.0, 0.0, 1.0, 1.0, 0.0, 1.0, 0.0, 0.0, 1.0, 0.0, 1.0, 0.0, 1.0, 0.0, 0.0, 0.0, 0.0, 1.0, 1.0, 0.0, 1.0, 0.0, 1.0, 0.0, 0.0, 1.0, 1.0, 0.0, 1.0, 0.0, 0.0, 1.0, 0.0, 1.0, 0.0, 1.0, 0.0, 0.0, 0.0, 0.0, 1.0, 1.0, 0.0, 1.0, 0.0, 1.0, 0.0, 0.0, 1.0, 1.0, 0.0, 1.0, 0.0, 0.0, 1.0, 0.0, 1.0, 0.0, 1.0, 0.0, 0.0, 0.0, 0.0, 1.0, 1.0, 0.0, 1.0, 0.0, 1.0, 0.0, 0.0, 1.0, 1.0, 0.0, 1.0, 0.0, 0.0, 1.0, 0.0, 1.0, 0.0, 1.0, 0.0, 0.0, 0.0, 0.0, 1.0, 1.0, 0.0, 1.0, 0.0, 1.0, 0.0, 0.0, 1.0, 1.0, 0.0, 1.0, 1.0, 0.0, 1.0, 0.0, 1.0, 0.0, 1.0, 0.0, 0.0, 0.0, 0.0, 1.0, 1.0, 0.0, 1.0, 0.0, 1.0, 0.0, 0.0, 1.0, 1.0, 0.0, 1.0, 1.0, 0.0, 1.0, 0.0, 1.0, 0.0, 1.0, 0.0, 0.0, 0.0, 0.0, 1.0, 0.0, 0.0, 1.0, 0.0, 1.0, 0.0, 0.0, 1.0, 1.0, 0.0, 1.0, 1.0, 0.0, 1.0, 0.0, 1.0, 0.0, 1.0, 0.0, 0.0, 0.0, 0.0, 1.0, 0.0, 0.0, 1.0, 0.0, 1.0, 0.0, 0.0, 1.0, 1.0, 0.0, 1.0, 1.0, 0.0, 1.0, 0.0, 1.0, 0.0, 1.0, 0.0, 0.0, 0.0, 0.0, 1.0, 0.0, 0.0, 1.0, 0.0, 1.0, 0.0, 0.0, 1.0, 1.0, 0.0, 1.0, 1.0, 0.0, 1.0, 0.0, 1.0, 0.0, 1.0, 0.0, 0.0, 0.0, 0.0, 1.0, 0.0, 0.0, 1.0, 0.0, 1.0, 0.0, 0.0, 1.0, 1.0, 0.0, 1.0, 1.0, 0.0, 1.0, 0.0, 1.0, 0.0, 1.0, 0.0, 0.0, 0.0, 0.0, 1.0, 0.0, 0.0, 1.0, 0.0, 1.0, 1.0, 0.0, 1.0, 1.0, 0.0, 1.0, 1.0, 0.0, 0.0, 0.0, 0.0, 0.0, 1.0, 0.0, 0.0, 0.0, 0.0, 1.0, 0.0, 0.0, 1.0, 0.0, 1.0, 1.0, 0.0, 1.0, 1.0, 0.0, 1.0, 1.0, 0.0, 0.0, 0.0, 0.0, 0.0, 1.0, 0.0, 0.0, 0.0, 0.0, 1.0, 0.0, 0.0, 1.0, 0.0, 1.0, 1.0, 0.0, 1.0, 1.0, 0.0, 1.0, 1.0, 0.0, 0.0, 0.0, 0.0, 0.0, 1.0, 0.0, 0.0, 0.0, 0.0, 1.0, 0.0, 0.0, 1.0, 0.0, 1.0, 1.0, 0.0, 1.0, 1.0, 0.0, 1.0, 1.0, 0.0, 0.0, 0.0, 0.0, 0.0, 1.0, 0.0, 0.0, 0.0, 0.0, 1.0, 0.0, 0.0, 1.0, 0.0, 1.0, 1.0, 0.0, 1.0, 1.0, 0.0, 1.0, 1.0, 0.0, 0.0, 0.0, 0.0, 0.0, 1.0, 0.0, 0.0, 0.0, 0.0, 1.0, 0.0, 0.0, 1.0, 0.0, 1.0, 1.0, 0.0, 1.0, 1.0, 0.0, 1.0, 1.0, 0.0, 0.0, 0.0, 0.0, 0.0, 1.0, 0.0, 0.0, 0.0, 0.0, 1.0, 0.0, 0.0, 1.0, 0.0, 1.0, 1.0, 0.0, 1.0, 1.0, 0.0, 1.0, 1.0, 0.0, 0.0, 0.0, 0.0, 0.0, 1.0, 0.0, 0.0, 0.0, 0.0, 1.0, 0.0, 0.0, 0.0, 0.0, 1.0, 1.0, 0.0, 1.0, 1.0, 0.0, 1.0, 1.0, 0.0, 0.0, 0.0, 0.0, 0.0, 1.0, 0.0, 0.0, 0.0, 0.0, 1.0, 0.0, 0.0, 0.0, 0.0, 1.0, 1.0, 0.0, 1.0, 1.0, 0.0, 1.0, 1.0, 0.0, 0.0, 0.0, 0.0, 0.0, 1.0, 0.0, 0.0, 0.0, 0.0, 1.0, 0.0, 0.0, 0.0, 0.0, 1.0, 1.0, 0.0, 1.0, 1.0, 0.0, 1.0, 1.0, 0.0, 0.0, 0.0, 0.0, 0.0, 1.0, 0.0, 0.0, 0.0, 0.0, 1.0, 0.0, 0.0, 0.0, 0.0, 1.0, 1.0, 0.0, 1.0, 1.0, 0.0, 1.0, 1.0, 0.0, 0.0, 0.0, 0.0, 0.0, 1.0, 0.0, 0.0, 0.0, 0.0, 1.0, 0.0, 0.0, 0.0, 0.0, 1.0, 1.0, 0.0, 1.0, 1.0, 0.0, 1.0, 1.0, 0.0, 0.0, 0.0, 0.0, 0.0, 1.0, 0.0, 0.0, 0.0, 0.0, 1.0, 0.0, 0.0, 0.0, 0.0, 1.0, 1.0, 0.0, 1.0, 1.0, 0.0, 1.0, 1.0, 0.0, 0.0, 0.0, 0.0, 0.0, 1.0, 0.0, 0.0, 0.0, 0.0, 1.0, 0.0, 0.0, 0.0, 0.0, 1.0, 1.0, 0.0, 1.0, 1.0, 0.0, 1.0, 1.0, 0.0, 0.0, 0.0, 0.0, 0.0, 1.0, 0.0, 0.0, 0.0, 0.0, 1.0, 0.0, 0.0, 0.0, 0.0, 1.0, 1.0, 0.0, 1.0, 1.0, 0.0, 1.0, 1.0, 0.0, 0.0, 0.0, 0.0, 0.0, 1.0, 0.0, 0.0, 0.0, 0.0, 1.0, 0.0, 0.0, 0.0, 0.0, 1.0, 1.0, 0.0, 1.0, 1.0, 0.0, 1.0, 1.0, 0.0, 0.0, 0.0, 0.0, 0.0, 1.0, 0.0, 0.0, 0.0, 0.0, 1.0, 0.0, 0.0, 0.0, 0.0, 1.0, 1.0, 0.0, 1.0, 1.0, 0.0, 1.0, 1.0, 0.0, 0.0, 0.0, 0.0, 0.0, 1.0, 0.0, 0.0, 0.0, 0.0, 1.0, 0.0, 0.0, 0.0, 0.0, 1.0, 1.0, 0.0, 1.0, 1.0, 0.0, 1.0, 1.0, 0.0, 0.0, 0.0, 0.0, 0.0, 1.0, 0.0, 0.0, 0.0, 0.0, 1.0, 0.0, 0.0, 0.0, 0.0, 1.0, 1.0, 0.0, 1.0, 1.0, 0.0, 1.0, 1.0, 0.0, 0.0, 0.0, 0.0, 0.0, 1.0, 0.0, 0.0, 0.0, 0.0, 1.0, 0.0, 0.0, 0.0, 0.0, 1.0, 1.0, 0.0, 1.0, 1.0, 0.0, 1.0, 1.0, 0.0, 0.0, 0.0, 0.0, 0.0, 1.0, 0.0, 0.0, 0.0, 0.0, 1.0, 0.0, 0.0, 0.0, 0.0, 1.0, 1.0, 0.0, 1.0, 1.0, 0.0, 1.0, 1.0, 0.0, 0.0, 0.0, 0.0, 0.0, 1.0, 0.0, 0.0, 0.0, 0.0, 1.0, 0.0, 0.0, 0.0, 0.0, 1.0, 1.0, 0.0, 1.0, 1.0, 0.0, 1.0, 1.0, 0.0, 0.0, 0.0, 0.0, 0.0, 1.0, 0.0, 0.0, 0.0, 0.0, 1.0, 0.0, 0.0, 0.0, 0.0, 1.0, 1.0, 0.0, 1.0, 1.0, 0.0, 1.0, 1.0, 0.0, 0.0, 1.0, 0.0, 0.0, 1.0, 0.0, 0.0, 0.0, 0.0, 1.0, 0.0, 0.0, 0.0, 0.0, 1.0, 1.0, 0.0, 1.0, 1.0, 0.0, 1.0, 1.0, 0.0, 0.0, 1.0, 0.0, 0.0, 1.0, 1.0, 0.0, 0.0, 0.0, 1.0, 0.0, 0.0, 0.0, 0.0, 0.0, 1.0, 0.0, 1.0, 1.0, 0.0, 1.0, 1.0, 0.0, 0.0, 1.0, 0.0, 0.0, 1.0, 1.0, 0.0, 0.0, 0.0, 1.0, 0.0, 0.0, 0.0, 0.0, 0.0, 1.0, 0.0, 1.0, 1.0, 0.0, 1.0, 1.0, 0.0, 0.0, 1.0, 0.0, 0.0, 1.0, 1.0, 0.0, 0.0, 0.0, 1.0, 0.0, 0.0, 0.0, 0.0, 0.0, 1.0, 0.0, 1.0, 1.0, 0.0, 1.0, 1.0, 0.0, 0.0, 1.0, 0.0, 0.0, 1.0, 1.0, 0.0, 0.0, 0.0, 1.0, 0.0, 0.0, 0.0, 0.0, 0.0, 1.0, 0.0, 1.0, 1.0, 0.0, 1.0, 1.0, 0.0, 0.0, 1.0, 0.0, 0.0, 1.0, 1.0, 0.0, 0.0, 0.0, 1.0, 0.0, 0.0, 0.0, 0.0, 0.0, 1.0, 0.0, 1.0, 1.0, 0.0, 1.0, 1.0, 0.0, 0.0, 1.0, 0.0, 0.0, 1.0, 1.0, 0.0, 0.0, 0.0, 1.0, 0.0, 0.0, 0.0, 0.0, 0.0, 1.0, 0.0, 1.0, 1.0, 0.0, 1.0, 1.0, 0.0, 0.0, 1.0, 0.0, 0.0, 1.0, 1.0, 0.0, 0.0, 0.0, 1.0, 0.0, 0.0, 0.0, 0.0, 0.0, 1.0, 0.0, 1.0, 1.0, 0.0, 1.0, 1.0, 0.0, 0.0, 0.0, 0.0, 0.0, 1.0, 1.0, 0.0, 0.0, 0.0, 1.0, 0.0, 0.0, 0.0, 0.0, 0.0, 1.0, 0.0, 1.0, 1.0, 1.0, 1.0, 1.0, 0.0, 0.0, 0.0, 0.0, 0.0, 1.0, 1.0, 0.0, 0.0, 0.0, 1.0, 0.0, 0.0, 0.0, 0.0, 0.0, 1.0, 0.0, 1.0, 1.0, 1.0, 1.0, 1.0, 0.0, 0.0, 0.0, 0.0, 0.0, 1.0, 0.0, 0.0, 0.0, 0.0, 1.0, 0.0, 0.0, 0.0, 0.0, 0.0, 1.0, 0.0, 1.0, 1.0, 1.0, 1.0, 1.0, 0.0, 0.0, 0.0, 0.0, 0.0, 1.0, 0.0, 0.0, 0.0, 0.0, 1.0, 0.0, 0.0, 0.0, 0.0, 0.0, 1.0, 0.0, 1.0, 1.0, 1.0, 1.0, 1.0, 0.0, 0.0, 0.0, 0.0, 0.0, 1.0, 0.0, 0.0, 0.0, 0.0, 1.0, 0.0, 0.0, 0.0, 0.0, 0.0, 1.0, 0.0, 1.0, 1.0, 1.0, 1.0, 1.0, 0.0, 0.0, 0.0, 0.0, 0.0, 1.0, 0.0, 0.0, 0.0, 0.0, 1.0, 0.0, 0.0, 0.0, 0.0, 0.0, 1.0, 0.0, 1.0, 1.0, 1.0, 1.0, 1.0, 0.0, 0.0, 0.0, 0.0, 0.0, 1.0, 0.0, 0.0, 0.0, 0.0, 1.0, 0.0, 0.0, 0.0, 0.0, 0.0, 1.0, 0.0, 1.0, 1.0, 1.0, 1.0, 1.0, 0.0, 0.0, 0.0, 0.0, 0.0, 1.0, 0.0, 0.0, 0.0, 0.0, 1.0, 0.0, 0.0, 0.0, 0.0, 0.0, 1.0, 0.0, 1.0, 1.0, 1.0, 1.0, 1.0, 0.0, 0.0, 0.0, 0.0, 0.0, 1.0, 0.0, 0.0, 0.0, 0.0, 1.0, 0.0, 0.0, 0.0, 0.0, 0.0, 1.0, 0.0, 1.0, 1.0, 1.0, 1.0, 1.0, 0.0, 0.0, 0.0, 0.0, 0.0, 1.0, 0.0, 0.0, 0.0, 0.0, 1.0, 0.0, 0.0, 0.0, 0.0, 0.0, 1.0, 0.0, 1.0, 1.0, 1.0, 1.0, 1.0, 0.0, 0.0, 0.0, 0.0, 0.0, 1.0, 0.0, 0.0, 0.0, 0.0, 1.0, 0.0, 0.0, 1.0, 0.0, 0.0, 1.0, 0.0, 1.0, 1.0, 1.0, 1.0, 1.0, 0.0, 0.0, 0.0, 0.0, 0.0, 0.0, 0.0, 0.0, 0.0, 0.0, 1.0, 0.0, 0.0, 1.0, 0.0, 0.0, 1.0, 0.0, 1.0, 1.0, 1.0, 1.0, 1.0, 0.0, 0.0, 0.0, 0.0, 0.0, 0.0, 0.0, 0.0, 0.0, 0.0, 1.0, 0.0, 0.0, 1.0, 0.0, 0.0, 1.0, 0.0, 1.0, 1.0, 1.0, 1.0, 1.0, 0.0, 0.0, 0.0, 0.0, 0.0, 0.0, 0.0, 0.0, 0.0, 0.0, 1.0, 0.0, 0.0, 1.0, 0.0, 0.0, 1.0, 0.0, 1.0, 1.0, 1.0, 1.0, 1.0, 0.0, 0.0, 0.0, 0.0, 0.0, 0.0, 0.0, 0.0, 0.0, 0.0, 1.0, 0.0, 0.0, 1.0, 0.0, 0.0, 1.0, 0.0, 1.0, 1.0, 1.0, 1.0, 1.0, 0.0, 0.0, 0.0, 0.0, 0.0, 0.0, 0.0, 0.0, 0.0, 0.0, 1.0, 0.0, 0.0, 1.0, 0.0, 0.0, 1.0, 0.0, 1.0, 1.0, 1.0, 1.0, 1.0, 0.0, 0.0, 0.0, 0.0, 0.0, 0.0, 0.0, 0.0, 0.0, 0.0, 1.0, 0.0, 0.0, 1.0, 0.0, 0.0, 1.0, 0.0, 1.0, 1.0, 1.0, 1.0, 1.0, 0.0, 0.0, 0.0, 0.0, 0.0, 0.0, 0.0, 1.0, 0.0, 1.0, 1.0, 0.0, 0.0, 1.0, 0.0, 0.0, 1.0, 0.0, 1.0, 1.0, 1.0, 1.0, 1.0, 0.0, 0.0, 0.0, 0.0, 0.0, 0.0, 0.0, 1.0, 0.0, 1.0, 1.0, 0.0, 0.0, 1.0, 0.0, 0.0, 1.0, 0.0, 0.0, 1.0, 1.0, 1.0, 1.0, 0.0, 0.0, 0.0, 0.0, 0.0, 0.0, 0.0, 1.0, 0.0, 1.0, 1.0, 0.0, 0.0, 1.0, 0.0, 0.0, 1.0, 0.0, 0.0, 1.0, 1.0, 1.0, 1.0, 0.0, 0.0, 0.0, 0.0, 0.0, 0.0, 0.0, 1.0, 0.0, 1.0, 1.0, 0.0, 0.0, 1.0, 0.0, 0.0, 1.0, 0.0, 0.0, 1.0, 1.0, 1.0, 1.0, 0.0, 0.0, 0.0, 0.0, 0.0, 0.0, 0.0, 1.0, 0.0, 1.0, 1.0, 0.0, 0.0, 1.0, 0.0, 0.0, 1.0, 0.0, 0.0, 1.0, 1.0, 1.0, 1.0, 0.0, 0.0, 0.0, 0.0, 0.0, 0.0, 0.0, 1.0, 0.0, 1.0, 1.0, 0.0, 0.0, 1.0, 0.0, 0.0, 1.0, 0.0, 0.0, 1.0, 1.0, 1.0, 1.0, 0.0, 0.0, 0.0, 0.0, 0.0, 0.0, 0.0, 1.0, 0.0, 1.0, 1.0, 0.0, 0.0, 1.0, 0.0, 0.0, 1.0, 0.0, 0.0, 1.0, 1.0, 1.0, 1.0, 0.0, 0.0, 0.0, 0.0, 0.0, 0.0, 0.0, 1.0, 0.0, 1.0, 1.0, 0.0, 0.0, 1.0, 0.0, 0.0, 1.0, 0.0, 0.0, 1.0, 1.0, 1.0, 1.0, 0.0, 0.0, 0.0, 0.0, 0.0, 0.0, 0.0, 1.0, 0.0, 1.0, 1.0, 0.0, 0.0, 1.0, 0.0, 0.0, 1.0, 0.0, 0.0, 1.0, 1.0, 1.0, 1.0, 0.0, 0.0, 0.0, 0.0, 0.0, 0.0, 0.0, 1.0, 0.0, 1.0, 1.0, 0.0, 0.0, 1.0, 0.0, 0.0, 1.0, 0.0, 0.0, 1.0, 1.0, 1.0, 1.0, 0.0, 0.0, 0.0, 0.0, 0.0, 0.0, 0.0, 1.0, 0.0, 1.0, 1.0, 0.0, 0.0, 1.0, 0.0, 0.0, 1.0, 0.0, 0.0, 1.0, 1.0, 1.0, 1.0, 0.0, 0.0, 0.0, 0.0, 0.0, 0.0, 0.0, 1.0, 0.0, 1.0, 1.0, 0.0, 0.0, 1.0, 0.0, 0.0, 1.0, 0.0, 0.0, 1.0, 1.0, 1.0, 1.0, 0.0, 0.0, 0.0, 0.0, 0.0, 0.0, 0.0, 1.0, 0.0, 1.0, 1.0, 0.0, 0.0, 1.0, 0.0, 0.0, 1.0, 0.0, 0.0, 1.0, 1.0, 1.0, 1.0, 0.0, 0.0, 0.0, 0.0, 0.0, 0.0, 0.0, 1.0, 0.0, 1.0, 1.0, 0.0, 0.0, 1.0, 0.0, 0.0, 1.0, 0.0, 0.0, 1.0, 1.0, 1.0, 1.0, 0.0, 0.0, 0.0, 0.0, 0.0, 0.0, 0.0, 1.0, 0.0, 1.0, 1.0, 0.0, 0.0, 1.0, 0.0, 0.0, 1.0, 0.0, 0.0, 1.0, 1.0, 1.0, 1.0, 0.0, 0.0, 0.0, 1.0, 0.0, 0.0, 0.0, 1.0, 0.0, 1.0, 1.0, 0.0, 0.0, 1.0, 0.0, 0.0, 1.0, 0.0, 0.0, 1.0, 1.0, 1.0, 1.0, 0.0, 0.0, 0.0, 1.0, 0.0, 0.0, 0.0, 1.0, 0.0, 1.0, 1.0, 0.0, 0.0, 1.0, 0.0, 0.0, 1.0, 0.0, 0.0, 1.0, 0.0, 1.0, 1.0, 0.0, 0.0, 0.0, 1.0, 0.0, 0.0, 0.0, 1.0, 0.0, 1.0, 1.0, 0.0, 0.0, 1.0, 0.0, 0.0, 1.0, 0.0, 0.0, 1.0, 0.0, 1.0, 1.0, 0.0, 0.0, 0.0, 1.0, 0.0, 0.0, 0.0, 1.0, 0.0, 1.0, 1.0, 0.0, 0.0, 1.0, 0.0, 0.0, 1.0, 0.0, 0.0, 1.0, 0.0, 1.0, 1.0, 0.0, 0.0, 0.0, 1.0, 0.0, 0.0, 0.0, 1.0, 0.0, 1.0, 1.0, 0.0, 0.0, 1.0, 0.0, 0.0, 1.0, 0.0, 0.0, 1.0, 0.0, 1.0, 1.0, 0.0, 0.0, 0.0, 1.0, 0.0, 0.0, 0.0, 1.0, 0.0, 1.0, 1.0, 0.0, 0.0, 1.0, 0.0, 0.0, 1.0, 0.0, 0.0, 1.0, 0.0, 1.0, 1.0, 0.0, 0.0, 0.0, 1.0, 0.0, 0.0, 0.0, 1.0, 0.0, 1.0, 1.0, 0.0, 0.0, 1.0, 0.0, 0.0, 1.0, 0.0, 0.0, 1.0, 0.0, 1.0, 1.0, 0.0, 0.0, 0.0, 1.0, 0.0, 0.0, 0.0, 1.0, 0.0, 1.0, 1.0, 0.0, 0.0, 1.0, 0.0, 0.0, 0.0, 0.0, 0.0, 1.0, 0.0, 1.0, 1.0, 0.0, 0.0, 0.0, 1.0, 0.0, 0.0, 0.0, 1.0, 0.0, 1.0, 1.0, 0.0, 0.0, 1.0, 0.0, 0.0, 0.0, 0.0, 0.0, 1.0, 0.0, 1.0, 1.0, 0.0, 0.0, 0.0, 1.0, 0.0, 0.0, 0.0, 1.0, 0.0, 1.0, 1.0, 0.0, 0.0, 1.0, 0.0, 0.0, 0.0, 0.0, 0.0, 1.0, 0.0, 1.0, 1.0, 0.0, 0.0, 0.0, 1.0, 0.0, 0.0, 0.0, 1.0, 0.0, 1.0, 1.0, 0.0, 0.0, 1.0, 0.0, 0.0, 0.0, 0.0, 0.0, 1.0, 0.0, 1.0, 1.0, 0.0, 0.0, 0.0, 1.0, 0.0, 0.0, 0.0, 1.0, 0.0, 1.0, 1.0, 0.0, 0.0, 1.0, 0.0, 0.0, 0.0, 0.0, 0.0, 1.0, 0.0, 1.0, 1.0, 0.0, 0.0, 0.0, 1.0, 0.0, 0.0, 0.0, 1.0, 0.0, 1.0, 1.0, 0.0, 0.0, 1.0, 0.0, 0.0, 0.0, 0.0, 0.0, 1.0, 0.0, 1.0, 1.0, 0.0, 0.0, 0.0, 1.0, 0.0, 0.0, 0.0, 1.0, 0.0, 1.0, 1.0, 0.0, 0.0, 1.0, 0.0, 0.0, 0.0, 0.0, 0.0, 1.0, 0.0, 1.0, 1.0, 0.0, 0.0, 0.0, 1.0, 0.0, 0.0, 0.0, 1.0, 0.0, 1.0, 1.0, 0.0, 0.0, 1.0, 0.0, 0.0, 0.0, 0.0, 0.0, 1.0, 0.0, 1.0, 1.0, 0.0, 0.0, 0.0, 1.0, 0.0, 0.0, 0.0, 1.0, 0.0, 1.0, 1.0, 0.0, 0.0, 1.0, 0.0, 0.0, 0.0, 0.0, 0.0, 1.0, 0.0, 1.0, 1.0, 0.0, 0.0, 0.0, 1.0, 0.0, 0.0, 0.0, 1.0, 0.0, 1.0, 1.0, 0.0, 0.0, 1.0, 0.0, 0.0, 0.0, 0.0, 0.0, 1.0, 0.0, 1.0, 1.0, 0.0, 0.0, 0.0, 1.0, 0.0, 0.0, 0.0, 1.0, 0.0, 1.0, 1.0, 1.0, 0.0, 1.0, 0.0, 0.0, 0.0, 0.0, 0.0, 1.0, 0.0, 1.0, 1.0, 0.0, 0.0, 0.0, 1.0, 0.0, 0.0, 0.0, 1.0, 0.0, 1.0, 1.0, 1.0, 0.0, 1.0, 0.0, 0.0, 0.0, 0.0, 0.0, 1.0, 0.0, 1.0, 1.0, 0.0, 0.0, 0.0, 1.0, 0.0, 0.0, 0.0, 1.0, 0.0, 1.0, 1.0, 1.0, 0.0, 1.0, 0.0, 0.0, 0.0, 0.0, 0.0, 1.0, 0.0, 1.0, 1.0, 0.0, 0.0, 0.0, 1.0, 0.0, 0.0, 0.0, 1.0, 0.0, 1.0, 1.0, 1.0, 0.0, 1.0, 0.0, 0.0, 0.0, 0.0, 0.0, 1.0, 0.0, 1.0, 1.0, 0.0, 0.0, 0.0, 1.0, 0.0, 0.0, 0.0, 1.0, 0.0, 1.0, 1.0, 1.0, 0.0, 1.0, 0.0, 0.0, 0.0, 0.0, 0.0, 1.0, 0.0, 1.0, 1.0, 0.0, 0.0, 0.0, 1.0, 0.0, 0.0, 0.0, 1.0, 0.0, 1.0, 1.0, 1.0, 0.0, 1.0, 0.0, 0.0, 0.0, 0.0, 0.0, 1.0, 0.0, 1.0, 1.0, 0.0, 0.0, 0.0, 1.0, 0.0, 0.0, 0.0, 1.0, 0.0, 1.0, 1.0, 1.0, 0.0, 1.0, 0.0, 0.0, 0.0, 0.0, 0.0, 1.0, 0.0, 1.0, 1.0, 0.0, 0.0, 0.0, 1.0, 0.0, 0.0, 0.0, 1.0, 0.0, 1.0, 1.0, 1.0, 0.0, 1.0, 0.0, 0.0, 0.0, 0.0, 0.0, 1.0, 0.0, 1.0, 1.0, 0.0, 0.0, 1.0, 0.0, 0.0, 0.0, 0.0, 1.0, 0.0, 1.0, 1.0, 1.0, 0.0, 1.0, 0.0, 0.0, 0.0, 0.0, 0.0, 1.0, 0.0, 1.0, 1.0, 0.0, 0.0, 1.0, 0.0, 0.0, 0.0, 0.0, 1.0, 0.0, 1.0, 1.0, 1.0, 0.0, 1.0, 0.0, 0.0, 0.0, 0.0, 0.0, 1.0, 0.0, 1.0, 1.0, 0.0, 0.0, 1.0, 0.0, 0.0, 0.0, 0.0, 1.0, 0.0, 1.0, 1.0, 1.0, 0.0, 1.0, 0.0, 0.0, 0.0, 0.0, 0.0, 1.0, 0.0, 1.0, 1.0, 0.0, 0.0, 1.0, 0.0, 0.0, 0.0, 0.0, 1.0, 0.0, 1.0, 1.0, 1.0, 0.0, 1.0, 0.0, 0.0, 0.0, 0.0, 0.0, 1.0, 0.0, 1.0, 1.0, 0.0, 0.0, 1.0, 0.0, 0.0, 0.0, 0.0, 1.0, 0.0, 1.0, 1.0, 1.0, 0.0, 1.0, 0.0, 0.0, 0.0, 0.0, 0.0, 1.0, 0.0, 1.0, 1.0, 0.0, 0.0, 1.0, 0.0, 0.0, 0.0, 0.0, 1.0, 0.0, 1.0, 1.0, 1.0, 0.0, 1.0, 0.0, 0.0, 0.0, 0.0, 0.0, 1.0, 0.0, 1.0, 1.0, 0.0, 0.0, 1.0, 0.0, 1.0, 0.0, 0.0, 1.0, 0.0, 1.0, 1.0, 1.0, 0.0, 1.0, 0.0, 0.0, 0.0, 0.0, 0.0, 1.0, 0.0, 1.0, 1.0, 0.0, 0.0, 1.0, 0.0, 1.0, 0.0, 0.0, 1.0, 0.0, 0.0, 1.0, 1.0, 0.0, 1.0, 0.0, 0.0, 0.0, 0.0, 0.0, 1.0, 0.0, 1.0, 0.0, 0.0, 1.0]"
Li_LCOE_Charge,0.07975964340080488
TES_LCOE_Revenue,0.2759855708747168
upgrade_cost,0.0
