first,second
Q_TES_heater_peak,187.17550486758162
q_turbind_dispatch,0.0
subsidy,0.0
TES_LCOE_Capex,0.07770025734540738
lifetime,43.0
Q_ind,0.0
CAPEX_TES_HEN,1108.7518137509808
P_coldpump,84.98526810844098
TES_LCOE_Charge,0.060562163398947565
flowSalt_charge_peak,0.4331563104405758
TES_fom_yr,1027.5504957358373
Li_net_charge_t,"[0.0, 0.0, 0.0, 0.0, 0.0, 0.0, 0.0, 0.0, 0.0, 0.0, 0.0, 0.0, 0.0, 0.0, 0.0, 0.0, 0.0, 0.0, 0.0, 0.0, 0.0, 0.0, 0.0, 0.0, 0.0, 0.0, 0.0, 0.0, 0.0, 0.0, 0.0, 0.0, 0.0, 0.0, 0.0, 0.0, 0.0, 0.0, 0.0, 0.0, 0.0, 0.0, 0.0, 0.0, 0.0, 0.0, 0.0, 0.0, 0.0, 0.0, 0.0, 0.0, 0.0, 0.0, 0.0, 0.0, 0.0, 0.0, 0.0, 0.0, 0.0, 0.0, 0.0, 0.0, 0.0, 0.0, 0.0, 0.0, 0.0, 0.0, 0.0, 0.0, 0.0, 0.0, 0.0, 0.0, 0.0, 0.0, 0.0, 0.0, 0.0, 0.0, 0.0, 0.0, 0.0, 0.0, 0.0, 0.0, 0.0, 0.0, 0.0, 0.0, 0.0, 0.0, 0.0, 0.0, 0.0, 0.0, 0.0, 0.0, 0.0, 0.0, 0.0, 0.0, 0.0, 0.0, 0.0, 0.0, 0.0, 0.0, 0.0, 0.0, 0.0, 0.0, 0.0, 0.0, 0.0, 0.0, 0.0, 0.0, 0.0, 0.0, 0.0, 0.0, 0.0, 0.0, 0.0, 0.0, 0.0, 0.0, 0.0, 0.0, 0.0, 0.0, 0.0, 0.0, 0.0, 0.0, 0.0, 0.0, 0.0, 0.0, 0.0, 0.0, 0.0, 0.0, 0.0, 0.0, 0.0, 0.0, 0.0, 0.0, 0.0, 0.0, 0.0, 0.0, 0.0, 0.0, 0.0, 0.0, 0.0, 0.0, 0.0, 0.0, 0.0, 0.0, 0.0, 0.0, 0.0, 0.0, 0.0, 0.0, 51.315789473684156, 0.0, 0.0, 0.0, 0.0, 0.0, 0.0, 0.0, 51.315789473684156, 0.0, 0.0, 0.0, 51.315789473684156, 51.315789473684156, 51.315789473684156, 67.85714285714288, 51.315789473684156, 0.0, 0.0, 51.315789473684156, 67.85714285714288, 67.85714285714288, 0.0, 67.85714285714288, 0.0, 67.85714285714288, 51.315789473684156, 67.85714285714288, 51.315789473684156, 51.315789473684156, 67.85714285714288, 67.85714285714288, 67.85714285714288, 67.85714285714288, 67.85714285714288, 67.85714285714288, 67.85714285714288, 67.85714285714288, 67.85714285714288, 67.85714285714288, 67.85714285714288, 67.85714285714288, 67.85714285714288, 67.85714285714288, 67.85714285714288, 67.85714285714288, 67.85714285714288, 67.85714285714288, 67.85714285714288, 67.85714285714288, 67.85714285714288, 67.85714285714288, 67.85714285714288, 67.85714285714288, 67.85714285714288, 67.85714285714288, 67.85714285714288, 67.85714285714288, 67.85714285714288, 67.85714285714288, 67.85714285714288, 67.85714285714288, 67.85714285714288, 67.85714285714288, 67.85714285714288, 67.85714285714288, 67.85714285714288, 67.85714285714288, 67.85714285714288, 67.85714285714288, 67.85714285714288, 67.85714285714288, 67.85714285714288, 67.85714285714288, 67.85714285714288, 67.85714285714288, 67.85714285714288, 67.85714285714288, 67.85714285714288, 67.85714285714288, 67.85714285714288, 67.85714285714288, 67.85714285714288, 67.85714285714288, 67.85714285714288, 67.85714285714288, 67.85714285714288, 67.85714285714288, 67.85714285714288, 67.85714285714288, 67.85714285714288, 67.85714285714288, 67.85714285714288, 67.85714285714288, 67.85714285714288, 67.85714285714288, 67.85714285714288, 67.85714285714288, 67.85714285714288, 67.85714285714288, 67.85714285714288, 67.85714285714288, 67.85714285714288, 67.85714285714288, 67.85714285714288, 67.85714285714288, 67.85714285714288, 67.85714285714288, 67.85714285714288, 67.85714285714288, 67.85714285714288, 67.85714285714288, 67.85714285714288, 67.85714285714288, 67.85714285714288, 67.85714285714288, 67.85714285714288, 67.85714285714288, 67.85714285714288, 67.85714285714288, 67.85714285714288, 67.85714285714288, 67.85714285714288, 67.85714285714288, 67.85714285714288, 67.85714285714288, 67.85714285714288, 67.85714285714288, 67.85714285714288, 67.85714285714288, 67.85714285714288, 67.85714285714288, 67.85714285714288, 67.85714285714288, 67.85714285714288, 67.85714285714288, 67.85714285714288, 67.85714285714288, 67.85714285714288, 67.85714285714288, 67.85714285714288, 67.85714285714288, 67.85714285714288, 67.85714285714288, 67.85714285714288, 67.85714285714288, 67.85714285714288, 67.85714285714288, 67.85714285714288, 67.85714285714288, 67.85714285714288, 67.85714285714288, 67.85714285714288, 67.85714285714288, 67.85714285714288, 67.85714285714288, 67.85714285714288, 67.85714285714288, 67.85714285714288, 67.85714285714288, 67.85714285714288, 67.85714285714288, 67.85714285714288, 67.85714285714288, 67.85714285714288, 67.85714285714288, 67.85714285714288, 67.85714285714288, 67.85714285714288, 67.85714285714288, 67.85714285714288, 67.85714285714288, 67.85714285714288, 67.85714285714288, 67.85714285714288, 67.85714285714288, 51.315789473684156, 67.85714285714288, 67.85714285714288, 67.85714285714288, 67.85714285714288, 51.315789473684156, 51.315789473684156, 51.315789473684156, 0.0, 67.85714285714288, 51.315789473684156, 67.85714285714288, 51.315789473684156, 67.85714285714288, 67.85714285714288, 51.315789473684156, 0.0, 51.315789473684156, 51.315789473684156, 51.315789473684156, 0.0, 0.0, 0.0, 0.0, 0.0, 51.315789473684156, 51.315789473684156, 0.0, 0.0, 0.0, 67.85714285714288, 0.0, 51.315789473684156, 0.0, 0.0, 0.0, 0.0, 0.0, 0.0, 0.0, 0.0, 0.0, 0.0, 0.0, 0.0, 0.0, 0.0, 0.0, 0.0, 0.0, 0.0, 0.0, 0.0, 0.0, 0.0, 0.0, 0.0, 0.0, 0.0, 0.0, 0.0, 0.0, 0.0, 0.0, 0.0, 0.0, 0.0, 0.0, 0.0, 0.0, 0.0, 0.0, 0.0, 0.0, 0.0, 0.0, 0.0, 0.0, 0.0, 0.0, 0.0, 0.0, 0.0, 0.0, 0.0, 0.0, 0.0, 0.0, 0.0, 0.0, 0.0, 0.0, 0.0, 0.0, 0.0, 0.0, 0.0, 0.0, 0.0, 0.0, 0.0, 0.0, 0.0, 0.0, 0.0, 0.0, 0.0, 0.0, 0.0, 0.0, 0.0, 0.0, 0.0, 0.0, 0.0, 0.0, 0.0, 0.0, 0.0, 0.0, 0.0, 0.0, 0.0, 0.0, 0.0, 0.0, 0.0, 0.0, 0.0, 0.0, 0.0, 0.0, 0.0, 0.0, 0.0, 0.0, 0.0, 0.0, 0.0, 0.0, 0.0, 0.0, 0.0, 0.0, 0.0, 0.0, 0.0, 0.0, 0.0, 0.0, 0.0, 0.0, 0.0, 0.0, 0.0, 0.0, 0.0, 0.0, 0.0, 0.0, 0.0, 0.0, 0.0, 0.0, 0.0, 0.0, 0.0, 0.0, 0.0, 0.0, 0.0, 0.0, 0.0, 0.0, 0.0, 0.0, 0.0, 0.0, 0.0, 0.0, 0.0, 0.0, 0.0, 0.0, 0.0, 0.0, 0.0, 0.0, 0.0, 0.0, 0.0, 0.0, 0.0, 0.0, 0.0, 0.0, 0.0, 0.0, 0.0, 0.0, 0.0, 29.323308270676847, 0.0, 0.0, 0.0, 0.0, 0.0, 0.0, 0.0, 0.0, 0.0, 0.0, 0.0, 0.0, 0.0, 0.0, 0.0, 0.0, 0.0, 0.0, 0.0, 0.0, 0.0, 0.0, 67.85714285714288, 0.0, 0.0, 67.85714285714288, 0.0, 0.0, 0.0, 0.0, 0.0, 0.0, 0.0, 0.0, 0.0, 0.0, 0.0, 0.0, 0.0, 0.0, 0.0, 0.0, 0.0, 0.0, 0.0, 67.85714285714288, 0.0, 0.0, 67.85714285714288, 0.0, 0.0, 0.0, 0.0, 0.0, 0.0, 0.0, 0.0, 0.0, 0.0, 0.0, 0.0, 0.0, 0.0, 0.0, 0.0, 0.0, 0.0, 0.0, 67.85714285714288, 0.0, 0.0, 67.85714285714288, 0.0, 0.0, 0.0, 0.0, 0.0, 0.0, 0.0, 0.0, 0.0, 0.0, 0.0, 0.0, 0.0, 0.0, 0.0, 0.0, 7.330827067669182, 0.0, 0.0, 67.85714285714288, 0.0, 0.0, 0.0, 0.0, 0.0, 0.0, 0.0, 0.0, 0.0, 0.0, 0.0, 0.0, 0.0, 0.0, 0.0, 0.0, 0.0, 0.0, 0.0, 67.85714285714288, 0.0, 0.0, 0.0, 0.0, 0.0, 0.0, 0.0, 0.0, 0.0, 0.0, 0.0, 0.0, 0.0, 0.0, 0.0, 0.0, 0.0, 0.0, 0.0, 0.0, 0.0, 0.0, 0.0, 0.0, 0.0, 0.0, 0.0, 0.0, 0.0, 0.0, 0.0, 0.0, 0.0, 0.0, 0.0, 0.0, 0.0, 0.0, 0.0, 0.0, 0.0, 0.0, 0.0, 0.0, 0.0, 0.0, 0.0, 0.0, 0.0, 0.0, 0.0, 0.0, 0.0, 0.0, 0.0, 0.0, 0.0, 0.0, 0.0, 0.0, 0.0, 0.0, 0.0, 0.0, 51.315789473684156, 0.0, 0.0, 0.0, 0.0, 0.0, 0.0, 0.0, 0.0, 0.0, 0.0, 51.315789473684156, 51.315789473684156, 67.85714285714288, 51.315789473684156, 67.85714285714288, 67.85714285714288, 51.315789473684156, 67.85714285714288, 51.315789473684156, 67.85714285714288, 67.85714285714288, 0.0, 67.85714285714288, 67.85714285714288, 67.85714285714288, 51.315789473684156, 51.315789473684156, 51.315789473684156, 67.85714285714288, 67.85714285714288, 67.85714285714288, 51.315789473684156, 67.85714285714288, 67.85714285714288, 67.85714285714288, 67.85714285714288, 67.85714285714288, 67.85714285714288, 67.85714285714288, 67.85714285714288, 67.85714285714288, 67.85714285714288, 67.85714285714288, 67.85714285714288, 67.85714285714288, 67.85714285714288, 67.85714285714288, 67.85714285714288, 67.85714285714288, 67.85714285714288, 67.85714285714288, 67.85714285714288, 67.85714285714288, 67.85714285714288, 67.85714285714288, 67.85714285714288, 67.85714285714288, 67.85714285714288, 67.85714285714288, 67.85714285714288, 67.85714285714288, 67.85714285714288, 67.85714285714288, 67.85714285714288, 67.85714285714288, 67.85714285714288, 67.85714285714288, 67.85714285714288, 67.85714285714288, 67.85714285714288, 67.85714285714288, 67.85714285714288, 67.85714285714288, 67.85714285714288, 67.85714285714288, 67.85714285714288, 67.85714285714288, 67.85714285714288, 67.85714285714288, 67.85714285714288, 67.85714285714288, 67.85714285714288, 67.85714285714288, 67.85714285714288, 67.85714285714288, 67.85714285714288, 67.85714285714288, 67.85714285714288, 67.85714285714288, 67.85714285714288, 67.85714285714288, 67.85714285714288, 67.85714285714288, 67.85714285714288, 67.85714285714288, 67.85714285714288, 67.85714285714288, 67.85714285714288, 67.85714285714288, 67.85714285714288, 67.85714285714288, 67.85714285714288, 67.85714285714288, 67.85714285714288, 67.85714285714288, 67.85714285714288, 67.85714285714288, 67.85714285714288, 67.85714285714288, 67.85714285714288, 67.85714285714288, 0.0, 67.85714285714288, 67.85714285714288, 67.85714285714288, 67.85714285714288, 67.85714285714288, 67.85714285714288, 67.85714285714288, 67.85714285714288, 67.85714285714288, 67.85714285714288, 67.85714285714288, 67.85714285714288, 67.85714285714288, 67.85714285714288, 67.85714285714288, 67.85714285714288, 67.85714285714288, 67.85714285714288, 67.85714285714288, 67.85714285714288, 67.85714285714288, 67.85714285714288, 0.0, 67.85714285714288, 67.85714285714288, 67.85714285714288, 67.85714285714288, 67.85714285714288, 67.85714285714288, 67.85714285714288, 67.85714285714288, 67.85714285714288, 67.85714285714288, 67.85714285714288, 67.85714285714288, 67.85714285714288, 67.85714285714288, 67.85714285714288, 67.85714285714288, 67.85714285714288, 67.85714285714288, 67.85714285714288, 67.85714285714288, 67.85714285714288, 67.85714285714288, 0.0, 67.85714285714288, 67.85714285714288, 67.85714285714288, 67.85714285714288, 67.85714285714288, 67.85714285714288, 67.85714285714288, 67.85714285714288, 67.85714285714288, 67.85714285714288, 67.85714285714288, 67.85714285714288, 67.85714285714288, 67.85714285714288, 67.85714285714288, 51.315789473684156, 67.85714285714288, 51.315789473684156, 51.315789473684156, 67.85714285714288, 51.315789473684156, 67.85714285714288, 0.0, 51.315789473684156, 67.85714285714288, 0.0, 51.315789473684156, 51.315789473684156, 67.85714285714288, 67.85714285714288, 67.85714285714288, 0.0, 51.315789473684156, 51.315789473684156, 67.85714285714288, 0.0, 0.0, 0.0, 0.0, 0.0, 0.0, 0.0, 0.0, 0.0, 0.0, 0.0, 0.0, 51.315789473684156, 0.0, 0.0, 0.0, 0.0, 0.0, 0.0, 51.315789473684156, 0.0, 0.0, 0.0, 0.0, 0.0, 0.0, 0.0, 0.0, 0.0, 0.0, 0.0, 0.0, 0.0, 0.0, 0.0, 0.0, 0.0, 0.0, 0.0, 0.0, 0.0, 0.0, 0.0, 0.0, 0.0, 0.0, 0.0, 0.0, 0.0, 0.0, 1.1967035549643792e-13, 0.0, 0.0, 0.0, 0.0, 0.0, 0.0, 0.0, 0.0, 0.0, 0.0, 0.0, 0.0, 0.0, 0.0, 0.0, 0.0, 0.0, 0.0, 0.0, 0.0, 0.0, 0.0, 0.0, 0.0, 0.0, 0.0, 0.0, 0.0, 0.0, 0.0, 0.0, 0.0, 0.0, 0.0, 0.0, 0.0, 0.0, 0.0, 0.0, 0.0, 0.0, 0.0, 0.0, 0.0, 0.0, 0.0, 0.0, 0.0, 0.0, 0.0, 0.0, 0.0, 0.0, 0.0, 0.0, 0.0, 0.0, 0.0, 0.0, 0.0, 0.0, 0.0, 0.0, 0.0, 0.0, 0.0, 0.0, 0.0, 0.0, 0.0, 0.0, 0.0, 0.0, 0.0, 0.0, 0.0, 0.0, 0.0, 0.0, 0.0, 0.0, 0.0, 0.0, 0.0, 0.0, 0.0, 0.0, 0.0, 0.0, 0.0, 0.0, 0.0, 0.0, 0.0, 0.0, 0.0, 0.0, 0.0, 0.0, 0.0, 0.0, 0.0, 0.0, 0.0, 0.0, 0.0, 0.0, 0.0, 0.0, 0.0, 0.0, 0.0, 0.0, 0.0, 0.0, 0.0, 0.0, 0.0, 0.0, 0.0, 0.0, 0.0, 0.0, 0.0, 0.0, 0.0, 0.0, 0.0, 0.0, 0.0, 0.0, 0.0, 0.0, 0.0, 0.0, 0.0, 0.0, 0.0, 0.0, 0.0, 0.0, 0.0, 0.0, 0.0, 0.0, 0.0, 0.0, 0.0, 0.0, 0.0, 0.0, 0.0, 0.0, 0.0, 0.0, 0.0, 0.0, 0.0, 0.0, 0.0, 0.0, 0.0, 0.0, 0.0, 0.0, 0.0, 0.0, 0.0, 0.0, 0.0, 0.0, 0.0, 0.0, 0.0, 0.0, 0.0, 0.0, 0.0, 0.0, 0.0, 0.0, 0.0, 0.0, 0.0, 0.0, 67.85714285714288, 0.0, 0.0, 0.0, 0.0, 0.0, 0.0, 0.0, 0.0, 0.0, 0.0, 0.0, 0.0, 0.0, 0.0, 0.0, 0.0, 0.0, 0.0, 0.0, 0.0, 0.0, 0.0, 0.0, 0.0, 0.0, 0.0, 0.0, 0.0, 0.0, 0.0, 0.0, 0.0, 0.0, 0.0, 0.0, 0.0, 0.0, 0.0, 0.0, 7.330827067669182, 0.0, 0.0, 0.0, 0.0, 0.0, 0.0, 0.0, 0.0, 0.0, 0.0, 0.0, 0.0, 0.0, 0.0, 0.0, 0.0, 0.0, 0.0, 0.0, 0.0, 0.0, 0.0, 67.85714285714288, 0.0, 0.0, 0.0, 0.0, 0.0, 0.0, 0.0, 0.0, 0.0, 0.0, 0.0, 0.0, 0.0, 0.0, 0.0, 0.0, 0.0, 0.0, 0.0, 0.0, 0.0, 0.0, 0.0, 0.0, 0.0, 0.0, 0.0, 0.0, 67.85714285714288, 0.0, 0.0, 0.0, 0.0, 0.0, 0.0, 0.0, 0.0, 0.0, 0.0, 0.0, 0.0, 0.0, 0.0, 0.0, 0.0, 0.0, 0.0, 0.0, 0.0, 51.315789473684156, 0.0, 0.0, 0.0, 0.0, 0.0, 0.0, 0.0, 0.0, 0.0, 0.0, 0.0, 0.0, 0.0, 0.0, 0.0, 0.0, 0.0, 0.0, 0.0, 51.315789473684156, 51.315789473684156, 67.85714285714288, 67.85714285714288, 67.85714285714288, 0.0, 51.315789473684156, 51.315789473684156, 67.85714285714288, 67.85714285714288, 67.85714285714288, 0.0, 67.85714285714288, 67.85714285714288, 67.85714285714288, 51.315789473684156, 51.315789473684156, 51.315789473684156, 0.0, 51.315789473684156, 67.85714285714288, 51.315789473684156, 67.85714285714288, 67.85714285714288, 67.85714285714288, 67.85714285714288, 67.85714285714288, 67.85714285714288, 0.0, 67.85714285714288, 67.85714285714288, 67.85714285714288, 67.85714285714288, 67.85714285714288, 67.85714285714288, 67.85714285714288, 67.85714285714288, 67.85714285714288, 67.85714285714288, 67.85714285714288, 67.85714285714288, 67.85714285714288, 67.85714285714288, 67.85714285714288, 67.85714285714288, 67.85714285714288, 67.85714285714288, 67.85714285714288, 67.85714285714288, 67.85714285714288, 67.85714285714288, 67.85714285714288, 67.85714285714288, 67.85714285714288, 67.85714285714288, 67.85714285714288, 67.85714285714288, 67.85714285714288, 67.85714285714288, 67.85714285714288, 67.85714285714288, 67.85714285714288, 67.85714285714288, 67.85714285714288, 67.85714285714288, 67.85714285714288, 67.85714285714288, 67.85714285714288, 67.85714285714288, 67.85714285714288, 67.85714285714288, 67.85714285714288, 67.85714285714288, 67.85714285714288, 0.0, 67.85714285714288, 67.85714285714288, 67.85714285714288, 67.85714285714288, 67.85714285714288, 67.85714285714288, 67.85714285714288, 67.85714285714288, 67.85714285714288, 67.85714285714288, 67.85714285714288, 67.85714285714288, 67.85714285714288, 67.85714285714288, 67.85714285714288, 67.85714285714288, 67.85714285714288, 67.85714285714288, 67.85714285714288, 67.85714285714288, 67.85714285714288, 67.85714285714288, 0.0, 67.85714285714288, 67.85714285714288, 67.85714285714288, 0.0, 67.85714285714288, 67.85714285714288, 67.85714285714288, 67.85714285714288, 67.85714285714288, 67.85714285714288, 67.85714285714288, 67.85714285714288, 67.85714285714288, 67.85714285714288, 67.85714285714288, 67.85714285714288, 67.85714285714288, 67.85714285714288, 67.85714285714288, 67.85714285714288, 67.85714285714288, 67.85714285714288, 0.0, 67.85714285714288, 67.85714285714288, 67.85714285714288, 0.0, 67.85714285714288, 67.85714285714288, 67.85714285714288, 67.85714285714288, 67.85714285714288, 67.85714285714288, 67.85714285714288, 67.85714285714288, 67.85714285714288, 67.85714285714288, 67.85714285714288, 67.85714285714288, 67.85714285714288, 67.85714285714288, 67.85714285714288, 67.85714285714288, 67.85714285714288, 67.85714285714288, 67.85714285714288, 67.85714285714288, 67.85714285714288, 67.85714285714288, 0.0, 67.85714285714288, 67.85714285714288, 67.85714285714288, 67.85714285714288, 67.85714285714288, 67.85714285714288, 67.85714285714288, 67.85714285714288, 67.85714285714288, 67.85714285714288, 67.85714285714288, 67.85714285714288, 67.85714285714288, 67.85714285714288, 67.85714285714288, 51.315789473684156, 0.0, 51.315789473684156, 0.0, 67.85714285714288, 67.85714285714288, 51.315789473684156, 36.65413533834591, 51.315789473684156, 67.85714285714288, 51.315789473684156, 51.315789473684156, 51.315789473684156, 67.85714285714288, 67.85714285714288, 67.85714285714288, 67.85714285714288, 67.85714285714288, 51.315789473684156, 67.85714285714288, 51.315789473684156, 0.0, 0.0, 0.0, 0.0, 0.0, 0.0, 0.0, 0.0, 0.0, 67.85714285714288, 0.0, 51.315789473684156, 0.0, 0.0, 0.0, 0.0, 0.0, 0.0, 51.315789473684156, 0.0, 0.0, 0.0, 0.0, 0.0, 0.0, 0.0, 0.0, 0.0, 0.0, 0.0, 0.0, 0.0, 0.0, 0.0, 0.0, 0.0, 0.0, 0.0, 0.0, 0.0, 0.0, 0.0, 0.0, 0.0, 0.0, 0.0, 0.0, 0.0, 0.0, 0.0, 0.0, 67.85714285714288, 0.0, 0.0, 0.0, 0.0, 0.0, 0.0, 0.0, 0.0, 0.0, 0.0, 0.0, 0.0, 0.0, 0.0, 0.0, 0.0, 0.0, 0.0, 0.0, 0.0, 0.0, 0.0, 0.0, 0.0, 0.0, 0.0, 0.0, 0.0, 0.0, 0.0, 0.0, 0.0, 0.0, 0.0, 0.0, 0.0, 0.0, 0.0, 0.0, 0.0, 0.0, 0.0, 0.0, 0.0, 0.0, 0.0, 0.0, 0.0, 0.0, 0.0, 0.0, 0.0, 0.0, 0.0, 0.0, 0.0, 0.0, 0.0, 0.0, 0.0, 0.0, 0.0, 0.0, 0.0, 0.0, 0.0, 0.0, 0.0, 67.85714285714288, 0.0, 0.0, 0.0, 0.0, 0.0, 0.0, 0.0, 0.0, 0.0, 0.0, 0.0, 0.0, 0.0, 0.0, 0.0, 0.0, 0.0, 0.0, 0.0, 0.0, 0.0, 0.0, 51.315789473684156, 0.0, 0.0, 0.0, 0.0, 0.0, 0.0, 0.0, 0.0, 0.0, 0.0, 0.0, 0.0, 0.0, 0.0, 0.0, 0.0, 0.0, 0.0, 0.0, 0.0, 0.0, 0.0, 67.85714285714288, 0.0, 0.0, 0.0, 0.0, 0.0, 0.0, 0.0, 0.0, 0.0, 0.0, 0.0, 0.0, 0.0, 0.0, 0.0, 0.0, 0.0, 0.0, 0.0, 0.0, 0.0, 0.0, 0.0, 0.0, 0.0, 0.0, 0.0, 0.0, 0.0, 0.0, 0.0, 0.0, 0.0, 0.0, 0.0, 0.0, 0.0, 0.0, 0.0, 0.0, 0.0, 0.0, 0.0, 0.0, 0.0, 0.0, 0.0, 0.0, 0.0, 0.0, 0.0, 0.0, 0.0, 0.0, 0.0, 0.0, 0.0, 0.0, 0.0, 0.0, 0.0, 0.0, 67.85714285714288, 0.0, 0.0, 0.0, 0.0, 0.0, 0.0, 0.0, 0.0, 0.0, 0.0, 0.0, 0.0, 0.0, 0.0, 0.0, 0.0, 0.0, 0.0, 0.0, 0.0, 0.0, 0.0, 51.315789473684156, 0.0, 0.0, 0.0, 0.0, 0.0, 0.0, 0.0, 0.0, 0.0, 0.0, 0.0, 0.0, 0.0, 0.0, 0.0, 0.0, 0.0, 0.0, 0.0, 7.330827067669182, 0.0, 0.0, 0.0, 0.0, 0.0, 0.0, 0.0, 0.0, 0.0, 0.0, 0.0, 0.0, 0.0, 0.0, 0.0, 0.0, 0.0, 0.0, 0.0, 0.0, 0.0, 0.0, 67.85714285714288, 0.0, 0.0, 0.0, 0.0, 0.0, 0.0, 0.0, 0.0, 0.0, 0.0, 0.0, 0.0, 0.0, 0.0, 0.0, 0.0, 0.0, 0.0, 0.0, 0.0, 0.0, 0.0, 0.0, 0.0, 0.0, 0.0, 0.0, 0.0, 0.0, 0.0, 0.0, 0.0, 0.0, 0.0, 0.0, 0.0, 0.0, 0.0, 0.0, 0.0, 0.0, 0.0, 0.0, 0.0, 0.0, 0.0, 0.0, 0.0, 0.0, 0.0, 0.0, 0.0, 0.0, 51.315789473684156, 0.0, 0.0, 0.0, 0.0, 51.315789473684156, 0.0, 0.0, 0.0, 0.0, 0.0, 0.0, 0.0, 0.0, 0.0, 0.0, 0.0, 0.0, 0.0, 51.315789473684156, 51.315789473684156, 67.85714285714288, 67.85714285714288, 67.85714285714288, 67.85714285714288, 51.315789473684156, 51.315789473684156, 0.0, 67.85714285714288, 67.85714285714288, 0.0, 67.85714285714288, 67.85714285714288, 67.85714285714288, 67.85714285714288, 51.315789473684156, 67.85714285714288, 0.0, 51.315789473684156, 67.85714285714288, 67.85714285714288, 0.0, 67.85714285714288, 67.85714285714288, 67.85714285714288, 67.85714285714288, 67.85714285714288, 67.85714285714288, 67.85714285714288, 67.85714285714288, 67.85714285714288, 67.85714285714288, 67.85714285714288, 67.85714285714288, 67.85714285714288, 67.85714285714288, 67.85714285714288, 67.85714285714288, 67.85714285714288, 67.85714285714288, 67.85714285714288, 67.85714285714288, 67.85714285714288, 67.85714285714288, 67.85714285714288, 67.85714285714288, 67.85714285714288, 67.85714285714288, 67.85714285714288, 67.85714285714288, 67.85714285714288, 67.85714285714288, 67.85714285714288, 67.85714285714288, 67.85714285714288, 67.85714285714288, 67.85714285714288, 67.85714285714288, 67.85714285714288, 67.85714285714288, 67.85714285714288, 67.85714285714288, 67.85714285714288, 67.85714285714288, 67.85714285714288, 67.85714285714288, 67.85714285714288, 67.85714285714288, 67.85714285714288, 67.85714285714288, 67.85714285714288, 67.85714285714288, 67.85714285714288, 67.85714285714288, 67.85714285714288, 67.85714285714288, 67.85714285714288, 67.85714285714288, 67.85714285714288, 67.85714285714288, 67.85714285714288, 67.85714285714288, 67.85714285714288, 67.85714285714288, 67.85714285714288, 67.85714285714288, 67.85714285714288, 67.85714285714288, 67.85714285714288, 67.85714285714288, 67.85714285714288, 67.85714285714288, 67.85714285714288, 67.85714285714288, 67.85714285714288, 67.85714285714288, 67.85714285714288, 67.85714285714288, 67.85714285714288, 67.85714285714288, 67.85714285714288, 67.85714285714288, 67.85714285714288, 67.85714285714288, 67.85714285714288, 67.85714285714288, 67.85714285714288, 67.85714285714288, 67.85714285714288, 67.85714285714288, 67.85714285714288, 67.85714285714288, 67.85714285714288, 67.85714285714288, 67.85714285714288, 67.85714285714288, 67.85714285714288, 67.85714285714288, 67.85714285714288, 67.85714285714288, 67.85714285714288, 67.85714285714288, 67.85714285714288, 67.85714285714288, 67.85714285714288, 67.85714285714288, 67.85714285714288, 67.85714285714288, 67.85714285714288, 67.85714285714288, 67.85714285714288, 67.85714285714288, 67.85714285714288, 67.85714285714288, 67.85714285714288, 67.85714285714288, 67.85714285714288, 67.85714285714288, 67.85714285714288, 67.85714285714288, 67.85714285714288, 67.85714285714288, 67.85714285714288, 67.85714285714288, 67.85714285714288, 67.85714285714288, 67.85714285714288, 67.85714285714288, 67.85714285714288, 67.85714285714288, 67.85714285714288, 67.85714285714288, 67.85714285714288, 67.85714285714288, 67.85714285714288, 67.85714285714288, 67.85714285714288, 67.85714285714288, 67.85714285714288, 67.85714285714288, 67.85714285714288, 67.85714285714288, 51.315789473684156, 51.315789473684156, 0.0, 51.315789473684156, 67.85714285714288, 67.85714285714288, 67.85714285714288, 0.0, 51.315789473684156, 67.85714285714288, 51.315789473684156, 51.315789473684156, 51.315789473684156, 51.315789473684156, 67.85714285714288, 51.315789473684156, 67.85714285714288, 67.85714285714288, 51.315789473684156, 51.315789473684156, 0.0, 0.0, 0.0, 0.0, 0.0, 0.0, 0.0, 0.0, 0.0, 51.315789473684156, 0.0, 0.0, 51.315789473684156, 0.0, 0.0, 0.0, 0.0, 0.0, 0.0, 51.315789473684156, 0.0, 0.0, 0.0, 0.0, 0.0, 0.0, 0.0, 0.0, 0.0, 0.0, 0.0, 0.0, 0.0, 0.0, 0.0, 0.0, 0.0, 0.0, 0.0, 0.0, 0.0, 0.0, 0.0, 0.0, 0.0, 0.0, 0.0, 0.0, 0.0, 0.0, 0.0, 0.0, 0.0, 0.0, 0.0, 0.0, 0.0, 0.0, 0.0, 0.0, 0.0, 0.0, 0.0, 0.0, 0.0, 0.0, 0.0, 0.0, 0.0, 0.0, 0.0, 0.0, 0.0, 0.0, 0.0, 0.0, 0.0, 0.0, 0.0, 0.0, 0.0, 0.0, 0.0, 0.0, 0.0, 0.0, 0.0, 0.0, 0.0, 0.0, 0.0, 0.0, 0.0, 0.0, 0.0, 0.0, 0.0, 0.0, 0.0, 0.0, 0.0, 0.0, 0.0, 0.0, 0.0, 0.0, 0.0, 0.0, 0.0, 0.0, 0.0, 0.0, 0.0, 0.0, 0.0, 0.0, 0.0, 0.0, 0.0, 0.0, 0.0, 0.0, 0.0, 0.0, 0.0, 0.0, 0.0, 0.0, 0.0, 0.0, 0.0, 0.0, 0.0, 0.0, 0.0, 0.0, 0.0, 0.0, 0.0, 0.0, 0.0, 0.0, 0.0, 0.0, 0.0, 0.0, 0.0, 0.0, 0.0, 0.0, 0.0, 0.0, 0.0, 0.0, 0.0, 0.0, 0.0, 0.0, 0.0, 0.0, 0.0, 0.0, 0.0, 0.0, 0.0, 0.0, 0.0, 0.0, 0.0, 0.0, 0.0, 0.0, 0.0, 0.0, 0.0, 0.0, 0.0, 0.0, 0.0, 0.0, 0.0, 0.0, 0.0, 0.0, 0.0, 0.0, 0.0, 0.0, 0.0, 0.0, 0.0, 0.0, 0.0, 0.0, 0.0, 0.0, 0.0, 0.0, 0.0, 0.0, 0.0, 0.0, 0.0, 0.0, 0.0, 0.0, 0.0, 0.0, 0.0, 1.1967035549643792e-13, 0.0, 0.0, 0.0, 0.0, 0.0, 0.0, 0.0, 0.0, 0.0, 0.0, 0.0, 0.0, 0.0, 0.0, 0.0, 0.0, 0.0, 0.0, 0.0, 0.0, 0.0, 0.0, 14.661654135338363, 0.0, 0.0, 0.0, 0.0, 0.0, 0.0, 0.0, 0.0, 0.0, 0.0, 0.0, 0.0, 0.0, 0.0, 0.0, 0.0, 0.0, 0.0, 0.0, 0.0, 0.0, 0.0, 67.85714285714288, 0.0, 0.0, 0.0, 0.0, 0.0, 0.0, 0.0, 0.0, 0.0, 0.0, 0.0, 0.0, 0.0, 0.0, 0.0, 0.0, 0.0, 0.0, 0.0, 0.0, 0.0, 0.0, 67.85714285714288, 0.0, 0.0, 0.0, 0.0, 0.0, 0.0, 0.0, 0.0, 0.0, 0.0, 0.0, 0.0, 0.0, 0.0, 0.0, 0.0, 0.0, 0.0, 0.0, 0.0, 0.0, 0.0, 0.0, 0.0, 0.0, 0.0, 0.0, 0.0, 0.0, 0.0, 0.0, 0.0, 0.0, 0.0, 0.0, 0.0, 0.0, 0.0, 0.0, 0.0, 0.0, 0.0, 0.0, 0.0, 0.0, 0.0, 0.0, 0.0, 0.0, 0.0, 0.0, 0.0, 0.0, 0.0, 0.0, 0.0, 0.0, 0.0, 0.0, 0.0, 0.0, 0.0, 0.0, 0.0, 0.0, 0.0, 0.0, 0.0, 0.0, 0.0, 0.0, 51.315789473684156, 0.0, 0.0, 0.0, 0.0, 0.0, 0.0, 0.0, 0.0, 0.0, 0.0, 0.0, 0.0, 0.0, 0.0, 0.0, 0.0, 0.0, 0.0, 67.85714285714288, 51.315789473684156, 67.85714285714288, 51.315789473684156, 67.85714285714288, 67.85714285714288, 51.315789473684156, 67.85714285714288, 51.315789473684156, 0.0, 0.0, 51.315789473684156, 51.315789473684156, 0.0, 67.85714285714288, 67.85714285714288, 51.315789473684156, 0.0, 0.0, 51.315789473684156, 51.315789473684156, 51.315789473684156, 67.85714285714288, 67.85714285714288, 67.85714285714288, 67.85714285714288, 67.85714285714288, 67.85714285714288, 67.85714285714288, 67.85714285714288, 67.85714285714288, 67.85714285714288, 67.85714285714288, 67.85714285714288, 67.85714285714288, 67.85714285714288, 67.85714285714288, 67.85714285714288, 67.85714285714288, 67.85714285714288, 67.85714285714288, 67.85714285714288, 67.85714285714288, 67.85714285714288, 67.85714285714288, 67.85714285714288, 67.85714285714288, 67.85714285714288, 67.85714285714288, 67.85714285714288, 67.85714285714288, 67.85714285714288, 67.85714285714288, 67.85714285714288, 67.85714285714288, 67.85714285714288, 67.85714285714288, 67.85714285714288, 67.85714285714288, 67.85714285714288, 67.85714285714288, 67.85714285714288, 67.85714285714288, 67.85714285714288, 67.85714285714288, 67.85714285714288, 67.85714285714288, 67.85714285714288, 67.85714285714288, 67.85714285714288, 67.85714285714288, 67.85714285714288, 67.85714285714288, 67.85714285714288, 67.85714285714288, 67.85714285714288, 67.85714285714288, 67.85714285714288, 67.85714285714288, 67.85714285714288, 67.85714285714288, 67.85714285714288, 67.85714285714288, 67.85714285714288, 67.85714285714288, 67.85714285714288, 67.85714285714288, 67.85714285714288, 67.85714285714288, 67.85714285714288, 67.85714285714288, 67.85714285714288, 67.85714285714288, 67.85714285714288, 67.85714285714288, 67.85714285714288, 67.85714285714288, 67.85714285714288, 67.85714285714288, 67.85714285714288, 67.85714285714288, 67.85714285714288, 67.85714285714288, 67.85714285714288, 67.85714285714288, 67.85714285714288, 67.85714285714288, 67.85714285714288, 67.85714285714288, 67.85714285714288, 67.85714285714288, 67.85714285714288, 67.85714285714288, 67.85714285714288, 67.85714285714288, 67.85714285714288, 67.85714285714288, 67.85714285714288, 67.85714285714288, 67.85714285714288, 67.85714285714288, 67.85714285714288, 67.85714285714288, 67.85714285714288, 67.85714285714288, 67.85714285714288, 67.85714285714288, 67.85714285714288, 67.85714285714288, 67.85714285714288, 67.85714285714288, 67.85714285714288, 67.85714285714288, 67.85714285714288, 67.85714285714288, 67.85714285714288, 67.85714285714288, 67.85714285714288, 67.85714285714288, 67.85714285714288, 67.85714285714288, 67.85714285714288, 67.85714285714288, 67.85714285714288, 67.85714285714288, 67.85714285714288, 67.85714285714288, 67.85714285714288, 67.85714285714288, 67.85714285714288, 67.85714285714288, 67.85714285714288, 67.85714285714288, 67.85714285714288, 67.85714285714288, 67.85714285714288, 67.85714285714288, 67.85714285714288, 67.85714285714288, 67.85714285714288, 67.85714285714288, 51.315789473684156, 67.85714285714288, 51.315789473684156, 67.85714285714288, 0.0, 51.315789473684156, 67.85714285714288, 51.315789473684156, 67.85714285714288, 67.85714285714288, 67.85714285714288, 67.85714285714288, 67.85714285714288, 67.85714285714288, 51.315789473684156, 51.315789473684156, 67.85714285714288, 67.85714285714288, 67.85714285714288, 67.85714285714288, 67.85714285714288, 67.85714285714288, 51.315789473684156, 0.0, 0.0, 0.0, 0.0, 0.0, 0.0, 0.0, 0.0, 0.0, 51.315789473684156, 51.315789473684156, 0.0, 0.0, 51.315789473684156, 0.0, 0.0, 0.0, 51.315789473684156, 51.315789473684156, 0.0, 0.0, 0.0, 0.0, 0.0, 0.0, 0.0, 0.0, 0.0, 0.0, 0.0, 0.0, 0.0, 0.0, 0.0, 0.0, 0.0, 0.0, 0.0, 0.0, 0.0, 0.0, 0.0, 0.0, 0.0, 0.0, 0.0, 0.0, 0.0, 0.0, 0.0, 0.0, 0.0, 0.0, 0.0, 0.0, 0.0, 0.0, 0.0, 0.0, 0.0, 0.0, 0.0, 0.0, 0.0, 0.0, 0.0, 0.0, 0.0, 0.0, 0.0, 0.0, 0.0, 0.0, 0.0, 0.0, 0.0, 0.0, 0.0, 0.0, 0.0, 0.0, 0.0, 0.0, 0.0, 0.0, 0.0, 0.0, 0.0, 0.0, 0.0, 0.0, 0.0, 0.0, 0.0, 0.0, 0.0, 0.0, 0.0, 0.0, 0.0, 0.0, 0.0, 0.0, 0.0, 0.0, 0.0, 0.0, 0.0, 0.0, 0.0, 0.0, 0.0, 0.0, 0.0, 0.0, 0.0, 0.0, 0.0, 0.0, 0.0, 0.0, 0.0, 0.0, 0.0, 0.0, 0.0, 0.0, 0.0, 0.0, 0.0, 0.0, 0.0, 0.0, 0.0, 0.0, 0.0, 0.0, 0.0, 0.0, 0.0, 0.0, 0.0, 0.0, 0.0, 0.0, 0.0, 0.0, 0.0, 0.0, 0.0, 0.0, 0.0, 0.0, 67.85714285714288, 0.0, 0.0, 0.0, 0.0, 0.0, 0.0, 0.0, 0.0, 0.0, 0.0, 0.0, 0.0, 0.0, 0.0, 0.0, 0.0, 67.85714285714288, 0.0, 0.0, 0.0, 0.0, 0.0, 67.85714285714288, 0.0, 0.0, 0.0, 0.0, 0.0, 0.0, 0.0, 0.0, 0.0, 0.0, 0.0, 0.0, 0.0, 0.0, 0.0, 0.0, 0.0, 0.0, 0.0, 0.0, 0.0, 0.0, 0.0, 0.0, 0.0, 0.0, 0.0, 0.0, 0.0, 0.0, 0.0, 0.0, 0.0, 0.0, 0.0, 0.0, 0.0, 0.0, 0.0, 0.0, 0.0, 0.0, 0.0, 0.0, 0.0, 0.0, 0.0, 0.0, 0.0, 0.0, 0.0, 0.0, 67.85714285714288, 0.0, 0.0, 0.0, 0.0, 0.0, 0.0, 0.0, 0.0, 0.0, 0.0, 0.0, 0.0, 0.0, 0.0, 0.0, 0.0, 0.0, 0.0, 0.0, 0.0, 0.0, 0.0, 0.0, 7.3308270676693015, 0.0, 0.0, 0.0, 0.0, 0.0, 0.0, 0.0, 0.0, 0.0, 0.0, 0.0, 0.0, 0.0, 0.0, 0.0, 0.0, 0.0, 0.0, 0.0, 0.0, 0.0, 0.0, 67.85714285714288, 0.0, 0.0, 0.0, 0.0, 0.0, 0.0, 0.0, 0.0, 0.0, 0.0, 0.0, 0.0, 0.0, 0.0, 0.0, 0.0, 0.0, 0.0, 0.0, 0.0, 0.0, 0.0, 0.0, 0.0, 0.0, 0.0, 0.0, 0.0, 0.0, 0.0, 0.0, 0.0, 0.0, 0.0, 0.0, 0.0, 0.0, 0.0, 0.0, 0.0, 0.0, 0.0, 0.0, 0.0, 67.85714285714288, 0.0, 0.0, 0.0, 0.0, 0.0, 0.0, 0.0, 0.0, 0.0, 0.0, 0.0, 0.0, 0.0, 0.0, 0.0, 0.0, 0.0, 0.0, 0.0, 0.0, 0.0, 0.0, 0.0, 0.0, 0.0, 0.0, 0.0, 0.0, 0.0, 0.0, 0.0, 0.0, 0.0, 0.0, 0.0, 67.85714285714288, 0.0, 0.0, 51.315789473684156, 0.0, 0.0, 0.0, 0.0, 0.0, 0.0, 0.0, 67.85714285714288, 0.0, 51.315789473684156, 67.85714285714288, 67.85714285714288, 0.0, 51.315789473684156, 67.85714285714288, 67.85714285714288, 67.85714285714288, 67.85714285714288, 51.315789473684156, 67.85714285714288, 67.85714285714288, 67.85714285714288, 67.85714285714288, 51.315789473684156, 67.85714285714288, 67.85714285714288, 51.315789473684156, 67.85714285714288, 51.315789473684156, 0.0, 67.85714285714288, 0.0, 67.85714285714288, 67.85714285714288, 67.85714285714288, 67.85714285714288, 67.85714285714288, 67.85714285714288, 67.85714285714288, 67.85714285714288, 67.85714285714288, 67.85714285714288, 67.85714285714288, 67.85714285714288, 67.85714285714288, 67.85714285714288, 67.85714285714288, 67.85714285714288, 67.85714285714288, 67.85714285714288, 67.85714285714288, 67.85714285714288, 67.85714285714288, 67.85714285714288, 67.85714285714288, 67.85714285714288, 67.85714285714288, 67.85714285714288, 67.85714285714288, 67.85714285714288, 67.85714285714288, 67.85714285714288, 67.85714285714288, 67.85714285714288, 67.85714285714288, 67.85714285714288, 67.85714285714288, 67.85714285714288, 67.85714285714288, 67.85714285714288, 67.85714285714288, 67.85714285714288, 67.85714285714288, 67.85714285714288, 67.85714285714288, 0.0, 67.85714285714288, 67.85714285714288, 67.85714285714288, 67.85714285714288, 67.85714285714288, 67.85714285714288, 67.85714285714288, 51.315789473684156, 67.85714285714288, 67.85714285714288, 67.85714285714288, 67.85714285714288, 67.85714285714288, 67.85714285714288, 67.85714285714288, 67.85714285714288, 67.85714285714288, 67.85714285714288, 67.85714285714288, 67.85714285714288, 67.85714285714288, 67.85714285714288, 0.0, 67.85714285714288, 67.85714285714288, 67.85714285714288, 67.85714285714288, 67.85714285714288, 67.85714285714288, 67.85714285714288, 67.85714285714288, 67.85714285714288, 67.85714285714288, 67.85714285714288, 67.85714285714288, 67.85714285714288, 67.85714285714288, 67.85714285714288, 67.85714285714288, 67.85714285714288, 67.85714285714288, 67.85714285714288, 67.85714285714288, 67.85714285714288, 67.85714285714288, 0.0, 67.85714285714288, 67.85714285714288, 67.85714285714288, 67.85714285714288, 67.85714285714288, 67.85714285714288, 67.85714285714288, 67.85714285714288, 67.85714285714288, 67.85714285714288, 67.85714285714288, 67.85714285714288, 67.85714285714288, 67.85714285714288, 67.85714285714288, 67.85714285714288, 67.85714285714288, 67.85714285714288, 67.85714285714288, 67.85714285714288, 67.85714285714288, 67.85714285714288, 0.0, 67.85714285714288, 67.85714285714288, 67.85714285714288, 67.85714285714288, 67.85714285714288, 67.85714285714288, 67.85714285714288, 67.85714285714288, 67.85714285714288, 0.0, 0.0, 67.85714285714288, 51.315789473684156, 67.85714285714288, 67.85714285714288, 67.85714285714288, 67.85714285714288, 67.85714285714288, 67.85714285714288, 67.85714285714288, 67.85714285714288, 67.85714285714288, 67.85714285714288, 51.315789473684156, 67.85714285714288, 67.85714285714288, 51.315789473684156, 51.315789473684156, 51.315789473684156, 67.85714285714288, 67.85714285714288, 0.0, 67.85714285714288, 67.85714285714288, 67.85714285714288, 0.0, 51.315789473684156, 51.315789473684156, 0.0, 67.85714285714288, 51.315789473684156, 0.0, 67.85714285714288, 51.315789473684156, 67.85714285714288, 0.0, 0.0, 67.85714285714288, 0.0, 0.0, 0.0, 67.85714285714288, 0.0, 0.0, 51.315789473684156, 51.315789473684156, 51.315789473684156, 0.0, 0.0, 0.0, 0.0, 0.0, 0.0, 0.0, 51.315789473684156, 0.0, 0.0, 0.0, 0.0, 0.0, 0.0, 0.0, 0.0, 0.0, 0.0, 0.0, 0.0, 0.0, 0.0, 0.0, 0.0, 0.0, 0.0, 0.0, 0.0, 0.0, 0.0, 0.0, 0.0, 0.0, 0.0, 0.0, 0.0, 0.0, 0.0, 0.0, 0.0, 0.0, 0.0, 0.0, 0.0, 0.0, 0.0, 0.0, 0.0, 0.0, 0.0, 0.0, 0.0, 0.0, 1.1967035549643792e-13, 0.0, 0.0, 0.0, 67.85714285714288, 0.0, 0.0, 0.0, 0.0, 0.0, 0.0, 0.0, 0.0, 0.0, 0.0, 0.0, 0.0, 0.0, 0.0, 0.0, 0.0, 0.0, 0.0, 0.0, 0.0, 0.0, 0.0, 0.0, 0.0, 0.0, 0.0, 0.0, 0.0, 0.0, 0.0, 0.0, 0.0, 0.0, 0.0, 0.0, 0.0, 0.0, 0.0, 0.0, 0.0, 0.0, 0.0, 0.0, 0.0, 0.0, 51.315789473684156, 0.0, 0.0, 0.0, 0.0, 0.0, 0.0, 0.0, 0.0, 0.0, 0.0, 0.0, 0.0, 0.0, 0.0, 0.0, 0.0, 0.0, 0.0, 0.0, 0.0, 0.0, 0.0, 67.85714285714288, 0.0, 0.0, 0.0, 0.0, 0.0, 0.0, 0.0, 0.0, 0.0, 0.0, 0.0, 0.0, 0.0, 0.0, 0.0, 0.0, 0.0, 0.0, 0.0, 0.0, 0.0, 0.0, 67.85714285714288, 0.0, 0.0, 0.0, 0.0, 0.0, 0.0, 0.0, 0.0, 0.0, 0.0, 0.0, 0.0, 0.0, 0.0, 0.0, 0.0, 0.0, 0.0, 0.0, 0.0, 0.0, 0.0, 0.0, 0.0, 0.0, 0.0, 0.0, 0.0, 0.0, 0.0, 0.0, 0.0, 0.0, 0.0, 0.0, 0.0, 0.0, 0.0, 0.0, 0.0, 0.0, 0.0, 0.0, 0.0, 0.0, 0.0, 0.0, 0.0, 0.0, 0.0, 0.0, 0.0, 14.661654135338363, 0.0, 0.0, 0.0, 0.0, 0.0, 0.0, 0.0, 0.0, 0.0, 67.85714285714288, 0.0, 0.0, 0.0, 0.0, 0.0, 0.0, 0.0, 67.85714285714288, 0.0, 0.0, 0.0, 0.0, 67.85714285714288, 0.0, 0.0, 0.0, 0.0, 0.0, 0.0, 0.0, 0.0, 0.0, 0.0, 0.0, 0.0, 0.0, 0.0, 0.0, 0.0, 67.85714285714288, 0.0, 0.0, 0.0, 0.0, 0.0, 67.85714285714288, 0.0, 0.0, 0.0, 0.0, 0.0, 0.0, 0.0, 0.0, 0.0, 67.85714285714288, 0.0, 0.0, 0.0, 0.0, 0.0, 0.0, 0.0, 0.0, 0.0, 0.0, 0.0, 0.0, 0.0, 0.0, 0.0, 0.0, 0.0, 0.0, 0.0, 0.0, 0.0, 0.0, 67.85714285714288, 0.0, 0.0, 0.0, 0.0, 0.0, 0.0, 0.0, 0.0, 0.0, 0.0, 0.0, 0.0, 0.0, 0.0, 0.0, 0.0, 0.0, 0.0, 0.0, 0.0, 0.0, 0.0, 0.0, 0.0, 0.0, 0.0, 0.0, 0.0, 0.0, 0.0, 67.85714285714288, 0.0, 0.0, 0.0, 0.0, 0.0, 0.0, 0.0, 0.0, 0.0, 0.0, 0.0, 0.0, 0.0, 0.0, 0.0, 0.0, 0.0, 0.0, 0.0, 0.0, 0.0, 0.0, 0.0, 0.0, 51.315789473684156, 0.0, 0.0, 0.0, 0.0, 0.0, 0.0, 0.0, 0.0, 0.0, 0.0, 0.0, 0.0, 0.0, 0.0, 0.0, 0.0, 0.0, 0.0, 0.0, 67.85714285714288, 0.0, 0.0, 67.85714285714288, 51.315789473684156, 67.85714285714288, 0.0, 51.315789473684156, 0.0, 51.315789473684156, 67.85714285714288, 0.0, 51.315789473684156, 67.85714285714288, 67.85714285714288, 67.85714285714288, 67.85714285714288, 67.85714285714288, 0.0, 67.85714285714288, 67.85714285714288, 51.315789473684156, 43.98496240601509, 67.85714285714288, 0.0, 67.85714285714288, 67.85714285714288, 67.85714285714288, 67.85714285714288, 67.85714285714288, 67.85714285714288, 67.85714285714288, 67.85714285714288, 67.85714285714288, 67.85714285714288, 67.85714285714288, 67.85714285714288, 67.85714285714288, 67.85714285714288, 67.85714285714288, 67.85714285714288, 67.85714285714288, 67.85714285714288, 67.85714285714288, 67.85714285714288, 67.85714285714288, 67.85714285714288, 67.85714285714288, 67.85714285714288, 67.85714285714288, 67.85714285714288, 67.85714285714288, 67.85714285714288, 67.85714285714288, 67.85714285714288, 67.85714285714288, 67.85714285714288, 67.85714285714288, 67.85714285714288, 67.85714285714288, 67.85714285714288, 67.85714285714288, 67.85714285714288, 67.85714285714288, 67.85714285714288, 67.85714285714288, 67.85714285714288, 67.85714285714288, 67.85714285714288, 67.85714285714288, 0.0, 67.85714285714288, 67.85714285714288, 67.85714285714288, 67.85714285714288, 67.85714285714288, 67.85714285714288, 67.85714285714288, 67.85714285714288, 67.85714285714288, 67.85714285714288, 67.85714285714288, 67.85714285714288, 67.85714285714288, 67.85714285714288, 67.85714285714288, 67.85714285714288, 67.85714285714288, 67.85714285714288, 67.85714285714288, 67.85714285714288, 67.85714285714288, 67.85714285714288, 0.0, 67.85714285714288, 67.85714285714288, 67.85714285714288, 67.85714285714288, 67.85714285714288, 67.85714285714288, 67.85714285714288, 67.85714285714288, 67.85714285714288, 67.85714285714288, 67.85714285714288, 67.85714285714288, 67.85714285714288, 67.85714285714288, 67.85714285714288, 67.85714285714288, 67.85714285714288, 67.85714285714288, 67.85714285714288, 67.85714285714288, 67.85714285714288, 67.85714285714288, 0.0, 67.85714285714288, 67.85714285714288, 67.85714285714288, 67.85714285714288, 67.85714285714288, 67.85714285714288, 67.85714285714288, 67.85714285714288, 67.85714285714288, 67.85714285714288, 67.85714285714288, 67.85714285714288, 67.85714285714288, 67.85714285714288, 67.85714285714288, 67.85714285714288, 67.85714285714288, 67.85714285714288, 67.85714285714288, 67.85714285714288, 67.85714285714288, 67.85714285714288, 67.85714285714288, 67.85714285714288, 67.85714285714288, 67.85714285714288, 67.85714285714288, 67.85714285714288, 67.85714285714288, 67.85714285714288, 67.85714285714288, 51.315789473684156, 67.85714285714288, 67.85714285714288, 67.85714285714288, 67.85714285714288, 67.85714285714288, 67.85714285714288, 67.85714285714288, 67.85714285714288, 67.85714285714288, 67.85714285714288, 67.85714285714288, 67.85714285714288, 51.315789473684156, 0.0, 67.85714285714288, 0.0, 67.85714285714288, 0.0, 67.85714285714288, 67.85714285714288, 67.85714285714288, 67.85714285714288, 67.85714285714288, 67.85714285714288, 67.85714285714288, 51.315789473684156, 51.315789473684156, 51.315789473684156, 51.315789473684156, 51.315789473684156, 67.85714285714288, 51.315789473684156, 51.315789473684156, 67.85714285714288, 0.0, 0.0, 0.0, 51.315789473684156, 0.0, 0.0, 51.315789473684156, 0.0, 0.0, 51.315789473684156, 0.0, 0.0, 51.315789473684156, 0.0, 0.0, 0.0, 0.0, 0.0, 0.0, 51.315789473684156, 0.0, 0.0, 0.0, 0.0, 0.0, 0.0, 0.0, 0.0, 0.0, 0.0, 0.0, 0.0, 0.0, 0.0, 0.0, 0.0, 0.0, 0.0, 0.0, 0.0, 0.0, 0.0, 0.0, 0.0, 0.0, 0.0, 0.0, 0.0, 67.85714285714288, 0.0, 0.0, 0.0, 0.0, 0.0, 0.0, 0.0, 0.0, 0.0, 0.0, 0.0, 0.0, 0.0, 0.0, 0.0, 0.0, 0.0, 0.0, 0.0, 0.0, 0.0, 0.0, 0.0, 0.0, 0.0, 0.0, 0.0, 0.0, 0.0, 0.0, 0.0, 0.0, 0.0, 0.0, 0.0, 0.0, 0.0, 0.0, 0.0, 0.0, 0.0, 0.0, 0.0, 0.0, 0.0, 0.0, 0.0, 0.0, 0.0, 0.0, 0.0, 0.0, 0.0, 0.0, 0.0, 0.0, 0.0, 0.0, 0.0, 0.0, 0.0, 0.0, 0.0, 0.0, 0.0, 0.0, 0.0, 0.0, 67.85714285714288, 0.0, 0.0, 0.0, 0.0, 0.0, 0.0, 0.0, 0.0, 0.0, 0.0, 0.0, 0.0, 0.0, 0.0, 0.0, 0.0, 0.0, 0.0, 0.0, 0.0, 0.0, 0.0, 51.315789473684156, 0.0, 0.0, 0.0, 0.0, 0.0, 0.0, 0.0, 0.0, 0.0, 0.0, 0.0, 0.0, 0.0, 67.85714285714288, 0.0, 0.0, 0.0, 0.0, 0.0, 0.0, 67.85714285714288, 0.0, 67.85714285714288, 1.1967035549643792e-13, 0.0, 0.0, 0.0, 0.0, 0.0, 0.0, 0.0, 0.0, 0.0, 0.0, 0.0, 0.0, 67.85714285714288, 0.0, 0.0, 0.0, 67.85714285714288, 0.0, 0.0]"
TES_dispatch,33701.743569941136
TES_LCOE_FOM_costs,0.03048953516613657
runtime,1800.0132710933685
Li_LCOE_Opex,0.0012080332409972379
soc_t,"[428.57142857142867, 428.57142857142856, 428.57142857142867, 428.57142857142867, 214.28571428571433, 428.57142857142856, 214.28571428571422, 142.8571428571429, 428.57142857142856, 428.57142857142856, 71.42857142857133, 428.57142857142867, 0.0, 71.42857142857144, 428.57142857142867, 428.57142857142867, 428.57142857142856, 428.57142857142856, 428.57142857142867, 357.1428571428572, 135.89285714285705, 357.1428571428571, 0.0, 357.1428571428572, 357.1428571428571, 357.1428571428572, 357.1428571428572, 142.8571428571429, 357.1428571428571, 142.85714285714278, 142.8571428571429, 357.1428571428572, 357.1428571428571, 0.0, 357.1428571428572, 0.0, 0.0, 357.1428571428572, 357.1428571428572, 357.1428571428571, 357.1428571428571, 357.1428571428572, 285.7142857142858, 135.89285714285705, 285.71428571428567, 0.0, 285.7142857142858, 285.71428571428567, 285.7142857142858, 285.7142857142858, 71.42857142857144, 285.71428571428567, 71.42857142857144, 142.8571428571429, 285.7142857142858, 285.71428571428567, 0.0, 285.7142857142858, 0.0, 0.0, 285.7142857142858, 285.7142857142858, 285.71428571428567, 285.71428571428567, 285.7142857142858, 214.28571428571433, 135.89285714285705, 214.28571428571433, 0.0, 214.28571428571433, 214.28571428571433, 214.28571428571433, 214.28571428571433, 0.0, 214.28571428571422, 71.42857142857144, 142.8571428571429, 214.28571428571433, 214.28571428571422, 0.0, 214.28571428571433, 0.0, 0.0, 214.28571428571433, 214.28571428571433, 214.28571428571433, 214.28571428571433, 214.28571428571433, 142.8571428571429, 135.89285714285705, 142.8571428571429, 0.0, 214.28571428571433, 214.28571428571433, 214.28571428571433, 142.8571428571429, 0.0, 142.85714285714278, 0.0, 142.8571428571429, 142.8571428571429, 142.8571428571429, 0.0, 142.8571428571429, 0.0, 0.0, 142.8571428571429, 142.8571428571429, 142.8571428571429, 142.8571428571429, 142.8571428571429, 71.42857142857144, 135.89285714285705, 71.42857142857144, 0.0, 142.8571428571429, 142.8571428571429, 142.8571428571429, 71.42857142857144, 0.0, 71.42857142857133, 0.0, 142.8571428571429, 71.42857142857144, 71.42857142857144, 0.0, 71.42857142857144, 0.0, 0.0, 71.42857142857144, 71.42857142857144, 71.42857142857144, 142.8571428571429, 71.42857142857144, 0.0, 64.46428571428561, 0.0, 0.0, 71.42857142857144, 71.42857142857144, 71.42857142857144, 0.0, 0.0, 0.0, 0.0, 71.42857142857144, 0.0, 0.0, 0.0, 0.0, 0.0, 0.0, 0.0, 0.0, 0.0, 71.42857142857144, 0.0, 0.0, 0.0, 0.0, 0.0, 0.0, 0.0, 0.0, 0.0, 0.0, 0.0, 0.0, 0.0, 0.0, 0.0, 0.0, 48.74999999999994, 0.0, 0.0, 0.0, 0.0, 0.0, 0.0, 0.0, 48.74999999999994, 0.0, 0.0, 0.0, 48.74999999999994, 48.74999999999994, 48.74999999999994, 64.46428571428572, 48.74999999999994, 0.0, 0.0, 48.74999999999994, 64.46428571428572, 64.46428571428572, 0.0, 113.21428571428567, 0.0, 64.46428571428572, 48.74999999999994, 64.46428571428572, 48.74999999999994, 48.74999999999994, 64.46428571428572, 113.21428571428567, 64.46428571428572, 64.46428571428572, 64.46428571428572, 113.21428571428567, 113.21428571428567, 113.21428571428567, 128.92857142857144, 113.21428571428567, 64.46428571428572, 64.46428571428572, 113.21428571428567, 128.92857142857144, 128.92857142857144, 64.46428571428572, 177.6785714285714, 64.46428571428572, 128.92857142857144, 113.21428571428567, 128.92857142857144, 113.21428571428567, 113.21428571428567, 128.92857142857144, 177.6785714285714, 128.92857142857144, 128.92857142857144, 128.92857142857144, 177.6785714285714, 177.6785714285714, 177.6785714285714, 193.39285714285717, 177.6785714285714, 128.92857142857144, 128.92857142857144, 177.6785714285714, 193.39285714285717, 193.39285714285717, 128.92857142857144, 242.1428571428571, 128.92857142857144, 193.39285714285717, 177.6785714285714, 193.39285714285717, 177.6785714285714, 177.6785714285714, 193.39285714285717, 242.1428571428571, 193.39285714285717, 193.39285714285717, 193.39285714285717, 242.1428571428571, 242.1428571428571, 242.1428571428571, 257.8571428571429, 242.1428571428571, 193.39285714285717, 193.39285714285717, 242.1428571428571, 257.8571428571429, 257.8571428571429, 193.39285714285717, 306.60714285714283, 193.39285714285717, 257.8571428571429, 242.1428571428571, 257.8571428571429, 242.1428571428571, 242.1428571428571, 257.8571428571429, 306.60714285714283, 257.8571428571429, 257.8571428571429, 257.8571428571429, 306.60714285714283, 306.60714285714283, 306.60714285714283, 322.3214285714286, 306.60714285714283, 257.8571428571429, 257.8571428571429, 306.60714285714283, 322.3214285714286, 322.3214285714286, 257.8571428571429, 371.07142857142856, 257.8571428571429, 322.3214285714286, 306.60714285714283, 322.3214285714286, 306.60714285714283, 306.60714285714283, 322.3214285714286, 371.07142857142856, 322.3214285714286, 322.3214285714286, 322.3214285714286, 371.07142857142856, 371.07142857142856, 371.07142857142856, 386.78571428571433, 371.07142857142856, 322.3214285714286, 322.3214285714286, 371.07142857142856, 386.78571428571433, 386.78571428571433, 322.3214285714286, 435.5357142857143, 322.3214285714286, 386.78571428571433, 371.07142857142856, 386.78571428571433, 371.07142857142856, 371.07142857142856, 386.78571428571433, 435.5357142857143, 386.78571428571433, 386.78571428571433, 386.78571428571433, 435.5357142857143, 435.5357142857143, 435.5357142857143, 451.25000000000006, 435.5357142857143, 386.78571428571433, 386.78571428571433, 435.5357142857143, 451.25000000000006, 451.25000000000006, 386.78571428571433, 500.0, 386.78571428571433, 451.25000000000006, 435.5357142857143, 451.25000000000006, 435.5357142857143, 435.5357142857143, 451.25000000000006, 500.0, 451.25000000000006, 451.25000000000006, 451.25000000000006, 500.0, 500.0, 500.0, 500.0, 500.0, 451.25000000000006, 451.25000000000006, 500.0, 500.0, 500.0, 435.5357142857143, 500.0, 451.25000000000006, 500.0, 500.0, 500.0, 500.0, 500.0, 500.0, 500.0, 500.0, 500.0, 500.0, 500.0, 428.57142857142856, 428.57142857142856, 500.0, 500.0, 500.0, 500.0, 428.57142857142856, 500.0, 500.0, 500.0, 500.0, 500.0, 500.0, 500.0, 500.0, 428.57142857142856, 428.57142857142856, 500.0, 500.0, 428.57142857142856, 500.0, 500.0, 428.57142857142856, 357.1428571428571, 357.1428571428571, 500.0, 500.0, 500.0, 500.0, 357.1428571428571, 500.0, 500.0, 500.0, 500.0, 500.0, 500.0, 500.0, 500.0, 357.1428571428571, 357.1428571428571, 428.57142857142867, 500.0, 357.1428571428571, 500.0, 500.0, 357.1428571428571, 285.71428571428567, 285.71428571428567, 500.0, 500.0, 428.57142857142867, 500.0, 285.71428571428567, 500.0, 500.0, 500.0, 428.57142857142856, 500.0, 500.0, 500.0, 500.0, 285.71428571428567, 285.71428571428567, 428.57142857142867, 500.0, 285.71428571428567, 500.0, 428.57142857142856, 285.71428571428567, 214.28571428571433, 214.28571428571422, 428.57142857142856, 428.57142857142856, 428.57142857142867, 500.0000000000001, 214.28571428571422, 500.0, 500.0, 500.0, 357.1428571428571, 500.0, 500.0, 428.57142857142867, 500.0, 214.28571428571422, 214.28571428571422, 428.57142857142867, 500.0, 214.28571428571422, 500.0, 357.1428571428571, 214.28571428571422, 214.28571428571433, 142.85714285714278, 428.57142857142856, 357.1428571428571, 428.57142857142867, 500.0000000000001, 214.28571428571422, 500.0, 500.0, 500.0, 285.71428571428567, 500.0, 500.0, 428.57142857142867, 500.0, 142.85714285714278, 142.85714285714278, 428.57142857142867, 500.0, 142.85714285714278, 500.0000000000001, 285.71428571428567, 214.28571428571422, 142.8571428571429, 71.42857142857133, 428.57142857142856, 285.71428571428567, 428.57142857142867, 500.0000000000001, 214.28571428571422, 500.0, 500.0, 500.0, 214.28571428571422, 500.0, 500.0, 428.57142857142867, 500.0, 71.42857142857133, 71.42857142857133, 428.57142857142867, 500.0, 71.42857142857133, 500.0000000000001, 214.28571428571422, 214.28571428571422, 71.42857142857144, 71.42857142857144, 428.57142857142856, 285.7142857142858, 428.57142857142867, 500.0000000000001, 214.28571428571422, 500.0, 500.0000000000001, 500.0, 142.85714285714278, 500.0, 500.0, 428.57142857142867, 500.0, 0.0, 0.0, 428.57142857142867, 500.0, -1.1368683772161603e-13, 500.0000000000001, 142.85714285714278, 214.28571428571422, 71.42857142857144, 71.42857142857144, 428.57142857142856, 214.28571428571433, 428.57142857142867, 500.0000000000001, 214.28571428571422, 500.0000000000001, 500.0000000000001, 500.0, 71.42857142857133, 500.0, 500.0, 428.57142857142867, 500.0, 0.0, 0.0, 428.57142857142867, 500.0, 27.85714285714289, 500.0000000000001, 71.42857142857133, 142.85714285714278, 71.42857142857144, 71.42857142857144, 357.1428571428571, 142.8571428571429, 357.1428571428572, 428.57142857142867, 214.28571428571422, 428.57142857142867, 428.57142857142867, 428.57142857142856, 0.0, 428.57142857142856, 428.57142857142856, 357.1428571428572, 428.57142857142856, 0.0, 0.0, 357.1428571428572, 428.57142857142867, 92.32142857142861, 428.57142857142867, 0.0, 207.3214285714285, 71.42857142857144, 71.42857142857144, 285.71428571428567, 71.42857142857144, 285.7142857142858, 357.1428571428572, 214.28571428571422, 357.1428571428572, 357.1428571428572, 357.1428571428571, 0.0, 357.1428571428571, 357.1428571428571, 285.7142857142858, 357.1428571428571, 0.0, 0.0, 285.7142857142858, 357.1428571428572, 156.78571428571433, 357.1428571428572, 0.0, 271.7857142857142, 71.42857142857144, 71.42857142857144, 214.28571428571422, 71.42857142857144, 214.28571428571433, 285.7142857142858, 214.28571428571422, 285.7142857142858, 285.7142857142858, 285.71428571428567, 0.0, 285.71428571428567, 285.71428571428567, 214.28571428571433, 285.71428571428567, 0.0, 0.0, 214.28571428571433, 285.7142857142858, 221.25000000000006, 285.7142857142858, 0.0, 336.24999999999994, 71.42857142857144, 71.42857142857144, 142.85714285714278, 71.42857142857144, 142.8571428571429, 214.28571428571433, 214.28571428571422, 214.28571428571433, 214.28571428571433, 214.28571428571422, 0.0, 214.28571428571422, 214.28571428571422, 142.8571428571429, 214.28571428571422, 0.0, 6.964285714285722, 142.8571428571429, 214.28571428571433, 285.7142857142858, 214.28571428571433, 0.0, 285.7142857142858, 71.42857142857144, 71.42857142857144, 71.42857142857133, 71.42857142857144, 71.42857142857144, 142.8571428571429, 214.28571428571433, 142.8571428571429, 142.8571428571429, 142.85714285714278, 0.0, 142.85714285714278, 142.85714285714278, 71.42857142857144, 142.85714285714278, 0.0, 71.42857142857144, 71.42857142857144, 142.8571428571429, 214.28571428571433, 142.8571428571429, 0.0, 214.28571428571433, 71.42857142857144, 71.42857142857144, -1.1368683772161603e-13, 0.0, 0.0, 71.42857142857144, 142.8571428571429, 71.42857142857144, 71.42857142857144, 142.85714285714278, 0.0, 71.42857142857133, 71.42857142857133, 0.0, 71.42857142857133, 0.0, 71.42857142857144, 0.0, 71.42857142857144, 142.8571428571429, 71.42857142857144, 0.0, 142.8571428571429, 0.0, 71.42857142857144, 0.0, 0.0, 0.0, 0.0, 71.42857142857144, 0.0, 0.0, 99.28571428571433, 0.0, 0.0, 0.0, 0.0, 0.0, 0.0, 0.0, 0.0, 0.0, 71.42857142857144, 0.0, 0.0, 71.42857142857144, 0.0, 0.0, 0.0, 0.0, 0.0, 0.0, 0.0, 0.0, 0.0, 99.28571428571433, 0.0, 0.0, 48.74999999999994, 0.0, 0.0, 0.0, 0.0, 0.0, 0.0, 0.0, 0.0, 0.0, 0.0, 48.74999999999994, 48.74999999999994, 64.46428571428572, 48.74999999999994, 64.46428571428572, 64.46428571428572, 48.74999999999994, 64.46428571428572, 48.74999999999994, 163.75000000000006, 64.46428571428572, 0.0, 113.21428571428567, 64.46428571428572, 64.46428571428572, 48.74999999999994, 48.74999999999994, 48.74999999999994, 64.46428571428572, 64.46428571428572, 64.46428571428572, 48.74999999999994, 64.46428571428572, 113.21428571428567, 113.21428571428567, 128.92857142857144, 113.21428571428567, 128.92857142857144, 128.92857142857144, 113.21428571428567, 128.92857142857144, 113.21428571428567, 228.21428571428578, 128.92857142857144, 64.46428571428572, 177.6785714285714, 128.92857142857144, 128.92857142857144, 113.21428571428567, 113.21428571428567, 113.21428571428567, 128.92857142857144, 128.92857142857144, 128.92857142857144, 113.21428571428567, 128.92857142857144, 177.6785714285714, 177.6785714285714, 193.39285714285717, 177.6785714285714, 193.39285714285717, 193.39285714285717, 177.6785714285714, 193.39285714285717, 177.6785714285714, 292.6785714285715, 193.39285714285717, 128.92857142857144, 242.1428571428571, 193.39285714285717, 193.39285714285717, 177.6785714285714, 177.6785714285714, 177.6785714285714, 193.39285714285717, 193.39285714285717, 193.39285714285717, 177.6785714285714, 193.39285714285717, 242.1428571428571, 242.1428571428571, 257.8571428571429, 242.1428571428571, 257.8571428571429, 257.8571428571429, 242.1428571428571, 257.8571428571429, 242.1428571428571, 357.1428571428572, 257.8571428571429, 193.39285714285717, 306.60714285714283, 257.8571428571429, 257.8571428571429, 242.1428571428571, 242.1428571428571, 242.1428571428571, 257.8571428571429, 257.8571428571429, 257.8571428571429, 242.1428571428571, 257.8571428571429, 306.60714285714283, 306.60714285714283, 322.3214285714286, 306.60714285714283, 322.3214285714286, 322.3214285714286, 306.60714285714283, 322.3214285714286, 306.60714285714283, 357.1428571428572, 322.3214285714286, 257.8571428571429, 371.07142857142856, 322.3214285714286, 322.3214285714286, 306.60714285714283, 306.60714285714283, 306.60714285714283, 322.3214285714286, 322.3214285714286, 322.3214285714286, 306.60714285714283, 322.3214285714286, 371.07142857142856, 371.07142857142856, 386.78571428571433, 371.07142857142856, 386.78571428571433, 386.78571428571433, 371.07142857142856, 386.78571428571433, 371.07142857142856, 357.1428571428572, 386.78571428571433, 322.3214285714286, 435.5357142857143, 386.78571428571433, 386.78571428571433, 371.07142857142856, 371.07142857142856, 371.07142857142856, 386.78571428571433, 386.78571428571433, 386.78571428571433, 371.07142857142856, 386.78571428571433, 435.5357142857143, 435.5357142857143, 451.25000000000006, 435.5357142857143, 451.25000000000006, 451.25000000000006, 435.5357142857143, 451.25000000000006, 435.5357142857143, 357.1428571428572, 451.25000000000006, 386.78571428571433, 500.0, 451.25000000000006, 451.25000000000006, 435.5357142857143, 435.5357142857143, 435.5357142857143, 451.25000000000006, 451.25000000000006, 451.25000000000006, 435.5357142857143, 451.25000000000006, 500.0, 500.0, 500.0, 500.0, 500.0, 500.0, 500.0, 500.0, 500.0, 357.1428571428572, 500.0, 451.25000000000006, 500.0, 500.0, 500.0, 500.0, 500.0, 500.0, 451.25000000000006, 500.0, 500.0, 500.0, 379.8214285714286, 500.0, 500.0, 500.0, 500.0, 500.0, 500.0, 500.0, 500.0, 500.0, 357.1428571428572, 500.0, 500.0, 500.0, 500.0, 500.0, 500.0, 500.0, 500.0, 500.0, 500.0, 500.0, 500.0, 308.39285714285717, 500.0, 428.57142857142856, 500.0, 500.0, 500.0, 428.57142857142867, 428.57142857142856, 500.0, 500.0, 357.1428571428572, 428.57142857142856, 500.0, 500.0, 500.0, 500.0, 500.0, 500.0, 428.57142857142856, 500.0, 500.0, 500.0, 500.0000000000001, 236.96428571428572, 500.0, 357.1428571428571, 500.0, 500.0000000000001, 500.0, 357.1428571428572, 357.1428571428572, 500.0, 500.0, 357.1428571428572, 357.1428571428571, 500.0, 500.0, 500.0, 500.0, 500.0, 500.0, 357.1428571428571, 500.0, 500.0, 500.0, 500.0000000000001, 165.53571428571428, 500.0, 285.71428571428567, 500.0000000000001, 500.0000000000001, 500.0, 285.7142857142858, 357.1428571428572, 500.0, 500.0, 357.1428571428572, 285.71428571428567, 500.0, 500.0, 428.57142857142867, 500.0, 500.0, 500.0, 285.71428571428567, 500.0, 500.0, 500.0, 500.0000000000001, 94.10714285714283, 500.0, 214.28571428571422, 500.0000000000001, 500.0000000000001, 500.0, 214.28571428571433, 357.1428571428572, 500.0000000000001, 500.0, 357.1428571428572, 214.28571428571422, 500.0, 500.0, 428.57142857142867, 500.0, 500.0, 500.0, 214.28571428571422, 500.0, 500.0, 500.0000000000001, 500.0000000000001, 22.678571428571388, 500.0, 142.85714285714278, 500.0000000000001, 500.0000000000001, 500.0, 142.8571428571429, 357.1428571428572, 500.0000000000001, 500.0, 357.1428571428572, 142.85714285714278, 500.0, 500.0, 428.57142857142867, 500.0, 500.0, 500.0, 142.85714285714278, 500.0000000000001, 500.0, 500.0000000000001, 500.0000000000001, 0.0, 500.0, 142.85714285714278, 500.0000000000001, 500.0000000000001, 500.0000000000001, 71.42857142857144, 357.1428571428572, 500.0000000000001, 500.0, 357.1428571428572, 71.42857142857144, 500.0, 500.0, 428.57142857142867, 500.0, 500.0, 500.0, 142.8571428571429, 500.0000000000001, 500.0, 500.0000000000001, 500.0000000000001, 0.0, 500.0, 142.85714285714278, 500.0000000000001, 500.0000000000001, 500.0000000000001, 0.0, 357.1428571428572, 500.0000000000001, 500.0, 357.1428571428572, 0.0, 500.0, 500.0, 428.57142857142867, 500.0, 500.0, 500.0, 142.8571428571429, 500.0000000000001, 500.0, 500.0000000000001, 500.0000000000001, 0.0, 428.57142857142856, 142.85714285714278, 428.57142857142867, 428.57142857142867, 428.57142857142867, 0.0, 357.1428571428572, 428.57142857142867, 428.57142857142856, 285.7142857142858, 0.0, 428.57142857142856, 428.57142857142867, 357.1428571428572, 428.57142857142867, 428.57142857142856, 428.57142857142856, 71.42857142857144, 428.57142857142867, 428.57142857142856, 428.57142857142867, 428.57142857142867, 0.0, 357.1428571428571, 142.85714285714278, 357.1428571428572, 357.1428571428572, 357.1428571428572, 0.0, 357.1428571428572, 357.1428571428572, 357.1428571428571, 214.28571428571433, 0.0, 357.1428571428571, 357.1428571428572, 285.7142857142858, 357.1428571428572, 357.1428571428571, 357.1428571428571, 0.0, 357.1428571428572, 357.1428571428571, 357.1428571428572, 357.1428571428572, 0.0, 285.71428571428567, 142.85714285714278, 285.7142857142858, 285.7142857142858, 285.7142857142858, 64.46428571428572, 357.1428571428572, 285.7142857142858, 285.71428571428567, 142.8571428571429, 0.0, 285.71428571428567, 285.7142857142858, 214.28571428571433, 285.7142857142858, 285.71428571428567, 285.7142857142858, 0.0, 285.7142857142858, 285.7142857142858, 285.7142857142858, 285.7142857142858, 0.0, 214.28571428571433, 142.85714285714278, 214.28571428571433, 214.28571428571433, 214.28571428571433, 64.46428571428572, 285.7142857142858, 214.28571428571433, 214.28571428571422, 142.8571428571429, 0.0, 214.28571428571422, 214.28571428571433, 142.8571428571429, 214.28571428571433, 214.28571428571422, 285.7142857142858, 0.0, 214.28571428571433, 285.7142857142858, 214.28571428571433, 214.28571428571433, 6.964285714285722, 214.28571428571433, 142.85714285714278, 142.8571428571429, 142.8571428571429, 142.8571428571429, 64.46428571428572, 214.28571428571433, 142.8571428571429, 142.8571428571429, 142.8571428571429, 0.0, 142.85714285714278, 142.8571428571429, 71.42857142857144, 142.8571428571429, 142.85714285714278, 214.28571428571433, 0.0, 142.8571428571429, 214.28571428571433, 142.8571428571429, 142.8571428571429, 71.42857142857144, 142.8571428571429, 71.42857142857133, 71.42857142857144, 71.42857142857144, 71.42857142857144, 64.46428571428572, 142.8571428571429, 71.42857142857144, 71.42857142857144, 71.42857142857144, 0.0, 71.42857142857133, 71.42857142857144, 0.0, 71.42857142857144, 71.42857142857144, 142.8571428571429, 0.0, 71.42857142857144, 142.8571428571429, 71.42857142857144, 71.42857142857144, 71.42857142857144, 71.42857142857144, -1.1368683772161603e-13, 0.0, 0.0, 0.0, 128.92857142857144, 71.42857142857144, 0.0, 0.0, 0.0, 0.0, -1.1368683772161603e-13, 0.0, 0.0, 0.0, 0.0, 71.42857142857144, 0.0, 0.0, 71.42857142857144, 0.0, 0.0, 0.0, 0.0, 0.0, 0.0, 48.74999999999994, 0.0, 128.92857142857144, 0.0, 0.0, 0.0, 0.0, 0.0, 0.0, 0.0, 0.0, 0.0, 0.0, 0.0, 0.0, 0.0, 0.0, 0.0, 0.0, 0.0, 48.74999999999994, 48.74999999999994, 64.46428571428572, 113.21428571428567, 64.46428571428572, 128.92857142857144, 48.74999999999994, 48.74999999999994, 64.46428571428572, 64.46428571428572, 64.46428571428572, 0.0, 64.46428571428572, 64.46428571428572, 64.46428571428572, 48.74999999999994, 48.74999999999994, 48.74999999999994, 0.0, 48.74999999999994, 64.46428571428572, 48.74999999999994, 64.46428571428572, 113.21428571428567, 113.21428571428567, 128.92857142857144, 177.6785714285714, 128.92857142857144, 128.92857142857144, 113.21428571428567, 113.21428571428567, 128.92857142857144, 128.92857142857144, 128.92857142857144, 64.46428571428572, 128.92857142857144, 128.92857142857144, 128.92857142857144, 113.21428571428567, 113.21428571428567, 113.21428571428567, 64.46428571428572, 113.21428571428567, 128.92857142857144, 113.21428571428567, 128.92857142857144, 177.6785714285714, 177.6785714285714, 193.39285714285717, 242.1428571428571, 193.39285714285717, 193.39285714285717, 177.6785714285714, 177.6785714285714, 193.39285714285717, 193.39285714285717, 193.39285714285717, 128.92857142857144, 193.39285714285717, 193.39285714285717, 193.39285714285717, 177.6785714285714, 177.6785714285714, 177.6785714285714, 128.92857142857144, 177.6785714285714, 193.39285714285717, 177.6785714285714, 193.39285714285717, 242.1428571428571, 242.1428571428571, 257.8571428571429, 306.60714285714283, 257.8571428571429, 193.39285714285717, 242.1428571428571, 242.1428571428571, 257.8571428571429, 257.8571428571429, 257.8571428571429, 193.39285714285717, 257.8571428571429, 257.8571428571429, 257.8571428571429, 242.1428571428571, 242.1428571428571, 242.1428571428571, 193.39285714285717, 242.1428571428571, 257.8571428571429, 242.1428571428571, 257.8571428571429, 306.60714285714283, 306.60714285714283, 322.3214285714286, 371.07142857142856, 322.3214285714286, 193.39285714285717, 306.60714285714283, 306.60714285714283, 322.3214285714286, 257.8571428571429, 322.3214285714286, 257.8571428571429, 322.3214285714286, 322.3214285714286, 322.3214285714286, 306.60714285714283, 306.60714285714283, 306.60714285714283, 257.8571428571429, 306.60714285714283, 322.3214285714286, 306.60714285714283, 322.3214285714286, 371.07142857142856, 371.07142857142856, 386.78571428571433, 435.5357142857143, 386.78571428571433, 193.39285714285717, 371.07142857142856, 371.07142857142856, 386.78571428571433, 257.8571428571429, 386.78571428571433, 322.3214285714286, 386.78571428571433, 386.78571428571433, 386.78571428571433, 371.07142857142856, 371.07142857142856, 371.07142857142856, 322.3214285714286, 371.07142857142856, 386.78571428571433, 371.07142857142856, 386.78571428571433, 435.5357142857143, 435.5357142857143, 451.25000000000006, 500.0, 451.25000000000006, 257.8571428571429, 435.5357142857143, 435.5357142857143, 451.25000000000006, 257.8571428571429, 451.25000000000006, 386.78571428571433, 451.25000000000006, 451.25000000000006, 451.25000000000006, 435.5357142857143, 435.5357142857143, 435.5357142857143, 386.78571428571433, 435.5357142857143, 451.25000000000006, 435.5357142857143, 451.25000000000006, 500.0, 500.0, 500.0, 500.0, 500.0, 257.8571428571429, 500.0, 500.0, 500.0, 292.6785714285715, 500.0, 451.25000000000006, 500.0, 500.0, 500.0, 500.0, 500.0, 500.0, 451.25000000000006, 500.0, 500.0, 500.0, 500.0, 500.0, 500.0, 500.0, 500.0, 500.0, 257.8571428571429, 428.57142857142856, 500.0, 500.0, 357.1428571428572, 500.0, 500.0, 500.0, 500.0, 500.0, 500.0, 500.0, 500.0, 500.0, 428.57142857142856, 500.0, 500.0, 428.57142857142856, 500.0, 428.57142857142856, 500.0, 500.0, 428.57142857142867, 257.8571428571429, 357.1428571428571, 500.0, 500.0, 357.1428571428572, 500.0, 500.0, 500.0, 500.0, 500.0, 428.57142857142856, 500.0, 500.0, 500.0, 357.1428571428571, 500.0, 428.57142857142856, 357.1428571428571, 500.0, 357.1428571428571, 500.0, 500.0, 428.57142857142867, 322.3214285714286, 285.71428571428567, 500.0, 500.0, 357.1428571428572, 500.0, 500.0, 500.0, 500.0, 500.0, 357.1428571428571, 500.0, 500.0, 500.0, 285.71428571428567, 500.0, 357.1428571428571, 285.71428571428567, 500.0, 285.71428571428567, 500.0000000000001, 500.0, 428.57142857142867, 322.3214285714286, 214.28571428571422, 500.0, 500.0, 285.7142857142858, 500.0, 500.0, 500.0, 428.57142857142856, 500.0, 285.7142857142858, 500.0, 428.57142857142856, 500.0, 214.28571428571422, 500.0, 285.71428571428567, 214.28571428571422, 500.0, 214.28571428571422, 500.0000000000001, 500.0, 428.57142857142867, 322.3214285714286, 142.85714285714278, 500.0, 500.0, 214.28571428571433, 500.0, 500.0, 500.0, 428.57142857142867, 500.0, 285.7142857142858, 500.0, 428.57142857142856, 500.0, 142.85714285714278, 500.0, 214.28571428571422, 142.85714285714278, 500.0, 142.85714285714278, 500.0000000000001, 500.0, 428.57142857142867, 386.78571428571433, 142.8571428571429, 500.0, 500.0, 142.8571428571429, 500.0, 500.0, 500.0, 428.57142857142867, 500.0, 214.28571428571433, 500.0, 428.57142857142856, 500.0000000000001, 71.42857142857144, 500.0, 142.85714285714278, 71.42857142857133, 500.0, 142.85714285714278, 500.0000000000001, 500.0, 428.57142857142867, 435.5357142857143, 142.8571428571429, 500.0, 500.0, 71.42857142857144, 500.0, 500.0, 500.0, 428.57142857142867, 500.0, 142.8571428571429, 500.0, 428.57142857142856, 500.0000000000001, 71.42857142857144, 500.0, 71.42857142857133, 0.0, 500.0, 142.85714285714278, 500.0000000000001, 500.0, 428.57142857142867, 500.0, 142.8571428571429, 500.0, 500.0000000000001, 71.42857142857144, 500.0, 500.0, 500.0, 428.57142857142867, 500.0, 142.8571428571429, 500.0, 428.57142857142856, 500.0000000000001, 0.0, 428.57142857142867, -1.1368683772161603e-13, 0.0, 428.57142857142867, 142.85714285714278, 428.57142857142867, 428.57142857142867, 357.1428571428572, 428.57142857142856, 142.8571428571429, 428.57142857142867, 428.57142857142867, 0.0, 428.57142857142867, 428.57142857142856, 428.57142857142867, 357.1428571428572, 428.57142857142856, 142.8571428571429, 428.57142857142856, 357.1428571428571, 428.57142857142867, 0.0, 357.1428571428572, -1.1368683772161603e-13, 0.0, 357.1428571428572, 142.85714285714278, 357.1428571428572, 357.1428571428572, 285.7142857142858, 357.1428571428571, 142.8571428571429, 357.1428571428572, 357.1428571428572, 0.0, 357.1428571428572, 357.1428571428571, 357.1428571428572, 285.7142857142858, 357.14285714285717, 142.8571428571429, 357.1428571428571, 285.71428571428567, 357.1428571428572, 0.0, 285.7142857142858, -1.1368683772161603e-13, 64.46428571428572, 285.7142857142858, 142.85714285714278, 285.7142857142858, 285.7142857142858, 214.28571428571433, 285.71428571428567, 142.8571428571429, 285.7142857142858, 285.7142857142858, 0.0, 285.7142857142858, 285.71428571428567, 285.7142857142858, 214.28571428571433, 285.7142857142858, 142.8571428571429, 285.71428571428567, 214.28571428571422, 285.7142857142858, 0.0, 214.28571428571433, -1.1368683772161603e-13, 113.21428571428567, 285.7142857142858, 142.85714285714278, 214.28571428571433, 214.28571428571433, 142.8571428571429, 214.28571428571422, 142.8571428571429, 214.28571428571433, 214.28571428571433, 0.0, 214.28571428571433, 214.28571428571422, 214.28571428571433, 142.8571428571429, 214.28571428571433, 142.8571428571429, 214.28571428571433, 142.85714285714278, 214.28571428571433, 6.964285714285722, 142.8571428571429, -1.1368683772161603e-13, 113.21428571428567, 214.28571428571433, 142.85714285714278, 142.8571428571429, 142.8571428571429, 71.42857142857144, 142.85714285714278, 142.8571428571429, 142.8571428571429, 142.8571428571429, 0.0, 142.8571428571429, 142.85714285714278, 142.8571428571429, 71.42857142857144, 142.8571428571429, 142.8571428571429, 214.28571428571433, 142.85714285714278, 142.8571428571429, 71.42857142857144, 71.42857142857144, -1.1368683772161603e-13, 113.21428571428567, 142.8571428571429, 142.8571428571429, 71.42857142857144, 71.42857142857144, 0.0, 71.42857142857133, 142.8571428571429, 71.42857142857144, 71.42857142857144, 0.0, 71.42857142857144, 71.42857142857133, 71.42857142857144, 0.0, 71.42857142857144, 71.42857142857144, 142.8571428571429, 71.42857142857133, 71.42857142857144, 71.42857142857144, 0.0, 0.0, 113.21428571428567, 71.42857142857144, 71.42857142857144, 0.0, 0.0, 0.0, -1.1368683772161603e-13, 71.42857142857144, 0.0, 0.0, 0.0, 0.0, -1.1368683772161603e-13, 0.0, 0.0, 0.0, 0.0, 71.42857142857144, 0.0, 0.0, 0.0, 0.0, 0.0, 113.21428571428567, 0.0, 0.0, 0.0, 0.0, 48.74999999999994, 0.0, 0.0, 0.0, 0.0, 48.74999999999994, 0.0, 0.0, 0.0, 0.0, 0.0, 0.0, 0.0, 0.0, 0.0, 0.0, 0.0, 0.0, 113.21428571428567, 48.74999999999994, 48.74999999999994, 64.46428571428572, 64.46428571428572, 113.21428571428567, 64.46428571428572, 48.74999999999994, 48.74999999999994, 0.0, 113.21428571428567, 64.46428571428572, 0.0, 64.46428571428572, 64.46428571428572, 64.46428571428572, 64.46428571428572, 48.74999999999994, 64.46428571428572, 0.0, 48.74999999999994, 64.46428571428572, 64.46428571428572, 113.21428571428567, 113.21428571428567, 113.21428571428567, 128.92857142857144, 128.92857142857144, 177.6785714285714, 128.92857142857144, 113.21428571428567, 113.21428571428567, 64.46428571428572, 177.6785714285714, 128.92857142857144, 64.46428571428572, 128.92857142857144, 128.92857142857144, 128.92857142857144, 128.92857142857144, 113.21428571428567, 128.92857142857144, 64.46428571428572, 113.21428571428567, 128.92857142857144, 128.92857142857144, 177.6785714285714, 177.6785714285714, 177.6785714285714, 193.39285714285717, 193.39285714285717, 242.1428571428571, 193.39285714285717, 177.6785714285714, 177.6785714285714, 128.92857142857144, 242.1428571428571, 193.39285714285717, 128.92857142857144, 193.39285714285717, 193.39285714285717, 193.39285714285717, 193.39285714285717, 177.6785714285714, 193.39285714285717, 128.92857142857144, 177.6785714285714, 193.39285714285717, 193.39285714285717, 242.1428571428571, 242.1428571428571, 242.1428571428571, 257.8571428571429, 257.8571428571429, 306.60714285714283, 257.8571428571429, 242.1428571428571, 242.1428571428571, 193.39285714285717, 306.60714285714283, 257.8571428571429, 193.39285714285717, 257.8571428571429, 257.8571428571429, 257.8571428571429, 257.8571428571429, 242.1428571428571, 257.8571428571429, 193.39285714285717, 242.1428571428571, 257.8571428571429, 257.8571428571429, 306.60714285714283, 306.60714285714283, 306.60714285714283, 322.3214285714286, 322.3214285714286, 371.07142857142856, 322.3214285714286, 306.60714285714283, 306.60714285714283, 257.8571428571429, 371.07142857142856, 322.3214285714286, 257.8571428571429, 322.3214285714286, 322.3214285714286, 322.3214285714286, 322.3214285714286, 306.60714285714283, 322.3214285714286, 257.8571428571429, 306.60714285714283, 322.3214285714286, 322.3214285714286, 371.07142857142856, 371.07142857142856, 371.07142857142856, 386.78571428571433, 386.78571428571433, 435.5357142857143, 386.78571428571433, 371.07142857142856, 371.07142857142856, 322.3214285714286, 435.5357142857143, 386.78571428571433, 322.3214285714286, 386.78571428571433, 386.78571428571433, 386.78571428571433, 386.78571428571433, 371.07142857142856, 386.78571428571433, 322.3214285714286, 371.07142857142856, 386.78571428571433, 386.78571428571433, 435.5357142857143, 435.5357142857143, 435.5357142857143, 451.25000000000006, 451.25000000000006, 500.0, 451.25000000000006, 435.5357142857143, 435.5357142857143, 386.78571428571433, 500.0, 451.25000000000006, 386.78571428571433, 451.25000000000006, 451.25000000000006, 451.25000000000006, 451.25000000000006, 435.5357142857143, 451.25000000000006, 386.78571428571433, 435.5357142857143, 451.25000000000006, 451.25000000000006, 500.0, 500.0, 500.0, 500.0, 500.0, 500.0, 500.0, 500.0, 500.0, 451.25000000000006, 500.0, 500.0, 451.25000000000006, 500.0, 500.0, 500.0, 500.0, 500.0, 500.0, 451.25000000000006, 500.0, 500.0, 500.0, 500.0, 428.57142857142856, 500.0, 500.0, 500.0, 500.0, 500.0, 428.57142857142856, 500.0, 500.0, 500.0, 500.0, 500.0, 500.0, 500.0, 500.0, 428.57142857142856, 500.0, 500.0, 500.0, 428.57142857142856, 500.0, 500.0, 500.0, 357.1428571428571, 428.57142857142856, 500.0, 500.0, 428.57142857142867, 500.0, 357.1428571428571, 500.0, 500.0, 500.0, 500.0, 500.0, 500.0, 500.0, 500.0, 357.1428571428571, 500.0, 500.0, 500.0, 357.1428571428571, 500.0, 428.57142857142856, 500.0, 285.71428571428567, 357.1428571428571, 500.0, 500.0, 357.1428571428572, 500.0, 285.71428571428567, 500.0, 500.0, 500.0, 500.0, 500.0, 428.57142857142867, 428.57142857142856, 500.0, 285.71428571428567, 500.0, 428.57142857142856, 428.57142857142856, 285.71428571428567, 500.0, 357.1428571428571, 500.0, 214.28571428571422, 285.71428571428567, 500.0000000000001, 500.0000000000001, 285.7142857142858, 500.0, 214.28571428571422, 500.0, 500.0, 500.0, 500.0, 500.0, 428.57142857142867, 428.57142857142856, 500.0, 214.28571428571422, 500.0, 357.1428571428571, 357.1428571428571, 214.28571428571422, 500.0, 285.71428571428567, 500.0, 142.85714285714278, 214.28571428571422, 500.0000000000001, 500.0000000000001, 214.28571428571433, 500.0, 142.85714285714278, 500.0, 500.0, 500.0, 500.0, 500.0, 428.57142857142867, 357.1428571428571, 428.57142857142867, 142.85714285714278, 500.0, 285.71428571428567, 285.71428571428567, 142.85714285714278, 500.0000000000001, 214.28571428571422, 500.0, 71.42857142857133, 142.85714285714278, 500.0000000000001, 500.0000000000001, 142.8571428571429, 500.0, 71.42857142857133, 500.0, 500.0000000000001, 500.0, 500.0, 500.0000000000001, 428.57142857142867, 285.71428571428567, 357.1428571428572, 71.42857142857133, 500.0, 214.28571428571422, 214.28571428571422, 142.8571428571429, 500.0000000000001, 142.85714285714278, 500.0, -1.1368683772161603e-13, 71.42857142857133, 500.0000000000001, 500.0000000000001, 71.42857142857144, 500.0, 0.0, 500.0000000000001, 500.0000000000001, 500.0, 500.0, 500.0000000000001, 428.57142857142867, 214.28571428571422, 285.7142857142858, 0.0, 500.0, 142.85714285714278, 214.28571428571433, 142.8571428571429, 500.0000000000001, 71.42857142857133, 500.0, 0.0, -1.1368683772161603e-13, 500.0000000000001, 500.0000000000001, 0.0, 500.0000000000001, 0.0, 500.0000000000001, 500.0000000000001, 500.0, 500.0, 500.0000000000001, 428.57142857142867, 142.85714285714278, 214.28571428571433, 0.0, 500.0, 71.42857142857133, 142.8571428571429, 142.8571428571429, 428.57142857142867, -1.1368683772161603e-13, 428.57142857142856, 0.0, -1.1368683772161603e-13, 428.57142857142867, 428.57142857142867, 0.0, 428.57142857142867, 0.0, 428.57142857142867, 428.57142857142867, 428.57142857142856, 428.57142857142856, 428.57142857142867, 357.1428571428572, 71.42857142857133, 142.8571428571429, 0.0, 428.57142857142856, 0.0, 71.42857142857144, 142.8571428571429, 357.1428571428572, -1.1368683772161603e-13, 357.1428571428571, 0.0, 0.0, 357.1428571428572, 357.1428571428572, 0.0, 357.1428571428572, 0.0, 357.1428571428572, 357.1428571428572, 357.1428571428571, 357.1428571428571, 357.1428571428572, 285.7142857142858, 0.0, 142.8571428571429, 0.0, 357.1428571428571, 0.0, 0.0, 142.8571428571429, 285.7142857142858, 0.0, 357.1428571428572, 0.0, 13.928571428571445, 285.7142857142858, 285.7142857142858, 0.0, 285.7142857142858, 0.0, 285.7142857142858, 285.7142857142858, 285.71428571428567, 285.71428571428567, 285.7142857142858, 214.28571428571433, 0.0, 142.8571428571429, 0.0, 285.7142857142858, 0.0, 0.0, 142.8571428571429, 214.28571428571433, 0.0, 285.7142857142858, 0.0, 78.39285714285717, 214.28571428571433, 214.28571428571433, 0.0, 214.28571428571433, 0.0, 214.28571428571433, 214.28571428571433, 214.28571428571422, 214.28571428571433, 214.28571428571433, 142.8571428571429, 0.0, 142.8571428571429, 0.0, 285.7142857142858, 0.0, 0.0, 142.8571428571429, 142.8571428571429, 0.0, 214.28571428571433, 0.0, 142.8571428571429, 142.8571428571429, 142.8571428571429, 0.0, 142.8571428571429, 0.0, 142.8571428571429, 142.8571428571429, 142.85714285714278, 142.8571428571429, 142.8571428571429, 71.42857142857144, 0.0, 71.42857142857144, 0.0, 214.28571428571433, 0.0, 0.0, 142.8571428571429, 71.42857142857144, 0.0, 142.8571428571429, 0.0, 142.8571428571429, 71.42857142857144, 71.42857142857144, 0.0, 71.42857142857144, 0.0, 71.42857142857144, 71.42857142857144, 71.42857142857133, 71.42857142857144, 71.42857142857144, 0.0, 0.0, 0.0, 0.0, 142.8571428571429, 0.0, 0.0, 142.8571428571429, 0.0, 0.0, 71.42857142857144, 0.0, 71.42857142857144, 0.0, 0.0, 0.0, 0.0, 0.0, 0.0, 0.0, 0.0, 0.0, 0.0, 0.0, 0.0, 0.0, 0.0, 71.42857142857144, 0.0, 0.0, 71.42857142857144, 0.0, 0.0, 0.0, 0.0, 0.0, 0.0, 0.0, 48.74999999999994, 0.0, 0.0, 0.0, 0.0, 0.0, 0.0, 0.0, 0.0, 0.0, 0.0, 0.0, 0.0, 0.0, 0.0, 0.0, 0.0, 0.0, 0.0, 64.46428571428572, 48.74999999999994, 64.46428571428572, 48.74999999999994, 113.21428571428567, 64.46428571428572, 48.74999999999994, 64.46428571428572, 48.74999999999994, 0.0, 0.0, 48.74999999999994, 48.74999999999994, 0.0, 64.46428571428572, 64.46428571428572, 48.74999999999994, 0.0, 0.0, 48.74999999999994, 48.74999999999994, 48.74999999999994, 64.46428571428572, 128.92857142857144, 113.21428571428567, 128.92857142857144, 113.21428571428567, 177.6785714285714, 128.92857142857144, 113.21428571428567, 128.92857142857144, 113.21428571428567, 64.46428571428572, 64.46428571428572, 113.21428571428567, 113.21428571428567, 64.46428571428572, 128.92857142857144, 128.92857142857144, 113.21428571428567, 64.46428571428572, 64.46428571428572, 113.21428571428567, 113.21428571428567, 113.21428571428567, 128.92857142857144, 193.39285714285717, 177.6785714285714, 193.39285714285717, 177.6785714285714, 242.1428571428571, 193.39285714285717, 177.6785714285714, 193.39285714285717, 177.6785714285714, 128.92857142857144, 128.92857142857144, 177.6785714285714, 177.6785714285714, 128.92857142857144, 193.39285714285717, 193.39285714285717, 177.6785714285714, 128.92857142857144, 128.92857142857144, 177.6785714285714, 177.6785714285714, 177.6785714285714, 193.39285714285717, 257.8571428571429, 242.1428571428571, 257.8571428571429, 242.1428571428571, 306.60714285714283, 257.8571428571429, 242.1428571428571, 257.8571428571429, 242.1428571428571, 193.39285714285717, 193.39285714285717, 242.1428571428571, 242.1428571428571, 193.39285714285717, 257.8571428571429, 257.8571428571429, 242.1428571428571, 193.39285714285717, 193.39285714285717, 242.1428571428571, 242.1428571428571, 242.1428571428571, 257.8571428571429, 322.3214285714286, 306.60714285714283, 322.3214285714286, 306.60714285714283, 371.07142857142856, 322.3214285714286, 306.60714285714283, 322.3214285714286, 306.60714285714283, 257.8571428571429, 257.8571428571429, 306.60714285714283, 306.60714285714283, 257.8571428571429, 322.3214285714286, 322.3214285714286, 306.60714285714283, 257.8571428571429, 257.8571428571429, 306.60714285714283, 306.60714285714283, 306.60714285714283, 322.3214285714286, 386.78571428571433, 371.07142857142856, 386.78571428571433, 371.07142857142856, 435.5357142857143, 386.78571428571433, 371.07142857142856, 386.78571428571433, 371.07142857142856, 322.3214285714286, 322.3214285714286, 371.07142857142856, 371.07142857142856, 322.3214285714286, 386.78571428571433, 386.78571428571433, 371.07142857142856, 322.3214285714286, 322.3214285714286, 371.07142857142856, 371.07142857142856, 371.07142857142856, 386.78571428571433, 451.25000000000006, 435.5357142857143, 451.25000000000006, 435.5357142857143, 500.0, 451.25000000000006, 435.5357142857143, 451.25000000000006, 435.5357142857143, 386.78571428571433, 386.78571428571433, 435.5357142857143, 435.5357142857143, 386.78571428571433, 451.25000000000006, 451.25000000000006, 435.5357142857143, 386.78571428571433, 386.78571428571433, 435.5357142857143, 435.5357142857143, 435.5357142857143, 451.25000000000006, 500.0, 500.0, 500.0, 500.0, 500.0, 500.0, 500.0, 500.0, 500.0, 451.25000000000006, 451.25000000000006, 500.0, 500.0, 451.25000000000006, 500.0, 500.0, 500.0, 451.25000000000006, 451.25000000000006, 500.0, 500.0, 500.0, 500.0, 428.57142857142856, 500.0, 500.0, 500.0, 500.0, 500.0, 428.57142857142856, 500.0, 500.0, 500.0, 500.0, 500.0, 500.0, 500.0, 500.0, 428.57142857142856, 500.0, 500.0, 500.0, 500.0, 500.0, 500.0, 428.57142857142856, 357.1428571428571, 428.57142857142856, 500.0, 500.0, 428.57142857142856, 500.0, 357.1428571428571, 500.0, 500.0, 500.0, 500.0000000000001, 500.0, 500.0, 500.0, 500.0, 357.1428571428571, 500.0, 500.0, 500.0, 428.57142857142856, 500.0, 428.57142857142856, 357.1428571428571, 285.71428571428567, 357.1428571428571, 500.0, 500.0, 357.1428571428571, 428.57142857142856, 285.71428571428567, 500.0, 500.0, 500.0, 500.0000000000001, 500.0, 500.0, 500.0, 500.0, 285.71428571428567, 500.0, 500.0, 500.0, 357.1428571428571, 500.0, 357.1428571428571, 285.71428571428567, 214.28571428571422, 285.7142857142858, 500.0, 500.0, 285.71428571428567, 357.1428571428571, 214.28571428571422, 500.0, 500.0, 500.0, 500.0000000000001, 500.0, 500.0, 500.0, 500.0, 214.28571428571422, 500.0, 500.0, 500.0, 357.1428571428571, 500.0, 285.71428571428567, 214.28571428571422, 142.85714285714278, 214.28571428571433, 500.0, 500.0, 214.28571428571422, 285.71428571428567, 142.85714285714278, 500.0000000000001, 500.0, 500.0, 500.0000000000001, 500.0, 500.0, 500.0, 500.0, 142.85714285714278, 500.0, 500.0, 500.0000000000001, 285.71428571428567, 428.57142857142867, 214.28571428571422, 142.85714285714278, 142.85714285714278, 214.28571428571433, 500.0, 500.0, 142.85714285714278, 214.28571428571422, 142.85714285714278, 500.0000000000001, 500.0, 500.0, 500.0000000000001, 500.0, 500.0, 500.0, 500.0, 142.85714285714278, 500.0, 500.0, 500.0000000000001, 214.28571428571433, 428.57142857142867, 142.85714285714278, 71.42857142857133, 142.85714285714278, 214.28571428571433, 500.0, 500.0, 71.42857142857133, 214.28571428571422, 142.85714285714278, 500.0000000000001, 500.0, 435.5357142857144, 500.0000000000001, 500.0, 500.0, 500.0, 500.0, 207.3214285714285, 500.0, 500.0, 500.0000000000001, 214.28571428571433, 428.57142857142867, 71.42857142857133, 0.0, 142.85714285714278, 214.28571428571433, 500.0, 500.0000000000001, -1.1368683772161603e-13, 214.28571428571422, 142.8571428571429, 500.0000000000001, 500.0, 500.0000000000001, 500.0000000000001, 500.0, 500.0000000000001, 500.0, 428.57142857142856, 271.7857142857142, 500.0, 500.0, 500.0000000000001, 214.28571428571433, 428.57142857142867, -1.1368683772161603e-13, 0.0, 142.85714285714278, 214.28571428571433, 428.57142857142867, 428.57142857142867, -1.1368683772161603e-13, 142.85714285714278, 142.8571428571429, 428.57142857142867, 428.57142857142856, 428.57142857142867, 428.57142857142867, 428.57142857142856, 428.57142857142867, 428.57142857142856, 357.1428571428571, 200.35714285714278, 428.57142857142867, 428.57142857142856, 428.57142857142867, 214.28571428571433, 357.1428571428572, 0.0, 0.0, 142.85714285714278, 214.28571428571433, 357.1428571428572, 357.1428571428572, -1.1368683772161603e-13, 142.85714285714278, 142.8571428571429, 357.1428571428572, 357.1428571428571, 357.1428571428572, 357.1428571428572, 357.1428571428571, 357.1428571428572, 357.1428571428571, 285.71428571428567, 142.8571428571429, 357.1428571428572, 357.1428571428571, 357.1428571428572, 214.28571428571433, 285.7142857142858, 0.0, 64.46428571428572, 142.85714285714278, 214.28571428571433, 285.7142857142858, 285.7142857142858, -1.1368683772161603e-13, 71.42857142857133, 142.8571428571429, 285.7142857142858, 285.71428571428567, 285.7142857142858, 285.7142857142858, 285.71428571428567, 285.7142857142858, 285.71428571428567, 214.28571428571422, 142.8571428571429, 285.7142857142858, 285.71428571428567, 285.7142857142858, 214.28571428571433, 214.28571428571433, 0.0, 64.46428571428572, 149.8214285714286, 214.28571428571433, 214.28571428571433, 214.28571428571433, -1.1368683772161603e-13, 71.42857142857133, 142.8571428571429, 214.28571428571433, 214.28571428571422, 214.28571428571433, 214.28571428571433, 214.28571428571422, 214.28571428571433, 214.28571428571422, 142.85714285714278, 142.8571428571429, 285.7142857142858, 214.28571428571422, 214.28571428571433, 214.28571428571433, 142.8571428571429, 0.0, 64.46428571428572, 214.28571428571433, 214.28571428571433, 142.8571428571429, 142.8571428571429, -1.1368683772161603e-13, 0.0, 142.8571428571429, 142.8571428571429, 142.85714285714278, 142.8571428571429, 142.8571428571429, 142.85714285714278, 142.8571428571429, 142.85714285714278, 71.42857142857133, 142.8571428571429, 214.28571428571433, 142.85714285714278, 142.8571428571429, 214.28571428571433, 71.42857142857144, 0.0, 64.46428571428572, 142.8571428571429, 142.8571428571429, 71.42857142857144, 71.42857142857144, 0.0, 0.0, 142.8571428571429, 71.42857142857144, 71.42857142857133, 71.42857142857144, 71.42857142857144, 71.42857142857133, 71.42857142857144, 71.42857142857133, -1.1368683772161603e-13, 71.42857142857144, 142.8571428571429, 71.42857142857133, 71.42857142857144, 142.8571428571429, 0.0, 0.0, 128.92857142857144, 71.42857142857144, 71.42857142857144, 0.0, 0.0, 0.0, 0.0, 71.42857142857144, 0.0, -1.1368683772161603e-13, 0.0, 0.0, 0.0, 0.0, -1.1368683772161603e-13, 0.0, 0.0, 71.42857142857144, -1.1368683772161603e-13, 0.0, 71.42857142857144, 0.0, 0.0, 128.92857142857144, 0.0, 0.0, 0.0, 0.0, 0.0, 0.0, 0.0, 0.0, 0.0, 0.0, 0.0, 0.0, 64.46428571428572, 0.0, 0.0, 48.74999999999994, 0.0, 0.0, 0.0, 0.0, 0.0, 0.0, 128.92857142857144, 64.46428571428572, 0.0, 48.74999999999994, 64.46428571428572, 64.46428571428572, 0.0, 48.74999999999994, 64.46428571428572, 64.46428571428572, 64.46428571428572, 64.46428571428572, 48.74999999999994, 128.92857142857144, 64.46428571428572, 64.46428571428572, 113.21428571428567, 48.74999999999994, 64.46428571428572, 64.46428571428572, 48.74999999999994, 64.46428571428572, 48.74999999999994, 128.92857142857144, 128.92857142857144, 0.0, 113.21428571428567, 128.92857142857144, 128.92857142857144, 64.46428571428572, 113.21428571428567, 128.92857142857144, 128.92857142857144, 128.92857142857144, 128.92857142857144, 113.21428571428567, 193.39285714285717, 128.92857142857144, 128.92857142857144, 177.6785714285714, 113.21428571428567, 128.92857142857144, 128.92857142857144, 113.21428571428567, 128.92857142857144, 113.21428571428567, 193.39285714285717, 193.39285714285717, 64.46428571428572, 177.6785714285714, 193.39285714285717, 193.39285714285717, 128.92857142857144, 177.6785714285714, 193.39285714285717, 193.39285714285717, 193.39285714285717, 193.39285714285717, 177.6785714285714, 257.8571428571429, 193.39285714285717, 193.39285714285717, 242.1428571428571, 177.6785714285714, 193.39285714285717, 193.39285714285717, 177.6785714285714, 193.39285714285717, 177.6785714285714, 193.39285714285717, 257.8571428571429, 128.92857142857144, 242.1428571428571, 257.8571428571429, 257.8571428571429, 193.39285714285717, 242.1428571428571, 242.1428571428571, 257.8571428571429, 257.8571428571429, 257.8571428571429, 242.1428571428571, 322.3214285714286, 257.8571428571429, 257.8571428571429, 306.60714285714283, 242.1428571428571, 257.8571428571429, 257.8571428571429, 242.1428571428571, 257.8571428571429, 242.1428571428571, 193.39285714285717, 322.3214285714286, 193.39285714285717, 306.60714285714283, 322.3214285714286, 322.3214285714286, 257.8571428571429, 306.60714285714283, 306.60714285714283, 322.3214285714286, 322.3214285714286, 322.3214285714286, 306.60714285714283, 386.78571428571433, 322.3214285714286, 322.3214285714286, 371.07142857142856, 306.60714285714283, 322.3214285714286, 322.3214285714286, 306.60714285714283, 322.3214285714286, 306.60714285714283, 193.39285714285717, 386.78571428571433, 257.8571428571429, 371.07142857142856, 386.78571428571433, 386.78571428571433, 322.3214285714286, 371.07142857142856, 371.07142857142856, 386.78571428571433, 386.78571428571433, 386.78571428571433, 371.07142857142856, 451.25000000000006, 386.78571428571433, 386.78571428571433, 435.5357142857143, 371.07142857142856, 386.78571428571433, 386.78571428571433, 371.07142857142856, 386.78571428571433, 371.07142857142856, 193.39285714285717, 451.25000000000006, 322.3214285714286, 435.5357142857143, 451.25000000000006, 451.25000000000006, 386.78571428571433, 435.5357142857143, 435.5357142857143, 451.25000000000006, 386.78571428571433, 386.78571428571433, 435.5357142857143, 500.0, 451.25000000000006, 451.25000000000006, 500.0, 435.5357142857143, 451.25000000000006, 451.25000000000006, 435.5357142857143, 451.25000000000006, 435.5357142857143, 257.8571428571429, 500.0, 386.78571428571433, 500.0, 500.0, 500.0, 435.5357142857143, 500.0, 500.0, 451.25000000000006, 451.25000000000006, 451.25000000000006, 500.0, 500.0, 500.0, 500.0, 500.0, 500.0, 500.0, 451.25000000000006, 500.0, 500.0, 500.0, 257.8571428571429, 428.57142857142856, 451.25000000000006, 500.0, 500.0, 500.0, 500.0, 428.57142857142856, 500.0, 500.0, 500.0, 500.0, 500.0, 500.0, 500.0, 500.0, 500.0, 500.0, 500.0, 500.0, 500.0, 500.0, 500.0, 257.8571428571429, 357.1428571428571, 428.57142857142867, 500.0, 428.57142857142856, 500.0, 500.0, 357.1428571428571, 500.0, 500.0, 500.0, 500.0, 428.57142857142856, 500.0, 500.0, 500.0, 428.57142857142856, 428.57142857142856, 500.0, 500.0, 500.0, 500.0, 500.0, 257.8571428571429, 292.6785714285715, 357.1428571428572, 500.0, 357.1428571428571, 500.0, 500.0, 285.71428571428567, 500.0, 500.0, 500.0, 500.0, 357.1428571428571, 428.57142857142856, 500.0, 500.0, 357.1428571428571, 357.1428571428571, 428.57142857142856, 500.0000000000001, 500.0, 500.0, 500.0, 322.3214285714286, 292.6785714285715, 285.7142857142858, 500.0, 357.1428571428571, 428.57142857142856, 500.0, 214.28571428571422, 500.0, 500.0, 500.0, 500.0, 285.71428571428567, 357.1428571428571, 500.0, 500.0, 285.71428571428567, 285.71428571428567, 357.1428571428571, 500.0000000000001, 500.0, 428.57142857142867, 500.0, 322.3214285714286, 221.25000000000006, 214.28571428571433, 500.0000000000001, 285.7142857142858, 428.57142857142867, 500.0, 142.85714285714278, 500.0, 500.0, 500.0000000000001, 500.0, 214.28571428571422, 285.71428571428567, 500.0000000000001, 500.0000000000001, 285.71428571428567, 214.28571428571422, 285.71428571428567, 500.0000000000001, 500.0, 428.57142857142867, 500.0, 371.07142857142856, 149.8214285714286, 142.8571428571429, 500.0000000000001, 285.7142857142858, 428.57142857142867, 500.0, 71.42857142857133, 500.0, 500.0, 500.0000000000001, 500.0, 142.85714285714278, 214.28571428571422, 500.0000000000001, 500.0000000000001, 285.71428571428567, 142.85714285714278, 214.28571428571422, 500.0000000000001, 500.0, 428.57142857142867, 500.0, 435.5357142857143, 149.8214285714286, 71.42857142857144, 500.0000000000001, 285.7142857142858, 357.1428571428572, 500.0, -1.1368683772161603e-13, 500.0, 500.0, 500.0000000000001, 500.0, 71.42857142857133, 142.85714285714278, 500.0000000000001, 500.0000000000001, 285.71428571428567, 71.42857142857133, 142.85714285714278, 500.0000000000001, 500.0, 428.57142857142867, 500.0, 500.0, 149.8214285714286, 0.0, 500.0000000000001, 285.7142857142858, 285.7142857142858, 500.0, 0.0, 500.0, 500.0, 500.0000000000001, 500.0, -1.1368683772161603e-13, 71.42857142857133, 500.0000000000001, 500.0000000000001, 285.71428571428567, -1.1368683772161603e-13, 71.42857142857133, 500.0000000000001, 500.0, 428.57142857142867, 500.0, 500.0, 149.8214285714286, 0.0, 428.57142857142867, 214.28571428571433, 214.28571428571433, 428.57142857142867, 0.0, 428.57142857142867, 428.57142857142856, 428.57142857142867, 428.57142857142856, -1.1368683772161603e-13, 71.42857142857133, 428.57142857142867, 428.57142857142867, 214.28571428571433, 0.0, 0.0, 428.57142857142867, 428.57142857142856, 357.1428571428572, 428.57142857142867, 500.0, 149.8214285714286, 0.0, 357.1428571428572, 142.8571428571429, 142.8571428571429, 357.1428571428572, 13.928571428571445, 357.1428571428572, 357.1428571428571, 357.1428571428572, 357.1428571428571, -1.1368683772161603e-13, 71.42857142857133, 357.1428571428572, 357.1428571428572, 214.28571428571433, 64.46428571428572, 0.0, 357.1428571428572, 357.1428571428571, 285.7142857142858, 357.1428571428572, 428.57142857142856, 149.8214285714286, 64.46428571428572, 285.7142857142858, 71.42857142857144, 71.42857142857144, 285.7142857142858, 78.39285714285717, 285.7142857142858, 285.71428571428567, 285.7142857142858, 285.71428571428567, -1.1368683772161603e-13, 71.42857142857133, 285.7142857142858, 285.7142857142858, 214.28571428571433, 0.0, 0.0, 285.7142857142858, 285.71428571428567, 214.28571428571433, 285.7142857142858, 357.1428571428571, 214.28571428571433, 64.46428571428572, 214.28571428571433, 0.0, 0.0, 214.28571428571433, 142.8571428571429, 214.28571428571433, 214.28571428571422, 214.28571428571433, 214.28571428571422, 0.0, 0.0, 214.28571428571433, 214.28571428571433, 214.28571428571433, 64.46428571428572, 0.0, 214.28571428571433, 214.28571428571433, 142.8571428571429, 214.28571428571433, 285.71428571428567, 214.28571428571433, 64.46428571428572, 142.8571428571429, 0.0, 0.0, 142.8571428571429, 142.8571428571429, 142.8571428571429, 142.85714285714278, 142.8571428571429, 142.85714285714278, 0.0, 0.0, 142.8571428571429, 142.8571428571429, 142.8571428571429, 128.92857142857144, 0.0, 142.8571428571429, 214.28571428571433, 71.42857142857144, 142.8571428571429, 214.28571428571422, 142.8571428571429, 64.46428571428572, 71.42857142857144, 0.0, 0.0, 71.42857142857144, 142.8571428571429, 71.42857142857144, 71.42857142857133, 71.42857142857144, 71.42857142857133, 0.0, 0.0, 71.42857142857144, 71.42857142857144, 71.42857142857144, 57.5, 0.0, 71.42857142857144, 142.8571428571429, 0.0, 71.42857142857144, 142.85714285714278, 71.42857142857144, 128.92857142857144, 0.0, 0.0, 0.0, 0.0, 71.42857142857144, 0.0, -1.1368683772161603e-13, 0.0, -1.1368683772161603e-13, 0.0, 0.0, 0.0, 0.0, 0.0, 0.0, 0.0, 0.0, 71.42857142857144, 0.0, 0.0, 71.42857142857133, 0.0, 128.92857142857144, 0.0, 48.74999999999994, 0.0, 0.0, 0.0, 0.0, 0.0, 0.0, 0.0, 0.0, 0.0, 0.0, 0.0, 0.0, 0.0, 0.0, 0.0, 0.0, 0.0, 0.0, 71.42857142857133, 64.46428571428572, 128.92857142857144, 0.0, 113.21428571428567, 48.74999999999994, 64.46428571428572, 0.0, 48.74999999999994, 0.0, 48.74999999999994, 64.46428571428572, 0.0, 48.74999999999994, 64.46428571428572, 64.46428571428572, 64.46428571428572, 64.46428571428572, 64.46428571428572, 0.0, 64.46428571428572, 64.46428571428572, 48.74999999999994, 113.21428571428567, 128.92857142857144, 128.92857142857144, 64.46428571428572, 177.6785714285714, 113.21428571428567, 128.92857142857144, 64.46428571428572, 113.21428571428567, 64.46428571428572, 113.21428571428567, 128.92857142857144, 64.46428571428572, 113.21428571428567, 128.92857142857144, 128.92857142857144, 128.92857142857144, 128.92857142857144, 128.92857142857144, 64.46428571428572, 128.92857142857144, 128.92857142857144, 113.21428571428567, 177.6785714285714, 193.39285714285717, 193.39285714285717, 128.92857142857144, 242.1428571428571, 177.6785714285714, 193.39285714285717, 128.92857142857144, 177.6785714285714, 128.92857142857144, 177.6785714285714, 193.39285714285717, 128.92857142857144, 177.6785714285714, 193.39285714285717, 193.39285714285717, 193.39285714285717, 193.39285714285717, 193.39285714285717, 128.92857142857144, 193.39285714285717, 193.39285714285717, 177.6785714285714, 242.1428571428571, 257.8571428571429, 193.39285714285717, 193.39285714285717, 306.60714285714283, 242.1428571428571, 257.8571428571429, 193.39285714285717, 242.1428571428571, 193.39285714285717, 242.1428571428571, 257.8571428571429, 193.39285714285717, 242.1428571428571, 257.8571428571429, 257.8571428571429, 257.8571428571429, 257.8571428571429, 257.8571428571429, 193.39285714285717, 257.8571428571429, 257.8571428571429, 242.1428571428571, 306.60714285714283, 322.3214285714286, 193.39285714285717, 257.8571428571429, 371.07142857142856, 306.60714285714283, 322.3214285714286, 257.8571428571429, 306.60714285714283, 257.8571428571429, 306.60714285714283, 322.3214285714286, 257.8571428571429, 306.60714285714283, 322.3214285714286, 322.3214285714286, 322.3214285714286, 322.3214285714286, 322.3214285714286, 257.8571428571429, 322.3214285714286, 322.3214285714286, 306.60714285714283, 371.07142857142856, 386.78571428571433, 193.39285714285717, 322.3214285714286, 435.5357142857143, 371.07142857142856, 386.78571428571433, 322.3214285714286, 371.07142857142856, 322.3214285714286, 371.07142857142856, 386.78571428571433, 322.3214285714286, 371.07142857142856, 386.78571428571433, 386.78571428571433, 386.78571428571433, 386.78571428571433, 386.78571428571433, 322.3214285714286, 386.78571428571433, 386.78571428571433, 371.07142857142856, 435.5357142857143, 451.25000000000006, 257.8571428571429, 386.78571428571433, 500.0, 435.5357142857143, 451.25000000000006, 386.78571428571433, 435.5357142857143, 386.78571428571433, 435.5357142857143, 435.5357142857143, 386.78571428571433, 435.5357142857143, 451.25000000000006, 451.25000000000006, 451.25000000000006, 451.25000000000006, 451.25000000000006, 386.78571428571433, 451.25000000000006, 451.25000000000006, 435.5357142857143, 500.0, 500.0, 257.8571428571429, 451.25000000000006, 500.0, 500.0, 451.25000000000006, 451.25000000000006, 500.0, 451.25000000000006, 500.0, 500.0, 451.25000000000006, 500.0, 500.0, 500.0, 500.0, 500.0, 500.0, 451.25000000000006, 500.0, 500.0, 500.0, 500.0, 500.0, 257.8571428571429, 500.0, 500.0, 500.0, 500.0, 428.57142857142867, 500.0, 500.0, 500.0, 500.0, 500.0, 500.0, 500.0, 500.0, 500.0, 500.0, 500.0, 500.0, 428.57142857142856, 500.0, 500.0, 500.0, 500.0, 257.8571428571429, 500.0, 500.0, 500.0, 500.0, 357.1428571428572, 500.0, 500.0, 500.0, 500.0, 500.0, 500.0, 500.0, 500.0, 442.5, 500.0, 500.0, 500.0, 357.1428571428571, 500.0, 428.57142857142856, 435.5357142857144, 500.0, 322.3214285714286, 500.0, 500.0, 500.0, 500.0, 285.7142857142858, 500.0, 500.0, 428.57142857142856, 500.0000000000001, 428.57142857142856, 428.57142857142856, 500.0, 500.0, 371.07142857142856, 500.0, 500.0, 500.0, 285.71428571428567, 500.0, 357.1428571428571, 435.5357142857144, 500.0, 322.3214285714286, 500.0, 428.57142857142856, 500.0, 500.0, 214.28571428571433, 500.0, 500.0, 357.1428571428571, 500.0000000000001, 357.1428571428571, 357.1428571428571, 500.0, 500.0, 371.07142857142856, 500.0, 500.0, 500.0, 214.28571428571422, 500.0, 285.71428571428567, 364.10714285714295, 500.0, 322.3214285714286, 500.0, 357.1428571428571, 500.0, 500.0, 142.8571428571429, 500.0, 500.0, 285.71428571428567, 500.0000000000001, 285.71428571428567, 285.71428571428567, 500.0, 500.0, 371.07142857142856, 500.0, 500.0, 500.0, 142.85714285714278, 500.0, 214.28571428571422, 364.10714285714295, 500.0, 386.78571428571433, 500.0, 285.71428571428567, 500.0, 428.57142857142856, 142.8571428571429, 500.0, 500.0, 214.28571428571422, 500.0000000000001, 214.28571428571422, 214.28571428571422, 500.0000000000001, 500.0, 371.07142857142856, 500.0, 500.0, 500.0, 142.85714285714278, 500.0, 142.85714285714278, 364.10714285714295, 500.0, 435.5357142857143, 500.0, 285.7142857142858, 500.0, 357.1428571428571, 142.8571428571429, 500.0, 500.0, 142.85714285714278, 500.0000000000001, 142.85714285714278, 142.8571428571429, 500.0000000000001, 500.0, 435.5357142857143, 500.0, 500.0, 500.0, 71.42857142857133, 500.0, 71.42857142857144, 428.57142857142867, 500.0, 500.0, 500.0000000000001, 285.7142857142858, 500.0, 285.71428571428567, 142.8571428571429, 500.0, 500.0, 71.42857142857133, 500.0000000000001, 71.42857142857133, 142.8571428571429, 500.0000000000001, 500.0000000000001, 500.0, 500.0, 500.0, 428.57142857142867, 135.89285714285705, 428.57142857142856, 0.0]"
Li_LCOE_Fom,0.0035185940052554366
CAPEX_TES_storage,25477.71982897625
powerTurbine_t,"[12.96254044038598, 0.0, 0.0, 0.0, 0.0, 0.0, 0.0, 0.0, 0.0, 0.0, 0.0, 0.0, 0.0, 0.0, 12.96254044038598, 0.0, 12.962540440386002, 0.0, 0.0, 0.0, 0.0, 0.0, 0.0, 12.96254044038598, 0.0, 0.0, 38.12511894231171, 0.0, 0.0, 0.0, 0.0, 0.0, 0.0, 0.0, 0.0, 0.0, 0.0, 51.087659382697694, 0.0, 51.087659382697694, 0.0, 0.0, 0.0, 0.0, 0.0, 0.0, 12.96254044038598, 0.0, 0.0, 50.85095113919839, 0.0, 0.0, 0.0, 0.0, 0.0, 0.0, 0.0, 0.0, 0.0, 0.0, 76.25023788462342, 0.0, 76.25023788462342, 0.0, 0.0, 0.0, 0.0, 0.0, 0.0, 12.96254044038598, 0.0, 0.0, 76.25023788462342, 0.0, 0.0, 0.0, 0.0, 0.0, 0.0, 0.0, 0.0, 0.0, 0.0, 76.25023788462342, 0.0, 76.25023788462342, 0.0, 0.0, 0.0, 0.0, 0.0, 0.0, 12.96254044038598, 0.0, 0.0, 76.25023788462342, 0.0, 0.0, 0.0, 0.0, 0.0, 0.0, 0.0, 0.0, 0.0, 0.0, 76.25023788462342, 0.0, 76.25023788462342, 0.0, 0.0, 0.0, 0.0, 0.0, 0.0, 51.087659382697694, 0.0, 0.0, 76.25023788462342, 0.0, 0.0, 0.0, 0.0, 0.0, 0.0, 0.0, 0.0, 0.0, 0.0, 75.21205501250984, 0.0, 43.633468027503326, 0.0, 0.0, 0.0, 0.0, 0.0, 0.0, 76.25023788462342, 0.0, 0.0, 38.12511894231171, 0.0, 0.0, 0.0, 0.0, 0.0, 0.0, 0.0, 0.0, 0.0, 0.0, 37.08693607019813, 0.0, 12.962540440385983, 0.0, 0.0, 0.0, 0.0, 0.0, 0.0, 38.12511894231171, 0.0, 0.0, 0.0, 0.0, 0.0, 0.0, 0.0, 0.0, 0.0, 0.0, 0.0, 0.0, 0.0, 0.0, 0.0, 0.0, 0.0, 0.0, 0.0, 0.0, 0.0, 0.0, 0.0, 0.0, 0.0, 0.0, 0.0, 0.0, 0.0, 0.0, 0.0, 0.0, 0.0, 0.0, 0.0, 0.0, 0.0, 0.0, 0.0, 0.0, 0.0, 0.0, 0.0, 0.0, 0.0, 0.0, 0.0, 0.0, 0.0, 0.0, 0.0, 0.0, 0.0, 0.0, 0.0, 0.0, 0.0, 0.0, 0.0, 0.0, 0.0, 0.0, 0.0, 0.0, 0.0, 0.0, 0.0, 0.0, 0.0, 0.0, 0.0, 0.0, 0.0, 0.0, 0.0, 0.0, 0.0, 0.0, 0.0, 0.0, 0.0, 0.0, 0.0, 0.0, 0.0, 0.0, 0.0, 0.0, 0.0, 0.0, 0.0, 0.0, 0.0, 0.0, 0.0, 0.0, 0.0, 0.0, 0.0, 0.0, 0.0, 0.0, 0.0, 0.0, 0.0, 0.0, 0.0, 0.0, 0.0, 0.0, 0.0, 0.0, 0.0, 0.0, 0.0, 0.0, 0.0, 0.0, 0.0, 0.0, 0.0, 0.0, 0.0, 0.0, 0.0, 0.0, 0.0, 0.0, 0.0, 0.0, 0.0, 0.0, 0.0, 0.0, 0.0, 0.0, 0.0, 0.0, 0.0, 0.0, 0.0, 0.0, 0.0, 0.0, 0.0, 0.0, 0.0, 0.0, 0.0, 0.0, 0.0, 0.0, 0.0, 0.0, 0.0, 0.0, 0.0, 0.0, 0.0, 0.0, 0.0, 0.0, 0.0, 0.0, 0.0, 0.0, 0.0, 0.0, 0.0, 0.0, 0.0, 0.0, 0.0, 0.0, 0.0, 0.0, 0.0, 0.0, 0.0, 0.0, 0.0, 0.0, 0.0, 0.0, 0.0, 0.0, 0.0, 0.0, 0.0, 0.0, 0.0, 0.0, 0.0, 0.0, 0.0, 0.0, 0.0, 0.0, 0.0, 0.0, 0.0, 0.0, 0.0, 0.0, 0.0, 0.0, 0.0, 0.0, 0.0, 0.0, 0.0, 0.0, 0.0, 0.0, 0.0, 0.0, 0.0, 0.0, 0.0, 0.0, 0.0, 0.0, 38.12511894231171, 0.0, 0.0, 0.0, 0.0, 0.0, 0.0, 0.0, 0.0, 0.0, 0.0, 0.0, 0.0, 0.0, 0.0, 0.0, 0.0, 0.0, 0.0, 0.0, 0.0, 0.0, 0.0, 76.25023788462342, 0.0, 0.0, 0.0, 0.0, 0.0, 0.0, 0.0, 0.0, 0.0, 0.0, 0.0, 0.0, 0.0, 0.0, 0.0, 0.0, 0.0, 0.0, 0.0, 0.0, 0.0, 0.0, 76.25023788462342, 0.0, 0.0, 0.0, 0.0, 0.0, 0.0, 0.0, 0.0, 0.0, 0.0, 0.0, 0.0, 0.0, 0.0, 0.0, 0.0, 0.0, 0.0, 0.0, 0.0, 0.0, 0.0, 76.25023788462342, 0.0, 0.0, 0.0, 0.0, 0.0, 0.0, 0.0, 0.0, 0.0, 0.0, 0.0, 0.0, 0.0, 0.0, 0.0, 0.0, 0.0, 0.0, 0.0, 0.0, 0.0, 0.0, 76.25023788462342, 0.0, 0.0, 0.0, 0.0, 0.0, 0.0, 0.0, 0.0, 0.0, 0.0, 0.0, 0.0, 0.0, 0.0, 0.0, 0.0, 0.0, 0.0, 0.0, 0.0, 0.0, 0.0, 76.25023788462342, 0.0, 0.0, 0.0, 0.0, 0.0, 0.0, 0.0, 0.0, 0.0, 0.0, 0.0, 0.0, 0.0, 0.0, 0.0, 0.0, 0.0, 0.0, 0.0, 0.0, 0.0, 0.0, 52.393843033414846, 0.0, 0.0, 0.0, 0.0, 0.0, 0.0, 0.0, 0.0, 0.0, 0.0, 0.0, 0.0, 0.0, 0.0, 0.0, 38.12511894231171, 0.0, 0.0, 0.0, 38.12511894231171, 38.12511894231171, 0.0, 14.268724091103127, 0.0, 38.12511894231171, 0.0, 0.0, 0.0, 0.0, 0.0, 0.0, 0.0, 0.0, 0.0, 0.0, 38.12511894231171, 0.0, 0.0, 76.25023788462342, 0.0, 0.0, 0.0, 76.25023788462342, 76.25023788462342, 0.0, 0.0, 0.0, 76.25023788462342, 0.0, 0.0, 0.0, 0.0, 0.0, 0.0, 0.0, 0.0, 0.0, 0.0, 76.25023788462342, 0.0, 0.0, 76.25023788462342, 0.0, 0.0, 0.0, 76.25023788462342, 76.25023788462342, 0.0, 0.0, 0.0, 76.25023788462342, 0.0, 0.0, 0.0, 0.0, 0.0, 0.0, 0.0, 0.0, 0.0, 0.0, 76.25023788462342, 0.0, 0.0, 76.25023788462342, 0.0, 0.0, 0.0, 76.25023788462342, 76.25023788462342, 0.0, 0.0, 0.0, 76.25023788462342, 0.0, 0.0, 0.0, 0.0, 0.0, 0.0, 0.0, 0.0, 0.0, 0.0, 76.25023788462342, 0.0, 0.0, 76.25023788462342, 0.0, 0.0, 0.0, 76.25023788462342, 76.25023788462342, 0.0, 0.0, 0.0, 76.25023788462342, 0.0, 0.0, 0.0, 0.0, 0.0, 0.0, 0.0, 0.0, 0.0, 0.0, 55.54168054215071, 0.0, 0.0, 38.12511894231171, 0.0, 0.0, 0.0, 76.25023788462342, 76.25023788462342, 0.0, 0.0, 0.0, 76.25023788462342, 0.0, 0.0, 0.0, 0.0, 0.0, 0.0, 0.0, 0.0, 0.0, 0.0, 17.416561599838992, 0.0, 0.0, 26.143052324033086, 0.0, 0.0, 0.0, 58.3642375145579, 51.87709267456752, 0.0, 0.0, 0.0, 58.26063064419642, 0.0, 0.0, 0.0, 0.0, 0.0, 0.0, 0.0, 0.0, 0.0, 0.0, 0.0, 0.0, 0.0, 64.26817126634478, 0.0, 0.0, 0.0, 20.239118572246188, 13.751973732255804, 0.0, 0.0, 0.0, 20.13551170188471, 0.0, 0.0, 0.0, 0.0, 0.0, 0.0, 0.0, 0.0, 0.0, 0.0, 0.0, 0.0, 0.0, 26.14305232403308, 0.0, 0.0, 0.0, 0.0, 0.0, 0.0, 0.0, 0.0, 0.0, 0.0, 0.0, 0.0, 0.0, 0.0, 0.0, 0.0, 0.0, 0.0, 0.0, 0.0, 0.0, 0.0, 0.0, 0.0, 0.0, 0.0, 0.0, 0.0, 0.0, 0.0, 0.0, 0.0, 0.0, 0.0, 0.0, 0.0, 0.0, 0.0, 0.0, 0.0, 0.0, 0.0, 0.0, 0.0, 0.0, 0.0, 0.0, 0.0, 0.0, 0.0, 0.0, 0.0, 0.0, 0.0, 0.0, 0.0, 0.0, 0.0, 0.0, 0.0, 0.0, 0.0, 0.0, 0.0, 0.0, 0.0, 0.0, 0.0, 0.0, 0.0, 0.0, 0.0, 0.0, 0.0, 0.0, 0.0, 0.0, 0.0, 0.0, 0.0, 0.0, 0.0, 0.0, 0.0, 0.0, 0.0, 0.0, 0.0, 0.0, 0.0, 0.0, 0.0, 0.0, 0.0, 0.0, 0.0, 0.0, 0.0, 0.0, 0.0, 0.0, 0.0, 0.0, 0.0, 0.0, 0.0, 0.0, 0.0, 0.0, 0.0, 0.0, 0.0, 0.0, 0.0, 0.0, 0.0, 0.0, 0.0, 0.0, 0.0, 0.0, 0.0, 0.0, 0.0, 0.0, 0.0, 0.0, 0.0, 0.0, 0.0, 0.0, 0.0, 0.0, 0.0, 0.0, 0.0, 0.0, 0.0, 0.0, 0.0, 0.0, 0.0, 0.0, 0.0, 0.0, 0.0, 0.0, 0.0, 0.0, 0.0, 0.0, 0.0, 0.0, 0.0, 0.0, 0.0, 0.0, 0.0, 0.0, 0.0, 0.0, 0.0, 0.0, 0.0, 0.0, 0.0, 0.0, 0.0, 0.0, 0.0, 0.0, 0.0, 0.0, 0.0, 0.0, 0.0, 0.0, 0.0, 0.0, 0.0, 0.0, 0.0, 0.0, 0.0, 0.0, 0.0, 0.0, 0.0, 0.0, 0.0, 0.0, 0.0, 0.0, 0.0, 0.0, 0.0, 0.0, 0.0, 0.0, 0.0, 0.0, 0.0, 0.0, 0.0, 0.0, 0.0, 0.0, 0.0, 0.0, 0.0, 0.0, 0.0, 0.0, 0.0, 0.0, 0.0, 0.0, 0.0, 0.0, 0.0, 0.0, 0.0, 0.0, 0.0, 0.0, 0.0, 0.0, 0.0, 0.0, 0.0, 0.0, 0.0, 0.0, 0.0, 0.0, 0.0, 0.0, 0.0, 14.02122873141843, 0.0, 0.0, 0.0, 0.0, 0.0, 0.0, 0.0, 0.0, 0.0, 0.0, 0.0, 0.0, 0.0, 0.0, 0.0, 0.0, 0.0, 0.0, 0.0, 0.0, 0.0, 0.0, 52.14634767373016, 0.0, 0.0, 0.0, 0.0, 0.0, 0.0, 0.0, 0.0, 0.0, 0.0, 0.0, 0.0, 0.0, 0.0, 0.0, 0.0, 0.0, 0.0, 0.0, 0.0, 0.0, 0.0, 76.25023788462342, 0.0, 0.0, 0.0, 0.0, 0.0, 0.0, 0.0, 0.0, 0.0, 0.0, 0.0, 0.0, 0.0, 0.0, 0.0, 0.0, 0.0, 0.0, 0.0, 0.0, 0.0, 0.0, 76.25023788462342, 0.0, 0.0, 0.0, 0.0, 0.0, 0.0, 0.0, 0.0, 0.0, 0.0, 0.0, 0.0, 0.0, 0.0, 0.0, 0.0, 0.0, 0.0, 0.0, 0.0, 0.0, 0.0, 38.12511894231171, 0.0, 0.0, 0.0, 0.0, 0.0, 0.0, 0.0, 0.0, 0.0, 0.0, 0.0, 0.0, 0.0, 0.0, 0.0, 0.0, 0.0, 0.0, 0.0, 0.0, 0.0, 0.0, 12.96254044038598, 0.0, 0.0, 0.0, 0.0, 0.0, 0.0, 0.0, 0.0, 0.0, 20.090472020122508, 0.0, 0.0, 20.122399194507043, 0.0, 0.0, 0.0, 0.0, 0.0, 38.12511894231171, 0.0, 0.0, 0.0, 38.12511894231173, 20.239007059609953, 0.0, 0.0, 0.0, 0.0, 0.0, 0.0, 0.0, 0.0, 58.21559096243407, 0.0, 0.0, 58.24751813681856, 0.0, 0.0, 0.0, 38.12511894231171, 0.0, 76.25023788462342, 0.0, 0.0, 0.0, 76.25023788462342, 58.36412600192156, 38.12511894231171, 0.0, 0.0, 0.0, 0.0, 0.0, 0.0, 0.0, 76.25023788462342, 0.0, 0.0, 76.25023788462342, 0.0, 0.0, 0.0, 76.25023788462342, 0.0, 76.25023788462342, 0.0, 0.0, 0.0, 76.25023788462342, 76.25023788462342, 76.25023788462342, 0.0, 0.0, 0.0, 0.0, 0.0, 0.0, 0.0, 76.25023788462342, 0.0, 0.0, 76.25023788462342, 0.0, 0.0, 0.0, 76.25023788462342, 0.0, 76.25023788462342, 0.0, 0.0, 0.0, 38.12511894231171, 76.25023788462342, 76.25023788462342, 0.0, 0.0, 0.0, 0.0, 0.0, 0.0, 0.0, 76.25023788462342, 0.0, 0.0, 76.25023788462342, 0.0, 0.0, 0.0, 76.25023788462342, 0.0, 76.25023788462342, 0.0, 0.0, 0.0, 0.0, 76.25023788462342, 41.55432991022332, 0.0, 0.0, 0.0, 0.0, 0.0, 0.0, 0.0, 76.25023788462342, 0.0, 0.0, 76.25023788462342, 0.0, 0.0, 0.0, 76.25023788462342, 0.0, 76.25023788462342, 0.0, 0.0, 0.0, 0.0, 76.25023788462342, 76.25023788462342, 0.0, 0.0, 0.0, 0.0, 0.0, 0.0, 0.0, 76.25023788462342, 0.0, 0.0, 76.25023788462342, 0.0, 0.0, 0.0, 76.25023788462342, 0.0, 51.87709267456752, 0.0, 0.0, 0.0, 0.0, 76.25023788462342, 76.25023788462342, 0.0, 0.0, 0.0, 0.0, 0.0, 0.0, 0.0, 38.12511894231171, 0.0, 0.0, 38.12511894231171, 0.0, 0.0, 0.0, 58.201587038177834, 0.0, 13.751973732255804, 0.0, 0.0, 0.0, 0.0, 38.12511894231171, 76.25023788462342, 0.0, 0.0, 0.0, 0.0, 0.0, 0.0, 0.0, 0.0, 0.0, 0.0, 0.0, 0.0, 0.0, 0.0, 20.076468095866133, 0.0, 0.0, 0.0, 0.0, 0.0, 0.0, 0.0, 38.12511894231171, 0.0, 0.0, 0.0, 0.0, 0.0, 0.0, 0.0, 0.0, 0.0, 0.0, 0.0, 0.0, 0.0, 0.0, 0.0, 0.0, 0.0, 0.0, 0.0, 0.0, 0.0, 0.0, 0.0, 0.0, 0.0, 0.0, 0.0, 0.0, 0.0, 0.0, 0.0, 0.0, 0.0, 0.0, 0.0, 0.0, 0.0, 0.0, 0.0, 0.0, 0.0, 0.0, 0.0, 0.0, 0.0, 0.0, 0.0, 0.0, 0.0, 0.0, 0.0, 0.0, 0.0, 0.0, 0.0, 0.0, 0.0, 0.0, 0.0, 0.0, 0.0, 0.0, 0.0, 0.0, 0.0, 0.0, 0.0, 0.0, 0.0, 0.0, 0.0, 0.0, 0.0, 0.0, 0.0, 0.0, 0.0, 0.0, 0.0, 0.0, 0.0, 0.0, 0.0, 0.0, 0.0, 0.0, 0.0, 0.0, 0.0, 0.0, 0.0, 0.0, 0.0, 0.0, 0.0, 0.0, 0.0, 0.0, 0.0, 0.0, 0.0, 0.0, 0.0, 0.0, 0.0, 0.0, 0.0, 0.0, 0.0, 0.0, 0.0, 0.0, 0.0, 0.0, 0.0, 0.0, 0.0, 0.0, 0.0, 0.0, 0.0, 0.0, 0.0, 0.0, 0.0, 0.0, 0.0, 0.0, 0.0, 0.0, 0.0, 0.0, 0.0, 0.0, 0.0, 0.0, 0.0, 0.0, 0.0, 0.0, 0.0, 0.0, 0.0, 0.0, 0.0, 0.0, 0.0, 0.0, 0.0, 0.0, 0.0, 0.0, 0.0, 0.0, 0.0, 0.0, 0.0, 0.0, 0.0, 0.0, 0.0, 0.0, 0.0, 0.0, 0.0, 0.0, 0.0, 0.0, 0.0, 0.0, 0.0, 0.0, 0.0, 0.0, 0.0, 0.0, 0.0, 0.0, 0.0, 0.0, 0.0, 0.0, 0.0, 0.0, 0.0, 0.0, 0.0, 0.0, 0.0, 0.0, 0.0, 0.0, 0.0, 0.0, 0.0, 0.0, 0.0, 0.0, 0.0, 0.0, 0.0, 0.0, 0.0, 0.0, 0.0, 0.0, 0.0, 0.0, 0.0, 0.0, 0.0, 0.0, 0.0, 0.0, 0.0, 0.0, 0.0, 0.0, 0.0, 0.0, 0.0, 0.0, 0.0, 0.0, 0.0, 0.0, 0.0, 0.0, 0.0, 0.0, 0.0, 0.0, 0.0, 0.0, 0.0, 0.0, 0.0, 0.0, 0.0, 0.0, 0.0, 0.0, 0.0, 0.0, 0.0, 0.0, 0.0, 0.0, 0.0, 0.0, 0.0, 0.0, 0.0, 0.0, 0.0, 0.0, 0.0, 0.0, 0.0, 0.0, 0.0, 0.0, 0.0, 0.0, 0.0, 0.0, 0.0, 0.0, 0.0, 0.0, 0.0, 0.0, 0.0, 0.0, 0.0, 0.0, 0.0, 0.0, 0.0, 0.0, 0.0, 0.0, 0.0, 0.0, 0.0, 0.0, 0.0, 0.0, 0.0, 0.0, 0.0, 0.0, 0.0, 0.0, 0.0, 0.0, 0.0, 0.0, 0.0, 0.0, 0.0, 0.0, 0.0, 0.0, 0.0, 0.0, 0.0, 0.0, 0.0, 0.0, 0.0, 0.0, 0.0, 0.0, 0.0, 0.0, 0.0, 0.0, 0.0, 0.0, 0.0, 0.0, 0.0, 0.0, 0.0, 0.0, 0.0, 0.0, 0.0, 0.0, 0.0, 0.0, 0.0, 0.0, 0.0, 0.0, 0.0, 0.0, 0.0, 12.96254044038598, 0.0, 0.0, 0.0, 0.0, 0.0, 0.0, 0.0, 0.0, 0.0, 0.0, 0.0, 0.0, 12.96254044038598, 0.0, 0.0, 0.0, 0.0, 0.0, 0.0, 0.0, 0.0, 0.0, 13.586486369222905, 0.0, 0.0, 0.0, 12.96254044038598, 0.0, 0.0, 0.0, 0.0, 38.12511894231171, 0.0, 0.0, 38.12511894231171, 51.087659382697694, 0.0, 0.0, 0.0, 0.0, 0.0, 0.0, 38.12511894231171, 0.0, 0.0, 51.71160531153452, 0.0, 0.0, 0.0, 51.087659382697694, 0.0, 0.0, 0.0, 0.0, 76.25023788462342, 0.0, 0.0, 76.25023788462342, 76.25023788462342, 0.0, 0.0, 0.0, 0.0, 0.0, 0.0, 76.25023788462342, 0.0, 0.0, 76.25023788462342, 0.0, 0.0, 0.0, 76.25023788462342, 0.0, 0.0, 0.0, 0.0, 76.25023788462342, 0.0, 0.0, 76.25023788462342, 76.25023788462342, 0.0, 0.0, 0.0, 0.0, 0.0, 0.0, 76.25023788462342, 0.0, 0.0, 76.25023788462342, 0.0, 0.0, 0.0, 76.25023788462342, 0.0, 0.0, 0.0, 0.0, 76.25023788462342, 0.0, 0.0, 76.25023788462342, 76.25023788462342, 0.0, 0.0, 0.0, 0.0, 0.0, 0.0, 76.25023788462342, 0.0, 0.0, 76.25023788462342, 0.0, 0.0, 0.0, 76.25023788462342, 0.0, 0.0, 0.0, 0.0, 39.79059912710292, 0.0, 0.0, 76.25023788462342, 76.25023788462342, 0.0, 0.0, 0.0, 0.0, 0.0, 0.0, 76.25023788462342, 0.0, 0.0, 76.25023788462342, 0.0, 0.0, 0.0, 76.25023788462342, 0.0, 0.0, 0.0, 0.0, 76.25023788462342, 0.0, 0.0, 76.25023788462342, 38.12511894231171, 0.0, 0.0, 0.0, 0.0, 0.0, 0.0, 76.25023788462342, 0.0, 0.0, 76.25023788462342, 0.0, 0.0, 0.0, 76.25023788462342, 0.0, 0.0, 0.0, 0.0, 76.25023788462342, 0.0, 0.0, 38.12511894231171, 0.0, 0.0, 0.0, 0.0, 0.0, 0.0, 0.0, 58.92757020122316, 0.0, 0.0, 38.12511894231171, 0.0, 0.0, 0.0, 40.70807446237182, 0.0, 0.0, 0.0, 0.0, 38.12511894231171, 0.0, 0.0, 0.0, 0.0, 0.0, 0.0, 0.0, 0.0, 0.0, 0.0, 20.80245125891146, 0.0, 0.0, 0.0, 0.0, 0.0, 0.0, 12.962540440385983, 0.0, 0.0, 0.0, 0.0, 0.0, 0.0, 0.0, 0.0, 0.0, 0.0, 0.0, 0.0, 0.0, 0.0, 0.0, 0.0, 0.0, 0.0, 0.0, 0.0, 0.0, 0.0, 0.0, 0.0, 0.0, 0.0, 0.0, 0.0, 0.0, 0.0, 0.0, 0.0, 0.0, 0.0, 0.0, 0.0, 0.0, 0.0, 0.0, 0.0, 0.0, 0.0, 0.0, 0.0, 0.0, 0.0, 0.0, 0.0, 0.0, 0.0, 0.0, 0.0, 0.0, 0.0, 0.0, 0.0, 0.0, 0.0, 0.0, 0.0, 0.0, 0.0, 0.0, 0.0, 0.0, 0.0, 0.0, 0.0, 0.0, 0.0, 0.0, 0.0, 0.0, 0.0, 0.0, 0.0, 0.0, 0.0, 0.0, 0.0, 0.0, 0.0, 0.0, 0.0, 0.0, 0.0, 0.0, 0.0, 0.0, 0.0, 0.0, 0.0, 0.0, 0.0, 0.0, 0.0, 0.0, 0.0, 0.0, 0.0, 0.0, 0.0, 0.0, 0.0, 0.0, 0.0, 0.0, 0.0, 0.0, 0.0, 0.0, 0.0, 0.0, 0.0, 0.0, 0.0, 0.0, 0.0, 0.0, 0.0, 0.0, 0.0, 0.0, 0.0, 0.0, 0.0, 0.0, 0.0, 0.0, 0.0, 0.0, 0.0, 0.0, 0.0, 0.0, 0.0, 0.0, 0.0, 0.0, 0.0, 0.0, 0.0, 0.0, 0.0, 0.0, 0.0, 0.0, 0.0, 0.0, 0.0, 0.0, 0.0, 0.0, 0.0, 0.0, 0.0, 0.0, 0.0, 0.0, 0.0, 0.0, 0.0, 0.0, 0.0, 0.0, 0.0, 0.0, 0.0, 0.0, 0.0, 0.0, 0.0, 0.0, 0.0, 0.0, 0.0, 0.0, 0.0, 0.0, 0.0, 0.0, 0.0, 0.0, 0.0, 0.0, 0.0, 0.0, 0.0, 0.0, 0.0, 0.0, 0.0, 0.0, 0.0, 0.0, 0.0, 0.0, 0.0, 0.0, 0.0, 0.0, 0.0, 0.0, 0.0, 0.0, 0.0, 0.0, 0.0, 0.0, 0.0, 0.0, 0.0, 0.0, 0.0, 0.0, 38.12511894231171, 0.0, 0.0, 0.0, 0.0, 0.0, 0.0, 0.0, 0.0, 0.0, 0.0, 0.0, 0.0, 0.0, 0.0, 0.0, 0.0, 0.0, 0.0, 0.0, 0.0, 0.0, 0.0, 76.25023788462342, 0.0, 0.0, 0.0, 0.0, 0.0, 0.0, 0.0, 0.0, 0.0, 0.0, 0.0, 0.0, 0.0, 0.0, 0.0, 0.0, 0.0, 0.0, 0.0, 0.0, 0.0, 0.0, 76.25023788462342, 0.0, 0.0, 0.0, 0.0, 0.0, 0.0, 0.0, 0.0, 0.0, 0.0, 0.0, 0.0, 0.0, 0.0, 0.0, 0.0, 0.0, 0.0, 0.0, 0.0, 0.0, 0.0, 76.25023788462342, 0.0, 0.0, 0.0, 0.0, 0.0, 0.0, 0.0, 0.0, 0.0, 0.0, 0.0, 0.0, 0.0, 0.0, 0.0, 0.0, 0.0, 0.0, 0.0, 0.0, 0.0, 0.0, 76.25023788462342, 0.0, 0.0, 0.0, 0.0, 0.0, 0.0, 0.0, 0.0, 0.0, 0.0, 0.0, 0.0, 0.0, 0.0, 0.0, 0.0, 0.0, 0.0, 0.0, 0.0, 0.0, 0.0, 76.25023788462342, 0.0, 0.0, 0.0, 0.0, 0.0, 0.0, 0.0, 0.0, 0.0, 0.0, 0.0, 0.0, 0.0, 0.0, 0.0, 0.0, 0.0, 0.0, 0.0, 0.0, 0.0, 0.0, 58.77909705134053, 0.0, 0.0, 12.96254044038598, 20.239007059609936, 20.759081360430432, 0.0, 0.0, 38.12511894231171, 0.0, 0.0, 0.0, 0.0, 0.0, 0.0, 0.0, 0.0, 0.0, 0.0, 0.0, 0.0, 0.0, 0.0, 20.653978109028817, 0.0, 0.0, 51.087659382697694, 58.36412600192153, 58.88420030274203, 0.0, 38.12511894231171, 76.25023788462342, 0.0, 0.0, 0.0, 38.12511894231171, 0.0, 0.0, 0.0, 0.0, 0.0, 0.0, 0.0, 0.0, 0.0, 0.0, 0.0, 0.0, 0.0, 76.25023788462342, 76.25023788462342, 76.25023788462342, 0.0, 76.25023788462342, 76.25023788462342, 0.0, 0.0, 0.0, 76.25023788462342, 0.0, 0.0, 0.0, 0.0, 0.0, 0.0, 0.0, 0.0, 0.0, 0.0, 0.0, 0.0, 0.0, 65.82785250068295, 76.25023788462342, 76.25023788462342, 0.0, 76.25023788462342, 76.25023788462342, 0.0, 0.0, 0.0, 76.25023788462342, 0.0, 0.0, 0.0, 0.0, 0.0, 0.0, 0.0, 0.0, 0.0, 0.0, 0.0, 0.0, 0.0, 76.25023788462342, 76.25023788462342, 76.25023788462342, 0.0, 76.25023788462342, 76.25023788462342, 0.0, 0.0, 0.0, 41.55432991022332, 0.0, 0.0, 0.0, 0.0, 0.0, 0.0, 0.0, 0.0, 0.0, 0.0, 0.0, 0.0, 0.0, 76.25023788462342, 76.25023788462342, 76.25023788462342, 0.0, 76.25023788462342, 76.25023788462342, 0.0, 0.0, 0.0, 76.25023788462342, 0.0, 0.0, 0.0, 0.0, 0.0, 0.0, 0.0, 0.0, 0.0, 0.0, 0.0, 0.0, 0.0, 76.25023788462342, 76.25023788462342, 76.25023788462342, 0.0, 76.25023788462342, 58.260630644196404, 0.0, 0.0, 0.0, 76.25023788462342, 0.0, 0.0, 0.0, 0.0, 0.0, 0.0, 0.0, 0.0, 0.0, 0.0, 0.0, 0.0, 0.0, 51.087659382697694, 38.12511894231171, 38.12511894231171, 0.0, 58.201587038177834, 20.13551170188471, 0.0, 0.0, 0.0, 76.25023788462342, 0.0, 0.0, 0.0, 0.0, 0.0, 0.0, 0.0, 0.0, 0.0, 0.0, 0.0, 0.0, 0.0, 12.962540440385983, 0.0, 0.0, 0.0, 20.076468095866133, 0.0, 0.0, 0.0, 0.0, 38.12511894231171, 0.0, 0.0, 0.0, 0.0, 0.0, 0.0, 0.0, 0.0, 0.0, 0.0, 0.0, 0.0, 0.0, 0.0, 0.0, 0.0, 0.0, 0.0, 0.0, 0.0, 0.0, 0.0, 0.0, 0.0, 0.0, 0.0, 0.0, 0.0, 0.0, 0.0, 0.0, 0.0, 0.0, 0.0, 0.0, 0.0, 0.0, 0.0, 0.0, 0.0, 0.0, 0.0, 0.0, 0.0, 0.0, 0.0, 0.0, 0.0, 0.0, 0.0, 0.0, 0.0, 0.0, 0.0, 0.0, 0.0, 0.0, 0.0, 0.0, 0.0, 0.0, 0.0, 0.0, 0.0, 0.0, 0.0, 0.0, 0.0, 0.0, 0.0, 0.0, 0.0, 0.0, 0.0, 0.0, 0.0, 0.0, 0.0, 0.0, 0.0, 0.0, 0.0, 0.0, 0.0, 0.0, 0.0, 0.0, 0.0, 0.0, 0.0, 0.0, 0.0, 0.0, 0.0, 0.0, 0.0, 0.0, 0.0, 0.0, 0.0, 0.0, 0.0, 0.0, 0.0, 0.0, 0.0, 0.0, 0.0, 0.0, 0.0, 0.0, 0.0, 0.0, 0.0, 0.0, 0.0, 0.0, 0.0, 0.0, 0.0, 0.0, 0.0, 0.0, 0.0, 0.0, 0.0, 0.0, 0.0, 0.0, 0.0, 0.0, 0.0, 0.0, 0.0, 0.0, 0.0, 0.0, 0.0, 0.0, 0.0, 0.0, 0.0, 0.0, 0.0, 0.0, 0.0, 0.0, 0.0, 0.0, 0.0, 0.0, 0.0, 0.0, 0.0, 0.0, 0.0, 0.0, 0.0, 0.0, 0.0, 0.0, 0.0, 0.0, 0.0, 0.0, 0.0, 0.0, 0.0, 0.0, 0.0, 0.0, 0.0, 0.0, 0.0, 0.0, 0.0, 0.0, 0.0, 0.0, 0.0, 0.0, 0.0, 0.0, 0.0, 0.0, 0.0, 0.0, 0.0, 0.0, 0.0, 0.0, 0.0, 0.0, 0.0, 0.0, 0.0, 0.0, 0.0, 0.0, 0.0, 0.0, 0.0, 0.0, 0.0, 0.0, 0.0, 0.0, 0.0, 0.0, 0.0, 0.0, 0.0, 0.0, 0.0, 0.0, 0.0, 0.0, 0.0, 0.0, 0.0, 0.0, 0.0, 0.0, 0.0, 0.0, 0.0, 0.0, 0.0, 0.0, 0.0, 0.0, 0.0, 0.0, 0.0, 0.0, 0.0, 0.0, 0.0, 0.0, 0.0, 0.0, 0.0, 0.0, 0.0, 0.0, 0.0, 0.0, 0.0, 0.0, 0.0, 0.0, 0.0, 0.0, 0.0, 0.0, 0.0, 0.0, 0.0, 0.0, 0.0, 0.0, 0.0, 0.0, 0.0, 0.0, 0.0, 0.0, 0.0, 0.0, 0.0, 0.0, 0.0, 0.0, 0.0, 0.0, 0.0, 0.0, 0.0, 0.0, 0.0, 0.0, 0.0, 0.0, 0.0, 0.0, 0.0, 0.0, 0.0, 0.0, 0.0, 0.0, 0.0, 0.0, 0.0, 0.0, 0.0, 0.0, 0.0, 0.0, 0.0, 0.0, 0.0, 0.0, 0.0, 0.0, 0.0, 0.0, 0.0, 0.0, 0.0, 0.0, 0.0, 0.0, 0.0, 0.0, 0.0, 0.0, 0.0, 0.0, 0.0, 0.0, 0.0, 0.0, 0.0, 0.0, 0.0, 0.0, 0.0, 0.0, 0.0, 0.0, 0.0, 0.0, 0.0, 0.0, 0.0, 0.0, 12.96254044038598, 0.0, 0.0, 0.0, 0.0, 0.0, 0.0, 0.0, 0.0, 0.0, 0.0, 0.0, 0.0, 0.0, 0.0, 0.0, 12.96254044038598, 20.09593045563627, 0.0, 0.0, 0.0, 20.01856290341903, 0.0, 13.761787352264811, 0.0, 0.0, 0.0, 0.0, 0.0, 0.0, 0.0, 0.0, 38.12511894231171, 0.0, 38.12511894231171, 0.0, 0.0, 0.0, 0.0, 51.087659382697694, 58.22104939794798, 0.0, 0.0, 0.0, 58.14368184573074, 0.0, 51.88690629457643, 0.0, 0.0, 0.0, 0.0, 0.0, 0.0, 0.0, 38.12511894231171, 76.25023788462342, 0.0, 76.25023788462342, 0.0, 0.0, 0.0, 0.0, 76.25023788462342, 76.25023788462342, 0.0, 0.0, 0.0, 76.25023788462342, 0.0, 76.25023788462342, 0.0, 0.0, 0.0, 0.0, 0.0, 0.0, 0.0, 76.25023788462342, 76.25023788462342, 0.0, 76.25023788462342, 0.0, 0.0, 0.0, 0.0, 76.25023788462342, 76.25023788462342, 0.0, 0.0, 0.0, 76.25023788462342, 0.0, 76.25023788462342, 0.0, 0.0, 0.0, 0.0, 0.0, 0.0, 0.0, 76.25023788462342, 76.25023788462342, 0.0, 76.25023788462342, 0.0, 0.0, 0.0, 0.0, 76.25023788462342, 76.25023788462342, 0.0, 0.0, 0.0, 76.25023788462342, 0.0, 76.25023788462342, 0.0, 0.0, 0.0, 0.0, 0.0, 0.0, 0.0, 76.25023788462342, 41.56878653970249, 0.0, 76.25023788462342, 0.0, 0.0, 0.0, 0.0, 76.25023788462342, 76.25023788462342, 0.0, 0.0, 0.0, 76.25023788462342, 0.0, 76.25023788462342, 0.0, 0.0, 0.0, 0.0, 0.0, 0.0, 0.0, 76.25023788462342, 76.25023788462342, 0.0, 76.25023788462342, 0.0, 0.0, 0.0, 0.0, 76.25023788462342, 76.25023788462342, 0.0, 0.0, 0.0, 76.25023788462342, 0.0, 76.25023788462342, 0.0, 0.0, 0.0, 0.0, 0.0, 0.0, 0.0, 76.25023788462342, 76.25023788462342, 0.0, 58.25734851506665, 0.0, 0.0, 0.0, 0.0, 40.56001230622412, 38.12511894231171, 0.0, 0.0, 0.0, 38.12511894231171, 0.0, 38.12511894231171, 0.0, 0.0, 0.0, 0.0, 0.0, 0.0, 0.0, 58.26063064419642, 38.12511894231171, 0.0, 20.132229572754937, 0.0, 0.0, 0.0, 0.0, 12.962540440385983, 0.0, 0.0, 0.0, 0.0, 0.0, 0.0, 0.0, 0.0, 0.0, 0.0, 0.0, 0.0, 0.0, 0.0, 20.13551170188471, 0.0, 0.0, 0.0, 0.0, 0.0, 0.0, 0.0, 0.0, 0.0, 0.0, 0.0, 0.0, 0.0, 0.0, 0.0, 0.0, 0.0, 0.0, 0.0, 0.0, 0.0, 0.0, 0.0, 0.0, 0.0, 0.0, 0.0, 0.0, 0.0, 0.0, 0.0, 0.0, 0.0, 0.0, 0.0, 0.0, 0.0, 0.0, 0.0, 0.0, 0.0, 0.0, 0.0, 0.0, 0.0, 0.0, 0.0, 0.0, 0.0, 0.0, 0.0, 0.0, 0.0, 0.0, 0.0, 0.0, 0.0, 0.0, 0.0, 0.0, 0.0, 0.0, 0.0, 0.0, 0.0, 0.0, 0.0, 0.0, 0.0, 0.0, 0.0, 0.0, 0.0, 0.0, 0.0, 0.0, 0.0, 0.0, 0.0, 0.0, 0.0, 0.0, 0.0, 0.0, 0.0, 0.0, 0.0, 0.0, 0.0, 0.0, 0.0, 0.0, 0.0, 0.0, 0.0, 0.0, 0.0, 0.0, 0.0, 0.0, 0.0, 0.0, 0.0, 0.0, 0.0, 0.0, 0.0, 0.0, 0.0, 0.0, 0.0, 0.0, 0.0, 0.0, 0.0, 0.0, 0.0, 0.0, 0.0, 0.0, 0.0, 0.0, 0.0, 0.0, 0.0, 0.0, 0.0, 0.0, 0.0, 0.0, 0.0, 0.0, 0.0, 0.0, 0.0, 0.0, 0.0, 0.0, 0.0, 0.0, 0.0, 0.0, 0.0, 0.0, 0.0, 0.0, 0.0, 0.0, 0.0, 0.0, 0.0, 0.0, 0.0, 0.0, 0.0, 0.0, 0.0, 0.0, 0.0, 0.0, 0.0, 0.0, 0.0, 0.0, 0.0, 0.0, 0.0, 0.0, 0.0, 0.0, 0.0, 0.0, 0.0, 0.0, 0.0, 0.0, 0.0, 0.0, 0.0, 0.0, 0.0, 0.0, 0.0, 0.0, 0.0, 0.0, 0.0, 0.0, 0.0, 0.0, 0.0, 0.0, 0.0, 0.0, 0.0, 0.0, 0.0, 0.0, 0.0, 0.0, 0.0, 0.0, 0.0, 0.0, 0.0, 0.0, 0.0, 0.0, 0.0, 0.0, 0.0, 0.0, 0.0, 0.0, 0.0, 0.0, 0.0, 0.0, 0.0, 0.0, 0.0, 0.0, 0.0, 0.0, 0.0, 0.0, 0.0, 0.0, 0.0, 0.0, 0.0, 0.0, 0.0, 0.0, 0.0, 0.0, 0.0, 0.0, 0.0, 0.0, 0.0, 0.0, 0.0, 0.0, 0.0, 0.0, 0.0, 0.0, 0.0, 0.0, 0.0, 0.0, 0.0, 0.0, 0.0, 0.0, 0.0, 0.0, 0.0, 0.0, 0.0, 0.0, 0.0, 0.0, 0.0, 0.0, 0.0, 0.0, 0.0, 0.0, 0.0, 0.0, 0.0, 0.0, 0.0, 0.0, 0.0, 0.0, 0.0, 0.0, 0.0, 0.0, 0.0, 0.0, 0.0, 0.0, 0.0, 0.0, 0.0, 0.0, 0.0, 0.0, 0.0, 0.0, 0.0, 0.0, 0.0, 0.0, 0.0, 0.0, 0.0, 0.0, 0.0, 0.0, 0.0, 0.0, 0.0, 0.0, 0.0, 0.0, 0.0, 0.0, 0.0, 0.0, 0.0, 0.0, 0.0, 0.0, 0.0, 0.0, 0.0, 0.0, 0.0, 0.0, 0.0, 0.0, 0.0, 0.0, 0.0, 0.0, 0.0, 0.0, 0.0, 0.0, 0.0, 0.0, 0.0, 0.0, 0.0, 0.0, 0.0, 0.0, 0.0, 0.0, 0.0, 0.0, 0.0, 0.0, 0.0, 0.0, 0.0, 0.0, 20.061075677477433, 38.12511894231171, 0.0, 0.0, 0.0, 0.0, 0.0, 0.0, 0.0, 0.0, 0.0, 0.0, 0.0, 0.0, 0.0, 0.0, 0.0, 0.0, 38.12511894231171, 0.0, 0.0, 0.0, 0.0, 58.18619461978914, 76.25023788462342, 0.0, 0.0, 0.0, 0.0, 0.0, 38.12511894231171, 38.12511894231171, 0.0, 0.0, 0.0, 0.0, 0.0, 0.0, 0.0, 0.0, 0.0, 76.25023788462342, 0.0, 0.0, 0.0, 0.0, 76.25023788462342, 76.25023788462342, 0.0, 0.0, 0.0, 0.0, 0.0, 76.25023788462342, 76.25023788462342, 0.0, 0.0, 0.0, 0.0, 0.0, 0.0, 0.0, 0.0, 0.0, 76.25023788462342, 0.0, 0.0, 0.0, 0.0, 76.25023788462342, 76.25023788462342, 0.0, 0.0, 0.0, 0.0, 0.0, 76.25023788462342, 76.25023788462342, 0.0, 0.0, 0.0, 0.0, 0.0, 0.0, 0.0, 0.0, 0.0, 76.25023788462342, 0.0, 0.0, 0.0, 0.0, 76.25023788462342, 76.25023788462342, 0.0, 0.0, 0.0, 0.0, 0.0, 76.25023788462342, 76.25023788462342, 0.0, 0.0, 0.0, 0.0, 0.0, 0.0, 0.0, 0.0, 0.0, 76.25023788462342, 0.0, 0.0, 0.0, 0.0, 76.25023788462342, 38.12511894231171, 0.0, 0.0, 0.0, 0.0, 0.0, 76.25023788462342, 76.25023788462342, 0.0, 0.0, 0.0, 0.0, 0.0, 0.0, 0.0, 0.0, 0.0, 76.25023788462342, 0.0, 0.0, 0.0, 0.0, 76.25023788462342, 0.0, 0.0, 0.0, 0.0, 0.0, 0.0, 76.25023788462342, 76.25023788462342, 0.0, 0.0, 0.0, 0.0, 0.0, 0.0, 0.0, 0.0, 0.0, 58.25734851506665, 0.0, 0.0, 0.0, 0.0, 38.12511894231171, 0.0, 0.0, 0.0, 0.0, 0.0, 0.0, 38.12511894231171, 58.195688083070664, 0.0, 0.0, 0.0, 0.0, 0.0, 0.0, 0.0, 0.0, 0.0, 20.132229572754937, 0.0, 0.0, 0.0, 0.0, 0.0, 0.0, 0.0, 0.0, 0.0, 0.0, 0.0, 0.0, 20.070569140758955, 0.0, 0.0, 0.0, 0.0, 0.0, 0.0, 0.0, 0.0, 0.0, 0.0, 0.0, 0.0, 0.0, 0.0, 0.0, 0.0, 0.0, 0.0, 0.0, 0.0, 0.0, 0.0, 0.0, 0.0, 0.0, 0.0, 0.0, 0.0, 0.0, 0.0, 0.0, 0.0, 0.0, 0.0, 0.0, 0.0, 0.0, 0.0, 0.0, 0.0, 0.0, 0.0, 0.0, 0.0, 0.0, 0.0, 0.0, 0.0, 0.0, 0.0, 0.0, 0.0, 0.0, 0.0, 0.0, 0.0, 0.0, 0.0, 0.0, 0.0, 0.0, 0.0, 0.0, 0.0, 0.0, 0.0, 0.0, 0.0, 0.0, 0.0, 0.0, 0.0, 0.0, 0.0, 0.0, 0.0, 0.0, 0.0, 0.0, 0.0, 0.0, 0.0, 0.0, 0.0, 0.0, 0.0, 0.0, 0.0, 0.0, 0.0, 0.0, 0.0, 0.0, 0.0, 0.0, 0.0, 0.0, 0.0, 0.0, 0.0, 0.0, 0.0, 0.0, 0.0, 0.0, 0.0, 0.0, 0.0, 0.0, 0.0, 0.0, 0.0, 0.0, 0.0, 0.0, 0.0, 0.0, 0.0, 0.0, 0.0, 0.0, 0.0, 0.0, 0.0, 0.0, 0.0, 0.0, 0.0, 0.0, 0.0, 0.0, 0.0, 0.0, 0.0, 0.0, 0.0, 0.0, 0.0, 0.0, 0.0, 0.0, 0.0, 0.0, 0.0, 0.0, 0.0, 0.0, 0.0, 0.0, 0.0, 0.0, 0.0, 0.0, 0.0, 0.0, 0.0, 0.0, 0.0, 0.0, 0.0, 0.0, 0.0, 0.0, 0.0, 0.0, 0.0, 0.0, 0.0, 0.0, 0.0, 0.0, 0.0, 0.0, 0.0, 0.0, 0.0, 0.0, 0.0, 0.0, 0.0, 0.0, 0.0, 0.0, 0.0, 0.0, 0.0, 0.0, 0.0, 0.0, 0.0, 0.0, 0.0, 0.0, 0.0, 0.0, 0.0, 0.0, 0.0, 0.0, 0.0, 0.0, 0.0, 0.0, 0.0, 0.0, 0.0, 0.0, 0.0, 0.0, 0.0, 0.0, 0.0, 0.0, 0.0, 0.0, 0.0, 0.0, 0.0, 0.0, 0.0, 0.0, 0.0, 0.0, 0.0, 0.0, 0.0, 0.0, 0.0, 0.0, 0.0, 0.0, 0.0, 0.0, 0.0, 0.0, 0.0, 0.0, 0.0, 0.0, 0.0, 0.0, 38.12511894231171, 0.0, 0.0, 0.0, 0.0, 0.0, 0.0, 0.0, 0.0, 0.0, 0.0, 0.0, 0.0, 0.0, 0.0, 0.0, 0.0, 0.0, 0.0, 0.0, 0.0, 0.0, 0.0, 76.25023788462342, 0.0, 0.0, 0.0, 0.0, 0.0, 0.0, 0.0, 0.0, 0.0, 0.0, 0.0, 0.0, 0.0, 0.0, 0.0, 0.0, 0.0, 0.0, 0.0, 0.0, 0.0, 0.0, 65.78410119637012, 0.0, 0.0, 0.0, 0.0, 0.0, 0.0, 0.0, 0.0, 0.0, 0.0, 0.0, 0.0, 0.0, 0.0, 0.0, 0.0, 0.0, 0.0, 0.0, 0.0, 0.0, 0.0, 27.658982254058404, 0.0, 0.0, 0.0, 0.0, 0.0, 0.0, 0.0, 0.0, 0.0, 0.0, 0.0, 0.0, 0.0, 0.0, 0.0, 0.0, 0.0, 0.0, 0.0, 0.0, 0.0, 0.0, 12.96254044038598, 0.0, 0.0, 0.0, 0.0, 0.0, 0.0, 0.0, 0.0, 0.0, 0.0, 0.0, 0.0, 0.0, 0.0, 0.0, 0.0, 0.0, 0.0, 0.0, 0.0, 0.0, 0.0, 12.96254044038598, 0.0, 0.0, 0.0, 0.0, 0.0, 0.0, 0.0, 0.0, 0.0, 0.0, 0.0, 0.0, 0.0, 0.0, 0.0, 0.0, 0.0, 0.0, 0.0, 0.0, 0.0, 0.0]"
cost_energy_t,"Any[[0.055189999999999996, 0.06128, 0.06128, 0.06128, 0.05609, 0.06799, 0.06799, 0.06799, 0.04977, 0.040240000000000005, 0.02773, 0.027329999999999997, 0.027329999999999997, 0.037579999999999995, 0.03793, 0.03793, 0.05282, 0.05907, 0.05908, 0.05908, 0.05907, 0.0579, 0.05877, 0.054810000000000005, 0.05882, 0.05167, 0.05167, 0.05167, 0.05882, 0.06355, 0.06787, 0.06787, 0.06351, 0.049530000000000005, 0.038990000000000004, 0.03871, 0.038829999999999996, 0.038829999999999996, 0.038869999999999995, 0.039520000000000007, 0.05775, 0.05887, 0.05887, 0.05887, 0.05885, 0.05833, 0.05737, 0.04846, 0.04215, 0.04215, 0.04215, 0.04215, 0.04215, 0.04215, 0.046479999999999994, 0.04811, 0.04328, 0.03694, 0.03404, 0.03334, 0.03325, 0.03334, 0.03334, 0.03334, 0.04162, 0.060219999999999996, 0.06061, 0.06061, 0.06061, 0.05996, 0.060219999999999996, 0.05356, 0.047619999999999996, 0.047560000000000005, 0.047560000000000005, 0.047560000000000005, 0.04764, 0.04832, 0.05263, 0.05269, 0.05258, 0.047909999999999994, 0.04751, 0.04751, 0.04751, 0.047490000000000004, 0.04751, 0.04754, 0.04902, 0.05783, 0.05843, 0.05843, 0.05843, 0.05842, 0.05842, 0.05796, 0.05951, 0.05949, 0.05938, 0.0594, 0.05945, 0.06006, 0.06192, 0.06192, 0.05576, 0.037840000000000006, 0.03141, 0.02773, 0.02773, 0.03136, 0.03136, 0.032240000000000005, 0.04107, 0.060340000000000005, 0.060340000000000005, 0.060340000000000005, 0.060340000000000005, 0.06032, 0.056, 0.05583, 0.0, 0.0, 0.0, 0.0, 0.0, 0.0, 0.0, 0.0, 0.0, 0.0, 0.0, 0.0, 0.0, 0.0, 0.0, 0.0, 0.0, 0.0, 0.0, 0.0, 0.0, 0.0, 0.0, 0.0, 0.053149999999999996, 0.05312, 0.053579999999999996, 0.053770000000000005, 0.053770000000000005, 0.053880000000000004, 0.05733, 0.05754, 0.04922, 0.04796, 0.04442, 0.03706, 0.03707, 0.037079999999999995, 0.037020000000000004, 0.038759999999999996, 0.052039999999999996, 0.06099, 0.06123, 0.06123, 0.06131, 0.05887, 0.056170000000000005, 0.05081], [0.07579000000000001, 0.07579000000000001, 0.07579000000000001, 0.07579000000000001, 0.07579000000000001, 0.07601000000000001, 0.07609, 0.07608, 0.05171, 0.03797, 0.03797, 0.03797, 0.03797, 0.03797, 0.03797, 0.03896, 0.07579000000000001, 0.07579000000000001, 0.07579000000000001, 0.07579000000000001, 0.07579000000000001, 0.07579000000000001, 0.07579000000000001, 0.07579000000000001, 0.06959, 0.06959, 0.06959, 0.06959, 0.07551000000000001, 0.07571, 0.07651999999999999, 0.07571, 0.05035, 0.03972, 0.039130000000000005, 0.039130000000000005, 0.039130000000000005, 0.039130000000000005, 0.03972, 0.05028, 0.07571, 0.07571, 0.07571, 0.07571, 0.07571, 0.07571, 0.07571, 0.07571, 0.0792, 0.0792, 0.07659999999999999, 0.07659999999999999, 0.07659999999999999, 0.0792, 0.08499, 0.07919, 0.052539999999999996, 0.04003, 0.03922, 0.03922, 0.03922, 0.03922, 0.03922, 0.04381, 0.07658, 0.07658, 0.07658, 0.07658, 0.07658, 0.07658, 0.07658, 0.07637999999999999, 0.14421, 0.14421, 0.14421, 0.14421, 0.14422, 0.15819, 0.15959, 0.15850999999999998, 0.06678, 0.03993, 0.03946, 0.03921, 0.039119999999999995, 0.03921, 0.03946, 0.05215, 0.07561, 0.07561, 0.07561, 0.07561, 0.07561, 0.07561, 0.07561, 0.07543000000000001, 0.06706000000000001, 0.06706000000000001, 0.06706000000000001, 0.06706000000000001, 0.06706000000000001, 0.06706000000000001, 0.07043, 0.06697, 0.037840000000000006, 0.03538, 0.03532, 0.03532, 0.03532, 0.03532, 0.0358, 0.039659999999999994, 0.06024, 0.06332, 0.06333, 0.06333, 0.06011, 0.054189999999999995, 0.05418, 0.05418, 0.053700000000000005, 0.053700000000000005, 0.053700000000000005, 0.053700000000000005, 0.053700000000000005, 0.05967, 0.061450000000000005, 0.05967, 0.03836, 0.03464, 0.031920000000000004, 0.02773, 0.027329999999999997, 0.02773, 0.03592, 0.04002, 0.061450000000000005, 0.061450000000000005, 0.061450000000000005, 0.061450000000000005, 0.061450000000000005, 0.061450000000000005, 0.061450000000000005, 0.06129, 0.057409999999999996, 0.05615, 0.05615, 0.05418, 0.05615, 0.061869999999999994, 0.062130000000000005, 0.06239, 0.03915999999999999, 0.0352, 0.033479999999999996, 0.03141, 0.03179, 0.033479999999999996, 0.036969999999999996, 0.04833, 0.06444, 0.06444, 0.06444, 0.06444, 0.06444, 0.06444, 0.06444, 0.06444], [0.05668, 0.05668, 0.05668, 0.05668, 0.05668, 0.0588, 0.06171, 0.06107, 0.04063, 0.03928, 0.037649999999999996, 0.037649999999999996, 0.037649999999999996, 0.037649999999999996, 0.037649999999999996, 0.037840000000000006, 0.061509999999999995, 0.061579999999999996, 0.061579999999999996, 0.061579999999999996, 0.06161, 0.06157, 0.06147, 0.05889, 0.055630000000000006, 0.055630000000000006, 0.055630000000000006, 0.055630000000000006, 0.055630000000000006, 0.05782, 0.060149999999999995, 0.07373, 0.04408, 0.039909999999999994, 0.03567, 0.03509, 0.03508, 0.03513, 0.03573, 0.04139, 0.05656, 0.05985, 0.05999, 0.05999, 0.05999, 0.05993, 0.05805, 0.0575, 0.054380000000000005, 0.054380000000000005, 0.054380000000000005, 0.054380000000000005, 0.054380000000000005, 0.05884, 0.06731000000000001, 0.05874, 0.03743, 0.03669, 0.032869999999999996, 0.03239, 0.03221, 0.03234, 0.03295, 0.036840000000000005, 0.05037, 0.05863, 0.0588, 0.0588, 0.0588, 0.05879, 0.05643, 0.054909999999999994, 0.05382, 0.05382, 0.05382, 0.05382, 0.05429, 0.056780000000000004, 0.06820999999999999, 0.05769, 0.03968, 0.03616, 0.02773, 0.027329999999999997, 0.027329999999999997, 0.02773, 0.032159999999999994, 0.038759999999999996, 0.04988, 0.06814, 0.06815, 0.06815, 0.06815, 0.06815, 0.06814, 0.06814, 0.05781, 0.0567, 0.056600000000000004, 0.056600000000000004, 0.056549999999999996, 0.06025, 0.06858, 0.06856999999999999, 0.04237, 0.03811, 0.036289999999999996, 0.02773, 0.03464, 0.035590000000000004, 0.036289999999999996, 0.03686, 0.052289999999999996, 0.05702, 0.05702, 0.05702, 0.05705, 0.0567, 0.05702, 0.056729999999999996, 0.05339, 0.05348, 0.05317, 0.053619999999999994, 0.053619999999999994, 0.06164, 0.061700000000000005, 0.061700000000000005, 0.05008, 0.040229999999999995, 0.03671, 0.03645, 0.03645, 0.036289999999999996, 0.03645, 0.03645, 0.037939999999999995, 0.04394, 0.04796, 0.04796, 0.04793, 0.047909999999999994, 0.046810000000000004, 0.045450000000000004, 0.0, 0.0, 0.0, 0.0, 0.0, 0.0, 0.0, 0.0, 0.0, 0.0, 0.0, 0.0, 0.0, 0.0, 0.0, 0.0, 0.0, 0.0, 0.0, 0.0, 0.0, 0.0, 0.0, 0.0], [0.18469999999999998, 0.18463, 0.18425, 0.2018, 0.20272, 0.20331, 0.1953, 0.03485, 0.03105, 0.03074, 0.03073, 0.03073, 0.03073, 0.03073, 0.03075, 0.03165, 0.0344, 0.04139, 0.05924, 0.06193, 0.060969999999999996, 0.05917, 0.05916, 0.05915, 0.061509999999999995, 0.061509999999999995, 0.061509999999999995, 0.061509999999999995, 0.061509999999999995, 0.0615, 0.06143, 0.051859999999999996, 0.03424, 0.03288, 0.03288, 0.032380000000000006, 0.032380000000000006, 0.03288, 0.03383, 0.03436, 0.040119999999999996, 0.05528, 0.06186, 0.062329999999999997, 0.06182, 0.061840000000000006, 0.061840000000000006, 0.061840000000000006, 0.07292, 0.07292, 0.0729, 0.07278, 0.07274, 0.07274, 0.07278, 0.06057, 0.03589, 0.03589, 0.03589, 0.03589, 0.03589, 0.03589, 0.03946, 0.039509999999999997, 0.04357, 0.06389, 0.06389, 0.0639, 0.06389, 0.06389, 0.06389, 0.06373, 0.07257, 0.07257, 0.07501999999999999, 0.07745, 0.07762999999999999, 0.08027, 0.07726000000000001, 0.046270000000000006, 0.03096, 0.02926, 0.0289, 0.02834, 0.03062, 0.03125, 0.03504, 0.037829999999999996, 0.04352, 0.05996, 0.05996, 0.06581000000000001, 0.06495999999999999, 0.05996, 0.05995, 0.05994, 0.06723, 0.06723, 0.06723, 0.06723, 0.06695000000000001, 0.06723, 0.06664, 0.05374, 0.0317, 0.03034, 0.03034, 0.03034, 0.03034, 0.03034, 0.03168, 0.0341, 0.0359, 0.05063, 0.0639, 0.06398, 0.06398, 0.06399, 0.06497, 0.06497, 0.21722999999999998, 0.21722999999999998, 0.21722999999999998, 0.21722999999999998, 0.21722999999999998, 0.21722999999999998, 0.21722999999999998, 0.06483, 0.04192, 0.03181, 0.03181, 0.03181, 0.03181, 0.03181, 0.0325, 0.037939999999999995, 0.048909999999999995, 0.06388, 0.06388, 0.06397, 0.06397, 0.06397, 0.06397, 0.06397, 0.21831, 0.21831, 0.21831, 0.21831, 0.21831, 0.21831, 0.21666, 0.046700000000000005, 0.037840000000000006, 0.02878, 0.02869, 0.02869, 0.02869, 0.02878, 0.0287, 0.03073, 0.03281, 0.05778, 0.05777, 0.05782, 0.05782, 0.05781, 0.05781, 0.05485], [0.06636, 0.06636, 0.06636, 0.06634999999999999, 0.05486, 0.058, 0.05486, 0.05425, 0.04125, 0.04075, 0.04007, 0.03968, 0.03968, 0.03968, 0.03968, 0.04115, 0.046270000000000006, 0.054329999999999996, 0.05443, 0.054920000000000004, 0.054920000000000004, 0.054920000000000004, 0.05484000000000001, 0.058, 0.08532, 0.05905, 0.05171, 0.05167, 0.05167, 0.057479999999999996, 0.048960000000000004, 0.04181, 0.03563, 0.03555, 0.03555, 0.03555, 0.03555, 0.03555, 0.03555, 0.03555, 0.03744, 0.04077, 0.0455, 0.04593, 0.046009999999999995, 0.046009999999999995, 0.046009999999999995, 0.046, 0.05659, 0.056659999999999995, 0.056659999999999995, 0.056659999999999995, 0.056659999999999995, 0.056659999999999995, 0.05659, 0.044039999999999996, 0.03334, 0.03334, 0.03334, 0.03334, 0.03334, 0.03334, 0.03334, 0.04448, 0.05167, 0.06154, 0.062270000000000006, 0.062369999999999995, 0.06196, 0.061939999999999995, 0.061939999999999995, 0.06193, 0.10584, 0.11048999999999999, 0.11008, 0.11006999999999999, 0.10998999999999999, 0.10998000000000001, 0.10881, 0.05744, 0.033530000000000004, 0.03332, 0.03306, 0.032850000000000004, 0.032850000000000004, 0.03243, 0.03271, 0.038840000000000006, 0.04184, 0.04888, 0.05176, 0.053009999999999995, 0.05176, 0.05176, 0.05176, 0.05176, 0.062310000000000004, 0.06229, 0.06112, 0.06092, 0.06094, 0.06094, 0.06093, 0.03917, 0.03908, 0.03767, 0.03767, 0.03689, 0.03689, 0.03689, 0.037079999999999995, 0.03711, 0.05004, 0.06016, 0.06484000000000001, 0.06773, 0.07547, 0.07547, 0.07547, 0.07959000000000001, 0.18925999999999998, 0.17363, 0.17362, 0.17362, 0.17362, 0.17362, 0.17348, 0.037829999999999996, 0.03512, 0.03512, 0.03511, 0.03499, 0.0346, 0.0346, 0.0346, 0.03582, 0.04754, 0.0592, 0.0592, 0.0592, 0.0592, 0.0592, 0.0592, 0.0592, 0.22237, 0.22240000000000001, 0.22247999999999998, 0.18797999999999998, 0.044789999999999996, 0.044520000000000004, 0.03661, 0.03392, 0.031170000000000003, 0.03086, 0.03086, 0.03086, 0.03086, 0.03086, 0.03098, 0.038, 0.04782, 0.05947, 0.05947, 0.06056, 0.06056, 0.06056, 0.060520000000000004, 0.06048], [0.06608, 0.06608, 0.06608, 0.06608, 0.06608, 0.06608, 0.06003, 0.05203, 0.04283, 0.03599, 0.0359, 0.0359, 0.0359, 0.0359, 0.03656, 0.03757, 0.03929, 0.05009, 0.060219999999999996, 0.060219999999999996, 0.060219999999999996, 0.060219999999999996, 0.060200000000000004, 0.060200000000000004, 0.07748999999999999, 0.07748999999999999, 0.07748999999999999, 0.07748999999999999, 0.07748999999999999, 0.07748999999999999, 0.055740000000000005, 0.0465, 0.03254, 0.03137, 0.03125, 0.03125, 0.03125, 0.03125, 0.03685, 0.037939999999999995, 0.04354, 0.048729999999999996, 0.0597, 0.0597, 0.0597, 0.0597, 0.05971, 0.05971, 0.19688999999999998, 0.19688999999999998, 0.19688, 0.19688, 0.19688, 0.19688999999999998, 0.19637000000000002, 0.04665999999999999, 0.038950000000000005, 0.03598, 0.03607, 0.036340000000000004, 0.03868, 0.04143, 0.04293, 0.043429999999999996, 0.05062, 0.054299999999999994, 0.054299999999999994, 0.054299999999999994, 0.054299999999999994, 0.054299999999999994, 0.054299999999999994, 0.054299999999999994, 0.16573, 0.16573, 0.16573, 0.16573, 0.1657, 0.16405, 0.03622, 0.03494, 0.03447, 0.03447, 0.03447, 0.03447, 0.03447, 0.03463, 0.03456, 0.03622, 0.04874, 0.10676999999999999, 0.16302, 0.16302, 0.16302, 0.16302, 0.16334, 0.16325, 0.060880000000000004, 0.06086, 0.06086, 0.06086, 0.06086, 0.06086, 0.05071, 0.03281, 0.032560000000000006, 0.032560000000000006, 0.032560000000000006, 0.032560000000000006, 0.032549999999999996, 0.032560000000000006, 0.032560000000000006, 0.03625, 0.046189999999999995, 0.06089, 0.06089, 0.06089, 0.06089, 0.06089, 0.06089, 0.06089, 0.06049, 0.06049, 0.06043, 0.06042, 0.06042, 0.06064, 0.06043, 0.04521, 0.03807, 0.03807, 0.037939999999999995, 0.037939999999999995, 0.03791, 0.03932, 0.038939999999999995, 0.04307, 0.0476, 0.05251, 0.05663, 0.06087, 0.0608, 0.0608, 0.06958, 0.06958, 0.06822, 0.06745, 0.06714, 0.06367, 0.060399999999999995, 0.060399999999999995, 0.05613, 0.04597, 0.03914, 0.03462, 0.03462, 0.03244, 0.03524, 0.03565, 0.03649, 0.03848, 0.04254, 0.05677, 0.05676, 0.05701, 0.05701, 0.056780000000000004, 0.056780000000000004, 0.056229999999999995], [0.06706000000000001, 0.06706000000000001, 0.06706000000000001, 0.06706000000000001, 0.06706000000000001, 0.06706000000000001, 0.06706000000000001, 0.05033, 0.04027, 0.033100000000000004, 0.03239, 0.032310000000000005, 0.03207, 0.032310000000000005, 0.03445, 0.03890999999999999, 0.03958, 0.04809, 0.05771, 0.06071, 0.05771, 0.05707, 0.05707, 0.057159999999999996, 0.06978, 0.06978, 0.06978, 0.06978, 0.06978, 0.06978, 0.06978, 0.05885, 0.03688, 0.03401, 0.03342, 0.03342, 0.03342, 0.03401, 0.0364, 0.03821, 0.038840000000000006, 0.04506, 0.06038, 0.06013, 0.06013, 0.06013, 0.06013, 0.06013, 0.0, 0.0, 0.0, 0.0, 0.0, 0.0, 0.0, 0.0, 0.0, 0.0, 0.0, 0.0, 0.0, 0.0, 0.0, 0.0, 0.0, 0.0, 0.0, 0.0, 0.0, 0.0, 0.0, 0.0, 0.0606, 0.0606, 0.0606, 0.0606, 0.0606, 0.0606, 0.0606, 0.046380000000000005, 0.033960000000000004, 0.033710000000000004, 0.033710000000000004, 0.033710000000000004, 0.033710000000000004, 0.033710000000000004, 0.033710000000000004, 0.0359, 0.036109999999999996, 0.039450000000000006, 0.04568, 0.049710000000000004, 0.0606, 0.0606, 0.0606, 0.0606, 0.07336, 0.07336, 0.07336, 0.07336, 0.07336, 0.07336, 0.07336, 0.05913, 0.03489, 0.03476, 0.03476, 0.03476, 0.03476, 0.03476, 0.03476, 0.03494, 0.03692, 0.05124, 0.060039999999999996, 0.060039999999999996, 0.060039999999999996, 0.060039999999999996, 0.05986, 0.05986, 0.05993, 0.05993, 0.05993, 0.05993, 0.05993, 0.05993, 0.05993, 0.059840000000000004, 0.04309, 0.037450000000000004, 0.037450000000000004, 0.037450000000000004, 0.037450000000000004, 0.037450000000000004, 0.037829999999999996, 0.040170000000000004, 0.04015, 0.05194, 0.05993, 0.05993, 0.05993, 0.05993, 0.05993, 0.05993, 0.06355, 0.06355, 0.06355, 0.06355, 0.06355, 0.06355, 0.06355, 0.05695, 0.04263, 0.04195, 0.04193, 0.04195, 0.04197, 0.04197, 0.04197, 0.04877, 0.048670000000000005, 0.05884, 0.06393, 0.06401000000000001, 0.06401000000000001, 0.07023, 0.07198, 0.07206], [0.055020000000000006, 0.05231, 0.05112, 0.05112, 0.05112, 0.052520000000000004, 0.060700000000000004, 0.06484999999999999, 0.047450000000000006, 0.04494, 0.037939999999999995, 0.02773, 0.02773, 0.037840000000000006, 0.04159, 0.04275, 0.05763, 0.06497, 0.06498000000000001, 0.05786, 0.057280000000000005, 0.05238, 0.05288, 0.05288, 0.054240000000000003, 0.054130000000000005, 0.05414, 0.05453, 0.05757, 0.05829, 0.05835, 0.060880000000000004, 0.04093, 0.040229999999999995, 0.03796, 0.03797, 0.03797, 0.03797, 0.038, 0.039729999999999994, 0.060840000000000005, 0.06091, 0.06091, 0.06091, 0.060840000000000005, 0.060840000000000005, 0.060829999999999995, 0.06069, 0.055920000000000004, 0.055920000000000004, 0.05857, 0.06174, 0.06174, 0.06174, 0.0675, 0.06785, 0.052469999999999996, 0.0417, 0.0385, 0.03849, 0.03849, 0.03849, 0.03849, 0.04057, 0.05967, 0.06178, 0.06218, 0.06178, 0.05967, 0.05901, 0.05819, 0.05708, 0.0546, 0.0546, 0.0546, 0.05417, 0.05425, 0.055020000000000006, 0.06873, 0.06873, 0.04156, 0.04117, 0.04117, 0.04117, 0.041030000000000004, 0.04117, 0.04117, 0.04117, 0.06878000000000001, 0.06888, 0.06888, 0.06881999999999999, 0.06878000000000001, 0.06878000000000001, 0.06874, 0.06112, 0.0536, 0.05361, 0.05343, 0.05343, 0.05343, 0.05379, 0.05773, 0.05888, 0.04025, 0.0381, 0.03628, 0.03628, 0.03628, 0.03628, 0.03628, 0.03721, 0.06147, 0.06174, 0.06175, 0.06173, 0.06173, 0.05379, 0.05379, 0.05379, 0.05324, 0.05343, 0.05113, 0.05243, 0.05294, 0.05249, 0.05972, 0.05973, 0.044469999999999996, 0.0434, 0.0434, 0.0434, 0.04203, 0.04271, 0.0434, 0.0439, 0.06484999999999999, 0.06608, 0.06615, 0.06606999999999999, 0.06495000000000001, 0.06318, 0.06278, 0.06071, 0.05328, 0.05212, 0.0521, 0.0521, 0.05213, 0.05233, 0.05796, 0.05796, 0.05167, 0.04517, 0.03911, 0.045020000000000004, 0.039409999999999994, 0.03911, 0.04462, 0.04028, 0.055549999999999995, 0.06147, 0.06155, 0.06154, 0.056170000000000005, 0.05436, 0.05211, 0.05106], [0.09447, 0.09443, 0.09558, 0.09558, 0.09558, 0.09558, 0.09558, 0.05318, 0.02956, 0.02933, 0.02933, 0.02933, 0.02933, 0.02933, 0.02931, 0.02957, 0.03271, 0.05158, 0.05868, 0.05868, 0.0587, 0.05871, 0.05871, 0.05871, 0.06863, 0.07598, 0.07619, 0.07619, 0.07619, 0.07619, 0.07619, 0.05826, 0.03929, 0.03773, 0.03773, 0.03773, 0.03773, 0.03773, 0.03882, 0.040490000000000005, 0.0474, 0.05826, 0.05826, 0.05826, 0.05826, 0.05826, 0.05826, 0.05826, 0.21616, 0.21616, 0.21616, 0.21616, 0.21616, 0.21616, 0.21616, 0.05539, 0.037829999999999996, 0.03597, 0.03583, 0.03567, 0.03583, 0.03597, 0.03597, 0.03707, 0.04186, 0.05754, 0.05754, 0.05754, 0.05754, 0.05754, 0.05754, 0.05754, 0.06372, 0.06372, 0.06372, 0.06372, 0.06372, 0.06372, 0.06372, 0.04759, 0.03964, 0.03961, 0.03961, 0.03961, 0.03961, 0.03961, 0.03961, 0.03961, 0.04875, 0.06215, 0.0637, 0.0637, 0.0637, 0.0637, 0.06372, 0.06372, 0.19311, 0.19311, 0.19311, 0.19759000000000002, 0.20457, 0.20523, 0.19394, 0.039270000000000006, 0.03049, 0.03034, 0.02997, 0.029920000000000002, 0.029920000000000002, 0.029920000000000002, 0.02986, 0.03185, 0.03326, 0.06459999999999999, 0.06465, 0.06481999999999999, 0.06481999999999999, 0.06481999999999999, 0.06466, 0.06465, 0.10851000000000001, 0.10851000000000001, 0.10851000000000001, 0.10851000000000001, 0.10851000000000001, 0.10851000000000001, 0.10851000000000001, 0.06018, 0.034210000000000004, 0.0344, 0.03464, 0.03477, 0.03464, 0.03429, 0.03428, 0.03429, 0.036969999999999996, 0.06018, 0.06018, 0.06018, 0.06018, 0.06018, 0.06018, 0.06018, 0.0654, 0.0654, 0.0654, 0.0654, 0.0654, 0.0654, 0.0654, 0.05167, 0.0318, 0.03091, 0.03074, 0.03074, 0.03074, 0.03074, 0.03074, 0.030969999999999998, 0.047170000000000004, 0.0654, 0.0654, 0.0654, 0.0654, 0.0654, 0.0654, 0.0654], [0.06085, 0.06054, 0.06054, 0.06054, 0.06048, 0.06067, 0.06064, 0.054979999999999994, 0.038729999999999994, 0.03146, 0.03146, 0.03138, 0.03146, 0.03146, 0.03146, 0.04239, 0.04246, 0.053579999999999996, 0.05938, 0.05938, 0.05938, 0.05938, 0.06057, 0.06057, 0.20546, 0.20546, 0.20546, 0.20546, 0.11867, 0.12331, 0.20811000000000002, 0.05167, 0.03062, 0.0298, 0.02791, 0.02582, 0.02582, 0.02582, 0.026539999999999998, 0.02979, 0.03332, 0.0444, 0.06656999999999999, 0.06656999999999999, 0.06670999999999999, 0.06656999999999999, 0.06656999999999999, 0.06773, 0.08079, 0.08047, 0.07088, 0.07069, 0.07007, 0.07215, 0.07286, 0.045090000000000005, 0.032229999999999995, 0.02944, 0.0293, 0.02773, 0.02944, 0.02937, 0.03073, 0.035679999999999996, 0.039450000000000006, 0.054090000000000006, 0.05881, 0.05932, 0.05932, 0.05932, 0.05881, 0.0597, 0.06645999999999999, 0.06644, 0.06644, 0.06644, 0.06644, 0.06653, 0.06644, 0.05774, 0.03843, 0.03071, 0.03071, 0.03071, 0.03071, 0.03071, 0.030789999999999998, 0.030920000000000003, 0.038299999999999994, 0.052090000000000004, 0.06641, 0.06645000000000001, 0.06666, 0.06666, 0.06666, 0.06662, 0.22477, 0.22215000000000001, 0.22208, 0.22208, 0.22208, 0.22208, 0.22208, 0.05546, 0.03587, 0.030789999999999998, 0.03031, 0.03013, 0.03023, 0.03034, 0.03327, 0.034390000000000004, 0.03597, 0.04596, 0.049100000000000005, 0.049100000000000005, 0.049100000000000005, 0.049100000000000005, 0.049100000000000005, 0.049100000000000005, 0.10890000000000001, 0.0922, 0.08861, 0.08861, 0.08861, 0.0886, 0.0886, 0.05686, 0.03628, 0.034, 0.032850000000000004, 0.0312, 0.03168, 0.034159999999999996, 0.03623, 0.037079999999999995, 0.037079999999999995, 0.05289, 0.05342, 0.05342, 0.05342, 0.05342, 0.05343, 0.05343, 0.06468, 0.06468, 0.06468, 0.06468, 0.06468, 0.06466, 0.06466, 0.06103, 0.04433, 0.034820000000000004, 0.03191, 0.03154, 0.03153, 0.03153, 0.03519, 0.03519, 0.0364, 0.046689999999999995, 0.04672, 0.04672, 0.04672, 0.04672, 0.04672, 0.046689999999999995], [0.05515, 0.055229999999999994, 0.055229999999999994, 0.055229999999999994, 0.055229999999999994, 0.055229999999999994, 0.055229999999999994, 0.055229999999999994, 0.049710000000000004, 0.047920000000000004, 0.048119999999999996, 0.048119999999999996, 0.048119999999999996, 0.048119999999999996, 0.04797, 0.04967, 0.04965, 0.055060000000000005, 0.05701, 0.057210000000000004, 0.057210000000000004, 0.05709, 0.05701, 0.05701, 0.058, 0.058, 0.058, 0.058, 0.058, 0.058, 0.058, 0.0578, 0.04984, 0.0498, 0.0498, 0.0498, 0.053619999999999994, 0.05379, 0.05497, 0.05399, 0.053880000000000004, 0.05269, 0.05258, 0.05736, 0.05752, 0.05752, 0.05258, 0.05255, 0.06522, 0.06515, 0.06114, 0.05239, 0.05239, 0.06384000000000001, 0.06114, 0.04927, 0.04287, 0.04747, 0.0476, 0.04764, 0.048049999999999995, 0.048049999999999995, 0.048049999999999995, 0.04772, 0.04743, 0.04838, 0.04854, 0.05397, 0.06656000000000001, 0.06654, 0.0664, 0.04887, 0.06639, 0.049479999999999996, 0.04956, 0.047479999999999994, 0.04803, 0.04838, 0.047799999999999995, 0.0444, 0.04439, 0.04439, 0.04439, 0.04439, 0.04439, 0.04439, 0.04439, 0.04442, 0.04443, 0.048049999999999995, 0.04949, 0.04949, 0.04949, 0.04949, 0.04949, 0.04949, 0.27775, 0.27203, 0.21575, 0.2353, 0.21543, 0.27014, 0.17955000000000002, 0.0356, 0.0324, 0.03037, 0.03037, 0.03037, 0.03037, 0.03037, 0.03037, 0.03194, 0.03233, 0.04134, 0.06031, 0.060759999999999995, 0.060759999999999995, 0.060759999999999995, 0.08857, 0.06075, 0.20555, 0.20541, 0.20541, 0.20541, 0.20541, 0.20541, 0.20541, 0.03327, 0.031420000000000003, 0.030789999999999998, 0.03034, 0.03034, 0.030789999999999998, 0.03127, 0.03385, 0.03145, 0.03146, 0.0373, 0.05317, 0.06240999999999999, 0.06240999999999999, 0.06199, 0.06161, 0.06161, 0.11413, 0.11413, 0.11413, 0.11413, 0.11413, 0.11413, 0.11266, 0.03892, 0.033170000000000005, 0.031920000000000004, 0.03185, 0.0312, 0.0318, 0.0318, 0.03221, 0.032869999999999996, 0.0332, 0.05255, 0.06012, 0.06026, 0.06026, 0.06026, 0.06017, 0.05992], [0.06269, 0.06269, 0.06269, 0.06269, 0.06269, 0.06269, 0.062240000000000004, 0.04578, 0.03375, 0.03261, 0.032600000000000004, 0.032600000000000004, 0.032600000000000004, 0.032600000000000004, 0.03767, 0.04703, 0.0482, 0.05385, 0.06269, 0.06269, 0.06269, 0.06269, 0.06269, 0.06269, 0.0613, 0.0613, 0.0613, 0.0613, 0.0613, 0.0613, 0.0613, 0.05672, 0.04621, 0.03897, 0.036, 0.03334, 0.036, 0.03897, 0.03928, 0.04635, 0.04917, 0.06092, 0.06094, 0.06094, 0.06094, 0.06094, 0.06092, 0.06092, 0.056420000000000005, 0.056420000000000005, 0.056420000000000005, 0.056420000000000005, 0.056420000000000005, 0.056420000000000005, 0.056420000000000005, 0.0511, 0.04215, 0.032600000000000004, 0.02766, 0.02755, 0.03464, 0.03753, 0.045149999999999996, 0.04797, 0.0506, 0.05565, 0.055740000000000005, 0.05586, 0.05586, 0.05586, 0.05579, 0.055689999999999996, 0.05695, 0.05695, 0.05695, 0.05695, 0.05695, 0.05695, 0.05695, 0.05141, 0.0399, 0.033979999999999996, 0.03397, 0.03393, 0.03449, 0.03525, 0.03645, 0.04478, 0.046740000000000004, 0.055439999999999996, 0.05695, 0.05695, 0.05695, 0.05695, 0.05695, 0.05695, 0.05802, 0.05802, 0.05802, 0.05802, 0.05802, 0.05802, 0.05802, 0.05589, 0.04947, 0.04506, 0.04519, 0.04519, 0.04519, 0.04519, 0.04507, 0.04519, 0.04926, 0.05607, 0.05607, 0.05607, 0.05607, 0.05607, 0.05607, 0.05607, 0.05796, 0.05796, 0.05796, 0.05796, 0.05796, 0.05796, 0.05796, 0.05391, 0.044219999999999995, 0.04531, 0.0437, 0.0437, 0.044109999999999996, 0.044109999999999996, 0.046590000000000006, 0.04604, 0.04622, 0.05279, 0.05796, 0.05796, 0.05796, 0.05796, 0.05796, 0.05796, 0.21594999999999998, 0.22043000000000001, 0.22043000000000001, 0.22043000000000001, 0.21589, 0.20788, 0.19256, 0.08262, 0.04555, 0.04554, 0.04554, 0.04554, 0.04554, 0.04554, 0.04616, 0.04614, 0.04629, 0.05382, 0.0541, 0.05407, 0.05392, 0.05389, 0.05324, 0.05253], [0.05715, 0.05715, 0.05715, 0.05715, 0.05715, 0.05715, 0.05715, 0.056170000000000005, 0.0423, 0.03148, 0.03133, 0.03133, 0.03133, 0.03133, 0.03133, 0.03157, 0.03825, 0.05715, 0.05715, 0.05715, 0.05715, 0.05715, 0.05715, 0.05715, 0.06229, 0.06229, 0.06229, 0.06229, 0.06229, 0.06229, 0.06229, 0.06229, 0.0417, 0.030989999999999997, 0.03098, 0.03098, 0.03098, 0.03098, 0.03098, 0.0315, 0.03879, 0.05167, 0.06229, 0.06229, 0.06229, 0.06229, 0.06229, 0.06229, 0.11323, 0.11323, 0.11323, 0.11323, 0.11323, 0.11323, 0.11323, 0.11098000000000001, 0.045079999999999995, 0.03451, 0.03451, 0.031149999999999997, 0.03326, 0.03326, 0.0345, 0.0345, 0.04117, 0.05167, 0.06394, 0.06394, 0.06394, 0.06394, 0.06394, 0.06394, 0.21724000000000002, 0.21724000000000002, 0.21724000000000002, 0.21724000000000002, 0.21724000000000002, 0.21724000000000002, 0.21724000000000002, 0.21592, 0.043590000000000004, 0.038799999999999994, 0.038799999999999994, 0.038799999999999994, 0.038799999999999994, 0.038799999999999994, 0.038799999999999994, 0.038799999999999994, 0.04045, 0.05414, 0.060289999999999996, 0.060289999999999996, 0.060289999999999996, 0.060289999999999996, 0.060289999999999996, 0.060289999999999996, 0.21722999999999998, 0.21722999999999998, 0.21722999999999998, 0.21722999999999998, 0.21722999999999998, 0.21722999999999998, 0.21722999999999998, 0.057159999999999996, 0.04151, 0.03892, 0.03892, 0.03892, 0.03892, 0.03892, 0.03892, 0.03892, 0.04311, 0.057159999999999996, 0.057159999999999996, 0.057159999999999996, 0.057159999999999996, 0.057159999999999996, 0.057159999999999996, 0.057159999999999996, 0.0668, 0.0668, 0.0668, 0.0668, 0.0668, 0.0668, 0.0668, 0.0668, 0.041100000000000005, 0.03867, 0.03867, 0.03867, 0.03867, 0.03867, 0.03867, 0.03871, 0.045950000000000005, 0.061399999999999996, 0.061399999999999996, 0.061399999999999996, 0.061399999999999996, 0.061399999999999996, 0.061399999999999996, 0.061399999999999996, 0.060759999999999995, 0.060759999999999995, 0.060759999999999995, 0.060759999999999995, 0.060759999999999995, 0.060759999999999995, 0.060759999999999995, 0.05167, 0.03639, 0.02802, 0.02802, 0.02802, 0.02802, 0.02802, 0.02802, 0.02951, 0.03428, 0.05625, 0.05888, 0.05915, 0.05912, 0.05915, 0.05915, 0.05919], [0.11175, 0.10263, 0.05579, 0.05415, 0.0541, 0.052399999999999995, 0.0484, 0.03468, 0.02911, 0.023370000000000002, 0.0223, 0.0223, 0.0223, 0.0223, 0.0291, 0.0335, 0.03487, 0.05167, 0.06067, 0.061009999999999995, 0.061009999999999995, 0.061009999999999995, 0.061009999999999995, 0.061009999999999995, 0.23287, 0.24206999999999998, 0.24343, 0.24179, 0.21405000000000002, 0.21405000000000002, 0.08047, 0.03511, 0.03107, 0.03083, 0.03083, 0.03083, 0.03083, 0.03083, 0.03193, 0.03539, 0.0396, 0.05249, 0.06325, 0.06334000000000001, 0.06328, 0.06328, 0.06325, 0.06325, 0.06655, 0.06655, 0.06655, 0.06655, 0.06655, 0.06655, 0.06655, 0.053579999999999996, 0.03505, 0.03505, 0.03494, 0.03494, 0.03507, 0.03492, 0.03508, 0.03536, 0.03832, 0.04947, 0.05646, 0.056530000000000004, 0.056530000000000004, 0.056530000000000004, 0.056530000000000004, 0.05645, 0.08095999999999999, 0.08095999999999999, 0.08095999999999999, 0.08095999999999999, 0.08095999999999999, 0.08095999999999999, 0.08095999999999999, 0.0677, 0.03408, 0.03513, 0.03494, 0.03494, 0.03494, 0.03508, 0.03408, 0.03519, 0.0385, 0.06664, 0.06672, 0.06672, 0.06672, 0.06672, 0.06672, 0.06672, 0.2185, 0.2185, 0.2185, 0.2185, 0.2185, 0.2185, 0.05193, 0.038799999999999994, 0.033, 0.0327, 0.0327, 0.0327, 0.0327, 0.0327, 0.0327, 0.0327, 0.03374, 0.04828, 0.05991, 0.05991, 0.05991, 0.05991, 0.05991, 0.05991, 0.07658, 0.07658, 0.07658, 0.07658, 0.07658, 0.07658, 0.07658, 0.03527, 0.03387, 0.03374, 0.03374, 0.03374, 0.032869999999999996, 0.033229999999999996, 0.03529, 0.04546, 0.04546, 0.05257, 0.07551999999999999, 0.07572, 0.076, 0.07706, 0.076, 0.07572, 0.05995, 0.05995, 0.05995, 0.05999, 0.05253, 0.05067, 0.046490000000000004, 0.03376, 0.032659999999999995, 0.03228, 0.03228, 0.03228, 0.03227, 0.03228, 0.03228, 0.032659999999999995, 0.03554, 0.059840000000000004, 0.05991, 0.059969999999999996, 0.0599, 0.0599, 0.0599, 0.0599], [0.20584, 0.20583, 0.20583, 0.20583, 0.20583, 0.20583, 0.20567, 0.03964, 0.03461, 0.03432, 0.03432, 0.03432, 0.03432, 0.03432, 0.03432, 0.03461, 0.03531, 0.0362, 0.05577, 0.05608, 0.05608, 0.05608, 0.05608, 0.05582, 0.20642, 0.20587, 0.20587, 0.20587, 0.20587, 0.20587, 0.05072, 0.03477, 0.03114, 0.030760000000000003, 0.030760000000000003, 0.030760000000000003, 0.030760000000000003, 0.030760000000000003, 0.030780000000000002, 0.03394, 0.03552, 0.04072, 0.054380000000000005, 0.05441, 0.05441, 0.05441, 0.05441, 0.05411, 0.20613, 0.20613, 0.20613, 0.20613, 0.20613, 0.20613, 0.05347, 0.03565, 0.03204, 0.03125, 0.030789999999999998, 0.03071, 0.03013, 0.030359999999999998, 0.03107, 0.032350000000000004, 0.03563, 0.0494, 0.054, 0.06193, 0.061869999999999994, 0.061810000000000004, 0.061689999999999995, 0.061689999999999995, 0.06268, 0.06292, 0.06267, 0.06267, 0.0624, 0.06218, 0.05144, 0.04836, 0.033460000000000004, 0.033460000000000004, 0.033460000000000004, 0.033460000000000004, 0.033460000000000004, 0.033460000000000004, 0.03484, 0.0349, 0.0351, 0.05238, 0.06311, 0.054119999999999994, 0.06332, 0.06331, 0.06339, 0.06368, 0.05806, 0.058, 0.058, 0.058, 0.058, 0.058, 0.058, 0.05795, 0.04144, 0.03349, 0.03349, 0.03349, 0.03349, 0.03349, 0.033600000000000005, 0.03389, 0.03423, 0.04201, 0.05831, 0.05835, 0.0584, 0.0584, 0.0584, 0.0584, 0.06536, 0.06536, 0.06536, 0.06536, 0.06536, 0.06536, 0.06536, 0.05882, 0.03293, 0.03259, 0.03208, 0.03128, 0.03208, 0.032049999999999995, 0.0327, 0.03623, 0.03748, 0.04834, 0.06434000000000001, 0.06556000000000001, 0.06556999999999999, 0.06556000000000001, 0.06554, 0.06554, 0.07457, 0.07457, 0.07457, 0.07457, 0.07457, 0.07457, 0.07457, 0.05198, 0.03194, 0.03082, 0.03062, 0.030019999999999998, 0.030019999999999998, 0.03052, 0.032189999999999996, 0.03308, 0.04375, 0.0528, 0.06063, 0.06063, 0.06063, 0.062369999999999995, 0.062369999999999995, 0.062369999999999995], [0.07514, 0.07514, 0.07514, 0.07514, 0.07514, 0.07514, 0.07514, 0.05044, 0.03363, 0.026539999999999998, 0.026539999999999998, 0.02595, 0.02595, 0.02585, 0.03133, 0.03415, 0.04007, 0.05192, 0.055600000000000004, 0.05575, 0.05575, 0.05575, 0.056299999999999996, 0.056299999999999996, 0.07440999999999999, 0.07440999999999999, 0.07440999999999999, 0.07440999999999999, 0.07440999999999999, 0.07440999999999999, 0.07423, 0.049, 0.03479, 0.03463, 0.03463, 0.03463, 0.03463, 0.03463, 0.03491, 0.03728, 0.04144, 0.04213, 0.05166, 0.05166, 0.05166, 0.05166, 0.05166, 0.05166, 0.0839, 0.0839, 0.0839, 0.0839, 0.0839, 0.0839, 0.0839, 0.03768, 0.0292, 0.02599, 0.02574, 0.02589, 0.02599, 0.030109999999999998, 0.03057, 0.036289999999999996, 0.038450000000000005, 0.05551, 0.05662, 0.0567, 0.0567, 0.0567, 0.0567, 0.0567, 0.21722999999999998, 0.21722999999999998, 0.21722999999999998, 0.21722999999999998, 0.21722999999999998, 0.21397, 0.21503999999999998, 0.03153, 0.02368, 0.023260000000000003, 0.023260000000000003, 0.02118, 0.023260000000000003, 0.02368, 0.02966, 0.0312, 0.03497, 0.05167, 0.05951, 0.05971, 0.06168, 0.06168, 0.06358, 0.06653, 0.06309000000000001, 0.06118, 0.06118, 0.06118, 0.061770000000000005, 0.06253, 0.060039999999999996, 0.05726, 0.03025, 0.02995, 0.02995, 0.02896, 0.02571, 0.02995, 0.02995, 0.03403, 0.04415, 0.0523, 0.05258, 0.05258, 0.05261, 0.061149999999999996, 0.06289, 0.065, 0.0645, 0.0645, 0.0645, 0.0645, 0.0645, 0.0645, 0.06448000000000001, 0.05808, 0.037509999999999995, 0.03573, 0.03518, 0.03518, 0.03548, 0.03548, 0.0359, 0.03774, 0.03775, 0.05251, 0.06486, 0.06494, 0.06498999999999999, 0.06478, 0.06478, 0.06473999999999999, 0.07415999999999999, 0.07415999999999999, 0.07415999999999999, 0.07415999999999999, 0.07415999999999999, 0.07415999999999999, 0.07415999999999999, 0.0516, 0.0361, 0.03537, 0.03623, 0.03608, 0.03608, 0.03623, 0.03624, 0.03754, 0.03935, 0.05167, 0.0629, 0.0629, 0.0629, 0.0629, 0.0629, 0.0629], [0.21722999999999998, 0.21722999999999998, 0.21722999999999998, 0.21722999999999998, 0.21722999999999998, 0.21722999999999998, 0.21724000000000002, 0.21722999999999998, 0.046450000000000005, 0.034659999999999996, 0.026539999999999998, 0.026539999999999998, 0.02675, 0.027329999999999997, 0.0342, 0.03693, 0.20185, 0.20185, 0.20934, 0.20185, 0.20185, 0.20185, 0.20185, 0.20185, 0.07009, 0.07009, 0.07009, 0.07009, 0.07009, 0.07009, 0.07009, 0.05863, 0.03836, 0.03168, 0.03138, 0.027329999999999997, 0.027329999999999997, 0.027329999999999997, 0.03225, 0.036590000000000004, 0.07009, 0.07009, 0.07009, 0.07009, 0.07009, 0.07009, 0.07009, 0.07009, 0.07249, 0.07249, 0.07249, 0.07249, 0.07249, 0.07249, 0.0725, 0.07249, 0.04131, 0.032310000000000005, 0.032310000000000005, 0.032310000000000005, 0.0313, 0.03052, 0.032310000000000005, 0.03623, 0.06468, 0.07249, 0.07249, 0.07249, 0.07249, 0.07249, 0.07249, 0.07249, 0.06729, 0.06729, 0.06729, 0.06729, 0.06729, 0.07354999999999999, 0.07476999999999999, 0.06729, 0.0511, 0.04393, 0.03286, 0.02855, 0.02855, 0.02855, 0.037939999999999995, 0.05167, 0.06729, 0.06729, 0.06729, 0.06729, 0.06729, 0.06729, 0.06729, 0.06729, 0.06348, 0.06348, 0.06348, 0.06348, 0.06348, 0.06348, 0.06348, 0.05715, 0.03198, 0.02828, 0.02828, 0.02707, 0.02921, 0.02964, 0.030109999999999998, 0.04641, 0.06339, 0.06339, 0.06339, 0.06339, 0.06339, 0.05738, 0.05705, 0.05705, 0.06336, 0.06336, 0.063, 0.05812, 0.05779, 0.06338, 0.06876, 0.038450000000000005, 0.03313, 0.031120000000000002, 0.02773, 0.02773, 0.02773, 0.03253, 0.03286, 0.047869999999999996, 0.06768, 0.07793000000000001, 0.07975, 0.06837, 0.06768, 0.06718, 0.06456999999999999, 0.06456999999999999, 0.0677, 0.06768, 0.06768, 0.06768, 0.07337, 0.08108, 0.08108, 0.06725, 0.03723, 0.034659999999999996, 0.027329999999999997, 0.026539999999999998, 0.026539999999999998, 0.027329999999999997, 0.03052, 0.047909999999999994, 0.06745999999999999, 0.07456, 0.07686, 0.07391, 0.06798, 0.06749, 0.05839, 0.05497], [0.06704, 0.06704, 0.06704, 0.06704, 0.06704, 0.06704, 0.07391, 0.07391, 0.05139, 0.038380000000000004, 0.03755, 0.03334, 0.037079999999999995, 0.037380000000000004, 0.03755, 0.03968, 0.06704, 0.06704, 0.06704, 0.06704, 0.06704, 0.06704, 0.06704, 0.06704, 0.058929999999999996, 0.058929999999999996, 0.058929999999999996, 0.058929999999999996, 0.058929999999999996, 0.06377000000000001, 0.06548000000000001, 0.06377000000000001, 0.04493, 0.036719999999999996, 0.03533, 0.02943, 0.03022, 0.03022, 0.03533, 0.044899999999999995, 0.06377000000000001, 0.06377000000000001, 0.06377000000000001, 0.06377000000000001, 0.06377000000000001, 0.058929999999999996, 0.058929999999999996, 0.058929999999999996, 0.06704, 0.06704, 0.06704, 0.06704, 0.06706000000000001, 0.0824, 0.0824, 0.0824, 0.048979999999999996, 0.04007, 0.03732, 0.03525, 0.03308, 0.03525, 0.03528, 0.038990000000000004, 0.06706000000000001, 0.06706000000000001, 0.06706000000000001, 0.06706000000000001, 0.06706000000000001, 0.06706000000000001, 0.06706000000000001, 0.06706000000000001, 0.0728, 0.0728, 0.0728, 0.0728, 0.0728, 0.07894, 0.07918, 0.07895999999999999, 0.05214, 0.039060000000000004, 0.0384, 0.03286, 0.02773, 0.02773, 0.038450000000000005, 0.04109, 0.0728, 0.0728, 0.0728, 0.0728, 0.0728, 0.0728, 0.0728, 0.0728, 0.20275, 0.20187, 0.20187, 0.20187, 0.21040999999999999, 0.21694, 0.21706, 0.21703, 0.05158, 0.039200000000000006, 0.02773, 0.027329999999999997, 0.026539999999999998, 0.027329999999999997, 0.02773, 0.039200000000000006, 0.05827, 0.05827, 0.05827, 0.05827, 0.05827, 0.05827, 0.05827, 0.05827, 0.05882, 0.05882, 0.05882, 0.05882, 0.05883, 0.05884, 0.05884, 0.05884, 0.05151, 0.04068, 0.02773, 0.026539999999999998, 0.02537, 0.02386, 0.02537, 0.02773, 0.05167, 0.05884, 0.05884, 0.05884, 0.05884, 0.05884, 0.05884, 0.05884, 0.05843, 0.05167, 0.05843, 0.05167, 0.05167, 0.05843, 0.05843, 0.05843, 0.038759999999999996, 0.031920000000000004, 0.02773, 0.027329999999999997, 0.027329999999999997, 0.027329999999999997, 0.03052, 0.039909999999999994, 0.05843, 0.05843, 0.05843, 0.05843, 0.05843, 0.05843, 0.05843, 0.05843], [0.08211, 0.08211, 0.08211, 0.08211, 0.08211, 0.08211, 0.08211, 0.05167, 0.03473, 0.0347, 0.0347, 0.0347, 0.03471, 0.03471, 0.03471, 0.03555, 0.03857, 0.06672, 0.06672, 0.06672, 0.06672, 0.06672, 0.06672, 0.06672, 0.19188999999999998, 0.19188999999999998, 0.19188999999999998, 0.19188999999999998, 0.19188999999999998, 0.18062999999999999, 0.05214, 0.04149, 0.02912, 0.02912, 0.02912, 0.02852, 0.02852, 0.02852, 0.02912, 0.02912, 0.04603, 0.08763, 0.10665000000000001, 0.12031, 0.10665000000000001, 0.08802, 0.06131, 0.06114, 0.28748, 0.28702, 0.057390000000000004, 0.051789999999999996, 0.05196, 0.053399999999999996, 0.05125, 0.03563, 0.027059999999999997, 0.027059999999999997, 0.027059999999999997, 0.027059999999999997, 0.027059999999999997, 0.027059999999999997, 0.027059999999999997, 0.027, 0.03132, 0.03675, 0.03675, 0.037450000000000004, 0.03675, 0.03675, 0.03675, 0.03675, 0.03681, 0.03681, 0.03681, 0.03681, 0.03534, 0.03681, 0.03681, 0.026789999999999998, 0.0201, 0.01727, 0.01727, 0.01727, 0.01727, 0.01727, 0.01727, 0.0212, 0.02537, 0.0368, 0.059179999999999996, 0.05917, 0.05917, 0.05917, 0.05917, 0.05916, 0.05662, 0.05662, 0.05662, 0.05662, 0.05662, 0.05662, 0.05662, 0.04305, 0.027329999999999997, 0.02204, 0.02204, 0.02204, 0.02168, 0.02204, 0.02204, 0.02252, 0.02708, 0.05034, 0.057409999999999996, 0.057409999999999996, 0.057409999999999996, 0.057409999999999996, 0.057409999999999996, 0.057409999999999996, 0.21378, 0.21378, 0.21378, 0.21378, 0.21378, 0.21378, 0.21378, 0.06061, 0.03824, 0.03823, 0.03823, 0.03823, 0.03823, 0.03823, 0.03823, 0.038880000000000005, 0.05168, 0.0593, 0.07648999999999999, 0.07661, 0.07665999999999999, 0.07653, 0.07643000000000001, 0.07643000000000001, 0.06583, 0.06583, 0.06583, 0.06583, 0.06583, 0.06583, 0.05602, 0.03294, 0.029679999999999998, 0.029679999999999998, 0.029679999999999998, 0.029679999999999998, 0.029679999999999998, 0.029679999999999998, 0.029679999999999998, 0.02972, 0.03311, 0.06028, 0.06064, 0.06121, 0.06112, 0.06036, 0.060340000000000005, 0.060289999999999996], [0.060759999999999995, 0.06061, 0.060759999999999995, 0.060759999999999995, 0.060759999999999995, 0.06073, 0.0597, 0.04258, 0.0415, 0.03849, 0.03849, 0.03849, 0.03849, 0.03849, 0.04151, 0.04753, 0.04753, 0.05572, 0.05946, 0.05962, 0.0596, 0.05957, 0.05958, 0.059609999999999996, 0.06018, 0.06018, 0.06018, 0.06018, 0.06018, 0.06018, 0.06018, 0.05167, 0.04431, 0.04368, 0.04368, 0.04368, 0.04368, 0.04368, 0.04368, 0.04825, 0.048229999999999995, 0.05181, 0.06018, 0.06018, 0.06018, 0.06018, 0.06018, 0.06018, 0.21722999999999998, 0.21722999999999998, 0.21722999999999998, 0.21722999999999998, 0.21722999999999998, 0.21722999999999998, 0.21722999999999998, 0.05167, 0.0356, 0.03263, 0.03247, 0.03247, 0.03243, 0.03247, 0.032490000000000005, 0.03222, 0.03496, 0.05167, 0.06044, 0.06044, 0.06044, 0.06044, 0.06044, 0.06044, 0.21724000000000002, 0.21724000000000002, 0.21724000000000002, 0.21724000000000002, 0.21724000000000002, 0.21724000000000002, 0.21724000000000002, 0.0518, 0.04101, 0.03545, 0.03286, 0.03286, 0.03286, 0.03286, 0.03286, 0.03289, 0.03741, 0.05077, 0.05913, 0.06092, 0.06103, 0.06092, 0.05902, 0.06155, 0.1362, 0.1124, 0.05196, 0.05274, 0.05258, 0.05439, 0.05157, 0.044899999999999995, 0.03509, 0.03132, 0.031100000000000003, 0.031100000000000003, 0.031100000000000003, 0.031100000000000003, 0.031100000000000003, 0.0315, 0.034820000000000004, 0.04157, 0.05347, 0.05727, 0.05729, 0.05726, 0.056659999999999995, 0.056659999999999995, 0.50136, 0.35070999999999997, 0.20609, 0.19773, 0.19998, 0.20783000000000001, 0.20783000000000001, 0.03361, 0.03227, 0.03215, 0.030879999999999998, 0.030780000000000002, 0.030699999999999998, 0.030699999999999998, 0.03123, 0.034570000000000004, 0.033159999999999995, 0.046990000000000004, 0.054090000000000006, 0.05478, 0.055159999999999994, 0.055159999999999994, 0.055240000000000004, 0.05643, 0.0608, 0.06069, 0.060039999999999996, 0.060039999999999996, 0.060039999999999996, 0.060039999999999996, 0.060039999999999996, 0.053689999999999995, 0.041210000000000004, 0.0335, 0.03243, 0.03297, 0.03361, 0.03361, 0.03361, 0.03637, 0.03943, 0.05028, 0.06003, 0.06006, 0.06005, 0.06005, 0.06005, 0.06007], [0.05983, 0.05983, 0.05983, 0.05983, 0.05983, 0.0621, 0.0621, 0.0621, 0.037950000000000005, 0.03334, 0.027329999999999997, 0.02537, 0.02537, 0.026539999999999998, 0.02773, 0.04296, 0.0621, 0.0621, 0.0621, 0.0621, 0.0621, 0.06075, 0.05983, 0.05167, 0.05167, 0.05167, 0.05167, 0.05167, 0.06451000000000001, 0.0699, 0.0699, 0.0699, 0.04307, 0.02773, 0.0256, 0.02537, 0.026539999999999998, 0.026539999999999998, 0.02773, 0.047130000000000005, 0.054509999999999996, 0.0699, 0.0699, 0.0699, 0.0699, 0.0699, 0.0699, 0.0699, 0.20184, 0.18646000000000001, 0.18646000000000001, 0.18646000000000001, 0.20184, 0.20524, 0.21722999999999998, 0.20184, 0.045219999999999996, 0.035859999999999996, 0.02773, 0.02334, 0.026539999999999998, 0.026539999999999998, 0.02773, 0.04104, 0.06966, 0.06982, 0.07667, 0.0698, 0.06966, 0.06966, 0.06966, 0.06993, 0.054439999999999995, 0.054439999999999995, 0.054439999999999995, 0.053509999999999995, 0.053509999999999995, 0.053579999999999996, 0.060090000000000005, 0.05216, 0.037840000000000006, 0.037, 0.03286, 0.02773, 0.03286, 0.03286, 0.03286, 0.037219999999999996, 0.06498999999999999, 0.065, 0.06501, 0.06501, 0.06498999999999999, 0.05682, 0.05521, 0.05181, 0.053869999999999994, 0.051840000000000004, 0.051840000000000004, 0.051840000000000004, 0.05399, 0.056159999999999995, 0.059840000000000004, 0.059840000000000004, 0.042570000000000004, 0.038310000000000004, 0.03824, 0.037939999999999995, 0.03824, 0.03824, 0.03824, 0.04184, 0.05167, 0.059840000000000004, 0.059840000000000004, 0.059840000000000004, 0.059840000000000004, 0.059840000000000004, 0.059840000000000004, 0.059840000000000004, 0.059770000000000004, 0.058, 0.058, 0.058, 0.059770000000000004, 0.06215, 0.06215, 0.06215, 0.04369, 0.039729999999999994, 0.02773, 0.02773, 0.02773, 0.0385, 0.0405, 0.04251, 0.061950000000000005, 0.062090000000000006, 0.062090000000000006, 0.06204, 0.061950000000000005, 0.05987, 0.060829999999999995, 0.059770000000000004, 0.06323, 0.06323, 0.06323, 0.06323, 0.06323, 0.06387, 0.06577, 0.06387, 0.03768, 0.03455, 0.032740000000000005, 0.027329999999999997, 0.02773, 0.031920000000000004, 0.03395, 0.04771, 0.06343, 0.06523999999999999, 0.06523999999999999, 0.06431999999999999, 0.06344, 0.061450000000000005, 0.06323, 0.055810000000000005], [0.07533, 0.07533, 0.07533, 0.07533, 0.07533, 0.07533, 0.07533, 0.05054, 0.03564, 0.03567, 0.03567, 0.03567, 0.03481, 0.0352, 0.03674, 0.03712, 0.04915, 0.0559, 0.05921, 0.05921, 0.05921, 0.05921, 0.05921, 0.05921, 0.07476999999999999, 0.07476999999999999, 0.07476999999999999, 0.07476999999999999, 0.07476999999999999, 0.07476999999999999, 0.07476999999999999, 0.053340000000000005, 0.03718, 0.03718, 0.03718, 0.037079999999999995, 0.03678, 0.03735, 0.037939999999999995, 0.044039999999999996, 0.05082, 0.060649999999999996, 0.06068, 0.06068, 0.06069, 0.06068, 0.06068, 0.06068, 0.07287, 0.07287, 0.07286, 0.07286, 0.07274, 0.07271999999999999, 0.07273, 0.05253, 0.03539, 0.03524, 0.03505, 0.03487, 0.03467, 0.0349, 0.03536, 0.0354, 0.04412, 0.0598, 0.073, 0.07321, 0.07325, 0.07322, 0.07316, 0.07329000000000001, 0.07515000000000001, 0.07479999999999999, 0.07497, 0.0746, 0.0746, 0.07461, 0.054, 0.05173, 0.03334, 0.030199999999999998, 0.030199999999999998, 0.030199999999999998, 0.030199999999999998, 0.030199999999999998, 0.03293, 0.03539, 0.0354, 0.05005, 0.05717, 0.0572, 0.0572, 0.05717, 0.05717, 0.07401, 0.08792, 0.07805, 0.07619, 0.07619, 0.07619, 0.07617, 0.047990000000000005, 0.03185, 0.027379999999999998, 0.026539999999999998, 0.026539999999999998, 0.026539999999999998, 0.026539999999999998, 0.026539999999999998, 0.026539999999999998, 0.027309999999999997, 0.03179, 0.040299999999999996, 0.07612000000000001, 0.07654999999999999, 0.07690999999999999, 0.07654999999999999, 0.07635, 0.07634, 0.20523, 0.20523, 0.20523, 0.20523, 0.20523, 0.1472, 0.040130000000000006, 0.033729999999999996, 0.02877, 0.02877, 0.02877, 0.02877, 0.02877, 0.02877, 0.02903, 0.03365, 0.03536, 0.06919, 0.06968, 0.07476000000000001, 0.07476000000000001, 0.07476000000000001, 0.07476000000000001, 0.07454999999999999, 0.20652, 0.20652, 0.20577, 0.20568999999999998, 0.2057, 0.2057, 0.06681000000000001, 0.0317, 0.026969999999999997, 0.02579, 0.02437, 0.02368, 0.02386, 0.02511, 0.02562, 0.03, 0.03172, 0.05167, 0.06486, 0.07307999999999999, 0.07307999999999999, 0.07307999999999999, 0.07307, 0.08793000000000001], [0.05916, 0.05916, 0.05916, 0.05916, 0.05916, 0.05916, 0.05916, 0.05167, 0.03764, 0.032780000000000004, 0.031670000000000004, 0.027329999999999997, 0.027329999999999997, 0.027329999999999997, 0.03286, 0.037840000000000006, 0.05167, 0.05167, 0.05916, 0.05916, 0.05916, 0.05916, 0.05916, 0.05916, 0.05798, 0.05798, 0.05798, 0.05798, 0.05798, 0.05798, 0.05798, 0.05163, 0.039479999999999994, 0.03155, 0.03151, 0.02675, 0.027329999999999997, 0.027329999999999997, 0.03052, 0.03767, 0.05055, 0.05798, 0.05798, 0.05798, 0.05798, 0.05798, 0.05798, 0.05798, 0.06018, 0.06018, 0.06018, 0.06018, 0.06018, 0.06018, 0.06018, 0.05264, 0.041299999999999996, 0.02876, 0.03149, 0.02995, 0.02978, 0.03151, 0.03177, 0.03577, 0.04261, 0.06018, 0.06018, 0.06018, 0.06018, 0.06018, 0.06018, 0.06018, 0.05916, 0.05916, 0.05916, 0.05916, 0.05916, 0.05916, 0.05899, 0.04339, 0.03681, 0.03032, 0.03032, 0.02902, 0.030260000000000002, 0.031100000000000003, 0.03135, 0.03786, 0.05166, 0.05916, 0.05916, 0.05916, 0.05916, 0.05916, 0.05916, 0.05916, 0.05864, 0.05864, 0.05864, 0.05864, 0.05864, 0.05864, 0.05864, 0.05167, 0.039939999999999996, 0.03096, 0.03096, 0.03096, 0.03096, 0.03096, 0.03204, 0.03496, 0.045149999999999996, 0.05864, 0.05864, 0.05864, 0.05864, 0.05864, 0.05864, 0.05864, 0.05848, 0.05848, 0.05848, 0.05848, 0.05848, 0.05848, 0.05848, 0.05163, 0.047700000000000006, 0.038990000000000004, 0.03890999999999999, 0.0367, 0.03789, 0.038990000000000004, 0.03946, 0.04176, 0.05183, 0.05848, 0.05848, 0.05848, 0.05848, 0.05848, 0.05848, 0.05848, 0.05919, 0.05919, 0.05919, 0.05919, 0.05919, 0.05919, 0.05919, 0.054810000000000005, 0.040549999999999996, 0.03712, 0.03712, 0.03334, 0.03698, 0.03623, 0.03334, 0.03915, 0.053200000000000004, 0.05919, 0.05919, 0.05919, 0.05919, 0.05919, 0.05919, 0.05919]]"
cost_hotpump,415.66497864261737
y_binary,"[1.0, -0.0, -0.0, -0.0, -0.0, -0.0, -0.0, -0.0, -0.0, -0.0, -0.0, -0.0, -0.0, -0.0, 1.0, -0.0, 1.0, -0.0, -0.0, -0.0, -0.0, -0.0, -0.0, 1.0, -0.0, -0.0, 1.0, -0.0, -0.0, -0.0, -0.0, -0.0, -0.0, -0.0, -0.0, -0.0, -0.0, 1.0, -0.0, 1.0, -0.0, -0.0, -0.0, -0.0, -0.0, -0.0, 1.0, -0.0, -0.0, 1.0, -0.0, -0.0, -0.0, -0.0, -0.0, -0.0, -0.0, -0.0, -0.0, -0.0, 1.0, -0.0, 1.0, -0.0, -0.0, -0.0, -0.0, -0.0, -0.0, 1.0, -0.0, -0.0, 1.0, -0.0, -0.0, -0.0, -0.0, -0.0, -0.0, -0.0, -0.0, -0.0, -0.0, 1.0, -0.0, 1.0, -0.0, -0.0, -0.0, -0.0, -0.0, -0.0, 1.0, -0.0, -0.0, 1.0, -0.0, -0.0, -0.0, -0.0, -0.0, -0.0, -0.0, -0.0, -0.0, -0.0, 1.0, -0.0, 1.0, -0.0, -0.0, -0.0, -0.0, -0.0, -0.0, 1.0, -0.0, -0.0, 1.0, -0.0, -0.0, -0.0, -0.0, -0.0, -0.0, -0.0, -0.0, -0.0, -0.0, 1.0, -0.0, 1.0, -0.0, -0.0, -0.0, -0.0, -0.0, -0.0, 1.0, -0.0, -0.0, 1.0, -0.0, -0.0, -0.0, -0.0, -0.0, -0.0, -0.0, -0.0, -0.0, -0.0, 1.0, -0.0, 1.0, -0.0, -0.0, -0.0, -0.0, -0.0, -0.0, 1.0, -0.0, -0.0, -0.0, -0.0, -0.0, -0.0, -0.0, -0.0, -0.0, -0.0, -0.0, -0.0, -0.0, -0.0, -0.0, -0.0, -0.0, -0.0, -0.0, -0.0, -0.0, -0.0, -0.0, -0.0, -0.0, -0.0, -0.0, -0.0, -0.0, -0.0, -0.0, -0.0, -0.0, -0.0, -0.0, -0.0, -0.0, -0.0, -0.0, -0.0, -0.0, -0.0, -0.0, -0.0, -0.0, -0.0, -0.0, -0.0, -0.0, -0.0, -0.0, -0.0, -0.0, -0.0, -0.0, -0.0, -0.0, -0.0, -0.0, -0.0, -0.0, -0.0, -0.0, -0.0, -0.0, -0.0, -0.0, -0.0, -0.0, -0.0, -0.0, -0.0, -0.0, -0.0, -0.0, -0.0, -0.0, -0.0, -0.0, -0.0, -0.0, -0.0, -0.0, -0.0, -0.0, -0.0, -0.0, -0.0, -0.0, -0.0, -0.0, -0.0, -0.0, -0.0, -0.0, -0.0, -0.0, -0.0, -0.0, -0.0, -0.0, -0.0, -0.0, -0.0, -0.0, -0.0, -0.0, -0.0, -0.0, -0.0, -0.0, -0.0, -0.0, -0.0, -0.0, -0.0, -0.0, -0.0, -0.0, -0.0, -0.0, -0.0, -0.0, -0.0, -0.0, -0.0, -0.0, -0.0, -0.0, -0.0, -0.0, -0.0, -0.0, -0.0, -0.0, -0.0, -0.0, -0.0, -0.0, -0.0, -0.0, -0.0, -0.0, -0.0, -0.0, -0.0, -0.0, -0.0, -0.0, -0.0, -0.0, -0.0, -0.0, -0.0, -0.0, -0.0, -0.0, -0.0, -0.0, -0.0, -0.0, -0.0, -0.0, -0.0, -0.0, -0.0, -0.0, -0.0, -0.0, -0.0, -0.0, -0.0, -0.0, -0.0, -0.0, -0.0, -0.0, -0.0, -0.0, -0.0, -0.0, -0.0, -0.0, -0.0, -0.0, -0.0, -0.0, -0.0, -0.0, -0.0, -0.0, -0.0, -0.0, -0.0, -0.0, -0.0, -0.0, -0.0, -0.0, -0.0, -0.0, -0.0, -0.0, -0.0, -0.0, -0.0, -0.0, -0.0, -0.0, -0.0, -0.0, -0.0, -0.0, -0.0, -0.0, -0.0, -0.0, -0.0, -0.0, -0.0, -0.0, -0.0, 1.0, -0.0, -0.0, -0.0, -0.0, -0.0, -0.0, -0.0, -0.0, -0.0, -0.0, -0.0, -0.0, -0.0, -0.0, -0.0, -0.0, -0.0, -0.0, -0.0, -0.0, -0.0, -0.0, 1.0, -0.0, -0.0, -0.0, -0.0, -0.0, -0.0, -0.0, -0.0, -0.0, -0.0, -0.0, -0.0, -0.0, -0.0, -0.0, -0.0, -0.0, -0.0, -0.0, -0.0, -0.0, -0.0, 1.0, -0.0, -0.0, -0.0, -0.0, -0.0, -0.0, -0.0, -0.0, -0.0, -0.0, -0.0, -0.0, -0.0, -0.0, -0.0, -0.0, -0.0, -0.0, -0.0, -0.0, -0.0, -0.0, 1.0, -0.0, -0.0, -0.0, -0.0, -0.0, -0.0, -0.0, -0.0, -0.0, -0.0, -0.0, -0.0, -0.0, -0.0, -0.0, -0.0, -0.0, -0.0, -0.0, -0.0, -0.0, -0.0, 1.0, -0.0, -0.0, -0.0, -0.0, -0.0, -0.0, -0.0, -0.0, -0.0, -0.0, -0.0, -0.0, -0.0, -0.0, -0.0, -0.0, -0.0, -0.0, -0.0, -0.0, -0.0, -0.0, 1.0, -0.0, -0.0, -0.0, -0.0, -0.0, -0.0, -0.0, -0.0, -0.0, -0.0, -0.0, -0.0, -0.0, -0.0, -0.0, -0.0, -0.0, -0.0, -0.0, -0.0, -0.0, -0.0, 1.0, -0.0, -0.0, -0.0, -0.0, -0.0, -0.0, -0.0, -0.0, -0.0, -0.0, -0.0, -0.0, -0.0, -0.0, -0.0, 1.0, -0.0, -0.0, -0.0, 1.0, 1.0, -0.0, 1.0, -0.0, 1.0, -0.0, -0.0, -0.0, -0.0, -0.0, -0.0, -0.0, -0.0, -0.0, -0.0, 1.0, -0.0, -0.0, 1.0, -0.0, -0.0, -0.0, 1.0, 1.0, -0.0, -0.0, -0.0, 1.0, -0.0, -0.0, -0.0, -0.0, -0.0, -0.0, -0.0, -0.0, -0.0, -0.0, 1.0, -0.0, -0.0, 1.0, -0.0, -0.0, -0.0, 1.0, 1.0, -0.0, -0.0, -0.0, 1.0, -0.0, -0.0, -0.0, -0.0, -0.0, -0.0, -0.0, -0.0, -0.0, -0.0, 1.0, -0.0, -0.0, 1.0, -0.0, -0.0, -0.0, 1.0, 1.0, -0.0, -0.0, -0.0, 1.0, -0.0, -0.0, -0.0, -0.0, -0.0, -0.0, -0.0, -0.0, -0.0, -0.0, 1.0, -0.0, -0.0, 1.0, -0.0, -0.0, -0.0, 1.0, 1.0, -0.0, -0.0, -0.0, 1.0, -0.0, -0.0, -0.0, -0.0, -0.0, -0.0, -0.0, -0.0, -0.0, -0.0, 1.0, -0.0, -0.0, 1.0, -0.0, -0.0, -0.0, 1.0, 1.0, -0.0, -0.0, -0.0, 1.0, -0.0, -0.0, -0.0, -0.0, -0.0, -0.0, -0.0, -0.0, -0.0, -0.0, 1.0, -0.0, -0.0, 1.0, -0.0, -0.0, -0.0, 1.0, 1.0, -0.0, -0.0, -0.0, 1.0, -0.0, -0.0, -0.0, -0.0, -0.0, -0.0, -0.0, -0.0, -0.0, -0.0, -0.0, -0.0, -0.0, 1.0, -0.0, -0.0, -0.0, 1.0, 1.0, -0.0, -0.0, -0.0, 1.0, -0.0, -0.0, -0.0, -0.0, -0.0, -0.0, -0.0, -0.0, -0.0, -0.0, -0.0, -0.0, -0.0, 1.0, -0.0, -0.0, -0.0, -0.0, -0.0, -0.0, -0.0, -0.0, -0.0, -0.0, -0.0, -0.0, -0.0, -0.0, -0.0, -0.0, -0.0, -0.0, -0.0, -0.0, -0.0, -0.0, -0.0, -0.0, -0.0, -0.0, -0.0, -0.0, -0.0, -0.0, -0.0, -0.0, -0.0, -0.0, -0.0, -0.0, -0.0, -0.0, -0.0, -0.0, -0.0, -0.0, -0.0, -0.0, -0.0, -0.0, -0.0, -0.0, -0.0, -0.0, -0.0, -0.0, -0.0, -0.0, -0.0, -0.0, -0.0, -0.0, -0.0, -0.0, -0.0, -0.0, -0.0, -0.0, -0.0, -0.0, -0.0, -0.0, -0.0, -0.0, -0.0, -0.0, -0.0, -0.0, -0.0, -0.0, -0.0, -0.0, -0.0, -0.0, -0.0, -0.0, -0.0, -0.0, -0.0, -0.0, -0.0, -0.0, -0.0, -0.0, -0.0, -0.0, -0.0, -0.0, -0.0, -0.0, -0.0, -0.0, -0.0, -0.0, -0.0, -0.0, -0.0, -0.0, -0.0, -0.0, -0.0, -0.0, -0.0, -0.0, -0.0, -0.0, -0.0, -0.0, -0.0, -0.0, -0.0, -0.0, -0.0, -0.0, -0.0, -0.0, -0.0, -0.0, -0.0, -0.0, -0.0, -0.0, -0.0, -0.0, -0.0, -0.0, -0.0, -0.0, -0.0, -0.0, -0.0, -0.0, -0.0, -0.0, -0.0, -0.0, -0.0, -0.0, -0.0, -0.0, -0.0, -0.0, -0.0, -0.0, -0.0, -0.0, -0.0, -0.0, -0.0, -0.0, -0.0, -0.0, -0.0, -0.0, -0.0, -0.0, -0.0, -0.0, -0.0, -0.0, -0.0, -0.0, -0.0, -0.0, -0.0, -0.0, -0.0, -0.0, -0.0, -0.0, -0.0, -0.0, -0.0, -0.0, -0.0, -0.0, -0.0, -0.0, -0.0, -0.0, -0.0, -0.0, -0.0, -0.0, -0.0, -0.0, -0.0, -0.0, -0.0, -0.0, -0.0, -0.0, -0.0, -0.0, -0.0, -0.0, -0.0, -0.0, -0.0, -0.0, -0.0, -0.0, -0.0, -0.0, -0.0, -0.0, -0.0, -0.0, -0.0, -0.0, -0.0, -0.0, -0.0, -0.0, -0.0, -0.0, -0.0, -0.0, -0.0, -0.0, -0.0, -0.0, -0.0, -0.0, -0.0, -0.0, -0.0, -0.0, -0.0, -0.0, -0.0, -0.0, 1.0, -0.0, -0.0, -0.0, -0.0, -0.0, -0.0, -0.0, -0.0, -0.0, -0.0, -0.0, -0.0, -0.0, -0.0, -0.0, -0.0, -0.0, -0.0, -0.0, -0.0, -0.0, -0.0, 1.0, -0.0, -0.0, -0.0, -0.0, -0.0, -0.0, -0.0, -0.0, -0.0, -0.0, -0.0, -0.0, -0.0, -0.0, -0.0, -0.0, -0.0, -0.0, -0.0, -0.0, -0.0, -0.0, 1.0, -0.0, -0.0, -0.0, -0.0, -0.0, -0.0, -0.0, -0.0, -0.0, -0.0, -0.0, -0.0, -0.0, -0.0, -0.0, -0.0, -0.0, -0.0, -0.0, -0.0, -0.0, -0.0, 1.0, -0.0, -0.0, -0.0, -0.0, -0.0, -0.0, -0.0, -0.0, -0.0, -0.0, -0.0, -0.0, -0.0, -0.0, -0.0, -0.0, -0.0, -0.0, -0.0, -0.0, -0.0, -0.0, 1.0, -0.0, -0.0, -0.0, -0.0, -0.0, -0.0, -0.0, -0.0, -0.0, -0.0, -0.0, -0.0, -0.0, -0.0, -0.0, -0.0, -0.0, -0.0, -0.0, -0.0, -0.0, -0.0, 1.0, -0.0, 0.0, -0.0, -0.0, -0.0, -0.0, -0.0, -0.0, -0.0, 1.0, -0.0, -0.0, 1.0, -0.0, -0.0, -0.0, -0.0, -0.0, 1.0, -0.0, -0.0, -0.0, 1.0, 1.0, -0.0, -0.0, -0.0, -0.0, -0.0, -0.0, -0.0, -0.0, 1.0, -0.0, -0.0, 1.0, -0.0, -0.0, -0.0, 1.0, -0.0, 1.0, -0.0, -0.0, -0.0, 1.0, 1.0, 1.0, -0.0, -0.0, -0.0, -0.0, -0.0, -0.0, -0.0, 1.0, -0.0, -0.0, 1.0, -0.0, -0.0, -0.0, 1.0, -0.0, 1.0, -0.0, -0.0, -0.0, 1.0, 1.0, 1.0, -0.0, -0.0, -0.0, -0.0, -0.0, -0.0, -0.0, 1.0, -0.0, -0.0, 1.0, -0.0, -0.0, -0.0, 1.0, -0.0, 1.0, -0.0, -0.0, -0.0, 1.0, 1.0, 1.0, -0.0, -0.0, -0.0, -0.0, -0.0, -0.0, -0.0, 1.0, -0.0, -0.0, 1.0, -0.0, -0.0, -0.0, 1.0, -0.0, 1.0, -0.0, -0.0, -0.0, -0.0, 1.0, 1.0, -0.0, -0.0, -0.0, -0.0, -0.0, -0.0, -0.0, 1.0, -0.0, -0.0, 1.0, -0.0, -0.0, -0.0, 1.0, -0.0, 1.0, -0.0, -0.0, -0.0, -0.0, 1.0, 1.0, -0.0, -0.0, -0.0, -0.0, -0.0, -0.0, -0.0, 1.0, -0.0, -0.0, 1.0, -0.0, -0.0, -0.0, 1.0, -0.0, 1.0, -0.0, -0.0, -0.0, -0.0, 1.0, 1.0, -0.0, -0.0, -0.0, -0.0, -0.0, -0.0, -0.0, 1.0, -0.0, -0.0, 1.0, -0.0, -0.0, -0.0, 1.0, -0.0, 1.0, -0.0, -0.0, -0.0, -0.0, 1.0, 1.0, -0.0, -0.0, -0.0, -0.0, -0.0, -0.0, -0.0, -0.0, -0.0, -0.0, -0.0, -0.0, -0.0, -0.0, 1.0, -0.0, -0.0, -0.0, -0.0, -0.0, -0.0, -0.0, 1.0, -0.0, -0.0, -0.0, -0.0, -0.0, -0.0, -0.0, -0.0, -0.0, -0.0, -0.0, -0.0, -0.0, -0.0, -0.0, -0.0, -0.0, -0.0, -0.0, -0.0, -0.0, -0.0, -0.0, -0.0, -0.0, -0.0, -0.0, -0.0, -0.0, -0.0, -0.0, -0.0, -0.0, -0.0, -0.0, -0.0, -0.0, -0.0, -0.0, -0.0, -0.0, -0.0, -0.0, -0.0, -0.0, -0.0, -0.0, -0.0, -0.0, -0.0, -0.0, -0.0, -0.0, -0.0, -0.0, -0.0, -0.0, -0.0, -0.0, -0.0, -0.0, -0.0, -0.0, -0.0, -0.0, -0.0, -0.0, -0.0, -0.0, -0.0, -0.0, -0.0, -0.0, -0.0, -0.0, -0.0, -0.0, -0.0, -0.0, -0.0, -0.0, -0.0, -0.0, -0.0, -0.0, -0.0, -0.0, -0.0, -0.0, -0.0, -0.0, -0.0, -0.0, -0.0, -0.0, -0.0, -0.0, -0.0, -0.0, -0.0, -0.0, -0.0, -0.0, -0.0, -0.0, -0.0, -0.0, -0.0, -0.0, -0.0, -0.0, -0.0, -0.0, -0.0, -0.0, -0.0, -0.0, -0.0, -0.0, -0.0, -0.0, -0.0, -0.0, -0.0, -0.0, -0.0, -0.0, -0.0, -0.0, -0.0, -0.0, -0.0, -0.0, -0.0, -0.0, -0.0, -0.0, -0.0, -0.0, -0.0, -0.0, -0.0, -0.0, -0.0, -0.0, -0.0, -0.0, -0.0, -0.0, -0.0, -0.0, -0.0, -0.0, -0.0, -0.0, -0.0, -0.0, -0.0, -0.0, -0.0, -0.0, -0.0, -0.0, -0.0, -0.0, -0.0, -0.0, -0.0, -0.0, -0.0, -0.0, -0.0, -0.0, -0.0, -0.0, -0.0, -0.0, -0.0, -0.0, -0.0, -0.0, -0.0, -0.0, -0.0, -0.0, -0.0, -0.0, -0.0, -0.0, -0.0, -0.0, -0.0, -0.0, -0.0, -0.0, -0.0, -0.0, -0.0, -0.0, -0.0, -0.0, -0.0, -0.0, -0.0, -0.0, -0.0, -0.0, -0.0, -0.0, -0.0, -0.0, -0.0, -0.0, -0.0, -0.0, -0.0, -0.0, -0.0, -0.0, -0.0, -0.0, -0.0, -0.0, -0.0, -0.0, -0.0, -0.0, -0.0, -0.0, -0.0, -0.0, -0.0, -0.0, -0.0, -0.0, -0.0, -0.0, -0.0, -0.0, -0.0, -0.0, -0.0, -0.0, -0.0, -0.0, -0.0, -0.0, -0.0, -0.0, -0.0, -0.0, -0.0, -0.0, -0.0, -0.0, -0.0, -0.0, -0.0, -0.0, -0.0, -0.0, -0.0, -0.0, -0.0, -0.0, -0.0, -0.0, -0.0, -0.0, -0.0, -0.0, -0.0, -0.0, -0.0, -0.0, -0.0, -0.0, -0.0, -0.0, -0.0, -0.0, -0.0, -0.0, -0.0, -0.0, -0.0, -0.0, -0.0, -0.0, -0.0, -0.0, -0.0, -0.0, -0.0, -0.0, -0.0, -0.0, -0.0, -0.0, -0.0, -0.0, -0.0, -0.0, -0.0, -0.0, -0.0, -0.0, -0.0, -0.0, -0.0, -0.0, -0.0, -0.0, -0.0, -0.0, -0.0, -0.0, -0.0, -0.0, -0.0, -0.0, -0.0, -0.0, -0.0, -0.0, -0.0, -0.0, -0.0, -0.0, -0.0, -0.0, -0.0, -0.0, -0.0, -0.0, -0.0, -0.0, -0.0, -0.0, 1.0, -0.0, -0.0, -0.0, -0.0, -0.0, -0.0, -0.0, -0.0, -0.0, -0.0, -0.0, -0.0, 1.0, -0.0, -0.0, -0.0, -0.0, -0.0, -0.0, -0.0, -0.0, -0.0, 1.0, -0.0, -0.0, -0.0, 1.0, -0.0, -0.0, -0.0, -0.0, 1.0, -0.0, -0.0, 1.0, 1.0, -0.0, -0.0, -0.0, -0.0, -0.0, -0.0, 1.0, -0.0, -0.0, 1.0, -0.0, -0.0, -0.0, 1.0, -0.0, -0.0, -0.0, -0.0, 1.0, -0.0, -0.0, 1.0, 1.0, -0.0, -0.0, -0.0, -0.0, -0.0, -0.0, 1.0, -0.0, -0.0, 1.0, -0.0, -0.0, -0.0, 1.0, -0.0, -0.0, -0.0, -0.0, 1.0, -0.0, -0.0, 1.0, 1.0, -0.0, -0.0, -0.0, -0.0, -0.0, -0.0, 1.0, -0.0, -0.0, 1.0, -0.0, -0.0, -0.0, 1.0, -0.0, -0.0, -0.0, -0.0, 1.0, -0.0, -0.0, 1.0, 1.0, -0.0, -0.0, -0.0, -0.0, -0.0, -0.0, 1.0, -0.0, -0.0, 1.0, -0.0, -0.0, -0.0, 1.0, -0.0, -0.0, -0.0, -0.0, 1.0, -0.0, -0.0, 1.0, 1.0, -0.0, -0.0, -0.0, -0.0, -0.0, -0.0, 1.0, -0.0, -0.0, 1.0, -0.0, -0.0, -0.0, 1.0, -0.0, -0.0, -0.0, -0.0, 1.0, -0.0, -0.0, 1.0, 1.0, -0.0, -0.0, -0.0, -0.0, -0.0, -0.0, 1.0, -0.0, -0.0, 1.0, -0.0, -0.0, -0.0, 1.0, -0.0, -0.0, -0.0, -0.0, 1.0, -0.0, -0.0, 1.0, -0.0, -0.0, -0.0, -0.0, -0.0, -0.0, -0.0, 1.0, -0.0, -0.0, 1.0, -0.0, -0.0, -0.0, 1.0, -0.0, -0.0, -0.0, -0.0, 1.0, -0.0, -0.0, -0.0, -0.0, -0.0, -0.0, -0.0, -0.0, -0.0, -0.0, 1.0, -0.0, -0.0, -0.0, -0.0, -0.0, -0.0, 1.0, -0.0, -0.0, -0.0, -0.0, -0.0, -0.0, -0.0, -0.0, -0.0, -0.0, -0.0, -0.0, -0.0, -0.0, -0.0, -0.0, -0.0, -0.0, -0.0, -0.0, -0.0, -0.0, -0.0, -0.0, -0.0, -0.0, -0.0, -0.0, -0.0, -0.0, -0.0, -0.0, -0.0, -0.0, -0.0, -0.0, -0.0, -0.0, -0.0, -0.0, -0.0, -0.0, -0.0, -0.0, -0.0, -0.0, -0.0, -0.0, -0.0, -0.0, -0.0, -0.0, -0.0, -0.0, -0.0, -0.0, -0.0, -0.0, -0.0, -0.0, -0.0, -0.0, -0.0, -0.0, -0.0, -0.0, -0.0, -0.0, -0.0, -0.0, -0.0, -0.0, -0.0, -0.0, -0.0, -0.0, -0.0, -0.0, -0.0, -0.0, -0.0, -0.0, -0.0, -0.0, -0.0, -0.0, -0.0, -0.0, -0.0, -0.0, -0.0, -0.0, -0.0, -0.0, -0.0, -0.0, -0.0, -0.0, -0.0, -0.0, -0.0, -0.0, -0.0, -0.0, -0.0, -0.0, -0.0, -0.0, -0.0, -0.0, -0.0, -0.0, -0.0, -0.0, -0.0, -0.0, -0.0, -0.0, -0.0, -0.0, -0.0, -0.0, -0.0, -0.0, -0.0, -0.0, -0.0, -0.0, -0.0, -0.0, -0.0, -0.0, -0.0, -0.0, -0.0, -0.0, -0.0, -0.0, -0.0, -0.0, -0.0, -0.0, -0.0, -0.0, -0.0, -0.0, -0.0, -0.0, -0.0, -0.0, -0.0, -0.0, -0.0, -0.0, -0.0, -0.0, -0.0, -0.0, -0.0, -0.0, -0.0, -0.0, -0.0, -0.0, -0.0, -0.0, -0.0, -0.0, -0.0, -0.0, -0.0, -0.0, -0.0, -0.0, -0.0, -0.0, -0.0, -0.0, -0.0, -0.0, -0.0, -0.0, -0.0, -0.0, -0.0, -0.0, -0.0, -0.0, -0.0, -0.0, -0.0, -0.0, -0.0, -0.0, -0.0, -0.0, -0.0, -0.0, -0.0, -0.0, -0.0, -0.0, -0.0, -0.0, -0.0, -0.0, -0.0, -0.0, -0.0, -0.0, -0.0, -0.0, -0.0, -0.0, -0.0, 1.0, -0.0, -0.0, -0.0, -0.0, -0.0, -0.0, -0.0, -0.0, -0.0, -0.0, -0.0, -0.0, -0.0, -0.0, -0.0, -0.0, -0.0, -0.0, -0.0, -0.0, -0.0, -0.0, 1.0, -0.0, -0.0, -0.0, -0.0, -0.0, -0.0, -0.0, -0.0, -0.0, -0.0, -0.0, -0.0, -0.0, -0.0, -0.0, -0.0, -0.0, -0.0, -0.0, -0.0, -0.0, -0.0, 1.0, -0.0, -0.0, -0.0, -0.0, -0.0, -0.0, -0.0, -0.0, -0.0, -0.0, -0.0, -0.0, -0.0, -0.0, -0.0, -0.0, -0.0, -0.0, -0.0, -0.0, -0.0, -0.0, 1.0, -0.0, -0.0, -0.0, -0.0, -0.0, -0.0, -0.0, -0.0, -0.0, -0.0, -0.0, -0.0, -0.0, -0.0, -0.0, -0.0, -0.0, -0.0, -0.0, -0.0, -0.0, -0.0, 1.0, -0.0, -0.0, -0.0, -0.0, -0.0, -0.0, -0.0, -0.0, -0.0, -0.0, -0.0, -0.0, -0.0, -0.0, -0.0, -0.0, -0.0, -0.0, -0.0, -0.0, -0.0, -0.0, 1.0, -0.0, -0.0, -0.0, -0.0, -0.0, -0.0, -0.0, -0.0, -0.0, -0.0, -0.0, -0.0, -0.0, -0.0, -0.0, -0.0, -0.0, -0.0, -0.0, -0.0, -0.0, -0.0, 1.0, -0.0, -0.0, 1.0, 1.0, 1.0, -0.0, -0.0, 1.0, -0.0, -0.0, -0.0, -0.0, -0.0, -0.0, -0.0, -0.0, -0.0, -0.0, -0.0, -0.0, -0.0, -0.0, 1.0, -0.0, -0.0, 1.0, 1.0, 1.0, -0.0, 1.0, 1.0, -0.0, -0.0, -0.0, 1.0, -0.0, -0.0, -0.0, -0.0, -0.0, -0.0, -0.0, -0.0, -0.0, -0.0, -0.0, -0.0, -0.0, 1.0, 1.0, 1.0, -0.0, 1.0, 1.0, -0.0, -0.0, -0.0, 1.0, -0.0, -0.0, -0.0, -0.0, -0.0, -0.0, -0.0, -0.0, -0.0, -0.0, -0.0, -0.0, -0.0, 1.0, 1.0, 1.0, -0.0, 1.0, 1.0, -0.0, -0.0, -0.0, 1.0, -0.0, -0.0, -0.0, -0.0, -0.0, -0.0, -0.0, -0.0, -0.0, -0.0, -0.0, -0.0, -0.0, 1.0, 1.0, 1.0, -0.0, 1.0, 1.0, -0.0, -0.0, -0.0, 1.0, -0.0, -0.0, -0.0, -0.0, -0.0, -0.0, -0.0, -0.0, -0.0, -0.0, -0.0, -0.0, -0.0, 1.0, 1.0, 1.0, -0.0, 1.0, 1.0, -0.0, -0.0, -0.0, 1.0, -0.0, -0.0, -0.0, -0.0, -0.0, -0.0, -0.0, -0.0, -0.0, -0.0, -0.0, -0.0, -0.0, 1.0, 1.0, 1.0, -0.0, 1.0, 1.0, -0.0, -0.0, -0.0, 1.0, -0.0, -0.0, -0.0, -0.0, -0.0, -0.0, -0.0, -0.0, -0.0, -0.0, -0.0, -0.0, -0.0, 1.0, 1.0, 1.0, -0.0, 1.0, 1.0, -0.0, -0.0, -0.0, 1.0, -0.0, -0.0, -0.0, -0.0, -0.0, -0.0, -0.0, -0.0, -0.0, -0.0, -0.0, -0.0, -0.0, 1.0, -0.0, -0.0, -0.0, 1.0, -0.0, -0.0, -0.0, -0.0, 1.0, -0.0, -0.0, -0.0, -0.0, -0.0, -0.0, -0.0, -0.0, -0.0, -0.0, -0.0, -0.0, -0.0, -0.0, -0.0, -0.0, -0.0, -0.0, -0.0, -0.0, -0.0, -0.0, -0.0, -0.0, -0.0, -0.0, -0.0, -0.0, -0.0, -0.0, -0.0, -0.0, -0.0, -0.0, -0.0, -0.0, -0.0, -0.0, -0.0, -0.0, -0.0, -0.0, -0.0, -0.0, -0.0, -0.0, -0.0, -0.0, -0.0, -0.0, -0.0, -0.0, -0.0, -0.0, -0.0, -0.0, -0.0, -0.0, -0.0, -0.0, -0.0, -0.0, -0.0, -0.0, -0.0, -0.0, -0.0, -0.0, -0.0, -0.0, -0.0, -0.0, -0.0, -0.0, -0.0, -0.0, -0.0, -0.0, -0.0, -0.0, -0.0, -0.0, -0.0, -0.0, -0.0, -0.0, -0.0, -0.0, -0.0, -0.0, -0.0, -0.0, -0.0, -0.0, -0.0, -0.0, -0.0, -0.0, -0.0, -0.0, -0.0, -0.0, -0.0, -0.0, -0.0, -0.0, -0.0, -0.0, -0.0, -0.0, -0.0, -0.0, -0.0, -0.0, -0.0, -0.0, -0.0, -0.0, -0.0, -0.0, -0.0, -0.0, -0.0, -0.0, -0.0, -0.0, -0.0, -0.0, -0.0, -0.0, -0.0, -0.0, -0.0, -0.0, -0.0, -0.0, -0.0, -0.0, -0.0, -0.0, -0.0, -0.0, -0.0, -0.0, -0.0, -0.0, -0.0, -0.0, -0.0, -0.0, -0.0, -0.0, -0.0, -0.0, -0.0, -0.0, -0.0, -0.0, -0.0, -0.0, -0.0, -0.0, -0.0, -0.0, -0.0, -0.0, -0.0, -0.0, -0.0, -0.0, -0.0, -0.0, -0.0, -0.0, -0.0, -0.0, -0.0, -0.0, -0.0, -0.0, -0.0, -0.0, -0.0, -0.0, -0.0, -0.0, -0.0, -0.0, -0.0, -0.0, -0.0, -0.0, -0.0, -0.0, -0.0, -0.0, -0.0, -0.0, -0.0, -0.0, -0.0, -0.0, -0.0, -0.0, -0.0, -0.0, -0.0, -0.0, -0.0, -0.0, -0.0, -0.0, -0.0, -0.0, -0.0, -0.0, -0.0, -0.0, -0.0, -0.0, -0.0, -0.0, -0.0, -0.0, -0.0, -0.0, -0.0, -0.0, -0.0, -0.0, -0.0, -0.0, -0.0, -0.0, -0.0, -0.0, -0.0, -0.0, -0.0, -0.0, -0.0, -0.0, -0.0, -0.0, -0.0, -0.0, -0.0, -0.0, -0.0, -0.0, -0.0, -0.0, -0.0, -0.0, -0.0, -0.0, -0.0, -0.0, -0.0, -0.0, -0.0, -0.0, -0.0, -0.0, -0.0, -0.0, -0.0, -0.0, -0.0, -0.0, -0.0, -0.0, -0.0, -0.0, -0.0, -0.0, -0.0, -0.0, -0.0, -0.0, -0.0, -0.0, -0.0, -0.0, -0.0, -0.0, -0.0, -0.0, -0.0, -0.0, -0.0, -0.0, -0.0, -0.0, -0.0, -0.0, -0.0, -0.0, -0.0, -0.0, -0.0, -0.0, -0.0, -0.0, -0.0, -0.0, 0.0, -0.0, -0.0, -0.0, -0.0, -0.0, -0.0, -0.0, -0.0, -0.0, -0.0, -0.0, -0.0, -0.0, -0.0, -0.0, -0.0, -0.0, -0.0, -0.0, -0.0, -0.0, -0.0, 0.0, -0.0, -0.0, -0.0, -0.0, -0.0, -0.0, -0.0, 1.0, -0.0, -0.0, -0.0, -0.0, -0.0, -0.0, -0.0, -0.0, -0.0, -0.0, -0.0, -0.0, -0.0, -0.0, -0.0, 1.0, 1.0, -0.0, -0.0, -0.0, 1.0, -0.0, 1.0, -0.0, -0.0, -0.0, -0.0, -0.0, -0.0, -0.0, -0.0, 1.0, -0.0, 1.0, -0.0, -0.0, -0.0, -0.0, 1.0, 1.0, -0.0, -0.0, -0.0, 1.0, -0.0, 1.0, -0.0, -0.0, -0.0, -0.0, -0.0, -0.0, -0.0, 1.0, 1.0, -0.0, 1.0, -0.0, -0.0, -0.0, -0.0, 1.0, 1.0, -0.0, -0.0, -0.0, 1.0, -0.0, 1.0, -0.0, -0.0, -0.0, -0.0, -0.0, -0.0, -0.0, 1.0, 1.0, -0.0, 1.0, -0.0, -0.0, -0.0, -0.0, 1.0, 1.0, -0.0, -0.0, -0.0, 1.0, -0.0, 1.0, -0.0, -0.0, -0.0, -0.0, -0.0, -0.0, -0.0, 1.0, 1.0, -0.0, 1.0, 0.0, -0.0, -0.0, -0.0, 1.0, 1.0, -0.0, -0.0, -0.0, 1.0, -0.0, 1.0, -0.0, -0.0, -0.0, -0.0, -0.0, -0.0, -0.0, 1.0, 1.0, -0.0, 1.0, -0.0, -0.0, -0.0, -0.0, 1.0, 1.0, -0.0, -0.0, -0.0, 1.0, -0.0, 1.0, -0.0, -0.0, -0.0, -0.0, -0.0, -0.0, -0.0, 1.0, 1.0, -0.0, 1.0, -0.0, -0.0, -0.0, -0.0, 1.0, 1.0, -0.0, -0.0, -0.0, 1.0, -0.0, 1.0, -0.0, -0.0, -0.0, -0.0, -0.0, -0.0, -0.0, 1.0, 1.0, -0.0, 1.0, -0.0, -0.0, -0.0, -0.0, 1.0, 1.0, -0.0, -0.0, -0.0, 1.0, -0.0, 1.0, -0.0, -0.0, -0.0, -0.0, -0.0, -0.0, -0.0, 1.0, 1.0, -0.0, 1.0, -0.0, -0.0, -0.0, -0.0, 1.0, -0.0, -0.0, -0.0, -0.0, 0.0, -0.0, -0.0, -0.0, -0.0, -0.0, -0.0, -0.0, -0.0, -0.0, 1.0, -0.0, -0.0, -0.0, -0.0, -0.0, -0.0, -0.0, -0.0, -0.0, -0.0, -0.0, -0.0, -0.0, -0.0, -0.0, -0.0, -0.0, -0.0, -0.0, -0.0, -0.0, -0.0, -0.0, -0.0, -0.0, -0.0, -0.0, -0.0, -0.0, -0.0, -0.0, -0.0, -0.0, -0.0, -0.0, -0.0, -0.0, -0.0, -0.0, -0.0, -0.0, -0.0, -0.0, -0.0, -0.0, -0.0, -0.0, -0.0, -0.0, -0.0, -0.0, -0.0, -0.0, -0.0, -0.0, -0.0, -0.0, -0.0, -0.0, -0.0, -0.0, -0.0, -0.0, -0.0, -0.0, -0.0, -0.0, -0.0, -0.0, -0.0, -0.0, -0.0, -0.0, -0.0, -0.0, -0.0, -0.0, -0.0, -0.0, -0.0, -0.0, -0.0, -0.0, -0.0, -0.0, -0.0, -0.0, -0.0, -0.0, -0.0, -0.0, -0.0, -0.0, -0.0, -0.0, -0.0, -0.0, -0.0, -0.0, -0.0, -0.0, -0.0, -0.0, -0.0, -0.0, -0.0, -0.0, -0.0, -0.0, -0.0, -0.0, -0.0, -0.0, -0.0, -0.0, -0.0, -0.0, -0.0, -0.0, -0.0, -0.0, -0.0, -0.0, -0.0, -0.0, -0.0, -0.0, -0.0, -0.0, -0.0, -0.0, -0.0, -0.0, -0.0, -0.0, -0.0, -0.0, -0.0, -0.0, -0.0, -0.0, -0.0, -0.0, -0.0, -0.0, -0.0, -0.0, -0.0, -0.0, -0.0, -0.0, -0.0, -0.0, -0.0, -0.0, -0.0, -0.0, -0.0, -0.0, -0.0, -0.0, -0.0, -0.0, -0.0, -0.0, -0.0, -0.0, -0.0, -0.0, -0.0, -0.0, -0.0, -0.0, -0.0, -0.0, -0.0, -0.0, -0.0, -0.0, -0.0, -0.0, -0.0, -0.0, -0.0, -0.0, -0.0, -0.0, -0.0, -0.0, -0.0, -0.0, -0.0, -0.0, -0.0, -0.0, -0.0, -0.0, -0.0, -0.0, -0.0, -0.0, -0.0, -0.0, -0.0, -0.0, -0.0, -0.0, -0.0, -0.0, -0.0, -0.0, -0.0, -0.0, -0.0, -0.0, -0.0, -0.0, -0.0, -0.0, -0.0, -0.0, -0.0, -0.0, -0.0, -0.0, -0.0, -0.0, -0.0, -0.0, -0.0, -0.0, -0.0, -0.0, -0.0, -0.0, -0.0, -0.0, -0.0, -0.0, -0.0, -0.0, -0.0, -0.0, -0.0, -0.0, -0.0, -0.0, -0.0, -0.0, -0.0, -0.0, -0.0, -0.0, -0.0, -0.0, -0.0, -0.0, -0.0, -0.0, -0.0, -0.0, -0.0, -0.0, -0.0, -0.0, -0.0, -0.0, -0.0, -0.0, -0.0, -0.0, -0.0, -0.0, -0.0, -0.0, -0.0, -0.0, -0.0, -0.0, -0.0, -0.0, -0.0, -0.0, -0.0, -0.0, -0.0, -0.0, -0.0, -0.0, -0.0, -0.0, -0.0, -0.0, -0.0, -0.0, -0.0, -0.0, -0.0, -0.0, -0.0, -0.0, -0.0, -0.0, -0.0, -0.0, -0.0, -0.0, -0.0, -0.0, -0.0, -0.0, -0.0, -0.0, -0.0, -0.0, -0.0, -0.0, -0.0, -0.0, -0.0, -0.0, -0.0, -0.0, -0.0, -0.0, -0.0, -0.0, -0.0, -0.0, -0.0, -0.0, -0.0, -0.0, -0.0, -0.0, -0.0, -0.0, -0.0, -0.0, -0.0, -0.0, -0.0, -0.0, -0.0, -0.0, -0.0, -0.0, -0.0, -0.0, -0.0, -0.0, -0.0, 1.0, 1.0, -0.0, -0.0, -0.0, -0.0, -0.0, -0.0, -0.0, -0.0, -0.0, -0.0, -0.0, -0.0, -0.0, -0.0, -0.0, -0.0, 1.0, -0.0, -0.0, -0.0, -0.0, 1.0, 1.0, -0.0, -0.0, -0.0, -0.0, -0.0, 1.0, 1.0, -0.0, -0.0, -0.0, -0.0, -0.0, -0.0, -0.0, -0.0, -0.0, 1.0, -0.0, -0.0, -0.0, -0.0, 1.0, 1.0, -0.0, -0.0, -0.0, -0.0, -0.0, 1.0, 1.0, -0.0, -0.0, -0.0, -0.0, -0.0, -0.0, -0.0, -0.0, -0.0, 1.0, -0.0, -0.0, -0.0, -0.0, 1.0, 1.0, -0.0, -0.0, -0.0, -0.0, -0.0, 1.0, 1.0, -0.0, -0.0, -0.0, -0.0, -0.0, -0.0, -0.0, -0.0, -0.0, 1.0, -0.0, -0.0, -0.0, -0.0, 1.0, 1.0, -0.0, -0.0, -0.0, -0.0, -0.0, 1.0, 1.0, -0.0, -0.0, -0.0, -0.0, -0.0, -0.0, -0.0, -0.0, -0.0, 1.0, -0.0, -0.0, -0.0, -0.0, 1.0, 1.0, -0.0, -0.0, -0.0, -0.0, -0.0, 1.0, 1.0, -0.0, -0.0, -0.0, -0.0, -0.0, -0.0, -0.0, -0.0, -0.0, 1.0, -0.0, -0.0, -0.0, -0.0, 1.0, -0.0, -0.0, -0.0, -0.0, -0.0, -0.0, 1.0, 1.0, -0.0, -0.0, -0.0, -0.0, -0.0, -0.0, -0.0, -0.0, -0.0, 1.0, -0.0, -0.0, -0.0, -0.0, 1.0, -0.0, -0.0, -0.0, -0.0, -0.0, -0.0, 1.0, 1.0, -0.0, -0.0, -0.0, -0.0, -0.0, -0.0, -0.0, -0.0, -0.0, 1.0, -0.0, -0.0, -0.0, -0.0, -0.0, -0.0, -0.0, -0.0, -0.0, -0.0, -0.0, -0.0, 1.0, -0.0, -0.0, -0.0, -0.0, -0.0, -0.0, -0.0, -0.0, -0.0, -0.0, -0.0, -0.0, -0.0, -0.0, -0.0, -0.0, -0.0, -0.0, -0.0, -0.0, -0.0, -0.0, -0.0, -0.0, -0.0, -0.0, -0.0, -0.0, -0.0, -0.0, -0.0, -0.0, -0.0, -0.0, -0.0, -0.0, -0.0, -0.0, -0.0, -0.0, -0.0, -0.0, -0.0, -0.0, -0.0, -0.0, -0.0, -0.0, -0.0, -0.0, -0.0, -0.0, -0.0, -0.0, -0.0, -0.0, -0.0, -0.0, -0.0, -0.0, -0.0, -0.0, -0.0, -0.0, -0.0, -0.0, -0.0, -0.0, -0.0, -0.0, -0.0, -0.0, -0.0, -0.0, -0.0, -0.0, -0.0, -0.0, -0.0, -0.0, -0.0, -0.0, -0.0, -0.0, -0.0, -0.0, -0.0, -0.0, -0.0, -0.0, -0.0, -0.0, -0.0, -0.0, -0.0, -0.0, -0.0, -0.0, -0.0, -0.0, -0.0, -0.0, -0.0, -0.0, -0.0, -0.0, -0.0, -0.0, -0.0, -0.0, -0.0, -0.0, -0.0, -0.0, -0.0, -0.0, -0.0, -0.0, -0.0, -0.0, -0.0, -0.0, -0.0, -0.0, -0.0, -0.0, -0.0, -0.0, -0.0, -0.0, -0.0, -0.0, -0.0, -0.0, -0.0, -0.0, -0.0, -0.0, -0.0, -0.0, -0.0, -0.0, -0.0, -0.0, -0.0, -0.0, -0.0, -0.0, -0.0, -0.0, -0.0, -0.0, -0.0, -0.0, -0.0, -0.0, -0.0, -0.0, -0.0, -0.0, -0.0, -0.0, -0.0, -0.0, -0.0, -0.0, -0.0, -0.0, -0.0, -0.0, -0.0, -0.0, -0.0, -0.0, -0.0, -0.0, -0.0, -0.0, -0.0, -0.0, -0.0, -0.0, -0.0, -0.0, -0.0, -0.0, -0.0, -0.0, -0.0, -0.0, -0.0, -0.0, -0.0, -0.0, -0.0, -0.0, -0.0, -0.0, -0.0, -0.0, -0.0, -0.0, -0.0, -0.0, -0.0, -0.0, -0.0, -0.0, -0.0, -0.0, -0.0, -0.0, -0.0, -0.0, -0.0, -0.0, -0.0, -0.0, -0.0, -0.0, -0.0, -0.0, -0.0, -0.0, -0.0, -0.0, -0.0, -0.0, -0.0, -0.0, -0.0, -0.0, -0.0, -0.0, -0.0, -0.0, -0.0, -0.0, -0.0, -0.0, -0.0, 1.0, -0.0, -0.0, -0.0, -0.0, -0.0, -0.0, -0.0, -0.0, -0.0, -0.0, -0.0, -0.0, -0.0, -0.0, -0.0, -0.0, -0.0, -0.0, -0.0, -0.0, -0.0, -0.0, 1.0, -0.0, -0.0, -0.0, -0.0, -0.0, -0.0, -0.0, -0.0, -0.0, -0.0, -0.0, -0.0, -0.0, -0.0, -0.0, -0.0, -0.0, -0.0, -0.0, -0.0, -0.0, -0.0, 1.0, -0.0, -0.0, -0.0, -0.0, -0.0, -0.0, -0.0, -0.0, -0.0, -0.0, -0.0, -0.0, -0.0, -0.0, -0.0, -0.0, -0.0, -0.0, -0.0, -0.0, -0.0, -0.0, 1.0, -0.0, -0.0, -0.0, -0.0, -0.0, -0.0, -0.0, -0.0, -0.0, -0.0, -0.0, -0.0, -0.0, -0.0, -0.0, -0.0, -0.0, -0.0, -0.0, -0.0, -0.0, -0.0, 1.0, -0.0, -0.0, -0.0, -0.0, -0.0, -0.0, -0.0, -0.0, -0.0, -0.0, -0.0, -0.0, -0.0, -0.0, -0.0, -0.0, -0.0, -0.0, -0.0, -0.0, -0.0, -0.0, 1.0, -0.0, -0.0, -0.0, -0.0, -0.0, -0.0, -0.0, -0.0, -0.0, -0.0, -0.0, -0.0, -0.0, -0.0, -0.0, -0.0, -0.0, -0.0, -0.0, -0.0, -0.0, -0.0]"
modeled_indices,[39; 24; 48; 30; 35; 47; 44; 23; 26; 25; 33; 27; 28; 31; 34; 51; 17; 21; 18; 36; 9; 46; 8;;]
q_heater_t,"[0.0, 0.0, 0.0, 0.0, 0.0, 0.0, 0.0, 0.0, 0.0, 0.0, 0.0, 0.0, 0.0, 0.0, 0.0, 0.0, 0.0, 0.0, 0.0, 0.0, 0.0, 0.0, 0.0, 0.0, 0.0, 0.0, 0.0, 0.0, 0.0, 0.0, 0.0, 0.0, 0.0, 0.0, 0.0, 0.0, 0.0, 0.0, 0.0, 0.0, 0.0, 0.0, 0.0, 0.0, 0.0, 0.0, 0.0, 0.0, 0.0, 0.0, 0.0, 0.0, 0.0, 0.0, 0.0, 0.0, 0.0, 0.0, 0.0, 0.0, 0.0, 0.0, 0.0, 0.0, 0.0, 0.0, 0.0, 0.0, 0.0, 0.0, 0.0, 0.0, 0.0, 0.0, 0.0, 0.0, 0.0, 0.0, 0.0, 0.0, 0.0, 0.0, 0.0, 0.0, 0.0, 0.0, 0.0, 0.0, 0.0, 0.0, 0.0, 0.0, 0.0, 0.0, 0.0, 0.0, 0.0, 0.0, 0.0, 0.0, 0.0, 0.0, 0.0, 0.0, 0.0, 0.0, 0.0, 0.0, 0.0, 0.0, 0.0, 0.0, 0.0, 0.0, 0.0, 0.0, 0.0, 0.0, 0.0, 0.0, 0.0, 0.0, 0.0, 0.0, 0.0, 0.0, 0.0, 0.0, 0.0, 0.0, 0.0, 0.0, 0.0, 0.0, 0.0, 0.0, 0.0, 0.0, 0.0, 0.0, 0.0, 0.0, 0.0, 0.0, 0.0, 0.0, 0.0, 0.0, 0.0, 0.0, 0.0, 0.0, 0.0, 0.0, 0.0, 0.0, 0.0, 0.0, 0.0, 0.0, 0.0, 0.0, 0.0, 0.0, 0.0, 0.0, 0.0, 0.0, 0.0, 0.0, 0.0, 0.0, 0.0, 0.0, 0.0, 0.0, 0.0, 0.0, 0.0, 0.0, 0.0, 0.0, 0.0, 0.0, 0.0, 0.0, 0.0, 0.0, 0.0, 0.0, 0.0, 0.0, 0.0, 0.0, 0.0, 0.0, 0.0, 0.0, 0.0, 0.0, 0.0, 0.0, 0.0, 0.0, 0.0, 0.0, 0.0, 0.0, 0.0, 0.0, 0.0, 0.0, 0.0, 0.0, 0.0, 0.0, 0.0, 0.0, 0.0, 0.0, 0.0, 0.0, 0.0, 0.0, 0.0, 0.0, 0.0, 0.0, 0.0, 0.0, 0.0, 0.0, 0.0, 0.0, 0.0, 0.0, 0.0, 0.0, 0.0, 0.0, 0.0, 0.0, 0.0, 0.0, 0.0, 0.0, 0.0, 0.0, 0.0, 0.0, 0.0, 0.0, 0.0, 0.0, 0.0, 0.0, 0.0, 0.0, 0.0, 0.0, 0.0, 0.0, 0.0, 0.0, 0.0, 0.0, 0.0, 0.0, 0.0, 0.0, 0.0, 0.0, 0.0, 0.0, 0.0, 0.0, 0.0, 0.0, 0.0, 0.0, 0.0, 0.0, 0.0, 0.0, 0.0, 0.0, 0.0, 0.0, 0.0, 0.0, 0.0, 0.0, 0.0, 0.0, 0.0, 0.0, 0.0, 0.0, 0.0, 0.0, 0.0, 0.0, 0.0, 0.0, 0.0, 0.0, 0.0, 0.0, 0.0, 0.0, 0.0, 0.0, 0.0, 0.0, 0.0, 0.0, 0.0, 0.0, 0.0, 0.0, 0.0, 0.0, 0.0, 0.0, 0.0, 0.0, 0.0, 0.0, 0.0, 0.0, 0.0, 0.0, 0.0, 0.0, 0.0, 0.0, 0.0, 0.0, 0.0, 0.0, 0.0, 0.0, 0.0, 0.0, 0.0, 0.0, 0.0, 0.0, 0.0, 0.0, 0.0, 0.0, 0.0, 0.0, 0.0, 0.0, 0.0, 0.0, 0.0, 0.0, 0.0, 0.0, 0.0, 0.0, 0.0, 0.0, 0.0, 0.0, 0.0, 0.0, 0.0, 0.0, 0.0, 0.0, 0.0, 0.0, 0.0, 0.0, 0.0, 0.0, 0.0, 0.0, 0.0, 0.0, 0.0, 0.0, 0.0, 0.0, 0.0, 0.0, 0.0, 0.0, 0.0, 0.0, 0.0, 0.0, 0.0, 0.0, 0.0, 0.0, 0.0, 0.0, 0.0, 0.0, 0.0, 0.0, 0.0, 0.0, 0.0, 0.0, 0.0, 0.0, 0.0, 0.0, 0.0, 0.0, 0.0, 0.0, 0.0, 0.0, 0.0, 0.0, 0.0, 0.0, 0.0, 0.0, 0.0, 0.0, 0.0, 0.0, 0.0, 0.0, 0.0, 0.0, 0.0, 0.0, 0.0, 0.0, 0.0, 0.0, 0.0, 0.0, 0.0, 0.0, 0.0, 0.0, 0.0, 0.0, 0.0, 0.0, 0.0, 0.0, 0.0, 0.0, 0.0, 0.0, 0.0, 0.0, 0.0, 0.0, 0.0, 0.0, 0.0, 0.0, 0.0, 0.0, 0.0, 0.0, 0.0, 0.0, 0.0, 0.0, 0.0, 0.0, 0.0, 0.0, 0.0, 0.0, 0.0, 0.0, 0.0, 0.0, 0.0, 0.0, 0.0, 0.0, 0.0, 0.0, 0.0, 0.0, 0.0, 0.0, 0.0, 0.0, 0.0, 0.0, 0.0, 0.0, 0.0, 0.0, 0.0, 0.0, 0.0, 0.0, 0.0, 0.0, 0.0, 0.0, 0.0, 0.0, 0.0, 0.0, 0.0, 0.0, 0.0, 0.0, 0.0, 0.0, 0.0, 0.0, 0.0, 0.0, 0.0, 0.0, 0.0, 0.0, 0.0, 0.0, 0.0, 0.0, 0.0, 0.0, 0.0, 0.0, 0.0, 0.0, 0.0, 0.0, 0.0, 0.0, 0.0, 0.0, 0.0, 0.0, 0.0, 0.0, 0.0, 0.0, 0.0, 0.0, 0.0, 0.0, 0.0, 0.0, 0.0, 0.0, 0.0, 0.0, 0.0, 0.0, 0.0, 0.0, 0.0, 0.0, 0.0, 0.0, 0.0, 0.0, 0.0, 0.0, 0.0, 0.0, 0.0, 0.0, 0.0, 0.0, 0.0, 0.0, 0.0, 0.0, 0.0, 0.0, 0.0, 0.0, 0.0, 0.0, 0.0, 0.0, 0.0, 0.0, 0.0, 0.0, 0.0, 0.0, 0.0, 0.0, 0.0, 0.0, 0.0, 0.0, 0.0, 0.0, 0.0, 0.0, 0.0, 0.0, 0.0, 0.0, 0.0, 0.0, 0.0, 0.0, 0.0, 0.0, 0.0, 0.0, 0.0, 0.0, 0.0, 0.0, 0.0, 0.0, 0.0, 0.0, 0.0, 0.0, 0.0, 0.0, 0.0, 0.0, 0.0, 0.0, 0.0, 0.0, 0.0, 0.0, 0.0, 0.0, 0.0, 0.0, 0.0, 0.0, 0.0, 0.0, 0.0, 0.0, 0.0, 0.0, 0.0, 0.0, 0.0, 0.0, 0.0, 0.0, 0.0, 0.0, 0.0, 0.0, 0.0, 0.0, 0.0, 0.0, 0.0, 0.0, 0.0, 0.0, 0.0, 0.0, 0.0, 0.0, 0.0, 0.0, 0.0, 0.0, 0.0, 0.0, 0.0, 0.0, 0.0, 0.0, 0.0, 0.0, 0.0, 0.0, 0.0, 0.0, 0.0, 0.0, 0.0, 0.0, 0.0, 0.0, 0.0, 0.0, 0.0, 0.0, 0.0, 0.0, 0.0, 0.0, 0.0, 0.0, 0.0, 0.0, 0.0, 0.0, 0.0, 0.0, 0.0, 0.0, 0.0, 0.0, 0.0, 0.0, 0.0, 0.0, 0.0, 0.0, 0.0, 0.0, 0.0, 0.0, 0.0, 0.0, 0.0, 0.0, 0.0, 0.0, 0.0, 0.0, 0.0, 0.0, 0.0, 0.0, 0.0, 0.0, 0.0, 0.0, 0.0, 0.0, 0.0, 0.0, 0.0, 0.0, 0.0, 0.0, 0.0, 0.0, 0.0, 0.0, 0.0, 0.0, 0.0, 0.0, 0.0, 0.0, 0.0, 0.0, 0.0, 0.0, 0.0, 0.0, 0.0, 0.0, 0.0, 0.0, 0.0, 0.0, 0.0, 0.0, 0.0, 0.0, 0.0, 0.0, 0.0, 0.0, 0.0, 0.0, 0.0, 0.0, 0.0, 0.0, 0.0, 0.0, 0.0, 0.0, 0.0, 0.0, 0.0, 0.0, 0.0, 0.0, 0.0, 0.0, 0.0, 0.0, 0.0, 0.0, 0.0, 0.0, 0.0, 0.0, 0.0, 0.0, 0.0, 0.0, 0.0, 0.0, 0.0, 0.0, 0.0, 0.0, 0.0, 0.0, 0.0, 0.0, 0.0, 0.0, 0.0, 0.0, 0.0, 0.0, 0.0, 0.0, 0.0, 0.0, 0.0, 0.0, 0.0, 0.0, 0.0, 0.0, 0.0, 0.0, 0.0, 0.0, 0.0, 0.0, 0.0, 0.0, 0.0, 0.0, 0.0, 0.0, 0.0, 0.0, 0.0, 0.0, 0.0, 0.0, 0.0, 0.0, 0.0, 0.0, 0.0, 0.0, 0.0, 0.0, 0.0, 0.0, 0.0, 0.0, 0.0, 0.0, 0.0, 0.0, 0.0, 0.0, 0.0, 0.0, 0.0, 0.0, 0.0, 0.0, 0.0, 0.0, 0.0, 0.0, 0.0, 0.0, 0.0, 0.0, 0.0, 0.0, 0.0, 0.0, 0.0, 0.0, 0.0, 0.0, 0.0, 0.0, 0.0, 0.0, 0.0, 0.0, 0.0, 0.0, 0.0, 0.0, 0.0, 0.0, 0.0, 0.0, 0.0, 0.0, 0.0, 0.0, 0.0, 0.0, 0.0, 0.0, 0.0, 0.0, 0.0, 0.0, 0.0, 0.0, 0.0, 0.0, 0.0, 0.0, 0.0, 0.0, 0.0, 0.0, 0.0, 0.0, 0.0, 0.0, 0.0, 0.0, 0.0, 0.0, 0.0, 0.0, 0.0, 0.0, 0.0, 0.0, 0.0, 0.0, 0.0, 0.0, 0.0, 0.0, 0.0, 0.0, 0.0, 0.0, 0.0, 0.0, 0.0, 0.0, 0.0, 0.0, 0.0, 0.0, 0.0, 0.0, 0.0, 0.0, 0.0, 0.0, 0.0, 0.0, 0.0, 0.0, 0.0, 0.0, 0.0, 0.0, 0.0, 0.0, 0.0, 0.0, 0.0, 0.0, 0.0, 0.0, 0.0, 0.0, 0.0, 0.0, 0.0, 0.0, 0.0, 0.0, 0.0, 0.0, 0.0, 0.0, 0.0, 0.0, 0.0, 0.0, 0.0, 0.0, 0.0, 0.0, 0.0, 0.0, 0.0, 0.0, 0.0, 0.0, 0.0, 0.0, 0.0, 0.0, 0.0, 0.0, 0.0, 0.0, 0.0, 0.0, 0.0, 0.0, 0.0, 0.0, 0.0, 0.0, 0.0, 0.0, 0.0, 0.0, 0.0, 0.0, 0.0, 0.0, 0.0, 0.0, 0.0, 0.0, 0.0, 0.0, 0.0, 0.0, 0.0, 0.0, 0.0, 0.0, 0.0, 0.0, 0.0, 0.0, 0.0, 0.0, 0.0, 0.0, 0.0, 0.0, 0.0, 0.0, 0.0, 0.0, 0.0, 0.0, 0.0, 0.0, 0.0, 0.0, 0.0, 0.0, 0.0, 0.0, 0.0, 0.0, 0.0, 0.0, 0.0, 0.0, 0.0, 0.0, 0.0, 0.0, 0.0, 0.0, 0.0, 0.0, 0.0, 0.0, 0.0, 0.0, 0.0, 0.0, 0.0, 0.0, 0.0, 0.0, 0.0, 0.0, 0.0, 0.0, 0.0, 0.0, 0.0, 0.0, 0.0, 0.0, 0.0, 0.0, 0.0, 0.0, 0.0, 0.0, 0.0, 0.0, 0.0, 0.0, 0.0, 0.0, 0.0, 0.0, 0.0, 0.0, 0.0, 0.0, 0.0, 0.0, 0.0, 0.0, 0.0, 0.0, 0.0, 0.0, 0.0, 0.0, 0.0, 0.0, 0.0, 0.0, 0.0, 0.0, 0.0, 0.0, 0.0, 0.0, 0.0, 0.0, 0.0, 0.0, 0.0, 0.0, 0.0, 0.0, 0.0, 0.0, 0.0, 0.0, 0.0, 0.0, 0.0, 0.0, 0.0, 0.0, 0.0, 0.0, 0.0, 0.0, 0.0, 0.0, 0.0, 0.0, 0.0, 0.0, 0.0, 0.0, 0.0, 0.0, 0.0, 0.0, 0.0, 0.0, 0.0, 0.0, 0.0, 0.0, 0.0, 0.0, 0.0, 0.0, 0.0, 0.0, 0.0, 0.0, 0.0, 0.0, 0.0, 0.0, 0.0, 0.0, 0.0, 0.0, 0.0, 0.0, 0.0, 0.0, 0.0, 0.0, 0.0, 0.0, 0.0, 0.0, 0.0, 0.0, 0.0, 0.0, 0.0, 0.0, 0.0, 0.0, 0.0, 0.0, 0.0, 0.0, 0.0, 0.0, 0.0, 0.0, 0.0, 0.0, 0.0, 0.0, 0.0, 0.0, 0.0, 0.0, 0.0, 0.0, 0.0, 0.0, 0.0, 0.0, 0.0, 0.0, 0.0, 0.0, 0.0, 0.0, 0.0, 0.0, 0.0, 0.0, 0.0, 0.0, 0.0, 0.0, 0.0, 0.0, 0.0, 0.0, 0.0, 0.0, 0.0, 0.0, 0.0, 0.0, 0.0, 0.0, 0.0, 0.0, 0.0, 0.0, 0.0, 0.0, 0.0, 0.0, 0.0, 0.0, 0.0, 0.0, 0.0, 0.0, 0.0, 0.0, 0.0, 0.0, 0.0, 0.0, 0.0, 0.0, 0.0, 0.0, 0.0, 0.0, 0.0, 0.0, 0.0, 0.0, 0.0, 0.0, 0.0, 0.0, 0.0, 0.0, 0.0, 0.0, 0.0, 0.0, 0.0, 0.0, 0.0, 0.0, 0.0, 0.0, 0.0, 0.0, 0.0, 0.0, 0.0, 0.0, 0.0, 0.0, 0.0, 0.0, 0.0, 0.0, 0.0, 0.0, 0.0, 0.0, 0.0, 0.0, 0.0, 0.0, 0.0, 0.0, 0.0, 0.0, 0.0, 0.0, 0.0, 0.0, 0.0, 0.0, 0.0, 0.0, 0.0, 0.0, 0.0, 0.0, 0.0, 0.0, 0.0, 0.0, 0.0, 0.0, 0.0, 0.0, 0.0, 0.0, 0.0, 0.0, 0.0, 0.0, 0.0, 0.0, 0.0, 0.0, 0.0, 0.0, 0.0, 0.0, 0.0, 0.0, 0.0, 0.0, 0.0, 0.0, 0.0, 0.0, 0.0, 0.0, 0.0, 0.0, 0.0, 0.0, 0.0, 0.0, 0.0, 0.0, 0.0, 0.0, 0.0, 0.0, 0.0, 0.0, 0.0, 0.0, 0.0, 0.0, 0.0, 0.0, 0.0, 0.0, 0.0, 0.0, 0.0, 0.0, 0.0, 0.0, 0.0, 0.0, 0.0, 0.0, 0.0, 0.0, 0.0, 0.0, 0.0, 0.0, 0.0, 0.0, 0.0, 0.0, 0.0, 0.0, 0.0, 0.0, 0.0, 0.0, 0.0, 0.0, 0.0, 0.0, 0.0, 0.0, 0.0, 0.0, 0.0, 0.0, 0.0, 0.0, 0.0, 0.0, 0.0, 0.0, 0.0, 0.0, 0.0, 0.0, 0.0, 0.0, 0.0, 0.0, 0.0, 0.0, 0.0, 0.0, 0.0, 0.0, 0.0, 0.0, 0.0, 0.0, 0.0, 0.0, 0.0, 0.0, 0.0, 0.0, 0.0, 0.0, 0.0, 0.0, 0.0, 0.0, 0.0, 0.0, 0.0, 0.0, 0.0, 0.0, 0.0, 0.0, 0.0, 0.0, 0.0, 0.0, 0.0, 0.0, 0.0, 0.0, 0.0, 0.0, 0.0, 0.0, 0.0, 0.0, 0.0, 0.0, 0.0, 0.0, 0.0, 0.0, 0.0, 0.0, 0.0, 0.0, 0.0, 0.0, 0.0, 0.0, 0.0, 0.0, 0.0, 0.0, 0.0, 0.0, 0.0, 0.0, 0.0, 0.0, 0.0, 0.0, 0.0, 0.0, 0.0, 0.0, 0.0, 0.0, 0.0, 0.0, 0.0, 0.0, 0.0, 0.0, 0.0, 0.0, 0.0, 0.0, 0.0, 0.0, 0.0, 0.0, 0.0, 0.0, 0.0, 0.0, 0.0, 0.0, 0.0, 0.0, 0.0, 0.0, 0.0, 0.0, 0.0, 0.0, 0.0, 0.0, 0.0, 0.0, 0.0, 0.0, 0.0, 0.0, 0.0, 0.0, 0.0, 0.0, 0.0, 0.0, 0.0, 0.0, 0.0, 0.0, 0.0, 0.0, 0.0, 0.0, 0.0, 0.0, 0.0, 0.0, 0.0, 0.0, 0.0, 0.0, 0.0, 0.0, 0.0, 0.0, 0.0, 0.0, 0.0, 0.0, 0.0, 0.0, 0.0, 0.0, 0.0, 0.0, 0.0, 0.0, 0.0, 0.0, 0.0, 0.0, 0.0, 0.0, 0.0, 0.0, 0.0, 0.0, 0.0, 0.0, 0.0, 0.0, 0.0, 0.0, 0.0, 0.0, 0.0, 0.0, 0.0, 0.0, 0.0, 0.0, 0.0, 0.0, 0.0, 0.0, 0.0, 0.0, 0.0, 0.0, 0.0, 0.0, 0.0, 0.0, 0.0, 0.0, 0.0, 0.0, 0.0, 0.0, 0.0, 0.0, 0.0, 0.0, 0.0, 0.0, 0.0, 0.0, 0.0, 0.0, 0.0, 0.0, 0.0, 0.0, 0.0, 0.0, 0.0, 0.0, 0.0, 0.0, 0.0, 0.0, 0.0, 0.0, 0.0, 0.0, 0.0, 0.0, 0.0, 0.0, 0.0, 0.0, 0.0, 0.0, 0.0, 0.0, 0.0, 0.0, 0.0, 0.0, 0.0, 0.0, 0.0, 0.0, 0.0, 0.0, 0.0, 0.0, 0.0, 0.0, 0.0, 0.0, 0.0, 0.0, 0.0, 0.0, 0.0, 0.0, 0.0, 0.0, 0.0, 0.0, 0.0, 0.0, 0.0, 0.0, 0.0, 0.0, 0.0, 0.0, 0.0, 0.0, 0.0, 0.0, 0.0, 0.0, 0.0, 0.0, 0.0, 0.0, 0.0, 0.0, 0.0, 0.0, 0.0, 0.0, 0.0, 0.0, 0.0, 0.0, 0.0, 0.0, 0.0, 0.0, 0.0, 0.0, 0.0, 0.0, 0.0, 0.0, 0.0, 0.0, 0.0, 0.0, 0.0, 0.0, 0.0, 0.0, 0.0, 0.0, 0.0, 0.0, 0.0, 0.0, 0.0, 0.0, 0.0, 0.0, 0.0, 0.0, 0.0, 0.0, 0.0, 0.0, 0.0, 0.0, 0.0, 0.0, 0.0, 0.0, 0.0, 0.0, 0.0, 0.0, 0.0, 0.0, 0.0, 0.0, 0.0, 0.0, 0.0, 0.0, 0.0, 0.0, 0.0, 0.0, 0.0, 0.0, 0.0, 0.0, 0.0, 0.0, 0.0, 0.0, 0.0, 0.0, 0.0, 0.0, 0.0, 0.0, 0.0, 0.0, 0.0, 0.0, 0.0, 0.0, 0.0, 0.0, 0.0, 0.0, 0.0, 0.0, 0.0, 0.0, 0.0, 0.0, 0.0, 0.0, 0.0, 0.0, 0.0, 0.0, 0.0, 0.0, 0.0, 0.0, 0.0, 0.0, 0.0, 0.0, 0.0, 0.0, 0.0, 0.0, 0.0, 0.0, 0.0, 0.0, 0.0, 0.0, 0.0, 0.0, 0.0, 0.0, 0.0, 0.0, 0.0, 0.0, 0.0, 0.0, 0.0, 0.0, 0.0, 0.0, 0.0, 0.0, 0.0, 0.0, 0.0, 0.0, 0.0, 0.0, 0.0, 0.0, 0.0, 0.0, 0.0, 0.0, 0.0, 0.0, 0.0, 0.0, 0.0, 0.0, 0.0, 0.0, 0.0, 0.0, 0.0, 0.0, 0.0, 0.0, 0.0, 0.0, 0.0, 0.0, 0.0, 0.0, 0.0, 0.0, 0.0, 0.0, 0.0, 0.0, 0.0, 0.0, 0.0, 0.0, 0.0, 0.0, 0.0, 0.0, 0.0, 0.0, 0.0, 0.0, 0.0, 0.0, 0.0, 0.0, 0.0, 0.0, 0.0, 0.0, 0.0, 0.0, 0.0, 0.0, 0.0, 0.0, 0.0, 0.0, 0.0, 0.0, 0.0, 0.0, 0.0, 0.0, 0.0, 0.0, 0.0, 0.0, 0.0, 0.0, 0.0, 0.0, 0.0, 0.0, 0.0, 0.0, 0.0, 0.0, 0.0, 0.0, 0.0, 0.0, 0.0, 0.0, 0.0, 0.0, 0.0, 0.0, 0.0, 0.0, 0.0, 0.0, 0.0, 0.0, 0.0, 0.0, 0.0, 0.0, 0.0, 0.0, 0.0, 0.0, 0.0, 0.0, 0.0, 0.0, 0.0, 0.0, 0.0, 0.0, 0.0, 0.0, 0.0, 0.0, 0.0, 0.0, 0.0, 0.0, 0.0, 0.0, 0.0, 0.0, 0.0, 0.0, 0.0, 0.0, 0.0, 0.0, 0.0, 0.0, 0.0, 0.0, 0.0, 0.0, 0.0, 0.0, 0.0, 0.0, 0.0, 0.0, 0.0, 0.0, 0.0, 0.0, 0.0, 0.0, 0.0, 0.0, 0.0, 0.0, 0.0, 0.0, 0.0, 0.0, 0.0, 0.0, 0.0, 0.0, 0.0, 0.0, 0.0, 0.0, 0.0, 0.0, 0.0, 0.0, 0.0, 0.0, 0.0, 0.0, 0.0, 0.0, 0.0, 0.0, 0.0, 0.0, 0.0, 0.0, 0.0, 0.0, 0.0, 0.0, 0.0, 0.0, 0.0, 0.0, 0.0, 0.0, 0.0, 0.0, 0.0, 0.0, 0.0, 0.0, 0.0, 0.0, 0.0, 0.0, 0.0, 0.0, 0.0, 0.0, 0.0, 0.0, 0.0, 0.0, 0.0, 0.0, 0.0, 0.0, 0.0, 0.0, 0.0, 0.0, 0.0, 0.0, 0.0, 0.0, 0.0, 0.0, 0.0, 0.0, 0.0, 0.0, 0.0, 0.0, 0.0, 0.0, 0.0, 0.0, 0.0, 0.0, 0.0, 0.0, 0.0, 0.0, 0.0, 0.0, 0.0, 0.0, 0.0, 0.0, 0.0, 0.0, 0.0, 0.0, 0.0, 0.0, 0.0, 0.0, 0.0, 0.0, 0.0, 0.0, 0.0, 0.0, 0.0, 0.0, 0.0, 0.0, 0.0, 0.0, 0.0, 0.0, 0.0, 0.0, 0.0, 0.0, 0.0, 0.0, 0.0, 0.0, 0.0, 0.0, 0.0, 0.0, 0.0, 0.0, 0.0, 0.0, 0.0, 0.0, 0.0, 0.0, 0.0, 0.0, 0.0, 0.0, 0.0, 0.0, 0.0, 0.0, 0.0, 0.0, 0.0, 0.0, 0.0, 0.0, 0.0, 0.0, 0.0, 0.0, 0.0, 0.0, 0.0, 0.0, 0.0, 0.0, 0.0, 0.0, 0.0, 0.0, 0.0, 0.0, 0.0, 0.0, 0.0, 0.0, 0.0, 0.0, 0.0, 0.0, 0.0, 0.0, 0.0, 0.0, 0.0, 0.0, 0.0, 0.0, 0.0, 0.0, 0.0, 0.0, 0.0, 0.0, 0.0, 0.0, 0.0, 0.0, 0.0, 0.0, 0.0, 0.0, 0.0, 0.0, 0.0, 0.0, 0.0, 0.0, 0.0, 0.0, 0.0, 0.0, 0.0, 0.0, 0.0, 0.0, 0.0, 0.0, 0.0, 0.0, 0.0, 0.0, 0.0, 0.0, 0.0, 0.0, 0.0, 0.0, 0.0, 0.0, 0.0, 0.0, 0.0, 0.0, 0.0, 0.0, 0.0, 0.0, 0.0, 0.0, 0.0, 0.0, 0.0, 0.0, 0.0, 0.0, 0.0, 0.0, 0.0, 0.0, 0.0, 0.0, 0.0, 0.0, 0.0, 0.0, 0.0, 0.0, 0.0, 0.0, 0.0, 0.0, 0.0, 0.0, 0.0, 0.0, 0.0, 0.0, 0.0, 0.0, 0.0, 0.0, 0.0, 0.0, 0.0, 0.0, 0.0, 0.0, 0.0, 0.0, 0.0, 0.0, 0.0, 0.0, 0.0, 0.0, 0.0, 0.0, 0.0, 0.0, 0.0, 0.0, 0.0, 0.0, 0.0, 0.0, 0.0, 0.0, 0.0, 0.0, 0.0, 0.0, 0.0, 0.0, 0.0, 0.0, 0.0, 0.0, 0.0, 0.0, 0.0, 0.0, 0.0, 0.0, 0.0, 0.0, 0.0, 0.0, 0.0, 0.0, 0.0, 0.0, 0.0, 0.0, 0.0, 0.0, 0.0, 0.0, 0.0, 0.0, 0.0, 0.0, 0.0, 0.0, 0.0, 0.0, 0.0, 0.0, 0.0, 0.0, 0.0, 0.0, 0.0, 0.0, 0.0, 0.0, 0.0, 0.0, 0.0, 0.0, 0.0, 0.0, 0.0, 0.0, 0.0, 0.0, 0.0, 0.0, 0.0, 0.0, 0.0, 0.0, 0.0, 0.0, 0.0, 0.0, 0.0, 0.0, 0.0, 0.0, 0.0, 0.0, 0.0, 0.0, 0.0, 0.0, 0.0, 0.0, 0.0, 0.0, 0.0, 0.0, 0.0, 0.0, 0.0, 0.0, 0.0, 0.0, 0.0, 0.0, 0.0, 0.0, 0.0, 0.0, 0.0, 0.0, 0.0, 0.0, 0.0, 0.0, 0.0, 0.0, 0.0, 0.0, 0.0, 0.0, 0.0, 0.0, 0.0, 0.0, 0.0, 0.0, 0.0, 0.0, 0.0, 0.0, 0.0, 0.0, 0.0, 0.0, 0.0, 0.0, 0.0, 0.0, 0.0, 0.0, 0.0, 0.0, 0.0, 0.0, 0.0, 0.0, 0.0, 0.0, 0.0, 0.0, 0.0, 0.0, 0.0, 0.0, 0.0, 0.0, 0.0, 0.0, 0.0, 0.0, 0.0, 0.0, 0.0, 0.0, 0.0, 0.0, 0.0, 0.0, 0.0, 0.0, 0.0, 0.0, 0.0, 0.0, 0.0, 0.0, 0.0, 0.0, 0.0, 0.0, 0.0, 0.0, 0.0, 0.0, 0.0, 0.0, 0.0, 0.0, 0.0, 0.0, 0.0, 0.0, 0.0, 0.0, 0.0, 0.0, 0.0, 0.0, 0.0, 0.0, 0.0, 0.0, 0.0, 0.0, 0.0, 0.0, 0.0, 0.0, 0.0, 0.0, 0.0, 0.0, 0.0, 0.0, 0.0, 0.0, 0.0, 0.0, 0.0, 0.0, 0.0, 0.0, 0.0, 0.0, 0.0, 0.0, 0.0, 0.0, 0.0, 0.0, 0.0, 0.0, 0.0, 0.0, 0.0, 0.0, 0.0, 0.0, 0.0, 0.0, 0.0, 0.0, 0.0, 0.0, 0.0, 0.0, 0.0, 0.0, 0.0, 0.0, 0.0, 0.0, 0.0, 0.0, 0.0, 0.0, 0.0, 0.0, 0.0, 0.0, 0.0, 0.0, 0.0, 0.0, 0.0, 0.0, 0.0, 0.0, 0.0, 0.0, 0.0, 0.0, 0.0, 0.0, 0.0, 0.0, 0.0, 0.0, 0.0, 0.0, 0.0, 0.0, 0.0, 0.0, 0.0, 0.0, 0.0, 0.0, 0.0, 0.0, 0.0, 0.0, 0.0, 0.0, 0.0, 0.0, 0.0, 0.0, 0.0, 0.0, 0.0, 0.0, 0.0, 0.0, 0.0, 0.0, 0.0, 0.0, 0.0, 0.0, 0.0, 0.0, 0.0, 0.0, 0.0, 0.0, 0.0, 0.0, 0.0, 0.0, 0.0, 0.0, 0.0, 0.0, 0.0, 0.0, 0.0, 0.0, 0.0, 0.0, 0.0, 0.0, 0.0, 0.0, 0.0, 0.0, 0.0, 0.0, 0.0, 0.0, 0.0, 0.0, 0.0, 0.0, 0.0, 0.0, 0.0, 0.0, 0.0, 0.0, 0.0, 0.0, 0.0, 0.0, 0.0, 0.0, 0.0, 0.0, 0.0, 0.0, 0.0, 0.0, 0.0, 0.0, 0.0, 0.0, 0.0, 0.0, 0.0, 0.0, 0.0, 0.0, 0.0, 0.0, 0.0, 0.0, 0.0, 0.0, 0.0, 0.0, 0.0, 0.0, 0.0, 0.0, 0.0, 0.0, 0.0, 0.0, 0.0, 0.0, 0.0, 0.0, 0.0, 0.0, 0.0, 0.0, 0.0, 0.0, 0.0, 0.0, 0.0, 0.0, 0.0, 0.0, 0.0, 0.0, 0.0, 0.0, 0.0, 0.0, 0.0, 0.0, 0.0, 0.0, 0.0, 0.0, 0.0, 0.0, 0.0, 0.0, 0.0, 0.0, 0.0, 0.0, 0.0, 0.0, 0.0, 0.0, 0.0, 0.0, 0.0, 0.0, 0.0, 0.0, 0.0, 0.0, 0.0, 0.0, 0.0, 0.0, 0.0, 0.0, 0.0, 0.0, 0.0, 0.0, 0.0, 0.0, 0.0, 0.0, 0.0, 0.0, 0.0, 0.0, 0.0, 0.0, 0.0, 0.0, 0.0, 0.0, 0.0, 0.0, 0.0, 0.0, 0.0, 0.0, 0.0, 0.0, 0.0, 0.0, 0.0, 0.0, 0.0, 0.0, 0.0, 0.0, 0.0, 0.0, 0.0, 0.0, 0.0, 0.0, 0.0, 0.0, 0.0, 0.0, 0.0, 0.0, 0.0, 0.0, 0.0, 0.0, 0.0, 0.0, 0.0, 0.0, 0.0, 0.0, 0.0, 0.0, 0.0, 0.0, 0.0, 0.0, 0.0, 0.0, 0.0, 0.0, 0.0, 0.0, 0.0, 0.0, 0.0, 0.0, 0.0, 0.0, 0.0, 0.0, 0.0, 0.0, 0.0, 0.0, 0.0, 0.0, 0.0, 0.0, 0.0, 0.0, 0.0, 0.0, 0.0, 0.0, 0.0, 0.0, 0.0, 0.0, 0.0, 0.0, 0.0, 0.0, 0.0, 0.0, 0.0, 0.0, 0.0, 0.0, 0.0, 0.0, 0.0, 0.0, 0.0, 0.0, 0.0, 0.0, 0.0, 0.0, 0.0, 0.0, 0.0, 0.0, 0.0, 0.0, 0.0, 0.0, 0.0, 0.0, 0.0, 0.0, 0.0, 0.0, 0.0, 0.0, 0.0, 0.0, 0.0, 0.0, 0.0, 0.0, 0.0, 0.0, 0.0, 0.0, 0.0, 0.0, 0.0, 0.0, 0.0, 0.0, 0.0, 0.0, 0.0, 0.0, 0.0, 0.0, 0.0, 0.0, 0.0, 0.0, 0.0, 0.0, 0.0, 0.0, 0.0, 0.0, 0.0, 0.0, 0.0, 0.0, 0.0, 0.0, 0.0, 0.0, 0.0, 0.0, 0.0, 0.0, 0.0, 0.0, 0.0, 0.0, 0.0, 0.0, 0.0, 0.0, 0.0, 0.0, 0.0, 0.0, 0.0, 0.0, 0.0, 0.0, 0.0, 0.0, 0.0, 0.0, 0.0, 0.0, 0.0, 0.0, 0.0, 0.0, 0.0, 0.0, 0.0, 0.0, 0.0, 0.0, 0.0, 0.0, 0.0, 0.0, 0.0, 0.0, 0.0, 0.0, 0.0, 0.0, 0.0, 0.0, 0.0, 0.0, 0.0, 0.0, 0.0, 0.0, 0.0, 0.0, 0.0, 0.0, 0.0, 0.0, 0.0, 0.0, 0.0, 0.0, 0.0, 0.0, 0.0, 0.0, 0.0, 0.0, 0.0, 0.0, 0.0, 0.0, 0.0, 0.0, 0.0, 0.0, 0.0, 0.0, 0.0, 0.0, 0.0, 0.0, 0.0, 0.0, 0.0, 0.0, 0.0, 0.0, 0.0, 0.0, 0.0, 0.0, 0.0, 0.0, 0.0, 0.0, 0.0, 0.0, 0.0, 0.0, 0.0, 0.0, 0.0, 0.0, 0.0, 0.0, 0.0, 0.0, 0.0, 0.0, 0.0, 0.0, 0.0, 0.0, 0.0, 0.0, 0.0, 0.0, 0.0, 0.0, 0.0, 0.0, 0.0, 0.0, 0.0, 0.0, 0.0, 0.0, 0.0, 0.0, 0.0, 0.0, 0.0, 0.0, 0.0, 0.0, 0.0, 0.0, 0.0, 0.0, 0.0, 0.0, 0.0, 0.0, 0.0, 0.0, 0.0, 0.0, 0.0, 0.0, 0.0, 0.0, 0.0, 0.0, 0.0, 0.0, 0.0, 0.0, 0.0, 0.0, 0.0, 0.0, 0.0, 0.0, 0.0, 0.0, 0.0, 0.0, 0.0, 0.0, 0.0, 0.0, 0.0, 0.0, 0.0, 0.0, 0.0, 0.0, 0.0, 0.0, 0.0, 0.0, 0.0, 0.0, 0.0, 0.0, 0.0, 0.0, 0.0, 0.0, 0.0, 0.0, 0.0, 0.0, 0.0, 0.0, 0.0, 0.0, 0.0, 0.0, 0.0, 0.0, 0.0, 0.0, 0.0, 0.0, 0.0, 0.0, 0.0, 0.0, 0.0, 0.0, 0.0, 0.0, 0.0, 0.0, 0.0, 0.0, 0.0, 0.0, 0.0, 0.0, 0.0, 0.0, 0.0, 0.0, 0.0, 0.0, 0.0, 0.0, 0.0, 0.0, 0.0, 0.0, 0.0, 0.0, 0.0, 0.0, 0.0, 0.0, 0.0, 0.0, 0.0, 0.0, 0.0, 0.0, 0.0, 0.0, 0.0, 0.0, 0.0, 0.0, 0.0, 0.0, 0.0, 0.0, 0.0, 0.0, 0.0, 0.0, 0.0, 0.0, 0.0, 0.0, 0.0, 0.0, 0.0, 0.0, 0.0, 0.0, 0.0, 0.0, 0.0, 0.0, 0.0, 0.0, 0.0, 0.0, 0.0, 0.0, 0.0, 0.0, 0.0, 0.0, 0.0, 0.0, 0.0, 0.0, 0.0, 0.0, 0.0, 0.0, 0.0, 0.0, 0.0, 0.0, 0.0, 0.0, 0.0, 0.0, 0.0, 0.0, 0.0, 0.0, 0.0, 0.0, 0.0, 0.0, 0.0, 0.0, 0.0, 0.0, 0.0, 0.0, 0.0, 0.0, 0.0, 0.0, 0.0, 0.0, 0.0, 0.0, 0.0, 0.0, 0.0, 0.0, 0.0, 0.0, 0.0, 0.0, 0.0, 0.0, 0.0, 0.0, 0.0, 0.0, 0.0, 0.0, 0.0, 0.0, 0.0, 0.0, 0.0, 0.0, 0.0, 0.0, 0.0, 0.0, 0.0, 0.0, 0.0, 0.0, 0.0, 0.0, 0.0, 0.0, 0.0, 0.0, 0.0, 0.0, 0.0, 0.0, 0.0, 0.0, 0.0, 0.0, 0.0, 0.0, 0.0, 0.0, 0.0, 0.0, 0.0, 0.0, 0.0, 0.0, 0.0, 0.0, 0.0, 0.0, 0.0, 0.0, 0.0, 0.0, 0.0, 0.0, 0.0, 0.0, 0.0, 0.0, 0.0, 0.0, 0.0, 0.0, 0.0, 0.0, 0.0, 0.0, 0.0, 0.0, 0.0, 0.0, 0.0, 0.0, 0.0, 0.0, 0.0, 0.0, 0.0, 0.0, 0.0, 0.0, 0.0, 0.0, 0.0, 0.0, 0.0, 0.0, 0.0, 0.0, 0.0, 0.0, 0.0, 0.0, 0.0, 0.0, 0.0, 0.0, 0.0, 0.0, 0.0, 0.0, 0.0, 0.0, 0.0, 0.0, 0.0, 0.0, 0.0, 0.0, 0.0, 0.0, 0.0, 0.0, 0.0, 0.0, 0.0, 0.0, 0.0, 0.0, 0.0, 0.0, 0.0, 0.0, 0.0, 0.0, 0.0, 0.0, 0.0, 0.0, 0.0, 0.0, 0.0, 0.0, 0.0, 0.0, 0.0, 0.0, 0.0, 0.0, 0.0, 0.0, 0.0, 0.0, 0.0, 0.0, 0.0, 0.0, 0.0, 0.0, 0.0, 0.0, 0.0, 0.0, 0.0, 0.0, 0.0, 0.0, 0.0, 0.0, 0.0, 0.0, 0.0, 0.0, 0.0, 0.0, 0.0, 0.0, 0.0, 0.0, 0.0, 0.0, 0.0, 0.0, 0.0, 0.0, 0.0, 0.0, 0.0, 0.0, 0.0, 0.0, 0.0, 0.0, 0.0, 0.0, 0.0, 0.0, 0.0, 0.0, 0.0, 0.0, 0.0, 0.0, 0.0, 0.0, 0.0, 0.0, 0.0, 0.0, 0.0, 0.0, 0.0, 0.0, 0.0, 0.0, 0.0, 0.0, 0.0, 0.0, 0.0, 0.0, 0.0, 0.0, 0.0, 0.0, 0.0, 0.0, 0.0, 0.0, 0.0, 0.0, 0.0, 0.0, 0.0, 0.0, 0.0, 0.0, 0.0, 0.0, 0.0, 0.0, 0.0, 0.0, 0.0, 0.0, 0.0, 0.0, 0.0, 0.0, 0.0, 0.0, 0.0, 0.0, 0.0, 0.0, 0.0, 0.0, 0.0, 0.0, 0.0, 0.0, 0.0, 0.0, 0.0, 0.0, 0.0, 0.0, 0.0, 0.0, 0.0, 0.0, 0.0, 0.0, 0.0, 0.0, 0.0, 0.0, 0.0, 0.0, 0.0, 0.0, 0.0, 0.0, 0.0, 0.0, 0.0, 0.0, 0.0, 0.0, 0.0, 0.0, 0.0, 0.0, 0.0, 0.0, 0.0, 0.0, 0.0, 0.0, 0.0, 0.0, 0.0, 0.0, 0.0, 0.0, 0.0, 0.0, 0.0, 0.0, 0.0, 0.0, 0.0, 0.0, 0.0, 0.0, 0.0, 0.0, 0.0, 0.0, 0.0, 0.0, 0.0, 0.0, 0.0, 0.0, 0.0, 0.0, 0.0, 0.0, 0.0, 0.0, 0.0, 0.0, 0.0, 0.0, 0.0, 0.0, 0.0, 0.0, 0.0, 0.0, 0.0, 0.0, 0.0, 0.0, 0.0, 0.0, 0.0, 0.0, 0.0, 0.0, 0.0, 0.0, 0.0, 0.0, 0.0, 0.0, 0.0, 0.0, 0.0, 0.0, 0.0, 0.0, 0.0, 0.0, 0.0, 0.0, 0.0, 0.0, 0.0, 0.0, 0.0, 0.0, 0.0, 0.0, 0.0, 0.0, 0.0, 0.0, 0.0, 0.0, 0.0, 0.0, 0.0, 0.0, 0.0, 0.0, 0.0, 0.0, 0.0, 0.0, 0.0, 0.0, 0.0, 0.0, 0.0, 0.0, 0.0, 0.0, 0.0, 0.0, 0.0, 0.0, 0.0, 0.0, 0.0, 0.0, 0.0, 0.0, 0.0, 0.0, 0.0, 0.0, 0.0, 0.0, 0.0, 0.0, 0.0, 0.0, 0.0, 0.0, 0.0, 0.0, 0.0, 0.0, 0.0, 0.0, 0.0, 0.0, 0.0, 0.0, 0.0, 0.0, 0.0, 0.0, 0.0, 0.0, 0.0, 0.0, 0.0, 0.0, 0.0, 0.0, 0.0, 0.0, 0.0, 0.0, 0.0, 0.0, 0.0, 0.0, 0.0, 0.0, 0.0, 0.0, 0.0, 0.0, 0.0, 0.0, 0.0, 0.0, 0.0, 0.0, 0.0, 0.0, 0.0, 0.0, 0.0, 0.0, 0.0, 0.0, 0.0, 0.0, 0.0, 0.0, 0.0, 0.0, 0.0, 0.0, 0.0, 0.0, 0.0, 0.0, 0.0, 0.0, 0.0, 0.0, 0.0, 0.0, 0.0, 0.0, 0.0, 0.0, 0.0, 0.0, 0.0, 0.0, 0.0, 0.0, 0.0, 0.0, 0.0, 0.0, 0.0, 0.0, 0.0, 0.0, 0.0, 0.0, 0.0, 0.0, 0.0, 0.0, 0.0, 0.0, 0.0, 0.0, 0.0, 0.0, 0.0, 0.0, 0.0, 0.0, 0.0, 0.0, 0.0, 0.0, 0.0, 0.0, 0.0, 0.0, 0.0, 0.0, 0.0, 0.0, 0.0, 0.0, 0.0, 0.0, 0.0, 0.0, 0.0, 0.0, 0.0, 0.0, 0.0, 0.0, 0.0, 0.0, 0.0, 0.0, 0.0, 0.0, 0.0, 0.0, 0.0, 0.0, 0.0, 0.0, 0.0, 0.0, 0.0, 0.0, 0.0, 0.0, 0.0, 0.0, 0.0, 0.0, 0.0, 0.0, 0.0, 0.0, 0.0, 0.0, 0.0, 0.0, 0.0, 0.0, 0.0, 0.0, 0.0, 0.0, 0.0, 0.0, 0.0, 0.0, 0.0, 0.0, 0.0, 0.0, 0.0, 0.0, 0.0, 0.0, 0.0, 0.0, 0.0, 0.0, 0.0, 0.0, 0.0, 0.0, 0.0, 0.0, 0.0, 0.0, 0.0, 0.0, 0.0, 0.0, 0.0, 0.0, 0.0, 0.0, 0.0, 0.0, 0.0, 0.0, 0.0, 0.0, 0.0, 0.0, 0.0, 0.0, 0.0, 0.0, 0.0, 0.0, 0.0, 0.0, 0.0, 0.0, 0.0, 0.0, 0.0, 0.0, 0.0, 0.0]"
CAPEX_TES_total,28338.391419322645
weights,[18; 1; 1; 1; 1; 2; 1; 1; 1; 1; 1; 1; 1; 1; 1; 12; 1; 1; 1; 1; 1; 1; 1;;]
CAPEX_TES_pumps,778.7725592395294
TES_duration,6.557356591550082
lambda_1,"[0.0, 0.0, 0.0, 0.0, 0.0, 0.0, 0.0, 8.881784197001252e-16, 0.9999999999999991, 0.0, 0.0, 0.0, 0.0, 0.0, 0.0, 0.0, 0.0, 0.0, 0.0, 0.0, 0.0, 0.0, 0.0, 0.0, 0.0, 0.0, 0.0, 0.0, 0.0, 0.0, 0.0, 0.0, 0.0, 0.0, 0.0, 0.0, 0.0, 0.0, 0.0, 0.0, 0.0, 0.0, 0.0, 0.0, 0.0, 0.0, 0.0, 0.0, 0.0, 0.0, 0.0, 0.0, 0.0, 0.0, 0.0, 0.0, 0.0, 0.0, 0.0, 0.0, 0.0, 0.0, 0.0, 0.0, 0.0, 0.0, 0.0, 0.0, 0.0, 0.0, 0.0, 0.0, 0.0, 0.0, 0.0, 0.0, 0.0, 0.0, 0.0, 0.0, 0.0, 0.0, 0.0, 0.0, 0.0, 0.0, 0.0, 0.0, 0.0, 0.0, 0.0, 0.0, 0.0, 0.0, 0.0, 0.0, 0.0, 0.0, 0.0, 0.0, 0.0, 0.0, 0.0, 0.0, 0.0, 0.0, 0.0, 0.0, 0.0, 0.0, 0.0, 0.0, 0.0, 0.0, 0.0, 0.0, 0.0, 0.0, 0.0, 0.0, 0.0, 0.0, 0.0, 0.0, 0.0, 0.0, 0.0, 0.0, 0.0, 0.0, 0.0, 0.0, 0.0, 0.0, 0.0, 0.0, 0.0, 0.0, 0.0, 0.0, 0.0, 0.0, 0.0, 0.0, 0.0, 0.0, 0.0, 0.0, 0.0, 0.0, 0.0, 0.0, 0.0, 0.0, 0.0, 0.0, 0.0, 0.0, 0.0, 0.0, 0.0, 0.0, 0.0, 0.0, 0.0, 0.0, 0.0, 0.0, 0.0, 0.0, 0.0, 0.0, 0.0, 0.0, 0.0, 0.0, 0.0, 0.0, 0.0, 0.0, 0.0, 0.0, 0.0, 0.0, 0.0, 0.0, 0.0, 0.0, 0.0, 0.0, 0.0, 0.0, 0.0, 0.0, 0.0, 0.0, 0.0, 0.0, 0.0, 0.0, 0.0, 0.0, 0.0, 0.0, 0.0, 0.0, 0.0, 0.0, 0.0, 0.0, 0.0, 0.0, 0.0, 0.0, 0.0, 0.0, 0.0, 0.0, 0.0, 0.0, 0.0, 0.0, 0.0, 0.0, 0.0, 0.0, 0.0, 0.0, 0.0, 0.0, 0.0, 0.0, 0.0, 0.0, 0.0, 0.0, 0.0, 0.0, 0.0, 0.0, 0.0, 0.0, 0.0, 0.0, 0.0, 0.0, 0.0, 0.0, 0.0, 0.0, 0.0, 0.0, 0.0, 0.0, 0.0, 0.0, 0.0, 0.0, 0.0, 0.0, 0.0]"
Li_LCOE_total,0.10953919659562805
cost_HX_3,256.8986503772857
TES_LCOE_Profits,0.019982942880402293
cp,1.56
TES_LCOE_total,0.1797447106097003
coal_LCOE_revenue,0.05690837883795556
TES_capex,28338.391419322645
TES_LCOE_dict,"Dict(""Revenue"" => 0.15976176772929795, ""Charge"" => 0.060562163398947565, ""IndustrialCharge"" => 0.0, ""Profits"" => 0.019982942880402293, ""total"" => 0.1492551754435637, ""Capex"" => 0.07770025734540738, ""Startup"" => 0.01099275469920878)"
CAPEX_TES_Ind_charger,0.0
coal_objective,-221991.2450000001
deltaQ,"[43.497081809230544, 234.92477354214935, 351.04425154993726, 345.99877251341866, -460.26632548639526, 0.7691054581022172, 333.01646892968915, -33.16328694804224, -149.4183394615275, -321.32976421774373, 360.98991264319795, -69.47952743123894, 494.0019431398018, -284.35768479101125, 194.69813790722844, 58.70958975133715, 329.9934864833202, 58.76431129696806, -269.47276887264934, 120.76552525145956, -155.08428567437727, -216.66203994394277, -49.40274690727051]"
CAPEX_TES_pipes_valves,355.46805129286884
price_fname,23UTTAR_PRADESH.csv
tank_energy_t,"[531.161188181726, 690.7438252459312, 838.3588960786747, 869.2373438371953, 460.07454783543375, 524.1515224879926, 837.9832872219563, 490.2332685798154, 149.3560818151046, 321.32976421774373, 854.9698146777005, 69.45057762582661, 558.6179032617687, 524.1515224879928, 957.7916834177199, 838.3588960786749, 821.6227743831852, 558.6179032617687, 524.1515224879928, 548.8132053763156, 524.3700100096424, 562.7771404753504, 730.2916062306114, 499.3239187086539, 690.4560152957207, 838.00957984403, 775.8870666003739, 459.8828500918332, 523.9331260028175, 837.6341274910144, 490.02900470156607, 149.29385010936977, 321.19587680527536, 854.6135772264191, 69.42163988283417, 558.3851457834556, 523.9331260028177, 832.7885562428304, 838.0095798440302, 696.6763842582657, 558.3851457834556, 523.9331260028177, 548.5845331891151, 524.1515224879928, 562.5426499813931, 729.9873180370056, 467.4999147655902, 690.1683252663323, 837.660409157828, 651.5370702011551, 459.6912322222988, 523.7148205161852, 837.2851132433054, 489.8248259332728, 149.23164433351442, 321.06204517923334, 854.257488207421, 69.3927141972356, 558.152485287433, 523.7148205161855, 646.465371020807, 837.6604091578282, 510.4099124457728, 558.152485287433, 523.7148205161855, 548.3559562820002, 523.9331260028177, 562.3082571918161, 729.6831566301573, 435.6891708252302, 689.8807551077991, 837.3113839594236, 465.2894064376906, 459.49969419354983, 523.4966059901797, 836.9362444182112, 489.6207322394731, 149.16946447673442, 320.92826931637325, 853.9015475588594, 69.36380056400701, 557.9199217332915, 523.4966059901799, 460.2198204655033, 837.3113839594238, 324.2210516694106, 557.9199217332915, 523.4966059901799, 548.1274746152709, 523.7148205161855, 562.0739620659092, 729.3791219572387, 403.8916813625724, 689.5933047701749, 836.9625041881968, 279.11934587366915, 459.3082359723192, 523.2784823869006, 836.5875209551391, 489.4167235847193, 149.10731052823013, 320.7945491934605, 853.5457552189132, 69.33489897812655, 557.6874550806386, 523.2784823869008, 274.0518722291392, 836.962504188197, 138.1097695912448, 557.6874550806386, 523.2784823869008, 547.8990881492437, 523.4966059901799, 561.8397645629793, 729.0752139654439, 279.11934587366915, 689.3059742035342, 836.613769783553, 93.02685617442165, 459.1168575253538, 523.0604496684634, 836.2389427935216, 489.2127999335785, 149.04518247720645, 320.6608847872701, 853.1901111257872, 69.3060094345745, 557.4550852890989, 523.0604496684637, 90.49364732403104, 836.6137697835533, 31.62913109930336, 557.4550852890989, 523.0604496684637, 547.6707968442515, 523.2784823869008, 561.6056646423501, 728.7714326019892, 93.02685617442165, 689.0187633579726, 836.2651806849228, 0.0, 458.92555881941433, 522.8425077969996, 835.8905098728163, 489.0089612506324, 148.98308031287277, 320.5272760745867, 852.8346152177119, 69.27713192833323, 557.2228123183132, 522.8425077969998, 0.0, 836.265180684923, 0.0, 557.2228123183132, 522.8425077969998, 547.4426006606441, 523.0604496684637, 561.3716622633623, 728.4677778141127, 0.0, 688.7316721836062, 835.916736831762, 0.0, 458.7343398212754, 522.6246567346561, 835.5422221325063, 488.8052075004777, 148.92100402444296, 320.3937230322048, 852.4792674329434, 69.24826645438719, 556.9906361279399, 522.6246567346564, 0.0, 835.9167368317623, 0.0, 556.9906361279399, 522.6246567346564, 547.2144995587875, 522.8425077969998, 561.1377573853736, 728.1642495490745, 0.0, 688.444700630572, 835.5684381635516, 0.0, 458.5432004977254, 522.4068964435959, 835.1940795120997, 488.6015386477257, 148.85895360113543, 320.2602256369282, 852.1240677097637, 69.21941300772292, 556.7585566776536, 522.4068964435961, 0.0, 835.5684381635518, 0.0, 556.7585566776536, 522.4068964435961, 546.9864934990642, 522.6246567346564, 560.9039499677584, 727.8608477541569, 0.0, 688.1578486490279, 835.2202846197979, 0.0, 458.3521408155666, 522.1892268859975, 834.8460819511299, 488.39795465700246, 284.94512748647537, 320.12678386557087, 851.7690159864806, 69.19057158332906, 556.5265739271459, 522.1892268859978, 187.17550486758162, 835.2202846197981, 187.17550486758162, 556.5265739271459, 522.1892268859978, 546.7585824418734, 522.4068964435961, 560.6702399699084, 727.557572376664, 0.0, 687.8711161891522, 834.8722761400323, 0.0, 458.16116074161505, 521.9716480240554, 834.4982293891554, 488.1944554929488, 472.00190520810617, 472.06426672545786, 851.4141122014272, 109.774926320418, 556.2946878361254, 658.8243172740122, 374.2730199352293, 834.8722761400326, 374.2730199352293, 556.2946878361254, 521.9716480240556, 659.043078132835, 522.1892268859978, 560.4366273512319, 727.2544233639218, 0.0, 687.5845032011443, 834.5244126638116, 0.0, 457.9702602427007, 521.7541598199797, 834.15052176576, 487.9910411202203, 658.980742599451, 659.043078132835, 851.0593562929629, 296.90469163170695, 556.0628983643172, 845.7253119874355, 561.2925776986955, 834.5244126638119, 561.2925776986955, 556.0628983643172, 658.8243172740122, 845.9439816958932, 666.4822227383897, 560.2031120711544, 726.9514006632784, 0.0, 845.6558116832053, 834.1766941307176, 0.0, 457.77943928566725, 521.5367622359962, 833.8029590205526, 487.7877115034872, 845.8816721356502, 845.9439816958932, 850.7047481994722, 483.9564862012119, 555.8312054714634, 1032.5484312801648, 748.2342106401929, 834.1766941307178, 748.2342106401929, 555.8312054714634, 845.7253119874355, 1032.7670098762367, 853.3800266576143, 559.969694089118, 726.6485042221036, 0.0, 1032.4789599343972, 833.8291204803572, 0.0, 457.58869783737225, 521.3194552343467, 833.4555410931673, 487.5844666074345, 1032.7047262783126, 1032.7670098762367, 850.3502878593656, 670.9303425167444, 555.5996091173225, 1219.2937076002947, 935.0979512284, 833.8291204803575, 935.0979512284, 555.5996091173225, 1032.5484312801648, 1219.5121951219444, 853.024451618061, 559.7363733645819, 726.3457339877895, 0.0, 1219.2242652009236, 833.4816916523628, 0.0, 457.3980358646871, 521.1022387772884, 833.1082679232634, 487.38130639676194, 1219.4499374755214, 1219.5121951219444, 849.9959752110792, 670.6507881849981, 555.3681092616704, 1219.2937076002947, 1121.8838319184665, 833.481691652363, 1121.8838319184665, 555.3681092616704, 1219.2937076002947, 1219.5121951219444, 852.669024734786, 559.5031498570222, 726.0430899077497, 0.0, 1218.7162550497824, 833.1344075863916, 0.0, 457.20745333449685, 520.8851128270945, 832.7611394505251, 487.17823083618396, 1219.4499374755214, 1219.5121951219444, 849.6418101930748, 670.3713503342327, 555.1367058642991, 1219.2937076002947, 1187.4838177700053, 833.1344075863918, 1187.540578470269, 555.1367058642991, 1219.2937076002947, 1219.0040649999933, 852.3137459460576, 559.2700235259317, 725.7405719294201, 0.0, 1218.2084565695545, 832.7872682221262, 0.0, 457.01695021370057, 520.6680773460538, 832.414155614662, 486.97523989042963, 1219.4499374755214, 1219.5121951219444, 849.2877927438396, 670.0920289159144, 554.9053988850178, 1219.2937076002947, 1187.4838177700053, 832.7872682221264, 1094.0576748750739, 554.9053988850178, 1219.2937076002947, 1218.4961465989431, 851.9586151901697, 559.0369943308202, 725.4381800002582, 0.0, 1217.7008696720436, 832.4402734992741, 0.0, 456.826526469211, 520.4511322964707, 832.0673163554088, 486.7723335242428, 1218.9418332942585, 1219.0040649999933, 848.9339228018869, 669.8128238815298, 554.6741882836523, 1219.2937076002947, 1187.4838177700055, 832.4402734992743, 907.6256275115779, 554.6741882836523, 1218.785668514818, 1217.9884398305771, 851.6036324054419, 558.8040622312145, 725.1359140677434, 0.0, 1217.1934942690903, 832.0934233575681, 0.0, 456.6361820679546, 520.2342776406655, 831.7206216125252, 486.569511702382, 1218.4339408230878, 1218.4961465989431, 848.5802003057549, 669.5337351825854, 554.443074020045, 1218.785668514818, 1186.989032806352, 832.0934233575683, 721.2712601740311, 554.443074020045, 1218.2778411123109, 1217.4809446067147, 851.2487975302196, 558.5712271866581, 724.8337740793773, 0.0, 1216.6863302725717, 831.7467177367661, 0.0, 456.4459169768718, 520.0175133409741, 831.374071325796, 486.3667743896204, 1217.9262599737972, 1217.9884398305771, 848.2266251940082, 669.2547627706082, 554.2120560540552, 1218.2778411123109, 1186.4944540031165, 831.7467177367663, 534.9945404957534, 554.2120560540552, 1217.7702253045716, 1216.9736608392127, 850.8941105028737, 558.3384891567114, 724.5317599826832, 0.0, 1216.179377594402, 831.4001565766509, 0.0, 456.25573116291656, 519.8008393597481, 831.027665435031, 486.16412155074585, 1217.4187906582106, 1217.4809446067147, 847.8731974052365, 668.9759065971454, 553.981134345559, 1217.7702253045716, 1186.0000812743988, 831.4001565766512, 348.7954361235508, 553.981134345559, 1217.2628210034356, 1216.466588439964, 850.539571261801, 558.1058481009514, 724.2298717252061, 0.0, 1215.6726361465317, 831.0537398170306, 0.0, 456.06562459305684, 519.5842556593549, 830.6814038800657, 485.9615531505609, 1216.911532788189, 1216.9736608392127, 847.5199168780553, 668.697166613764, 553.750308854449, 1217.2628210034356, 1185.5059145343346, 831.0537398170309, 162.67391471770995, 553.750308854449, 1216.7556281207756, 1215.9597273208985, 850.185179745424, 557.8733039789726, 723.928109254513, 0.0, 1215.1661058409481, 830.7074673977385, 0.0, 455.8755972342742, 519.3677622021773, 830.3352866007596, 485.7590691538828, 1216.4044862756305, 1216.466588439964, 847.1667835511055, 668.4185427720518, 553.5195795406347, 1216.7556281207756, 1185.0119536970951, 830.7074673977387, 34.81627285737907, 553.5195795406347, 1216.2486465685001, 1215.453077393983, 849.8309358921906, 557.6408567503855, 723.6264725181927, 0.0, 1214.6597865896756, 830.3613392586325, 0.0, 455.6856490535641, 519.1513589506142, 829.9893135369983, 485.55666952554344, 1215.897651032469, 1122.9716323396506, 846.8137973630537, 668.1400350236162, 553.2889463640422, 1123.260551587252, 1091.5301036956394, 830.3613392586327, 0.0, 553.2889463640422, 1122.753781277307, 1214.9466385712205, 849.4768396405746, 557.4085063748182, 723.324961463856, 0.0, 1214.1536783047745, 830.015355339596, 0.0, 455.4957800179356, 518.9350458670797, 736.6553896474436, 485.3543542303893, 1215.3910269706755, 936.5275374929138, 846.460958252592, 667.861643320085, 553.0584092846143, 936.8163363574859, 905.0991094868857, 830.0153553395962, 0.0, 553.0584092846143, 936.3097772018536, 1214.440410764651, 849.1228909290751, 557.1762528119151, 723.0235760391353, 0.0, 1213.6477808983425, 829.6695155805373, 0.0, 455.30599009441164, 518.7188229140039, 550.3722599147059, 485.1521232332815, 1214.884614002258, 750.1611276919114, 846.1082661584381, 667.5833676131062, 552.8279682623105, 750.4498062236136, 718.7457948652667, 829.6695155805376, 0.0, 552.8279682623105, 749.9434581343131, 1213.934393886351, 848.7690896962173, 556.9440960213376, 722.7223161916849, 0.0, 1213.1420942825132, 829.3238199213898, 0.0, 455.1162792500288, 518.5026900538325, 364.16674815889945, 484.9499764990959, 1214.378412039261, 563.8723705678716, 845.7557210193352, 667.305207854348, 552.597623257107, 564.1609288168426, 532.4701274642852, 829.32381992139, 0.0, 552.597623257107, 563.6547917059296, 1213.4285878484338, 848.4154358805516, 556.7120359627639, 722.4211818691809, 0.0, 1212.6366183694574, 828.9782683021118, 0.0, 454.9266474518374, 518.2866472490266, 178.03882203919818, 484.74791399272294, 1213.8724209937654, 377.6612337655098, 845.403322774052, 667.0271639954987, 552.3673742289966, 377.9496717818673, 346.2720749309299, 828.978268302112, 0.0, 552.3673742289966, 377.4437455614342, 1212.9229925630493, 848.0619294206542, 556.480072595889, 722.1201730193214, 0.0, 1212.1313530713824, 828.6328606626867, 0.0, 454.7370946669016, 518.0706944620633, 42.49712567330645, 484.5459356790677, 1213.366640777889, 284.5157799242707, 845.0510713613827, 666.7492359882663, 552.137221137989, 191.81600277686374, 160.15160492567006, 828.6328606626869, 0.0, 552.137221137989, 191.3102873590393, 1212.417607942384, 847.7085702551269, 556.2482058804247, 721.8192895898261, 0.0, 1211.6262983005315, 828.2875969431228, 0.0, 454.5476208622992, 517.8548316554352, 0.0, 484.34404152304995, 1212.861071303786, 220.6336894194125, 844.6989667201472, 666.4714237843796, 551.9071639441103, 49.38428061998461, 33.555380756732525, 828.287596943123, 0.0, 551.9071639441103, 49.13147560074301, 1211.9124338986608, 847.355358322597, 556.0164357760997, 721.5185315284364, 0.0, 1211.1214539691855, 827.9424770834536, 0.0, 454.35822600512165, 517.6390587916503, 0.0, 484.1422314896039, 1212.3557124836475, 63.79012147314603, 844.3470087891905, 666.193727335587, 551.6772026074034, 0.0, 0.0, 827.9424770834538, 0.0, 551.6772026074034, 0.0, 1211.4074703441393, 847.0022935617175, 555.7847622426591, 721.2178987829157, 0.0, 1210.616819989661, 827.5975010237374, 0.0, 454.16891006247425, 517.4233758332325, 0.0, 483.9405055436785, 1211.850564229701, 0.0, 843.9951975073834, 665.9161465936575, 551.4473370879277, 0.0, 0.0, 827.5975010237377, 0.0, 551.4473370879277, 0.0, 1210.9027171911157, 846.6493759111667, 555.5531852398652, 720.9173913010488, 0.0, 1210.1123962743115, 827.2526687040577, 0.0, 453.97967300147593, 517.2077827427213, 0.0, 483.7388636502373, 1211.3456264542103, 0.0, 843.6435328136222, 665.6386815103796, 551.2175673457596, 187.17550486758162, 65.76422526193119, 827.2526687040579, 0.0, 551.2175673457596, 0.0, 1210.3981743519228, 846.2966053096487, 555.3217047274969, 720.6170090306429, 0.0, 1209.608182735527, 826.9079800645226, 0.0, 453.79051478925936, 516.9922794826716, 0.0, 483.5373057742584, 1210.8408990694763, 0.0, 843.2920146468284, 665.3613320375623, 550.9878933409916, 374.2730199352293, 252.91232836679487, 826.9079800645228, 0.0, 550.9878933409916, 97.653755925714, 1209.8938417389295, 845.9439816958932, 555.0903206653497, 720.3167519195263, 0.0, 1209.1041792857336, 826.5634350452655, 0.0, 453.6014353929708, 658.824317274012, 0.0, 483.3358318807346, 1210.3363819878361, 187.17550486758162, 842.9406429459492, 665.0840981270346, 550.7583150337333, 561.2925776986955, 439.9824530891266, 826.5634350452657, 0.0, 550.7583150337333, 284.78857172507145, 1209.3897192645418, 1032.7670098762367, 554.8590330132362, 720.0166199155493, 0.0, 1208.6003858373945, 826.2190335864445, 0.0, 453.41243477977036, 845.7253119874352, 0.0, 483.13444193467313, 1209.8320751216634, 374.2730199352293, 842.5894176499571, 664.8069797306456, 659.043078132835, 748.2342106401929, 626.9746319199216, 826.2190335864448, 0.0, 737.7043372516922, 471.84541467827466, 1208.8858068412019, 1219.5121951219444, 554.6278417309853, 719.716612966584, 0.0, 1208.0968023030089, 825.8747756282429, 0.0, 453.22351291683174, 1032.5484312801646, 0.0, 482.9331359010959, 1209.3279783833684, 561.2925776986955, 842.23833869785, 664.5299768002643, 845.9439816958932, 935.0979512284, 813.8888973366375, 825.8747756282431, 0.0, 737.3969604199139, 658.8243172740122, 1208.3821043813887, 1219.0040649999933, 554.3967467784432, 719.416731020524, 0.0, 1207.5934285951128, 825.5306611108687, 0.0, 453.0346697713423, 1219.2937076002945, 0.0, 482.7319137450394, 1219.4499374755214, 748.2342106401929, 841.8874060286514, 664.2530892877799, 1032.7670098762367, 1121.8838319184665, 1000.7252818031992, 825.5306611108689, 0.0, 862.3177345303085, 845.7253119874355, 1207.8786117976172, 1219.5121951219444, 554.1657481154723, 719.116974025285, 0.0, 1207.0902646262784, 825.1866899745548, 0.0, 452.8459053105031, 1219.2937076002945, 0.0, 482.53077543155456, 1219.4499374755214, 935.0979512284, 841.5366195814099, 663.9763171451016, 1219.5121951219444, 1219.2937076002947, 1187.4838177700053, 825.1866899745551, 0.0, 861.9584354455103, 1032.5484312801648, 1219.5121951219444, 1219.5121951219444, 553.934845701952, 718.8173419288039, 0.0, 1206.5873103091146, 824.8428621595592, 0.0, 452.65721950152886, 1219.2937076002945, 0.0, 482.3297209257071, 1219.4499374755214, 934.7083270508849, 841.1859792951998, 663.6996603241586, 1219.5121951219444, 1218.785668514818, 1187.4838177700053, 824.8428621595594, 0.0, 861.5992860686761, 1219.2937076002947, 1219.0040649999933, 1219.5121951219444, 553.7040394977784, 718.5178346790397, 0.0, 1206.0845655562664, 824.4991776061647, 0.0, 452.468612311648, 1219.2937076002945, 0.0, 482.12875019257706, 1219.4499374755212, 934.3188652167902, 840.8354851091207, 663.4231187769002, 1219.5121951219444, 1218.2778411123109, 1187.4838177700053, 824.499177606165, 0.0, 861.2402863374275, 1218.785668514818, 1219.5121951219444, 1219.5121951219444, 553.4733294628642, 718.2184522239728, 0.0, 1205.5820302804152, 824.1556362546789, 0.0, 452.2800837081025, 1218.7856685148179, 0.0, 481.9278631972592, 1218.9418332942582, 933.9295656584726, 840.4851369622974, 663.1466924552957, 1219.0040649999933, 1217.7702253045716, 1187.4838177700055, 824.1556362546792, 0.0, 860.8814361894123, 1184.0797222551928, 1219.5121951219444, 1219.0040649999933, 553.2427155571389, 717.9191945116056, 0.0, 1205.0797043942791, 823.8122380454344, 0.0, 452.0916336581481, 1218.2778411123106, 0.0, 481.7270599048628, 1218.4339408230876, 933.5404283083172, 840.1349347938802, 662.8703813113344, 1218.4961465989431, 1217.2628210034356, 1186.989032806352, 823.8122380454346, 0.0, 860.522735562304, 1056.4001418264177, 1219.0040649999933, 1218.4961465989431, 553.0121977405487, 717.6200614899618, 0.0, 1204.5775878106122, 823.4689829187884, 0.0, 451.90326212905416, 1217.7702253045713, 0.0, 481.5263402805116, 1217.926259973797, 933.1514530987374, 839.784878543045, 662.5941852970258, 1217.9884398305771, 1216.7556281207756, 1186.4944540031165, 823.4689829187886, 0.0, 860.1641843938023, 869.9837851029473, 1218.4961465989431, 1217.9884398305771, 552.7817759730564, 717.321053107087, 0.0, 1204.075680442205, 823.1258708151232, 0.0, 451.7149690881036, 1217.2628210034354, 0.0, 481.32570428934383, 1217.4187906582104, 932.7626399621746, 839.4349681489927, 662.3181043643989, 1217.4809446067147, 1216.2486465685001, 1186.0000812743988, 823.1258708151234, 0.0, 859.8057826216328, 683.6451018676588, 1217.9884398305771, 1217.4809446067147, 552.5514502146416, 717.0221693110484, 0.0, 1203.573982201885, 822.7829016748461, 0.0, 451.52675450259306, 1216.7556281207753, 0.0, 481.1251518965124, 1216.9115327881889, 932.3739888310984, 839.0852035509495, 662.0421384655032, 1216.9736608392127, 1215.741876258555, 1185.5059145343346, 822.7829016748464, 0.0, 859.447530183547, 590.3721547378444, 1217.4809446067147, 1216.9736608392127, 552.3212204253005, 716.7234100499347, 0.0, 1203.072493002515, 822.4400754383889, 0.0, 451.3386183398328, 1216.2486465685, 0.0, 480.92468306718473, 1216.4044862756302, 931.9854996380063, 838.7355846881671, 661.7662875524078, 1216.466588439964, 1215.2353171029226, 1185.0119536970951, 822.4400754383892, 0.0, 859.0894270173222, 558.5102140267336, 1216.9736608392127, 1216.466588439964, 552.0910865650459, 716.4247752718566, 0.0, 1202.571212756995, 822.0973920462083, 0.0, 451.1505605671466, 1166.7407249899634, 0.0, 480.7242977665426, 1166.8186286068417, 931.5971723154244, 838.3861114999225, 661.4905515772022, 1215.9597273208985, 1214.728969013622, 1091.5301036956394, 822.0973920462085, 0.0, 858.731473060762, 465.2894064376906, 1167.1031565872568, 1219.5121951219444, 551.8610485939074, 716.1262649249459, 0.0, 1202.0701413782606, 821.7548514387857, 0.0, 450.962581151872, 1024.265336732487, 0.0, 480.5239959597824, 1024.265336732487, 931.2090067959064, 838.0367839255181, 661.2149304919953, 1122.464982412735, 1214.2228319027088, 905.0991094868857, 821.754851438786, 0.0, 858.3736682516957, 279.11934587366915, 1024.265336732487, 1126.015970018745, 551.6311064719313, 715.8278789573563, 0.0, 1201.569278779284, 821.4124535566278, 0.0, 450.77468006135996, 837.8623695122101, 0.0, 480.323777612115, 837.8623695122101, 930.8210030120345, 837.6876019042812, 660.9394242489166, 936.0210986701513, 1213.7169056822752, 718.7457948652667, 821.4124535566281, 0.0, 858.0160125279784, 93.02685617442165, 837.8623695122101, 939.5706066978739, 551.4012601591803, 715.5296173172633, 0.0, 1201.0686248730738, 821.0701983402655, 0.0, 450.58685726297523, 651.5370702011551, 0.0, 480.12364268876587, 651.5370702011551, 930.4331608964188, 837.3385653755649, 660.6640328001149, 749.6548998853419, 1213.2111902644504, 532.4701274642852, 821.0701983402657, 0.0, 857.6585058274912, 0.0, 651.5370702011551, 753.202928951268, 551.171509615734, 715.2314799528634, 0.0, 1200.5681795726744, 820.7280857302547, 0.0, 450.39911272409614, 465.2894064376906, 0.0, 479.92359115497476, 465.2894064376906, 930.0454803816975, 836.9896742787472, 660.3887560977594, 563.3663536895717, 1212.7056855613998, 346.2720749309299, 820.728085730255, 0.0, 857.3011480881412, 0.0, 465.2894064376906, 651.5370702011551, 550.9418548016884, 714.9334668123754, 0.0, 1200.0679427911668, 820.3861156671762, 0.0, 450.21144641211447, 279.11934587366915, 0.0, 479.7236229759961, 279.11934587366915, 929.657961400537, 836.6409285532314, 660.1135940940391, 377.1554277275927, 1212.2003914853258, 160.15160492567006, 820.3861156671765, 0.0, 856.9439392478612, 0.0, 279.11934587366915, 465.2894064376906, 550.7122956771562, 714.6355778440392, 0.0, 1199.5679144416683, 820.0442880916354, 0.0, 450.02385829443574, 93.02685617442165, 0.0, 479.5237381170987, 93.02685617442165, 929.2706038856315, 836.2923281384462, 659.8385467411628, 191.02208965763822, 1211.695307948467, 33.555380756732525, 820.0442880916356, 0.0, 856.5868792446098, 0.0, 93.02685617442165, 279.11934587366915, 550.482832202267, 714.3378129961163, 0.0, 1199.068094437332, 819.7026029442625, 0.0, 449.83634833847896, 0.0, 0.0, 479.32393654356576, 0.0, 928.8834077697036, 835.9438729738455, 659.5636139913594, 48.987406776894346, 1211.1904348630987, 0.0, 819.7026029442627, 0.0, 856.2299680163717, 0.0, 0.0, 93.02685617442165, 550.2534643371666, 714.04017221689, 0.0, 1198.5684826913478, 819.3610601657123, 0.0, 449.6489165116767, 0.0, 0.0, 479.1242182206952, 0.0, 928.4963729855035, 835.5955629989082, 659.2887957968776, 0.0, 1210.6857721415329, 0.0, 819.3610601657125, 0.0, 855.8732055011573, 0.0, 0.0, 0.0, 550.0241920420177, 713.742655454665, 0.0, 1198.0690791169409, 819.0196596966646, 0.0, 449.4615627814752, 187.17550486758162, 0.0, 478.9245831137991, 0.0, 928.1094994658097, 1022.4229030207205, 659.014092109986, 0.0, 1210.1813196961177, 0.0, 819.0196596966648, 0.0, 855.5165916370028, 0.0, 0.0, 0.0, 549.7950152769994, 713.4452626577676, 0.0, 1197.5698836273732, 818.6784014778236, 0.0, 449.27428711533423, 374.2730199352293, 0.0, 478.7250311882042, 187.17550486758162, 927.7227871434286, 1021.9968934437145, 845.9150077505547, 97.87279046366659, 1209.6770774392382, 0.0, 818.6784014778239, 0.0, 855.1601263619701, 0.0, 97.87279046366659, 0.0, 549.5659340023075, 713.1479937745454, 0.0, 1197.0708961359428, 818.3372854499186, 0.0, 449.08708948072706, 561.2925776986955, 0.0, 478.5255624092516, 374.2730199352293, 1032.7670098762367, 1021.5710613707131, 1032.7380480033764, 285.00751499862594, 1209.173045283316, 0.0, 1005.5127903175004, 0.0, 854.8038096141473, 0.0, 285.00751499862594, 0.0, 549.3369481781543, 712.8508487533678, 0.0, 1196.572116555984, 817.9963115537032, 0.0, 561.3281309462831, 748.2342106401929, 0.0, 478.3261767422969, 561.2925776986955, 1219.5121951219444, 1021.1454067277563, 1219.483245316532, 472.06426672545786, 1208.669223140809, 0.0, 1192.2693314889327, 0.0, 854.447641331648, 0.0, 472.06426672545786, 187.17550486758162, 549.1080577647689, 712.5538275426255, 0.0, 1196.0735448008666, 817.655479729956, 0.0, 748.2697490739262, 935.0979512284, 0.0, 478.1268741527101, 748.2342106401929, 1219.0040649999933, 1020.7199294409149, 1218.9751272570008, 659.043078132835, 1208.1656109242115, 187.17550486758162, 1219.1627332781866, 0.0, 854.0916214526117, 0.0, 659.043078132835, 187.09751506764763, 548.8792627223967, 712.256930090731, 0.0, 1195.5751807839972, 817.3147899194801, 0.0, 935.1334748544514, 998.6367575852994, 0.0, 477.9276546058756, 935.0979512284, 1219.5121951219444, 1020.2946294362906, 1218.4672209133446, 845.9439816958932, 1207.6622085460542, 262.6881196581314, 1219.1627332781861, 0.0, 853.7357499152034, 0.0, 845.9439816958932, 191.31134724314742, 548.6505630112997, 711.960156346118, 0.0, 1219.2242652009236, 816.9742420631031, 0.0, 1121.919340743006, 998.2206589030177, 0.0, 477.7285180671922, 1121.8838319184665, 1219.0040649999933, 1019.8695066400157, 1217.9595261973484, 1032.7670098762367, 1207.1590159189047, 262.57866626618426, 1219.1627332781864, 0.0, 853.3800266576143, 0.0, 1032.7670098762367, 191.2316341754191, 548.4219585917567, 711.6635062572418, 0.0, 1219.2242652009236, 816.6338361016777, 0.0, 1121.4518743136325, 997.8047335952008, 0.0, 477.5294645020733, 1219.4499374755214, 1218.4961465989431, 1019.4445609782534, 1217.4520430208343, 1219.5121951219444, 1206.6560329553665, 262.4692584798207, 1219.1627332781864, 0.0, 853.024451618061, 0.0, 1219.5121951219444, 191.1519543214716, 548.1934494240628, 711.3669797725792, 0.0, 1218.7162550497824, 816.2935719760809, 0.0, 1120.9846026619534, 997.3889815896093, 0.0, 477.3304938759465, 1218.9418332942585, 1217.9884398305771, 1019.0197923771977, 1216.9447712956605, 1219.5121951219444, 1206.1532595680799, 262.3598962800385, 1219.1627332781864, 0.0, 852.669024734786, 0.0, 1219.5121951219444, 191.07230766746594, 547.9650354685297, 711.0705768406284, 0.0, 1218.2084565695545, 815.9534496272145, 0.0, 1120.5175257068115, 996.9734028140341, 97.52261065066567, 477.13160615425386, 1218.4339408230878, 1217.4809446067147, 1018.5952007630733, 1216.4377109337227, 1219.5121951219444, 1205.6506956697215, 262.2505796478432, 1218.6547487653484, 0.0, 852.3137459460576, 0.0, 1219.5121951219444, 190.99269419956875, 547.7367166854856, 710.7742974099092, 0.0, 1217.7008696720436, 815.6134689960047, 0.0, 1120.0506433670832, 996.5579971962959, 284.6574810938921, 476.9328013024519, 1217.9262599737972, 1216.9736608392127, 1018.1707860621356, 1215.9308618469524, 1219.0040649999933, 1205.1483411730042, 262.1413085642483, 1218.146975912741, 0.0, 851.9586151901697, 0.0, 1219.0040649999933, 190.9131139039525, 547.5084930352755, 710.4781414289627, 0.0, 1217.1934942690903, 815.2736300234026, 0.0, 1119.5839555616787, 996.1427646642455, 471.714378668196, 476.7340792860114, 1217.4187906582106, 1216.466588439964, 1017.7465482006706, 1215.4242239473185, 1218.4961465989431, 1204.6461959906771, 262.03208301027513, 1217.6394146321727, 0.0, 851.6036324054419, 0.0, 1218.4961465989431, 190.83356676679543, 547.2803644782605, 710.1821088463513, 0.0, 1216.6863302725717, 814.9339326503838, 0.0, 1119.117462209542, 995.727705145764, 658.6933358622754, 476.5354400704178, 1216.911532788189, 1215.9597273208985, 1017.3224871049955, 1214.9177971468264, 1217.9884398305771, 1204.1442600355263, 261.92290296695313, 1217.1320648354879, 0.0, 851.2487975302196, 0.0, 1217.9884398305771, 190.7540527742815, 547.0523309748186, 709.8861996106593, 0.0, 1216.179377594402, 814.5943768179484, 0.0, 1118.6511632296508, 995.3128185687624, 845.5943851512912, 476.3368836211706, 1216.4044862756305, 1215.453077393983, 1016.8986027014577, 1214.411581357518, 1217.4809446067147, 1203.6425332203733, 261.8137684153195, 1216.6249264345688, 0.0, 850.8941105028737, 0.0, 1217.4809446067147, 190.6745719126004, 546.824392485344, 709.590413670492, 0.0, 1215.6726361465317, 814.2549624671211, 0.0, 1118.1850585410168, 994.8981048611817, 1032.4175589968734, 476.1384099037839, 1215.897651032469, 1214.9466385712205, 1016.4748949164355, 1213.905576491472, 1216.9736608392127, 1203.1410154580767, 261.7046793364193, 1184.5020470477093, 0.0, 850.539571261801, 0.0, 1219.5121951219444, 190.5951241679477, 546.5965489702477, 709.2947509744763, 0.0, 1215.1661058409481, 813.9156895389514, 0.0, 1117.7191480626852, 962.8676116573686, 1219.1628898471258, 475.9400188837861, 1215.3910269706755, 1214.440410764651, 1016.0513636763378, 1213.3997824608036, 1219.5121951219444, 1202.6397066615311, 261.59563571130565, 1150.8707328563717, 0.0, 850.185179745424, 0.0, 1187.388112706369, 190.51570952652455, 546.3688003899568, 708.9992114712604, 0.0, 1121.6716916084274, 813.576557974513, 0.0, 1024.265336732487, 837.8623695122101, 1218.654905269051, 475.7417105267199, 1214.884614002258, 1213.934393886351, 1015.6280089076043, 1212.894199177665, 1126.015970018745, 1202.1386067436677, 261.4866375210394, 1024.265336732487, 0.0, 849.8309358921906, 0.0, 1062.289320344956, 190.436327974538, 546.1411467049154, 708.7037951095141, 0.0, 935.2281384037053, 813.2375677149045, 0.0, 837.8623695122101, 651.5370702011551, 1218.1471323512337, 475.5434847981424, 1214.378412039261, 1213.4285878484338, 1015.2048305367052, 1212.3888265542446, 939.5706066978739, 1201.6377156174533, 261.37768474668945, 837.8623695122101, 0.0, 849.4768396405746, 0.0, 875.8705097969064, 190.35697949820073, 545.9135878755836, 708.4085018379284, 0.0, 748.8622700190334, 812.8987187012486, 0.0, 651.5370702011551, 465.2894064376906, 1217.6395710054826, 475.3453416636251, 1213.8724209937654, 1212.9229925630493, 1014.7818284901415, 1211.8836645027675, 753.202928951268, 1201.1370331958915, 261.26877736933244, 651.5370702011551, 0.0, 849.1228909290751, 0.0, 689.5293737594659, 190.27766408373125, 545.6861238624384, 708.1133316052156, 0.0, 562.5740540857339, 812.5600108746931, 0.0, 465.2894064376906, 279.11934587366915, 1217.1322211436425, 475.14728108875374, 1213.366640777889, 1212.417607942384, 1014.3590026944446, 1211.3787129354953, 566.9129044099353, 1200.636559392022, 261.15991537005294, 465.2894064376906, 0.0, 848.7690896962173, 0.0, 503.26587986825234, 190.19838171735378, 545.4587546259729, 707.8182843601097, 0.0, 465.2894064376906, 812.22144417641, 0.0, 279.11934587366915, 93.02685617442165, 1216.625082677595, 474.94930303912855, 1212.861071303786, 1211.9124338986608, 1013.9363530761766, 1210.8739717647263, 380.70050071837125, 1200.136294118921, 261.0510987299434, 279.11934587366915, 0.0, 848.4154358805516, 0.0, 317.0799957723689, 190.1191323852983, 545.2314801266969, 707.5233600513658, 0.0, 279.11934587366915, 811.8830185475958, 0.0, 93.02685617442165, 0.0, 1216.1181555192586, 474.751407480364, 1212.3557124836475, 1211.4074703441393, 1013.5138795619304, 1210.3694409027953, 194.56568553455241, 1199.6362372897001, 260.9423274301042, 93.02685617442165, 0.0, 848.0619294206542, 0.0, 130.97168913439822, 190.03991607380044, 545.0043003251363, 707.2285586277603, 0.0, 93.02685617442165, 811.5447339294716, 0.0, 0.0, 0.0, 1215.6114395805885, 474.5535943780888, 1211.850564229701, 1210.9027171911157, 1013.0915820783291, 1209.8651202620736, 50.75883551383441, 1199.1363888175083, 260.83360145164363, 0.0, 0.0, 847.7085702551269, 0.0, 31.62913109930336, 189.9607327691017, 544.7772151818341, 706.9338800380912, 0.0, 0.0, 811.2065902632828, 0.0, 0.0, 0.0, 1215.1049347735761, 474.3558636979462, 1211.3456264542103, 1210.3981743519228, 1012.6694605520267, 1209.361009754969, 0.0, 1198.6367486155298, 260.7249207756777, 0.0, 0.0, 847.355358322597, 0.0, 0.0, 189.8815824574492, 544.5502246573491, 706.6393242311775, 0.0, 0.0, 810.8685874902995, 0.0, 97.68053266857211, 187.17550486758162, 1214.5986410102503, 474.1582154055935, 1210.8408990694763, 1209.8938417389295, 1012.2475149097078, 1208.8571092939258, 0.0, 1198.1373165969856, 260.6162853833303, 0.0, 0.0, 847.0022935617175, 97.653755925714, 0.0, 189.8024651250959, 544.3233287122569, 706.34489115586, 0.0, 0.0, 810.5307255518163, 187.17550486758162, 284.8153373109525, 374.2730199352293, 1214.0925582026762, 473.9606494667026, 1210.3363819878361, 1209.3897192645418, 1011.8257450780872, 1208.3534187914247, 97.87279046366659, 1197.6380926751324, 260.5076952557334, 187.17550486758162, 0.0, 846.6493759111667, 284.78857172507145, 0.0, 189.72338075830035, 544.0965273071494, 706.0505807610002, 0.0, 0.0, 810.1930043891521, 374.2730199352293, 471.87216911182736, 561.2925776986955, 1213.5866862629553, 473.76316584695945, 1209.8320751216634, 1208.8858068412019, 1011.4041509839104, 1207.8499381599831, 285.00751499862594, 1197.1390767632631, 260.3991503740266, 374.2730199352293, 0.0, 846.2966053096487, 471.84541467827466, 0.0, 189.64432934332694, 543.8698204026349, 705.7563929954815, 0.0, 0.0, 809.8554239436502, 561.2925776986955, 658.8510605598833, 748.2342106401929, 1213.0810251032262, 473.56576451206445, 1209.3279783833684, 1208.3821043813887, 1010.9827325539537, 1219.483245316532, 472.06426672545786, 1196.6402687747072, 260.2906507193575, 561.2925776986955, 0.0, 845.9439816958932, 658.8243172740122, 0.0, 189.56531086644574, 543.6432079593382, 705.4623278082082, 0.0, 0.0, 809.5179841566785, 561.0587057726113, 845.75204413027, 935.0979512284, 1212.575574635664, 473.36844542773224, 1208.824091685398, 1207.8786117976172, 1010.5614897150235, 1219.483245316532, 659.043078132835, 1196.14166862283, 260.1821962728814, 748.2342106401929, 0.0, 1032.7670098762367, 845.7253119874355, 0.0, 189.48632531393255, 543.4166899379004, 705.168385148106, 0.0, 0.0, 809.1806849696293, 560.8249312931708, 1032.5751522846056, 1032.5484312801646, 1212.07033477248, 473.17120855969176, 1208.320414940235, 1219.5121951219444, 1010.1404223939569, 1219.483245316532, 845.9439816958932, 1195.6432762210325, 260.07378701576164, 928.6161641203198, 0.0, 1219.5121951219444, 1032.5484312801648, 0.0, 189.40737267206887, 543.190266298979, 704.8745649641221, 0.0, 0.0, 808.8435263239193, 560.5912542197713, 1219.3204174709829, 1219.2937076002945, 1211.5653054259226, 472.9740538736862, 1207.8169480603992, 1219.5121951219444, 1196.895035385203, 1219.483245316532, 1032.7670098762367, 1219.2937076002947, 259.9654229291693, 928.2292406876492, 0.0, 1219.5121951219444, 1219.2937076002947, 0.0, 189.32845292714194, 542.9639370032481, 704.5808672052246, 0.0, 0.0, 808.5065081609896, 560.3576745118266, 1218.8123672563927, 1219.2937076002945, 1211.0604865082764, 472.77698133547307, 1219.4499374755214, 1219.5121951219444, 1196.3963290805627, 1218.9751272570008, 1219.5121951219444, 1219.2937076002947, 259.8571039942833, 927.8424784730884, 0.0, 1219.5121951219444, 1219.2937076002947, 0.0, 189.2495660654447, 542.737702011398, 704.2872918204031, 0.0, 0.0, 808.1696304223057, 560.1241921287682, 1218.3045287294087, 1218.7856685148176, 1210.5558779318626, 472.57999091082405, 1219.4499374755214, 1219.5121951219444, 1219.5121951219444, 1218.4672209133446, 1219.5121951219444, 1219.2937076002947, 259.7488301922905, 927.4558774094633, 0.0, 1219.0040649999933, 1218.785668514818, 0.0, 189.17071207327578, 542.5115612841354, 703.9938387586684, 0.0, 0.0, 807.8328930493574, 559.8908070300438, 1217.796901801828, 1125.2897461310624, 1210.0514796090392, 472.3830825655252, 1219.4499374755214, 1219.5121951219444, 1219.5121951219444, 1217.9595261973484, 1219.0040649999933, 1218.785668514818, 259.6406015043854, 927.0694374296274, 0.0, 1218.4961465989431, 1218.2778411123109, 0.0, 189.09189093693956, 542.2855147821833, 703.7005079690525, 0.0, 0.0, 807.4962959836591, 559.6575191751183, 1217.289486385484, 938.8446854035024, 1209.5472914522004, 472.18625626537687, 1218.9418332942585, 1219.0040649999933, 1219.0040649999933, 1217.4520430208343, 1218.4961465989431, 1218.2778411123109, 259.53241791177055, 926.6831584664628, 0.0, 1217.9884398305771, 1217.7702253045716, 0.0, 189.0131026427461, 542.0595624662812, 703.4072994006087, 0.0, 0.0, 807.1598391667494, 559.4243285234735, 1216.7822823922472, 752.4773101241266, 1209.0433133737772, 471.98951197619346, 1218.4339408230878, 1218.4961465989431, 1218.4961465989431, 1216.9447712956605, 1217.9884398305771, 1217.7702253045716, 259.42427939565624, 926.2970404528791, 0.0, 1217.4809446067147, 1217.2628210034356, 0.0, 188.9343471770112, 541.833704297185, 703.1142130024116, 0.0, 0.0, 806.8235225401913, 559.1912350346079, 1216.2752897340245, 566.1875879239961, 1208.5395452862367, 471.79284966380374, 1217.9262599737972, 1217.9884398305771, 1217.9884398305771, 1216.4377109337227, 1217.4809446067147, 1217.2628210034356, 259.31618593726057, 925.9110833218139, 0.0, 1216.9736608392127, 1216.7556281207756, 0.0, 188.85562452605632, 541.6079402356668, 702.8212487235568, 0.0, 0.0, 806.4873460455722, 558.9582386680371, 1215.7685083227595, 379.9754864476588, 1208.0359871020828, 471.5962692940507, 1217.4187906582106, 1217.4809446067147, 1217.4809446067147, 1215.9308618469524, 1216.9736608392127, 1216.7556281207756, 259.2081375178095, 925.5252870062328, 0.0, 1216.466588439964, 1216.2486465685001, 0.0, 188.7769346762086, 541.382270242515, 702.5284065131613, 0.0, 0.0, 806.1513096245036, 558.7253393832935, 1215.2619380704327, 193.84097335314362, 1207.5326387338557, 471.39977083279166, 1219.4499374755214, 1216.9736608392127, 1219.5121951219444, 1215.4242239473185, 1216.466588439964, 1216.2486465685001, 259.10013411853686, 925.1396514391295, 0.0, 1215.9597273208985, 1215.741876258555, 0.0, 188.69827761380097, 541.1566942785346, 702.2356863203632, 0.0, 0.0, 805.8154132186218, 558.4925371399263, 1214.7555788890613, 50.39655492971886, 1207.0295000941323, 471.203354245898, 1187.3258810006341, 1167.1031565872568, 1168.3721592428458, 1214.9177971468264, 1215.9597273208985, 1122.753781277307, 258.99217572068414, 924.7541765535252, 0.0, 1219.5121951219444, 1215.2353171029226, 0.0, 188.61965332517195, 540.9312123045466, 701.943088094322, 0.0, 0.0, 805.4796567695869, 558.2598318975016, 1214.249430690699, 0.0, 1206.5265710955255, 471.0070194992555, 1062.2271145691004, 1024.265336732487, 1024.265336732487, 1214.411581357518, 1122.464982412735, 936.3097772018536, 258.8842623055008, 924.3688622824694, 0.0, 1126.015970018745, 1214.728969013622, 0.0, 188.54106179666582, 540.7058242813887, 701.650611784218, 0.0, 0.0, 805.1440402190836, 558.0272236156023, 1213.7434933874363, 0.0, 1206.023851650685, 470.81076655876393, 875.8083299401262, 837.8623695122101, 837.8623695122101, 1213.905576491472, 936.0210986701513, 749.9434581343131, 258.776393854244, 923.9837085590394, 0.0, 939.5706066978739, 1214.2228319027088, 0.0, 188.46250301463252, 540.4805301699146, 701.3582573392529, 0.0, 0.0, 804.808563508821, 557.7947122538283, 1213.2377668914, 0.0, 1205.5213416722963, 470.61459539033746, 714.8876719669138, 651.5370702011551, 651.5370702011551, 1213.3997824608036, 749.6548998853419, 563.6547917059296, 258.6685703481789, 923.5987153163404, 0.0, 753.202928951268, 1213.7169056822752, 0.0, 188.38397696542768, 540.2553299309944, 701.0660247086496, 0.0, 0.0, 804.473226580532, 557.562297771796, 1212.732251114754, 0.0, 1205.0190410730822, 470.41850595990434, 528.6136121172685, 465.2894064376906, 465.2894064376906, 1212.894199177665, 563.3663536895717, 377.4437455614342, 258.5607917685782, 923.2138824875053, 0.0, 651.5370702011551, 1213.2111902644504, 0.0, 188.30548363541263, 540.0302235255147, 700.7739138416522, 0.0, 0.0, 804.1380293759744, 557.329980129139, 1212.2269459696986, 0.0, 1204.5169497658012, 470.2224982334071, 342.4171664654364, 279.11934587366915, 279.11934587366915, 1212.3888265542446, 377.1554277275927, 191.3102873590393, 258.4530580967226, 922.8292100056951, 0.0, 465.28940643769056, 1212.7056855613998, 0.0, 188.22702301095435, 539.805210914378, 700.4819246875257, 0.0, 0.0, 803.8029718369298, 557.0977592855075, 1211.7218513684704, 0.0, 1204.0150676632484, 470.02657217680246, 156.2983026721658, 93.02685617442165, 93.02685617442165, 1211.8836645027675, 191.02208965763822, 49.131475600743, 258.34536931390056, 922.4446978040985, 0.0, 279.1193458736691, 1212.2003914853258, 0.0, 188.14859507842556, 539.5802920585036, 700.1900571955566, 0.0, 0.0, 803.4680539052043, 556.8656352005687, 1211.2169672233429, 0.0, 1203.5133946782548, 469.83072775606126, 31.62913109930336, 0.0, 0.0, 1211.3787129354953, 48.987406776894346, 0.0, 258.2377254014083, 922.060345815932, 0.0, 93.02685617442165, 1211.695307948467, 0.0, 188.0701998242046, 539.3554669188266, 699.8983113150522, 0.0, 0.0, 803.1332755226283, 556.6336078340063, 1210.712293446626, 0.0, 1203.0119307236885, 469.63496493716855, 0.0, 0.0, 0.0, 1210.8739717647263, 0.0, 0.0, 258.1301263405498, 921.67615397444, 0.0, 0.0, 1211.1904348630987, 0.0, 187.9918372346755, 539.1307354562986, 699.606686995341, 0.0, 0.0, 802.7986366310562, 556.401677145521, 1210.2078299506663, 0.0, 1202.5106757124533, 469.4392836861236, 97.81037694588154, 0.0, 0.0, 1210.3694409027953, 0.0, 0.0, 258.0225721126369, 921.2921222128948, 0.0, 0.0, 1210.6857721415329, 0.0, 187.913507296228, 538.9060976318874, 699.3151841857728, 0.0, 0.0, 802.4641371723667, 556.1698430948304, 1209.7035766478466, 0.0, 1202.0096295574895, 469.24368396893976, 284.94512748647537, 0.0, 187.17550486758162, 1209.8651202620736, 0.0, 0.0, 257.91506269898923, 920.9082504645964, 0.0, 0.0, 1210.1813196961177, 187.17550486758162, 187.83520999525746, 538.6815534065772, 699.0238028357182, 0.0, 0.0, 802.1297770884628, 658.6802916108078, 1209.1995334505866, 0.0, 1201.5087921717736, 469.0481657516446, 472.00190520810617, 0.0, 374.2730199352293, 1209.361009754969, 0.0, 0.0, 257.80759808093416, 920.5245386628726, 0.0, 0.0, 1209.6770774392382, 374.2730199352293, 187.75694531816492, 538.4571027413684, 698.7325428945693, 0.0, 0.0, 801.7955563212716, 845.5813463349289, 1208.6957002713423, 0.0, 1201.0081634683186, 468.85272900027985, 658.980742599451, 0.0, 561.2925776986955, 1208.8571092939258, 0.0, 0.0, 257.70017823980686, 920.1409867410789, 187.17550486758162, 0.0, 1209.173045283316, 561.2925776986955, 187.67871325135712, 658.8081964139155, 698.4414043117388, 0.0, 0.0, 801.4614748127447, 1032.4045256133516, 1208.192077022606, 0.0, 1200.5077433601732, 468.65737368090134, 845.8816721356502, 0.0, 748.2342106401929, 1208.3534187914247, 0.0, 0.0, 257.59280315695025, 919.7575946325987, 187.09751506764763, 0.0, 1219.2937076002947, 748.2342106401929, 187.60051378124643, 845.7091978443644, 698.1503870366608, 0.0, 0.0, 801.1275325048573, 1219.1498618941807, 1219.3204174709829, 159.93535240891313, 1200.007531760423, 468.4620997595791, 1032.7047262783126, 0.0, 935.0979512284, 1207.8499381599831, 0.0, 0.0, 257.4854728137151, 919.3743622708432, 187.0195577634662, 0.0, 1218.785668514818, 935.0979512284, 187.52234689425092, 1032.5323238513206, 697.8594910187905, 0.0, 0.0, 800.7937293396094, 1219.1498618941807, 1219.3204174709829, 347.0442175409932, 1199.5075285821893, 468.2669072023972, 1219.4499374755214, 0.0, 1121.8838319184665, 1207.346667312155, 0.0, 0.0, 257.37818719145986, 918.9912895892512, 186.94163294149743, 0.0, 1219.2937076002947, 1121.8838319184665, 187.44421257679423, 1219.2776068828798, 697.5687162076041, 0.0, 0.0, 800.4600652590248, 1219.1498618941807, 1219.3204174709829, 346.8996157721163, 1199.00773373863, 468.071795975454, 1219.4499374755212, 0.0, 1219.5121951219444, 1206.84360616053, 0.0, 0.0, 257.2709462715508, 918.6083765212893, 186.8637405882071, 0.0, 1219.2937076002947, 1219.5121951219444, 187.36611081530577, 1219.2776068828798, 697.2780625525986, 0.0, 0.0, 800.1265402051515, 1219.1498618941807, 1219.320417470983, 346.75507425398126, 1198.5081471429387, 467.8767660448618, 1218.9418332942582, 0.0, 1219.5121951219444, 1206.340754617735, 0.0, 0.0, 257.163750035362, 918.2256230004518, 186.78588069006656, 0.0, 1219.2937076002947, 1219.5121951219444, 187.28804159622052, 1219.2776068828798, 696.9875300032925, 0.0, 0.0, 799.7931541200619, 1219.1498618941807, 1218.812367256393, 346.61059296148363, 1198.0087687083455, 467.68181737674723, 1218.4339408230876, 0.0, 1219.5121951219444, 1205.838112596433, 0.0, 0.0, 257.05659846427517, 917.8430289602609, 186.70805323355285, 0.0, 1219.2937076002947, 1219.5121951219444, 187.21000490597916, 1218.7695745060362, 696.6971185092249, 0.0, 0.0, 799.4599069458521, 1219.1498618941807, 1218.304528729409, 346.4661718695293, 1197.509598348117, 467.48694993725087, 1217.926259973797, 0.0, 1219.0040649999933, 1205.3356800093231, 0.0, 0.0, 256.94949153967985, 917.460594334266, 186.6302582051486, 0.0, 1218.785668514818, 1219.5121951219442, 187.132000731028, 1218.2617538093664, 696.4068280199562, 0.0, 0.0, 799.1267986246428, 1218.64188274442, 1217.7969018018282, 346.3218109530348, 1197.010635975555, 467.2921636925275, 1217.4187906582104, 0.0, 1218.4961465989431, 1204.8334567691415, 0.0, 0.0, 256.84242924297337, 917.0783190560447, 186.55249559134214, 0.0, 1218.2778411123109, 1219.004064999993, 187.054029057819, 1217.7541447046706, 696.1166584850677, 0.0, 0.0, 798.7938290985783, 1218.1341152526552, 1217.2894863854842, 346.177510186927, 1196.5118815039982, 467.09745860874585, 1216.9115327881889, 0.0, 1217.9884398305771, 1204.33144278866, 0.0, 0.0, 256.73541155556075, 916.6962030592022, 186.47476537862732, 0.0, 1217.7702253045716, 1218.496146598943, 186.97608987280978, 1217.2467471037853, 695.8266098541617, 0.0, 0.0, 798.4609983098275, 1219.1498618941807, 1216.7822823922475, 346.03326954614323, 1196.0133348468212, 466.902834652089, 1216.4044862756302, 0.0, 1217.4809446067147, 1203.829637980687, 0.0, 0.0, 256.62843845885476, 916.314246277371, 186.39706755350375, 0.0, 1217.2628210034356, 1217.988439830577, 186.89818316246357, 1216.739560918584, 695.5366820768616, 0.0, 0.0, 798.128306200583, 1219.1498618941807, 1216.2752897340247, 345.88908900563126, 1195.5149959174346, 466.70829178875385, 1215.8976510324687, 0.0, 1185.3577085455884, 1203.3280422580674, 0.0, 0.0, 256.52150993427597, 915.9324486442117, 186.31940210247654, 0.0, 1216.7556281207756, 1219.5121951219444, 186.82030891324928, 1216.2325860609767, 695.2468751028117, 0.0, 0.0, 797.7957527130618, 1187.0259304507956, 1166.7540437968175, 345.7449685403493, 1195.0168646292852, 466.5138299849516, 1166.5652637916044, 0.0, 1151.298474455325, 1202.8266555336822, 0.0, 0.0, 256.41462596325266, 915.5508100934122, 186.24176901205655, 0.0, 1216.2486465685001, 1126.015970018745, 186.74246711164142, 1122.737727461662, 694.9571888816773, 0.0, 0.0, 797.4633377895049, 1061.9272889986678, 1024.265336732487, 345.600908125266, 1194.5189408958558, 466.31944920690745, 1024.265336732487, 0.0, 1024.265336732487, 1202.325477720449, 0.0, 0.0, 256.30778652722086, 915.1693305586883, 186.16416826876014, 0.0, 1122.753781277307, 939.5706066978739, 186.66465774412015, 936.2937300752989, 694.6676233631448, 0.0, 0.0, 797.1310613721772, 875.5086292970248, 837.8623695122101, 345.45690773536046, 1194.0212246306653, 466.1251494208606, 837.8623695122101, 0.0, 837.8623695122101, 1201.8245087313214, 0.0, 0.0, 256.20099160762425, 914.7880099737832, 186.08659985910936, 0.0, 936.3097772018536, 753.202928951268, 186.5868807971713, 749.9274176940615, 694.3781784969212, 0.0, 0.0, 796.7989234033678, 689.1676440431379, 651.5370702011551, 345.31296734562216, 1193.5237157472686, 465.93093059306443, 651.5370702011551, 0.0, 651.5370702011551, 1201.3237484792892, 0.0, 0.0, 256.09424118591437, 914.406848272468, 186.00906376963184, 0.0, 749.9434581343131, 566.9129044099353, 186.50913625728626, 563.6387579491953, 694.0888542327349, 0.0, 0.0, 796.4669238253898, 502.90430087265156, 465.2894064376906, 345.1690869310511, 1193.0264141592565, 465.7367926897863, 465.2894064376906, 0.0, 465.2894064376906, 1200.8231968773787, 0.0, 0.0, 255.98753524355044, 914.0258453885409, 185.93155998686086, 0.0, 563.6547917059296, 465.2894064376906, 186.4314241109621, 377.42771848543237, 693.799650520335, 0.0, 0.0, 796.1350625805803, 316.718567434695, 279.11934587366915, 345.0252664666575, 1192.529319780256, 465.5427356773077, 279.11934587366915, 0.0, 279.11934587366915, 1200.3228538386525, 0.0, 0.0, 255.8808737619994, 913.6450012558282, 185.85408849733528, 0.0, 377.4437455614342, 279.11934587366915, 186.35374434470148, 191.29426696098636, 693.5105673094916, 0.0, 0.0, 795.8033396113007, 130.6104113918771, 93.02685617442165, 344.88150592746223, 1192.0324325239299, 465.3487595219241, 93.02685617442165, 0.0, 93.02685617442165, 1199.822719276209, 0.0, 0.0, 255.77425672273588, 913.2643158081835, 185.7766492875996, 0.0, 191.3102873590393, 93.02685617442165, 186.27609694501274, 49.123467070855845, 693.2216045499957, 0.0, 0.0, 795.4717548599359, 31.62913109930336, 0.0, 344.7378052884964, 1191.5357523039772, 465.154864189945, 0.0, 0.0, 0.0, 1199.3227931031831, 0.0, 0.0, 255.66768410724228, 912.8837889794879, 185.6992423442039, 0.0, 49.13147560074301, 0.0, 186.1984818984098, 0.0, 692.9327621916592, 0.0, 0.0, 795.1403082688953, 0.0, 0.0, 344.5941645248016, 1191.0392790341327, 464.96104964769404, 0.0, 0.0, 0.0, 1198.823075232746, 0.0, 0.0, 255.5611558970087, 912.5034207036504, 185.62186765370384, 0.0, 0.0, 0.0, 186.12089919141218, 0.0, 692.6440401843149, 0.0, 0.0, 794.808999780612, 0.0, 0.0, 344.4505836114298, 1190.5430126281672, 464.7673158615088, 0.0, 0.0, 0.0, 1198.323565578105, 0.0, 0.0, 255.45467207353292, 912.1232109146071, 185.54452520266074, 0.0, 0.0, 0.0, 186.04334881054507, 187.17550486758162, 692.3554384778167, 0.0, 0.0, 794.4778293375432, 187.17550486758162, 0.0, 344.3070625234434, 1190.0469529998875, 464.57366279774095, 0.0, 0.0, 187.17550486758162, 1197.8242640525034, 0.0, 0.0, 255.34823261832048, 911.7431595463219, 185.46721497764148, 0.0, 0.0, 0.0, 185.96583074233925, 374.2730199352293, 692.0669570220391, 0.0, 0.0, 794.14679688217, 374.2730199352293, 186.4247405563564, 344.16360123591505, 1189.5511000631361, 464.3800904227561, 0.0, 0.0, 374.2730199352293, 1197.3251705692207, 0.0, 0.0, 255.2418375128846, 911.3632665327862, 185.38993696521857, 0.0, 0.0, 117.9887906619318, 185.8883449733311, 561.2925776986955, 691.7785957668777, 0.0, 187.17550486758162, 793.8159023569975, 561.2925776986955, 373.52256844249206, 344.020199723928, 1189.0554537317914, 464.18659870293396, 0.0, 0.0, 561.2925776986955, 1219.483245316532, 0.0, 0.0, 255.13548673874618, 910.9835318080187, 256.838868009984, 64.71993307384, 0.0, 305.11513352947134, 185.8108914900626, 748.2342106401929, 691.4903546622489, 0.0, 374.27301993522923, 793.485145704555, 748.2342106401929, 560.5424388941052, 343.8768579625757, 1188.5600139197682, 463.9931876046682, 0.0, 0.0, 748.2342106401929, 1218.9751272570008, 0.0, 0.0, 255.02918027743385, 910.6039553060659, 443.90735667400025, 251.86847130048352, 0.0, 492.1635070812452, 185.7334702790814, 935.0979512284, 691.20223365809, 0.0, 561.2925776986955, 793.1545268673952, 935.0979512284, 747.4843843934628, 343.7335759269621, 1188.0647805410163, 463.79985709436653, 0.0, 0.0, 935.0979512284, 1219.483245316532, 0.0, 0.0, 254.92291811048395, 910.2245369610016, 443.7223952605892, 438.93903096329433, 0.0, 679.1339438044708, 185.65608132694067, 1121.8838319184665, 690.914232704359, 0.0, 561.0587057726113, 792.8240457880954, 1121.8838319184665, 934.3484374092977, 343.59035359220144, 1187.5697535095221, 463.60660713845056, 0.0, 0.0, 934.7083270508849, 1218.9751272570008, 0.0, 0.0, 254.8167002194405, 909.845276706927, 443.5375109144399, 625.9316445533433, 0.0, 678.8509713052479, 185.57872462019924, 1219.2776068828798, 690.6263517510351, 0.0, 560.8249312931708, 792.4937024092562, 1219.1498618941807, 933.9591255292323, 343.44719093341837, 1187.0749327393075, 463.413437703356, 0.0, 0.0, 1032.7670098762367, 1219.483245316532, 0.0, 0.0, 254.71052658585518, 909.466174477971, 443.352703603441, 625.6708396805817, 0.0, 678.5681167112424, 185.50140014542154, 1219.2776068828798, 690.338590748118, 0.0, 560.5912542197713, 792.1634966735027, 1219.1498618941805, 933.5699758624633, 343.30408792574787, 1186.5803181444303, 463.22034875553254, 0.0, 0.0, 1219.5121951219444, 1219.4832453165322, 0.0, 0.0, 254.6043971912874, 909.0872302082896, 443.1679732954945, 625.4101434765258, 0.0, 678.2853799733272, 185.42410788917758, 1219.2776068828798, 690.0509496456284, 65.94250732234929, 560.3576745118266, 791.8334285234832, 1218.6418827444197, 933.1809883414016, 343.16104454433537, 1186.085909638984, 463.0273402614437, 0.0, 0.0, 1219.0040649999933, 1218.975127257001, 0.0, 0.0, 254.49831201730424, 908.7084438320667, 442.9833199585158, 625.1495558958969, 0.0, 678.0027610423955, 185.34684783804295, 1218.7695745060362, 689.7634283936077, 253.09053614301519, 560.1241921287682, 791.5034979018707, 1218.134115252655, 932.7921628984867, 343.01806076433655, 1185.5917071370984, 462.83441218756724, 0.0, 0.0, 1218.4961465989431, 1218.4672209133448, 0.0, 0.0, 254.39227104548044, 908.3298152835131, 442.79874356043365, 624.8890768934353, 0.0, 677.7202598693611, 185.26961997859888, 1218.2617538093664, 689.4760269421182, 440.1605866121009, 559.8908070300438, 791.1737047513615, 1217.6265593306953, 932.403499466186, 342.8751365609175, 1185.0977105529382, 462.6415645003946, 0.0, 0.0, 1217.9884398305771, 1217.9595261973486, 0.0, 0.0, 254.28627425739842, 907.9513444968674, 442.6142440691902, 624.6287064239001, 0.0, 677.4378764051582, 185.19242429743215, 1217.7541447046706, 689.1887452412432, 627.1526912205887, 559.6575191751183, 790.844049014676, 1217.1192148903867, 932.014997976995, 342.7322719092546, 1184.6039198007047, 462.4487971664314, 0.0, 0.0, 1217.4809446067147, 1217.4520430208345, 0.0, 0.0, 254.1803216346483, 907.5730314063953, 442.4298214527409, 624.3684444420692, 0.0, 677.1556106007415, 185.11526078113516, 1217.2467471037853, 688.9015832410864, 814.0668824459234, 559.4243285234735, 790.5145306345585, 1216.6120818436118, 931.6266583634375, 342.5894667845347, 1184.1103347946344, 462.2561101521971, 0.0, 0.0, 1216.9736608392127, 1216.9447712956608, 0.0, 0.0, 254.07441315882787, 907.1948759463903, 442.2454756790546, 624.1082909027394, 0.0, 676.8734624070861, 185.03812941630585, 1216.739560918584, 688.6145408917727, 1000.903192752017, 559.1912350346079, 790.1851495537769, 1216.10516010229, 931.2384805580652, 342.4467211619548, 1183.6169554489995, 462.0635034242252, 0.0, 0.0, 1216.466588439964, 1216.4377109337229, 0.0, 0.0, 253.96854881154255, 906.8168780511728, 442.06120671611353, 623.8482457607264, 0.0, 676.5914317751874, 184.96103018954778, 1216.2325860609767, 688.3276181434474, 1187.6616545892552, 558.9582386680371, 789.8559057151234, 1166.668996706481, 837.8623695122101, 342.3040350167225, 1183.1237816781086, 461.870976949063, 0.0, 0.0, 1215.9597273208985, 1215.9308618469527, 0.0, 0.0, 253.86272857440545, 906.4390376550909, 441.8770145319131, 623.5883089708645, 0.0, 676.3095186560614, 184.8839630874701, 1122.737727461662, 688.0408149462767, 1187.166795526921, 558.7253393832935, 789.5267990614136, 1024.265336732487, 651.5370702011551, 342.1614083240554, 1182.6308133963053, 461.67853069327185, 0.0, 0.0, 1122.464982412735, 1122.4361289660706, 0.0, 0.0, 253.75695242903737, 906.06135469252, 441.6928990944623, 623.3284804880071, 0.0, 676.0277230007445, 184.80692809668753, 936.2937300752989, 687.7541312504477, 1186.6721426558793, 558.4925371399263, 789.1978295354871, 837.8623695122101, 465.2894064376906, 342.0188410591817, 1182.138050517969, 461.48616462342704, 0.0, 0.0, 936.0210986701513, 935.9922572457575, 0.0, 0.0, 253.6512203570667, 905.6838290978628, 441.5088603717832, 623.0687602670262, 0.0, 675.7460447602932, 184.72992520382036, 749.9274176940615, 687.4675670061682, 1186.177695890217, 558.2598318975016, 788.8689970802075, 651.5370702011551, 279.11934587366915, 341.87633319733976, 1181.6454929575154, 461.29387870611777, 0.0, 0.0, 749.6548998853419, 749.6260704782093, 0.0, 0.0, 253.54553234012957, 905.3064608055492, 441.32489833191136, 622.8091482628126, 0.0, 675.464483885785, 184.65295439549445, 563.6387579491953, 687.1811221636667, 1185.6834551440568, 558.0272236156023, 788.5403016384618, 465.2894064376906, 93.02685617442165, 341.73388471377837, 1181.153140629395, 461.1016729079471, 0.0, 0.0, 563.3663536895717, 563.337536294693, 0.0, 0.0, 253.43988835986968, 904.9292497500368, 441.1410129428956, 622.5496444302762, 0.0, 675.1830403283171, 184.57601565834125, 377.42771848543237, 686.8947966731926, 1185.1894203315574, 557.7947122538283, 788.2117431531611, 279.11934587366915, 0.0, 341.5914955837565, 1180.6609934480944, 460.90954719553207, 0.0, 0.0, 377.1554277275927, 377.12662233996286, 0.0, 0.0, 253.33428839793842, 904.55219586581, 440.9572041727981, 622.2902487243452, 0.0, 674.9017140390076, 184.49910897899775, 191.29426696098636, 686.6085904850156, 1184.695591366913, 557.562297771796, 787.8833215672403, 93.02685617442165, 0.0, 341.44916578254356, 1180.1690513281358, 460.71750153550363, 0.0, 0.0, 191.02208965763822, 190.99329627225418, 0.0, 0.0, 253.22873243599483, 904.1752990873808, 440.7734719896942, 622.0309610999672, 0.0, 674.6205049689947, 184.42223434410656, 49.123467070855845, 686.3225035494266, 1184.2019681643537, 557.329980129139, 787.5550368236578, 0.0, 0.0, 341.3068952854192, 1179.6773141840767, 460.5255358945066, 0.0, 0.0, 97.9544021326654, 48.97301308413852, 0.0, 0.0, 253.12322045570556, 903.7985593492887, 440.5898163616727, 621.7717815121079, 0.0, 674.339413069437, 184.3453917403158, 0.0, 686.036535816737, 1183.7085506381452, 557.0977592855075, 787.2268888653962, 0.0, 0.0, 341.1646840676734, 1179.1857819305108, 460.33365023919976, 0.0, 0.0, 97.9135877951783, 0.0, 0.0, 0.0, 253.01775243874494, 903.4219765860998, 440.4062372568357, 621.5127099157521, 0.0, 674.0584382915134, 184.26858115427916, 0.0, 685.7506872372788, 1183.2153387025892, 556.8656352005687, 786.8988776354614, 0.0, 0.0, 341.0225321046064, 1178.694454482067, 460.14184453625563, 0.0, 0.0, 97.87279046366653, 0.0, 0.0, 0.0, 252.91232836679487, 903.0455507324083, 440.2227346432985, 621.2537462659035, 0.0, 673.7775805864234, 184.19180257265594, 0.0, 685.464957761405, 1182.7223322720226, 556.6336078340063, 786.5710030768834, 187.17550486758162, 0.0, 340.8804393715287, 1178.2033317534097, 459.9501187523608, 0.0, 0.0, 285.0075149986259, 0.0, 121.73085079554313, 0.0, 439.9824530891266, 902.669281722835, 440.03930848918975, 620.9948905175843, 0.0, 673.4968399053864, 184.11505598211096, 0.0, 685.1793473394889, 1182.2295312608187, 556.401677145521, 786.2432651327157, 374.2730199352293, 0.0, 340.73840584376126, 1177.712413659239, 459.7584728542157, 0.0, 0.0, 472.06426672545786, 0.0, 308.8556344712356, 0.0, 626.9746319199216, 902.2931694920281, 627.0314636302329, 620.7361426258354, 0.0, 673.2162161996426, 184.0383413693146, 0.0, 684.8938559219248, 1181.7369355833857, 743.345347962412, 785.9156637460356, 561.2925776986955, 0.0, 527.7719363642167, 1177.2217001142906, 459.5669068085345, 0.0, 0.0, 659.043078132835, 0.0, 495.9024494808257, 0.0, 813.8888973366375, 901.9172139746634, 813.9457053670676, 620.4775025457168, 0.0, 672.9357094204523, 371.1371635885244, 187.17550486758162, 684.6084834591276, 1181.2445451541682, 930.2111255768979, 785.5881988599443, 748.2342106401929, 0.0, 527.5520313731392, 1176.7311910333356, 459.3754205820454, 0.0, 0.0, 845.9439816958932, 0.0, 682.8713283112602, 0.0, 1000.7252818031992, 901.5414151054433, 1000.7820661636148, 620.2189702323069, 0.0, 672.655319519096, 370.98252309132465, 347.9411007377918, 684.3232299015327, 1180.752359887646, 929.8235375769005, 785.2608704175665, 935.0979512284, 0.0, 527.3322180091487, 1176.2408863311807, 459.1840141414904, 0.0, 0.0, 1032.7670098762367, 0.0, 869.7623034359498, 53.76114508644114, 1187.4838177700053, 901.165772819098, 1187.5405784702689, 619.9605456407029, 68.70822386025915, 672.3750464468745, 370.8279470276705, 347.79612526755307, 684.0380951995963, 1180.2603796983344, 929.4361110719161, 784.9336783620505, 1121.8838319184665, 0.0, 527.1124962340672, 1175.750785922668, 458.99268745362536, 0.0, 0.0, 1219.5121951219444, 0.0, 1056.5754073147743, 240.91424947511138, 1187.4838177700053, 900.7902870503846, 1187.5405784702689, 619.7022287260206, 255.85510029894206, 672.0948901551092, 370.67343537071474, 347.65121020376506, 683.7530793037953, 1179.7686045007847, 929.048845994655, 784.6066226365685, 1219.1498618941807, 0.0, 526.8928660097326, 1175.2608897226753, 458.8014404852199, 0.0, 0.0, 1219.5121951219444, 0.0, 1056.1351675265073, 240.8138685297996, 1187.4838177700053, 900.4149577340872, 1187.540578470269, 619.4440194433947, 255.74849399862234, 671.8148505951414, 370.5189880936212, 347.50635552125846, 683.468182164627, 1179.277034209584, 928.6617422778556, 784.2797031843164, 1219.149861894181, 0.0, 526.6733272979989, 1174.7711976461155, 458.6102732030577, 0.0, 0.0, 1219.5121951219444, 0.0, 1055.6951111715002, 240.71352940988507, 1187.4838177700053, 900.0397848050176, 1187.0457698563218, 619.1859177479786, 255.64193211759797, 671.5349277183329, 370.3646051695649, 347.3615611948744, 683.1834037326095, 1178.7856687393542, 928.2747998542845, 783.9529199485137, 1218.6418827444202, 0.0, 526.4538800607356, 1174.2817096079373, 458.41918557393615, 0.0, 0.0, 1219.0040649999933, 0.0, 1055.2552381733224, 240.6132320979405, 1187.4838177700053, 899.6647681980141, 1186.551167412647, 618.9279235949441, 255.53541463736093, 671.2551214760658, 370.2102865717321, 347.2168271994645, 682.8987439582814, 1085.3064130235052, 927.8880186567361, 783.6262728724034, 1218.1341152526554, 0.0, 526.2345242598285, 1173.7924255231246, 458.2281775646664, 0.0, 0.0, 1218.4961465989431, 0.0, 1054.815548455575, 240.51297657654595, 1186.9890328063518, 899.2899078479428, 1186.05677105334, 618.670036939482, 255.42894153941086, 670.9754318197423, 370.0560322733202, 347.0721535098908, 682.6142027922023, 898.8780120194058, 927.5013986180329, 783.2997618992524, 1217.6265593306957, 0.0, 526.0152598571791, 1173.3033453066969, 458.0372491420735, 0.0, 0.0, 1217.9884398305771, 0.0, 1054.3760419418913, 240.41276282828863, 1186.4944540031163, 898.9152036896966, 1185.5625806925327, 618.4122577368015, 255.32251280525514, 670.6958587007849, 369.90184224753784, 346.92754010102595, 682.3297801849517, 738.0544521762154, 927.1149396710254, 782.9733869723511, 1217.1192148903872, 0.0, 525.7960868147048, 1172.814468873709, 457.84640027299645, 0.0, 0.0, 1217.4809446067147, 0.0, 1053.9367185559363, 240.3125908357631, 1186.0000812743986, 898.5406556581954, 1185.0685962443922, 618.1545859421308, 255.21612841640888, 670.4164020706364, 369.7477164676047, 346.78298694775293, 682.0454760871303, 670.2859971362352, 926.7286417485919, 969.8226529025952, 1216.6120818436123, 0.0, 525.5770050943389, 1172.3257961392512, 457.65563092428783, 0.0, 0.0, 1216.9736608392127, 0.0, 1053.497578221407, 240.21246058157112, 1185.5059145343344, 898.1662636883865, 1184.5748176231216, 617.8970215107164, 255.10978835439485, 670.1370618807598, 369.5936549067516, 346.63849402496527, 681.7612904493592, 638.3907589881279, 926.3425047836391, 1156.5940649658066, 1216.1051601022905, 0.0, 525.3580146580304, 1171.837327018449, 457.4649410628142, 0.0, 0.0, 1216.466588439964, 0.0, 1053.0586208620314, 240.11237204832173, 1185.011953697095, 897.7920277152442, 1184.0812447429596, 617.6395643978237, 255.00349260074353, 669.8578380826383, 369.43965753822073, 346.49406130756694, 681.4772232222799, 606.5088105236455, 925.9565287091012, 1189.7526094723698, 1215.5984495783778, 0.0, 525.1391154677443, 1171.3490614264635, 457.2743306554559, 0.0, 0.0, 1215.9597273208985, 0.0, 1052.6198464015704, 240.0123252186312, 1184.5181986768873, 897.4179476737698, 1183.5878775181807, 617.3822145587367, 254.8972411369931, 669.5787306277753, 369.2857243352652, 346.3496887704723, 681.1932743565548]"
lambda_2,"[0.0, 0.0, 0.0, 0.0, 0.5918652115643974, 0.4081347884356026, 0.0, 0.0, 0.0, 0.0, 0.0, 0.0, 0.0, 0.0, 0.0, 0.0, 0.0, 0.0, 0.0, 0.0, 0.0, 0.0, 0.0, 0.0, 0.0, 0.0, 0.0, 0.0, 0.0, 0.0, 0.0, 0.0, 0.0, 0.0, 0.0, 0.0, 0.0, 0.0, 0.0, 0.0, 0.0, 0.0, 0.0, 0.0, 0.0, 0.0, 0.0, 0.0, 0.0, 0.0, 0.0, 0.0, 0.0, 0.0, 0.0, 0.0, 0.0, 0.0, 0.0, 0.0, 0.0, 0.0, 0.0, 0.0, 0.0, 0.0, 0.0, 0.0, 0.0, 0.0, 0.0, 0.0, 0.0, 0.0, 0.0, 0.0, 0.0, 0.0, 0.0, 0.0, 0.0, 0.0, 0.0, 0.0, 0.0, 0.0, 0.0, 0.0, 0.0, 0.0, 0.0, 0.0, 0.0, 0.0, 0.0, 0.0, 0.0, 0.0, 0.0, 0.0, 0.0, 0.0, 0.0, 0.0, 0.0, 0.0, 0.0, 0.0, 0.0, 0.0, 0.0, 0.0, 0.0, 0.0, 0.0, 0.0, 0.0, 0.0, 0.0, 0.0, 0.0, 0.0, 0.0, 0.0, 0.0, 0.0, 0.0, 0.0, 0.0, 0.0, 0.0, 0.0, 0.0, 0.0, 0.0, 0.0, 0.0, 0.0, 0.0, 0.0, 0.0, 0.0, 0.0, 0.0, 0.0, 0.0, 0.0, 0.0, 0.0, 0.0, 0.0, 0.0, 0.0, 0.0, 0.0, 0.0, 0.0, 0.0, 0.0, 0.0, 0.0, 0.0, 0.0, 0.0, 0.0, 0.0, 0.0, 0.0, 0.0, 0.0, 0.0, 0.0, 0.0, 0.0, 0.0, 0.0, 0.0, 0.0, 0.0, 0.0, 0.0, 0.0, 0.0, 0.0, 0.0, 0.0, 0.0, 0.0, 0.0, 0.0, 0.0, 0.0, 0.0, 0.0, 0.0, 0.0, 0.0, 0.0, 0.0, 0.0, 0.0, 0.0, 0.0, 0.0, 0.0, 0.0, 0.0, 0.0, 0.0, 0.0, 0.0, 0.0, 0.0, 0.0, 0.0, 0.0, 0.0, 0.0, 0.0, 0.0, 0.0, 0.0, 0.0, 0.0, 0.0, 0.0, 0.0, 0.0, 0.0, 0.0, 0.0, 0.0, 0.0, 0.0, 0.0, 0.0, 0.0, 0.0, 0.0, 0.0, 0.0, 0.0, 0.0, 0.0, 0.0, 0.0, 0.0, 0.0, 0.0, 0.0, 0.0, 0.0, 0.0, 0.0, 0.0, 0.0, 0.0, 0.0, 0.0, 0.0, 0.0]"
net_charge_t,"[0.0, 0.0, 0.0, 0.0, 0.0, 0.0, 0.0, 0.0, 0.0, 0.1409949087013874, 0.375148537068626, 0.0, 0.24511355324058992, 0.0, 0.0, 0.0, 0.0, 0.24511355324059741, 0.0, 0.24081139191856854, 0.23008606708764878, 0.0, 0.0, 0.0, 0.0, 0.0, 0.0, 0.0, 0.0, 0.0, 0.0, 0.0, 0.0, 0.0, 0.0, 0.0, 0.0, 0.0, 0.0, 0.0, 0.0, 0.0, 0.0, 0.0, 0.0, 0.0, 0.0, 0.0, 0.0, 0.0, 0.0, 0.0, 0.0, 0.0, 0.0, 0.0, 0.0, 0.0, 0.0, 0.0, 0.0, 0.0, 0.0, 0.0, 0.0, 0.0, 0.0, 0.0, 0.0, 0.0, 0.0, 0.0, 0.0, 0.0, 0.0, 0.0, 0.0, 0.0, 0.0, 0.0, 0.0, 0.0, 0.0, 0.0, 0.0, 0.0, 0.0, 0.0, 0.0, 0.0, 0.0, 0.0, 0.0, 0.0, 0.0, 0.0, 0.0, 0.0, 0.0, 0.0, 0.0, 0.0, 0.0, 0.0, 0.0, 0.0, 0.0, 0.0, 0.0, 0.0, 0.0, 0.0, 0.0, 0.0, 0.0, 0.0, 0.0, 0.0, 0.0, 0.0, 0.0, 0.0, 0.0, 0.0, 0.0, 0.0, 0.0, 0.0, 0.0, 0.0, 0.0, 0.0, 0.0, 0.0, 0.0, 0.0, 0.0, 0.0, 0.0, 0.0, 0.0, 0.0, 0.0, 0.0, 0.0, 0.0, 0.0, 0.0, 0.0, 0.0, 0.0, 0.0, 0.0, 0.0, 0.0, 0.0, 0.0, 0.0, 0.0, 0.0, 0.0, 0.0, 0.0, 0.0, 0.0, 0.0, 0.0, 0.0, 0.0, 0.0, 0.0, 0.0, 0.0, 0.0, 0.0, 0.0, 0.0, 0.0, 0.0, 0.0, 0.0, 0.0, 0.0, 0.0, 0.0, 0.0, 0.0, 0.0, 0.0, 0.0, 0.0, 0.0, 0.0, 0.0, 0.0, 0.0, 0.0, 0.0, 0.0, 0.0, 0.0, 0.0, 0.0, 0.0, 0.0, 0.0, 0.0, 0.0, 0.0, 0.0, 0.0, 0.0, 0.0, 0.0, 0.0, 143.3757099119227, 0.0, 0.0, 0.0, 0.0, 0.0, 197.1118324971417, 0.0, 197.1118324971417, 0.0, 0.0, 0.0, 0.0, 0.0, 0.0, 0.0, 0.0, 0.0, 0.0, 0.0, 0.0, 0.0, 0.0, 197.11183249714173, 160.14364531962138, 0.0, 42.76916018404661, 0.0, 144.11757797617793, 197.1118324971417, 0.0, 197.1118324971417, 0.0, 0.0, 118.48509755676092, 0.0, 0.0, 0.0, 0.0, 0.0, 0.0, 0.0, 0.0, 0.0, 0.0, 0.0, 197.1118324971417, 197.1118324971417, 0.0, 197.1118324971417, 0.0, 197.1118324971417, 197.1118324971417, 0.0, 197.1118324971417, 0.0, 144.34661167629915, 197.1118324971417, 152.18200809614058, 0.0, 0.0, 0.0, 166.76432407103593, 0.0, 0.0, 0.0, 0.0, 0.0, 0.0, 197.1118324971417, 197.1118324971417, 0.0, 197.11183249714173, 0.0, 197.1118324971417, 197.1118324971417, 0.0, 197.11183249714173, 0.0, 197.1118324971417, 197.1118324971417, 197.1118324971417, 0.0, 0.0, 0.0, 197.1118324971417, 0.0, 0.0, 0.0, 0.0, 0.0, 0.0, 197.1118324971417, 197.1118324971417, 0.0, 197.1118324971417, 0.0, 197.1118324971417, 197.1118324971417, 0.0, 197.1118324971417, 0.0, 197.1118324971417, 197.1118324971417, 0.0, 0.0, 0.0, 0.0, 197.1118324971417, 0.0, 0.0, 0.0, 0.0, 0.0, 0.0, 197.1118324971417, 197.1118324971417, 0.0, 0.0, 0.0, 0.5350086550551438, 197.1118324971417, 0.0, 197.1118324971417, 0.0, 197.1118324971417, 0.5351045242572752, 0.0, 0.0, 0.0, 0.0, 0.0, 0.0, 0.0, 0.0, 0.0, 0.0, 0.0, 0.535077206491628, 0.5351045242572752, 0.0, 0.0, 0.0, 0.5350086550551438, 69.57466833271553, 0.0, 69.63444220991562, 0.0, 0.5350086550551438, 0.0, 0.0, 0.0, 0.0, 0.0, 0.0, 0.0, 0.0, 0.0, 0.0, 0.0, 0.0, 0.535077206491628, 0.5351045242572752, 0.0, 0.0, 0.0, 0.5350086550551438, 0.5210509299642065, 0.0, 0.0, 0.0, 0.5350086550551438, 0.0, 0.0, 0.0, 0.0, 0.0, 0.0, 0.0, 0.0, 0.0, 0.0, 0.0, 0.0, 0.0, 0.0, 0.0, 0.0, 0.0, 0.5350086550551438, 0.5210509299644459, 0.0, 0.0, 0.0, 0.0, 0.0, 0.0, 0.0, 0.0, 0.0, 0.0, 0.0, 0.0, 0.0, 0.0, 0.0, 0.0, 0.0, 0.0, 0.0, 0.0, 0.0, 0.0, 0.0, 0.0, 0.0, 0.0, 0.0, 0.0, 0.0, 0.0, 0.0, 0.0, 0.0, 0.0, 0.0, 0.0, 0.0, 0.0, 0.0, 0.0, 0.0, 0.0, 0.0, 0.0, 0.0, 0.0, 0.0, 0.0, 0.0, 0.0, 0.0, 0.0, 0.0, 0.0, 0.0, 0.0, 0.0, 0.0, 0.0, 0.0, 0.0, 0.0, 0.0, 0.0, 0.0, 0.0, 0.0, 0.0, 0.0, 0.0, 0.0, 0.0, 0.0, 0.0, 0.0, 0.0, 0.0, 0.0, 0.0, 0.0, 0.0, 0.0, 0.0, 0.0, 0.0, 0.0, 0.0, 0.0, 0.0, 0.0, 0.0, 0.0, 0.0, 0.0, 0.0, 0.0, 0.0, 0.0, 0.0, 0.0, 0.0, 0.0, 0.0, 0.0, 0.0, 0.0, 0.0, 0.0, 0.0, 0.0, 0.0, 0.0, 0.0, 0.0, 0.0, 0.0, 0.0, 0.0, 0.0, 0.0, 0.0, 0.0, 0.0, 0.0, 0.0, 0.0, 0.0, 0.0, 0.0, 0.0, 0.0, 0.0, 0.0, 0.0, 0.0, 0.0, 0.0, 0.0, 0.0, 0.0, 0.0, 0.0, 0.0, 0.0, 0.0, 0.0, 0.0, 0.0, 0.0, 0.0, 0.0, 0.0, 0.0, 0.0, 0.0, 0.0, 0.0, 0.0, 0.0, 0.0, 0.0, 0.0, 0.0, 0.0, 0.0, 0.0, 0.0, 0.0, 0.0, 0.0, 0.0, 0.0, 0.0, 0.0, 0.0, 0.0, 0.0, 0.0, 0.0, 0.0, 0.0, 0.0, 0.0, 0.0, 0.0, 0.0, 0.0, 0.0, 0.0, 0.0, 0.0, 0.0, 0.0, 0.0, 0.0, 0.0, 0.0, 0.0, 0.0, 0.0, 0.0, 0.0, 0.0, 0.0, 0.0, 0.0, 0.0, 0.0, 0.0, 0.0, 0.0, 0.0, 0.0, 0.0, 0.0, 0.0, 0.0, 0.0, 0.0, 0.0, 0.0, 0.0, 0.0, 0.0, 0.0, 0.0, 0.0, 0.0, 0.0, 0.0, 0.0, 0.0, 0.0, 0.0, 0.0, 0.0, 0.0, 0.0, 0.0, 0.0, 0.0, 0.0, 0.0, 0.0, 0.0, 0.0, 0.0, 0.0, 0.0, 0.0, 0.0, 0.0, 0.0, 0.0, 0.0, 0.0, 0.0, 0.0, 0.0, 0.0, 0.0, 0.0, 0.0, 0.0, 0.0, 0.0, 0.0, 0.0, 0.0, 0.0, 0.0, 0.0, 0.0, 0.0, 0.0, 0.0, 0.0, 0.0, 0.0, 0.0, 0.0, 0.0, 0.0, 0.0, 0.0, 0.0, 0.0, 0.0, 0.0, 0.0, 0.0, 0.0, 0.0, 0.0, 0.0, 0.0, 0.0, 0.0, 0.0, 0.0, 0.0, 0.0, 0.0, 0.0, 0.0, 0.0, 0.0, 0.0, 0.0, 0.0, 0.0, 0.0, 0.0, 0.0, 0.0, 0.0, 0.0, 0.0, 0.0, 0.0, 0.0, 0.0, 0.0, 0.0, 0.0, 0.0, 0.0, 0.0, 0.0, 0.0, 0.0, 0.0, 0.0, 0.0, 0.0, 0.0, 0.0, 0.0, 0.0, 0.0, 0.0, 0.0, 0.0, 197.1118324971417, 69.25535990034999, 0.0, 0.0, 0.0, 0.0, 0.0, 0.0, 0.0, 0.0, 0.0, 0.0, 0.0, 0.0, 0.0, 0.0, 0.0, 0.0, 0.0, 0.0, 0.0, 0.0, 0.0, 197.11183249714173, 197.11183249714173, 0.0, 0.0, 0.0, 102.83776605471805, 0.0, 0.0, 0.0, 0.0, 0.0, 0.0, 0.0, 0.0, 0.0, 149.5881282056193, 0.0, 0.0, 0.0, 197.1118324971417, 0.0, 0.0, 0.0, 197.1118324971417, 197.1118324971417, 0.0, 0.0, 0.0, 197.1118324971417, 0.0, 197.1118324971417, 0.0, 0.0, 0.0, 0.0, 0.0, 0.0, 0.0, 197.1118324971417, 0.0, 0.0, 0.0, 197.1118324971417, 0.0, 0.0, 114.27479170796586, 197.1118324971417, 197.1118324971417, 0.0, 0.0, 197.11183249714173, 197.1118324971417, 0.0, 197.1118324971417, 0.0, 0.0, 0.0, 0.0, 0.0, 0.0, 0.0, 197.1118324971417, 0.0, 0.0, 0.0, 197.1118324971417, 0.0, 0.0, 197.1118324971417, 197.1118324971417, 197.1118324971417, 0.0, 0.0, 0.0, 197.1118324971417, 0.0, 0.0, 0.0, 0.0, 0.0, 0.0, 0.0, 0.0, 0.0, 197.1118324971417, 0.0, 0.0, 11.189925396515122, 197.1118324971417, 0.0, 0.0, 197.1118324971417, 197.1118324971417, 197.1118324971417, 0.0, 0.0, 131.87583004017213, 197.1118324971417, 0.0, 1.0699860882783545, 0.0, 0.0, 0.0, 0.0, 0.0, 0.0, 0.0, 0.5350086550551438, 0.0, 0.0, 0.535077206491628, 197.1118324971417, 0.0, 0.0, 197.1118324971417, 103.07320587060738, 197.1118324971417, 0.0, 0.0, 0.0, 197.1118324971417, 12.781159176146687, 0.5351045242572752, 0.0, 0.0, 0.0, 0.0, 0.0, 0.0, 0.0, 0.5350086550551438, 0.0, 0.0, 0.535077206491628, 0.0, 0.0, 0.0, 0.5351045242572752, 0.0, 0.5210509299642065, 0.0, 0.0, 0.0, 197.1118324971417, 0.0, 0.5351045242572752, 0.0, 0.0, 0.0, 0.0, 0.0, 0.0, 0.0, 0.5350086550551438, 0.0, 0.0, 0.5350772064913885, 0.0, 0.0, 0.0, 0.5351045242572752, 0.0, 0.5210509299642065, 0.0, 0.0, 0.0, 0.0, 1.0699860882783545, 0.5351045242572752, 0.0, 0.0, 0.0, 0.0, 0.0, 0.0, 0.0, 0.0, 0.0, 0.0, 0.0, 0.0, 0.0, 0.0, 0.0, 0.0, 0.5210509299644459, 0.0, 0.0, 0.0, 0.0, 0.5351045242572752, 0.0, 0.0, 0.0, 0.0, 0.0, 0.0, 0.0, 0.0, 0.0, 0.0, 0.0, 0.0, 0.0, 0.0, 0.0, 0.0, 0.0, 0.0, 0.0, 0.0, 0.0, 0.0, 0.0, 0.0, 0.0, 0.0, 0.0, 0.0, 0.0, 0.0, 0.0, 0.0, 0.0, 0.0, 0.0, 0.0, 0.0, 0.0, 0.0, 0.0, 0.0, 0.0, 0.0, 0.0, 0.0, 0.0, 0.0, 0.0, 0.0, 0.0, 0.0, 0.0, 0.0, 0.0, 0.0, 0.0, 0.0, 0.0, 0.0, 0.0, 0.0, 0.0, 0.0, 0.0, 0.0, 0.0, 0.0, 0.0, 0.0, 0.0, 0.0, 0.0, 0.0, 0.0, 0.0, 0.0, 0.0, 0.0, 0.0, 0.0, 0.0, 0.0, 0.0, 0.0, 0.0, 0.0, 0.0, 0.0, 0.0, 0.0, 0.0, 0.0, 0.0, 0.0, 0.0, 0.0, 0.0, 0.0, 0.0, 0.0, 0.0, 0.0, 0.0, 0.0, 0.0, 0.0, 0.0, 0.0, 0.0, 0.0, 0.0, 0.0, 0.0, 0.0, 0.0, 0.0, 0.0, 0.0, 0.0, 0.0, 0.0, 0.0, 0.0, 0.0, 0.0, 0.0, 0.0, 0.0, 0.0, 0.0, 0.0, 0.0, 0.0, 0.0, 0.0, 0.0, 0.0, 0.0, 3.7410527549885497, 0.0, 0.0, 0.0, 0.0, 0.0, 0.0, 0.0, 0.0, 0.0, 0.0, 0.0, 0.0, 0.0, 0.0, 0.0, 0.0, 0.0, 0.0, 0.0, 0.0, 0.0, 0.0, 0.0, 0.0, 0.0, 0.0, 0.0, 0.0, 0.0, 0.0, 0.0, 0.0, 0.0, 0.0, 0.0, 0.0, 0.0, 0.0, 0.0, 0.0, 0.0, 0.0, 0.0, 0.0, 0.0, 0.0, 0.0, 0.0, 0.0, 0.0, 0.0, 0.0, 0.0, 0.0, 0.0, 0.0, 0.0, 0.0, 0.0, 0.0, 0.0, 0.0, 0.0, 0.0, 0.0, 0.0, 0.0, 0.0, 0.0, 0.0, 0.0, 0.0, 0.0, 0.0, 0.0, 0.0, 0.0, 0.0, 0.0, 0.0, 0.0, 0.0, 0.0, 0.0, 0.0, 0.0, 0.0, 0.0, 0.0, 0.0, 0.0, 0.0, 0.0, 0.0, 0.0, 0.0, 0.0, 0.0, 0.0, 0.0, 0.0, 0.0, 0.0, 0.0, 0.0, 0.0, 0.0, 0.0, 0.0, 0.0, 0.0, 0.0, 0.0, 0.0, 0.0, 0.0, 0.0, 0.0, 0.0, 0.0, 0.0, 0.0, 0.0, 0.0, 0.0, 0.0, 0.0, 0.0, 0.0, 0.0, 0.0, 0.0, 0.0, 0.0, 0.0, 0.0, 0.0, 0.0, 0.0, 0.0, 0.0, 0.0, 0.0, 0.0, 0.0, 0.0, 0.0, 0.0, 0.0, 0.0, 0.0, 0.0, 0.0, 0.0, 0.0, 0.0, 0.0, 0.0, 0.0, 0.0, 0.0, 0.0, 0.0, 0.0, 0.0, 0.0, 0.0, 0.0, 0.0, 0.0, 0.0, 0.0, 0.0, 0.0, 0.0, 0.0, 0.0, 0.0, 0.0, 0.0, 0.0, 0.0, 0.0, 0.0, 0.0, 0.0, 0.0, 0.0, 0.0, 0.0, 0.0, 197.1118324971417, 0.0, 0.0, 0.0, 0.0, 197.1118324971417, 0.0, 0.0, 0.0, 0.0, 0.0, 0.0, 0.0, 0.0, 0.0, 0.0, 0.0, 0.0, 0.0, 0.0, 0.0, 0.0, 0.0, 197.1118324971417, 0.0, 0.0, 197.1118324971417, 0.0, 0.0, 197.1118324971417, 103.06842817680793, 0.0, 0.0, 0.0, 0.0, 0.0, 0.0, 103.06842817680793, 0.0, 0.0, 0.0, 0.0, 0.0, 0.0, 0.0, 0.0, 197.1118324971417, 0.0, 0.0, 197.1118324971417, 111.02763187233805, 0.0, 197.1118324971417, 197.1118324971417, 0.0, 0.0, 197.1118324971417, 0.0, 0.0, 0.0, 197.1118324971417, 0.0, 0.0, 0.0, 0.0, 0.0, 0.0, 0.0, 118.396479681505, 197.1118324971417, 0.0, 0.0, 197.1118324971417, 197.1118324971417, 0.0, 197.1118324971417, 197.1118324971417, 0.0, 0.0, 197.1118324971417, 0.0, 0.0, 0.0, 197.1118324971417, 197.1118324971417, 0.0, 0.0, 0.0, 0.0, 0.0, 0.0, 197.1118324971417, 197.1118324971417, 0.0, 0.0, 197.1118324971417, 0.0, 0.0, 0.0, 197.1118324971417, 0.0, 197.1118324971417, 28.84420542847313, 0.0, 0.0, 0.0, 197.1118324971417, 0.0, 0.0, 0.0, 0.0, 0.0, 0.0, 0.0, 197.1118324971417, 67.32211087246351, 0.0, 0.0, 197.1118324971417, 1.0699860882783545, 0.0, 0.0, 197.1118324971417, 0.0, 79.60337866291887, 0.5349511853936888, 0.0, 0.0, 0.0, 197.1118324971417, 4.519621782937902, 0.0, 0.0, 0.0, 25.42911201803781, 0.0, 0.0, 197.11183249714173, 0.0, 0.0, 0.0, 197.1118324971417, 0.0, 0.0, 0.0, 197.1118324971417, 0.0, 0.0, 0.5349511853944072, 0.0, 0.0, 0.0, 197.1118324971417, 0.0, 0.0, 0.0, 0.0, 0.5349781847225903, 0.0, 0.0, 0.0, 0.0, 0.0, 0.0, 103.23772930554358, 0.0, 0.0, 0.0, 197.1118324971417, 0.0, 0.0, 0.5349511853941677, 0.0, 0.0, 0.0, 197.1118324971417, 0.0, 0.0, 0.0, 0.0, 0.0, 0.0, 0.0, 0.0, 0.0, 0.0, 0.0, 0.0, 0.0, 0.0, 0.0, 0.5351045242572752, 0.0, 0.0, 0.5349511853941677, 0.0, 0.0, 0.0, 0.5351045242572752, 0.0, 0.0, 0.0, 0.0, 0.0, 0.0, 0.0, 0.0, 0.0, 102.69965885150037, 0.0, 0.0, 0.0, 0.0, 0.0, 0.5351045242572752, 0.0, 0.0, 0.0, 0.0, 0.0, 0.0, 0.5351045242572752, 0.0, 0.0, 0.0, 0.0, 0.0, 0.0, 0.0, 0.0, 0.0, 197.11183249714173, 0.0, 0.0, 0.0, 0.0, 0.0, 0.0, 0.0, 0.0, 0.0, 0.0, 0.0, 0.0, 0.0, 0.0, 0.0, 0.0, 0.0, 0.0, 0.0, 0.0, 0.0, 0.0, 197.1118324971417, 0.0, 0.0, 0.0, 0.0, 0.0, 0.0, 0.0, 0.0, 0.0, 0.0, 0.0, 0.0, 0.0, 0.0, 0.0, 0.0, 0.0, 0.0, 0.0, 0.0, 0.0, 0.0, 197.1118324971417, 0.0, 0.0, 0.0, 0.0, 0.0, 0.0, 0.0, 0.0, 0.0, 0.0, 0.0, 0.0, 0.0, 0.0, 0.0, 0.0, 0.0, 0.0, 0.0, 0.0, 0.0, 0.0, 197.1118324971417, 0.0, 0.0, 0.0, 0.0, 0.0, 0.0, 0.0, 0.0, 0.0, 0.0, 0.0, 0.0, 0.0, 0.0, 0.0, 0.0, 0.0, 0.0, 0.0, 0.0, 0.0, 0.0, 197.1118324971417, 0.0, 0.0, 0.0, 0.0, 0.0, 0.0, 0.0, 0.0, 0.0, 0.0, 0.0, 0.0, 2.6732939477313216, 0.0, 0.0, 0.0, 0.0, 0.0, 0.0, 0.0, 0.0, 0.0, 197.1118324971417, 0.0, 0.0, 0.0, 0.0, 0.0, 3.207284599421291, 0.0, 0.0, 0.0, 0.0, 0.0, 0.0, 0.0, 0.0, 0.0, 0.0, 0.0, 0.0, 0.0, 0.0, 0.0, 0.0, 0.0, 0.0, 0.0, 0.0, 0.0, 0.0, 0.0, 0.0, 0.0, 0.0, 0.0, 0.0, 0.0, 0.0, 0.0, 0.0, 0.0, 0.0, 0.0, 0.0, 0.0, 0.0, 0.0, 0.0, 0.0, 0.0, 0.0, 0.0, 0.0, 0.0, 0.0, 0.0, 0.0, 0.0, 0.0, 0.0, 0.0, 0.0, 0.0, 0.0, 0.0, 0.0, 0.0, 0.0, 0.0, 0.0, 0.0, 0.0, 0.0, 0.0, 0.0, 0.0, 0.0, 0.0, 0.0, 0.0, 0.0, 0.0, 0.0, 0.0, 0.0, 0.0, 0.0, 0.0, 0.0, 0.0, 0.0, 0.0, 0.0, 0.0, 0.0, 0.0, 0.0, 0.0, 0.0, 0.0, 0.0, 0.0, 0.0, 0.0, 0.0, 0.0, 0.0, 0.0, 0.0, 0.0, 0.0, 0.0, 0.0, 0.0, 0.0, 0.0, 0.0, 0.0, 0.0, 0.0, 0.0, 0.0, 0.0, 0.0, 0.0, 0.0, 0.0, 0.0, 0.0, 0.0, 0.0, 0.0, 0.0, 0.0, 0.0, 0.0, 0.0, 0.0, 0.0, 0.0, 0.0, 0.0, 0.0, 0.0, 0.0, 0.0, 0.0, 0.0, 0.0, 0.0, 0.0, 0.0, 0.0, 0.0, 0.0, 0.0, 0.0, 0.0, 0.0, 0.0, 0.0, 0.0, 0.0, 0.0, 0.0, 0.0, 0.0, 0.0, 0.0, 0.0, 0.0, 0.0, 0.0, 0.0, 0.0, 0.0, 0.0, 0.0, 0.0, 0.0, 0.0, 0.0, 0.0, 0.0, 0.0, 0.0, 0.0, 0.0, 0.0, 0.0, 0.0, 0.0, 0.0, 0.0, 0.0, 0.0, 0.0, 0.0, 0.0, 0.0, 0.0, 0.0, 0.0, 0.0, 0.0, 0.0, 102.86596425755876, 197.1118324971417, 0.0, 0.0, 0.0, 0.0, 0.0, 0.0, 0.0, 0.0, 0.0, 0.0, 0.0, 0.0, 102.83776605471805, 0.0, 0.0, 0.0, 0.0, 0.0, 0.0, 0.0, 197.1118324971417, 197.11183249714173, 197.1118324971417, 0.0, 0.0, 0.0, 0.0, 0.0, 0.0, 103.06842817680793, 0.0, 0.0, 197.1118324971417, 0.0, 0.0, 197.11183249714173, 0.0, 0.0, 0.0, 0.0, 0.0, 0.0, 0.0, 197.1118324971417, 197.1118324971417, 197.1118324971417, 0.0, 0.0, 0.0, 0.0, 0.0, 0.0, 197.1118324971417, 0.0, 0.0, 197.1118324971417, 0.0, 0.0, 197.1118324971417, 0.0, 0.0, 0.0, 0.0, 0.0, 0.0, 0.0, 197.1118324971417, 197.1118324971417, 197.1118324971417, 0.0, 0.0, 0.0, 0.0, 0.0, 12.780855766248271, 197.1118324971417, 0.0, 0.0, 197.1118324971417, 0.0, 0.0, 197.1118324971417, 0.0, 0.0, 0.0, 0.0, 0.0, 0.0, 0.0, 0.0, 197.1118324971417, 197.1118324971417, 0.0, 0.0, 0.0, 0.0, 0.0, 0.5350918214962839, 197.1118324971417, 0.0, 0.0, 197.1118324971417, 0.0, 197.1118324971417, 197.1118324971417, 0.0, 0.0, 0.0, 0.0, 0.0, 0.0, 0.0, 0.0, 197.1118324971417, 103.03400677341969, 0.0, 0.0, 0.0, 12.781159176146687, 0.0, 0.5350918214962839, 197.11183249714173, 0.0, 0.0, 190.285955705016, 0.0, 197.1118324971417, 197.1118324971417, 0.0, 0.0, 0.0, 0.0, 0.0, 0.0, 0.0, 0.0, 197.1118324971417, 197.11183249714173, 0.0, 0.0, 0.0, 0.5351045242572752, 197.1118324971417, 0.5350918214962839, 197.1118324971417, 25.43056036400842, 0.0, 0.0, 0.0, 0.5351045242572752, 197.1118324971417, 0.0, 0.0, 0.0, 0.0, 0.0, 0.0, 0.0, 0.0, 0.0, 0.5350086550551438, 0.0, 0.0, 12.780506681737023, 0.5351045242572752, 0.0, 0.0, 197.1118324971417, 0.5350086550551438, 0.0, 0.0, 0.0, 0.5351045242572752, 0.5350086550551438, 0.0, 0.0, 0.0, 0.0, 0.0, 0.0, 0.0, 0.0, 0.0, 0.0, 0.0, 0.0, 0.535077206491628, 0.5351045242572752, 24.867947722841343, 0.0, 0.5351045242572752, 0.5350086550551438, 0.0, 0.0, 0.0, 0.0, 0.0, 0.0, 0.0, 0.0, 0.0, 0.0, 0.0, 0.0, 0.0, 0.0, 0.0, 0.0, 0.0, 0.535077206491628, 0.5351045242572752, 0.5351045242572752, 0.0, 0.0, 0.0, 0.0, 0.0, 0.0, 0.0, 0.0, 0.0, 0.0, 0.0, 0.0, 0.0, 0.0, 0.0, 0.0, 0.0, 0.0, 0.0, 0.0, 0.0, 0.0, 0.0, 0.0, 0.0, 0.0, 0.0, 0.0, 0.0, 0.0, 0.0, 0.0, 0.0, 0.0, 0.0, 0.0, 0.0, 0.0, 0.0, 0.0, 0.0, 0.0, 0.0, 0.0, 0.0, 0.0, 0.0, 0.0, 0.0, 0.0, 0.0, 0.0, 0.0, 0.0, 0.0, 0.0, 0.0, 0.0, 0.0, 0.0, 0.0, 0.0, 0.0, 0.0, 0.0, 0.0, 0.0, 0.0, 0.0, 0.0, 0.0, 0.0, 0.0, 0.0, 0.0, 0.0, 0.0, 0.0, 0.0, 0.0, 0.0, 0.0, 0.0, 0.0, 0.0, 0.0, 0.0, 0.0, 0.0, 0.0, 0.0, 0.0, 0.0, 0.0, 0.0, 0.0, 0.0, 0.0, 0.0, 0.0, 0.0, 0.0, 0.0, 0.0, 0.0, 0.0, 0.0, 0.0, 0.0, 0.0, 0.0, 0.0, 2.6731574726799057, 0.0, 2.6732939477313216, 0.0, 0.0, 0.0, 0.0, 0.0, 0.0, 0.0, 0.0, 0.0, 0.0, 0.0, 0.0, 0.0, 0.0, 0.0, 0.0, 0.0, 0.0, 0.0, 0.0, 0.0, 0.0, 0.0, 0.0, 0.0, 0.0, 0.0, 0.0, 0.0, 4.274598507139809, 0.0, 0.0, 0.0, 0.0, 0.0, 0.0, 0.0, 0.0, 0.0, 0.0, 0.0, 0.0, 0.0, 0.0, 0.0, 0.0, 0.0, 0.0, 0.0, 0.0, 0.0, 0.0, 0.0, 0.0, 0.0, 0.0, 0.0, 0.0, 0.0, 0.0, 0.0, 0.0, 0.0, 0.0, 0.0, 0.0, 0.0, 0.0, 0.0, 0.0, 0.0, 0.0, 0.0, 0.0, 0.0, 0.0, 0.0, 0.0, 0.0, 0.0, 0.0, 0.0, 0.0, 0.0, 0.0, 0.0, 0.0, 0.0, 0.0, 0.0, 0.0, 0.0, 0.0, 0.0, 0.0, 0.0, 0.0, 0.0, 0.0, 0.0, 0.0, 0.0, 0.0, 0.0, 0.0, 0.0, 0.0, 0.0, 0.0, 0.0, 0.0, 0.0, 0.0, 0.0, 0.0, 0.0, 0.0, 0.0, 0.0, 0.0, 0.0, 0.0, 0.0, 0.0, 0.0, 0.0, 0.0, 0.0, 0.0, 0.0, 0.0, 0.0, 0.0, 0.0, 0.0, 0.0, 0.0, 0.0, 0.0, 0.0, 0.0, 0.0, 0.0, 0.0, 0.0, 0.0, 0.0, 0.0, 0.0, 0.0, 0.0, 0.0, 0.0, 0.0, 0.0, 0.0, 0.0, 0.0, 0.0, 0.0, 0.0, 0.0, 0.0, 0.0, 0.0, 0.0, 0.0, 0.0, 0.0, 0.0, 0.0, 0.0, 0.0, 0.0, 0.0, 0.0, 0.0, 0.0, 0.0, 0.0, 0.0, 0.0, 0.0, 0.0, 0.0, 0.0, 0.0, 0.0, 0.0, 0.0, 0.0, 0.0, 0.0, 0.0, 0.0, 0.0, 0.0, 0.0, 0.0, 0.0, 0.0, 0.0, 0.0, 0.0, 0.0, 0.0, 0.0, 0.0, 0.0, 0.0, 0.0, 0.0, 0.0, 0.0, 0.0, 0.0, 0.0, 0.0, 0.0, 0.0, 0.0, 0.0, 0.0, 0.0, 0.0, 0.0, 0.0, 103.0027013987666, 0.0, 0.0, 0.0, 0.0, 0.0, 0.0, 0.0, 0.0, 0.0, 0.0, 0.0, 0.0, 0.0, 0.0, 0.0, 0.0, 0.0, 0.0, 0.0, 0.0, 0.0, 0.0, 197.1118324971417, 0.0, 197.11183249714173, 0.0, 0.0, 0.0, 0.0, 0.0, 0.0, 0.0, 0.0, 197.1118324971417, 0.0, 0.0, 0.0, 0.0, 0.0, 0.0, 108.19631855923846, 0.0, 0.0, 0.0, 0.0, 197.1118324971417, 0.0, 197.1118324971417, 0.0, 0.0, 0.0, 0.0, 0.0, 0.0, 0.0, 0.0, 197.1118324971417, 0.0, 0.0, 0.0, 0.0, 0.0, 0.0, 197.1118324971417, 0.0, 0.0, 0.0, 0.0, 197.1118324971417, 0.0, 197.1118324971417, 0.0, 0.0, 0.0, 0.0, 0.0, 197.1118324971417, 0.0, 0.0, 197.1118324971417, 0.0, 126.97627331872545, 0.0, 0.0, 0.0, 0.0, 197.11183249714173, 0.0, 0.0, 0.0, 0.0, 197.1118324971417, 0.0, 197.1118324971417, 0.0, 0.0, 0.0, 0.0, 0.0, 0.0, 0.0, 11.18849179879709, 197.11183249714173, 0.0, 197.1118324971417, 0.0, 0.0, 0.0, 0.0, 197.1118324971417, 12.249232713194036, 168.42561967015752, 0.0, 0.0, 197.1118324971417, 0.0, 197.1118324971417, 0.0, 0.0, 0.0, 0.0, 0.0, 0.0, 0.0, 0.0, 197.1118324971417, 0.0, 197.1118324971417, 0.0, 0.0, 0.0, 0.0, 0.5349455376146846, 0.5350203749645762, 197.1118324971417, 0.0, 0.0, 197.1118324971417, 0.0, 197.1118324971417, 0.0, 0.0, 0.0, 0.0, 0.0, 0.0, 0.0, 1.0697943898193283, 197.1118324971417, 0.0, 197.1118324971417, 0.0, 0.0, 0.0, 0.0, 0.5349455376146846, 0.5350203749645762, 0.0, 0.0, 0.0, 0.5350772064913885, 0.0, 103.303291937695, 0.0, 0.0, 0.0, 0.0, 0.0, 0.0, 0.0, 0.5350086550551438, 103.303291937695, 0.0, 0.5350015902901956, 0.0, 0.0, 0.0, 0.0, 0.5349455376146846, 0.5350203749648156, 0.0, 0.0, 0.0, 0.0, 0.0, 0.5351045242572752, 0.0, 0.0, 0.0, 0.0, 0.0, 0.0, 0.0, 0.5350086550551438, 0.5351045242572752, 0.0, 0.5350015902901956, 0.0, 0.0, 0.0, 0.0, 0.5349455376146846, 0.0, 0.0, 0.0, 0.0, 0.0, 0.0, 0.5351045242572752, 0.0, 0.0, 0.0, 0.0, 0.0, 0.0, 0.0, 0.5350086550551438, 0.5351045242572752, 0.0, 0.0, 0.0, 0.0, 0.0, 0.0, 0.5349455376146846, 0.0, 0.0, 0.0, 0.0, 0.0, 0.0, 0.0, 0.0, 0.0, 0.0, 0.0, 0.0, 0.0, 0.0, 0.0, 0.5351045242570357, 0.0, 0.0, 0.0, 0.0, 0.0, 0.0, 0.0, 0.0, 0.0, 0.0, 0.0, 0.0, 0.0, 0.0, 0.0, 0.0, 0.0, 0.0, 0.0, 0.0, 0.0, 0.0, 0.0, 0.0, 0.0, 0.0, 0.0, 0.0, 0.0, 0.0, 0.0, 0.0, 0.0, 0.0, 0.0, 0.0, 0.0, 0.0, 0.0, 0.0, 0.0, 0.0, 0.0, 0.0, 0.0, 0.0, 0.0, 0.0, 0.0, 0.0, 0.0, 0.0, 1.6041680237410807, 0.0, 0.0, 0.0, 0.0, 0.0, 0.0, 0.0, 0.0, 0.0, 0.0, 0.0, 0.0, 0.0, 0.0, 0.0, 0.0, 0.0, 0.0, 0.0, 0.0, 0.0, 0.0, 0.5349455376146846, 0.0, 0.0, 0.0, 0.0, 0.0, 0.0, 0.0, 0.0, 0.0, 0.0, 0.0, 0.0, 0.0, 0.0, 0.0, 2.139080707173621, 0.0, 0.0, 0.0, 0.0, 0.0, 0.0, 0.0, 0.0, 0.0, 0.0, 0.0, 0.0, 0.0, 0.0, 0.0, 0.0, 0.0, 0.0, 0.0, 0.0, 0.0, 0.0, 0.0, 0.0, 0.0, 0.0, 0.0, 0.0, 0.0, 0.0, 0.0, 0.0, 0.0, 0.0, 0.0, 0.0, 0.0, 0.0, 0.0, 0.0, 0.0, 0.0, 0.0, 0.0, 0.0, 0.0, 0.0, 0.0, 0.0, 0.0, 0.0, 0.0, 0.0, 0.0, 0.0, 0.0, 0.0, 0.0, 0.0, 0.0, 0.0, 0.0, 0.0, 0.0, 0.0, 0.0, 0.0, 0.0, 0.0, 0.0, 0.0, 0.0, 0.0, 0.0, 0.0, 0.0, 0.0, 0.0, 0.0, 0.0, 0.0, 0.0, 0.0, 0.0, 0.0, 0.0, 0.0, 0.0, 0.0, 0.0, 0.0, 0.0, 0.0, 0.0, 0.0, 0.0, 0.0, 0.0, 0.0, 0.0, 0.0, 0.0, 0.0, 0.0, 0.0, 0.0, 0.0, 0.0, 0.0, 0.0, 0.0, 0.0, 0.0, 0.0, 0.0, 0.0, 0.0, 0.0, 0.0, 0.0, 0.0, 0.0, 0.0, 0.0, 0.0, 0.0, 0.0, 0.0, 0.0, 0.0, 0.0, 0.0, 0.0, 0.0, 0.0, 0.0, 0.0, 0.0, 0.0, 0.0, 0.0, 0.0, 0.0, 0.0, 0.0, 0.0, 0.0, 0.0, 0.0, 0.0, 0.0, 0.0, 0.0, 0.0, 0.0, 0.0, 0.0, 0.0, 0.0, 0.0, 0.0, 0.0, 0.0, 0.0, 0.0, 0.0, 0.0, 0.0, 0.0, 0.0, 0.0, 0.0, 0.0, 0.0, 0.0, 0.0, 0.0, 0.0, 0.0, 0.0, 0.0, 0.0, 0.0, 0.0, 0.0, 0.0, 0.0, 0.0, 0.0, 0.0, 0.0, 0.0, 0.0, 0.0, 0.0, 0.0, 0.0, 0.0, 0.0, 0.0, 0.0, 0.0, 0.0, 0.0, 0.0, 0.0, 0.0, 0.0, 0.0, 0.0, 0.0, 0.0, 0.0, 0.0, 0.0, 0.0, 0.0, 0.0, 0.0, 0.0, 0.0, 0.0, 0.0, 0.0, 0.0, 0.0, 0.0, 0.0, 0.0, 0.0, 0.0, 197.11183249714173, 0.0, 0.0, 0.0, 0.0, 197.1118324971417, 0.0, 0.0, 0.0, 0.0, 0.0, 0.0, 197.1118324971417, 0.0, 0.0, 0.0, 0.0, 0.0, 0.0, 0.0, 0.0, 0.0, 0.0, 197.1118324971417, 0.0, 0.0, 0.0, 0.0, 197.1118324971417, 196.32121339736287, 0.0, 0.0, 0.0, 0.0, 0.0, 197.1118324971417, 0.0, 0.0, 0.0, 0.0, 0.0, 0.0, 0.0, 0.0, 124.25229870729243, 0.0, 197.1118324971417, 0.0, 0.0, 197.1118324971417, 0.0, 197.1118324971417, 197.1118324971417, 0.0, 0.0, 0.0, 0.0, 0.0, 197.1118324971417, 23.85971904695332, 0.0, 0.0, 0.0, 0.0, 75.32318826639178, 68.15563081452368, 0.0, 197.11183249714173, 0.0, 197.1118324971417, 0.0, 0.0, 197.11183249714165, 0.0, 197.1118324971417, 197.1118324971417, 0.0, 0.0, 0.0, 0.0, 0.0, 197.1118324971417, 0.0, 0.0, 0.0, 0.0, 0.0, 197.1118324971417, 197.11183249714173, 0.0, 197.1118324971417, 0.0, 197.1118324971417, 0.0, 0.0, 197.1118324971417, 0.0, 197.1118324971417, 197.11183249714173, 0.0, 0.0, 0.0, 0.0, 0.0, 197.1118324971417, 1.0699606880492805, 0.0, 0.0, 0.0, 0.0, 0.0, 197.1118324971417, 0.0, 197.1118324971417, 0.0, 197.1118324971417, 0.0, 0.0, 0.0, 0.0, 197.11183249714173, 197.1118324971417, 0.0, 0.0, 0.0, 0.0, 0.0, 0.0, 0.0, 0.0, 0.0, 0.0, 0.0, 0.0, 197.1118324971417, 0.0, 0.0, 0.0, 103.05625043663422, 0.0, 0.0, 0.0, 0.0, 102.9217240260731, 0.0, 0.0, 0.0, 0.0, 0.0, 0.0, 103.67432540649791, 1.0699606880492805, 0.0, 0.0, 0.0, 0.0, 0.0, 0.0, 0.0, 0.0, 0.0, 0.5350015902901956, 0.0, 0.0, 0.0, 0.0, 0.5349455376144451, 0.0, 0.0, 0.0, 0.0, 0.0, 0.0, 197.11183249714173, 0.5350918214965233, 0.0, 0.0, 0.0, 0.0, 0.0, 0.0, 0.0, 0.0, 0.0, 0.5350015902901956, 0.0, 69.44310617438963, 0.0, 0.0, 0.0, 0.0, 0.0, 0.0, 0.0, 0.0, 0.0, 0.0, 0.0, 0.0, 0.0, 0.0, 0.0, 0.0, 0.0, 0.0, 0.0, 0.0, 0.0, 0.0, 197.11183249714173, 0.0, 0.0, 0.0, 0.0, 0.0, 0.0, 0.0, 0.0, 0.0, 0.0, 0.0, 0.0, 0.0, 0.0, 0.0, 0.0, 0.0, 0.0, 0.0, 0.0, 0.0, 0.0, 197.1118324971417, 0.0, 0.0, 0.0, 0.0, 0.0, 0.0, 0.0, 0.0, 0.0, 0.0, 0.0, 0.0, 0.0, 0.0, 0.0, 0.0, 0.0, 0.0, 0.0, 0.0, 0.0, 0.0, 197.1118324971417, 0.0, 0.0, 0.0, 0.0, 0.0, 0.0, 0.0, 0.0, 0.0, 0.0, 0.0, 0.0, 0.0, 0.0, 0.0, 0.0, 0.0, 0.0, 0.0, 0.0, 0.0, 0.0, 197.1118324971417, 0.0, 0.0, 0.0, 0.0, 0.0, 0.0, 0.0, 0.0, 0.0, 0.0, 0.0, 0.0, 0.0, 0.0, 0.0, 0.0, 0.0, 0.0, 0.0, 0.0, 0.0, 0.0, 197.1118324971417, 0.0, 0.0, 0.0, 0.0, 0.0, 0.0, 0.0, 0.0, 0.0, 0.0, 0.0, 0.0, 0.0, 0.0, 0.0, 0.0, 0.0, 0.0, 0.0, 0.0, 0.0, 0.0, 197.1118324971417, 0.0, 0.0, 0.0, 0.0, 0.0, 0.0, 0.0, 0.0, 0.0, 0.0, 0.0, 0.0, 0.0, 0.0, 0.0, 0.0, 0.0, 0.0, 0.0, 0.0, 0.0, 0.0, 0.0, 0.0, 0.0, 0.0, 0.0, 0.0, 0.0, 0.0, 0.0, 0.0, 0.0, 0.0, 0.0, 0.0, 0.0, 0.0, 0.0, 0.0, 0.0, 0.0, 0.0, 0.0, 0.0, 0.0, 0.0, 0.0, 0.0, 0.0, 0.0, 0.0, 0.0, 0.0, 0.0, 0.0, 0.0, 0.0, 0.0, 0.0, 0.0, 0.0, 0.0, 0.0, 0.0, 0.0, 0.0, 0.0, 0.0, 0.0, 0.0, 0.0, 0.0, 0.0, 0.0, 0.0, 0.0, 0.0, 0.0, 0.0, 0.0, 0.0, 0.0, 0.0, 0.0, 0.0, 0.0, 0.0, 0.0, 0.0, 0.0, 0.0, 0.0, 0.0, 0.0, 0.0, 0.0, 0.0, 0.0, 0.0, 0.0, 0.0, 0.0, 0.0, 0.0, 0.0, 0.0, 0.0, 0.0, 0.0, 0.0, 0.0, 0.0, 0.0, 0.0, 0.0, 0.0, 0.0, 0.0, 0.0, 0.0, 0.0, 0.0, 0.0, 0.0, 0.0, 0.0, 0.0, 0.0, 0.0, 0.0, 0.0, 0.0, 0.0, 0.0, 0.0, 0.0, 0.0, 0.0, 0.0, 0.0, 0.0, 0.0, 0.0, 0.0, 0.0, 0.0, 0.0, 0.0, 0.0, 0.0, 0.0, 0.0, 0.0, 0.0, 0.0, 0.0, 0.0, 0.0, 0.0, 0.0, 0.0, 0.0, 0.0, 0.0, 0.0, 0.0, 0.0, 0.0, 0.0, 0.0, 0.0, 0.0, 0.0, 0.0, 0.0, 0.0, 0.0, 0.0, 0.0, 0.0, 0.0, 0.0, 0.0, 0.0, 0.0, 0.0, 0.0, 0.0, 0.0, 0.0, 0.0, 0.0, 0.0, 0.0, 0.0, 0.0, 0.0, 0.0, 0.0, 0.0, 0.0, 0.0, 0.0, 0.0, 0.0, 0.0, 0.0, 0.0, 0.0, 0.0, 0.0, 0.0, 0.0, 0.0, 0.0, 0.0, 0.0, 0.0, 0.0, 0.0, 0.0, 0.0, 0.0, 0.0, 0.0, 0.0, 0.0, 0.0, 0.0, 0.0, 0.0, 197.1118324971417, 0.0, 0.0, 0.0, 0.0, 0.0, 0.0, 197.1118324971417, 0.0, 128.19300842127157, 0.0, 197.1118324971417, 0.0, 0.0, 0.0, 0.0, 0.0, 0.0, 0.0, 0.0, 0.0, 0.0, 0.0, 197.1118324971417, 0.0, 0.0, 0.0, 0.0, 0.0, 0.0, 197.1118324971417, 0.0, 197.11183249714173, 0.0, 197.1118324971417, 0.0, 197.1118324971417, 0.0, 0.0, 0.0, 0.0, 0.0, 0.0, 0.0, 197.1118324971417, 0.0, 197.1118324971417, 0.0, 197.1118324971417, 0.0, 0.0, 0.0, 0.0, 197.1118324971417, 0.0, 197.1118324971417, 0.0, 197.1118324971417, 0.0, 197.1118324971417, 0.0, 0.0, 0.0, 197.11183249714173, 197.11183249714173, 0.0, 0.0, 197.1118324971417, 0.0, 197.1118324971417, 0.0, 0.0, 0.0, 0.0, 0.0, 0.0, 197.1118324971417, 0.0, 197.1118324971417, 0.0, 197.11183249714173, 0.0, 197.1118324971417, 0.0, 0.0, 0.0, 0.0, 169.38206705670393, 0.0, 0.0, 0.0, 0.0, 197.1118324971417, 0.0, 0.0, 0.0, 0.0, 0.0, 0.0, 197.1118324971417, 0.0, 197.1118324971417, 56.615088777935966, 197.1118324971417, 0.0, 197.1118324971417, 0.0, 72.35564248805278, 0.0, 0.0, 0.0, 0.0, 0.0, 0.0, 0.0, 197.1118324971417, 0.0, 0.0, 0.0, 0.0, 0.0, 0.0, 197.11183249714173, 0.0, 197.11183249714173, 197.1118324971417, 0.5210509299642065, 0.0, 0.5210758357484719, 0.0, 197.1118324971417, 0.0, 0.0, 0.0, 0.0, 0.0, 0.0, 0.0, 102.9217240260731, 0.0, 0.0, 0.0, 0.0, 0.0, 0.0, 0.5351045242572752, 0.0, 0.0, 0.0, 0.5210509299642065, 0.0, 0.5210758357487114, 0.0, 0.0, 0.0, 0.0, 0.0, 0.0, 0.0, 0.0, 0.0, 0.534945537614924, 0.0, 0.0, 0.0, 0.0, 0.0, 0.0, 0.5351045242572752, 0.0, 0.0, 0.0, 0.5210509299642065, 0.0, 0.0, 0.0, 0.0, 0.0, 0.0, 0.0, 0.0, 0.0, 0.0, 0.0, 0.0, 0.0, 0.0, 0.0, 0.0, 0.0, 0.0, 0.0, 0.0, 0.0, 0.0, 0.5210509299642065, 0.0, 0.0, 0.0, 0.0, 0.0, 0.0, 0.0, 0.0, 0.0, 0.0, 0.0, 0.0, 0.0, 0.0, 0.0, 0.0, 0.0, 0.0, 0.0, 0.0, 0.0, 0.0, 0.0, 0.0, 0.0, 0.0, 0.0, 0.0, 0.0, 0.0, 0.0, 0.0, 0.0, 0.0, 0.0, 0.0, 0.0, 0.0, 0.0, 0.0, 0.0, 0.0, 0.0, 0.0, 0.0, 0.0, 0.0, 0.0, 0.0, 0.0, 0.0, 0.0, 0.0, 0.0, 0.0, 0.0, 0.0, 0.0, 0.0, 0.0, 0.0, 0.0, 0.0, 0.0, 0.0, 0.0, 0.0, 0.0, 0.0, 0.0, 0.0, 0.0, 0.0, 0.0, 0.0, 0.0, 0.0, 0.0, 0.0, 197.1118324971417, 0.0, 0.0, 0.0, 0.0, 0.0, 0.0, 0.0, 0.0, 0.0, 0.0, 0.0, 0.0, 0.0, 0.0, 0.0, 0.0, 0.0, 0.0, 0.0, 0.0, 0.0, 0.0, 197.1118324971417, 0.0, 0.0, 0.0, 0.0, 0.0, 0.0, 0.0, 0.0, 0.0, 0.0, 0.0, 0.0, 0.0, 0.0, 0.0, 0.0, 0.0, 0.0, 0.0, 0.0, 0.0, 0.0, 35.426283330987616, 0.0, 0.0, 0.0, 0.0, 0.0, 0.0, 0.0, 0.0, 0.0, 0.0, 0.0, 0.0, 0.0, 0.0, 0.0, 0.0, 0.0, 0.0, 0.0, 0.0]"
m,1.0
TES_charge_costs,2041.0505009122055
cost_HX,1108.7518137509808
coal_LCOE_profit,-0.05316646189586629
coal_LCOE_opex_costs,0.0
relative_gap,0.6339577802710227
CAPEX_TES_charger,617.6791660630194
charger_cost,617.6791660630194
Q_IND_heater_peak,0.0
Li_dispatch,177376.1964285684
flowSalt_discharge_peak,0.43038088948092235
coal_LCOE_fom_costs,0.0037419169420893805
coal_LCOE_capex,0.0
lambda_3,"[0.0, 0.0, 0.0, 0.0, 0.0, 0.0, 0.8317556741123868, 0.1682443258876132, 0.0, 0.0, 0.0, 0.0, 0.0, 0.0, 0.0, 0.0, 0.0, 0.0, 0.0, 0.0, 0.0, 0.0, 0.0, 0.0, 0.0, 0.0, 0.0, 0.0, 0.0, 0.0, 0.0, 0.0, 0.0, 0.0, 0.0, 0.0, 0.0, 0.0, 0.0, 0.0, 0.0, 0.0, 0.0, 0.0, 0.0, 0.0, 0.0, 0.0, 0.0, 0.0, 0.0, 0.0, 0.0, 0.0, 0.0, 0.0, 0.0, 0.0, 0.0, 0.0, 0.0, 0.0, 0.0, 0.0, 0.0, 0.0, 0.0, 0.0, 0.0, 0.0, 0.0, 0.0, 0.0, 0.0, 0.0, 0.0, 0.0, 0.0, 0.0, 0.0, 0.0, 0.0, 0.0, 0.0, 0.0, 0.0, 0.0, 0.0, 0.0, 0.0, 0.0, 0.0, 0.0, 0.0, 0.0, 0.0, 0.0, 0.0, 0.0, 0.0, 0.0, 0.0, 0.0, 0.0, 0.0, 0.0, 0.0, 0.0, 0.0, 0.0, 0.0, 0.0, 0.0, 0.0, 0.0, 0.0, 0.0, 0.0, 0.0, 0.0, 0.0, 0.0, 0.0, 0.0, 0.0, 0.0, 0.0, 0.0, 0.0, 0.0, 0.0, 0.0, 0.0, 0.0, 0.0, 0.0, 0.0, 0.0, 0.0, 0.0, 0.0, 0.0, 0.0, 0.0, 0.0, 0.0, 0.0, 0.0, 0.0, 0.0, 0.0, 0.0, 0.0, 0.0, 0.0, 0.0, 0.0, 0.0, 0.0, 0.0, 0.0, 0.0, 0.0, 0.0, 0.0, 0.0, 0.0, 0.0, 0.0, 0.0, 0.0, 0.0, 0.0, 0.0, 0.0, 0.0, 0.0, 0.0, 0.0, 0.0, 0.0, 0.0, 0.0, 0.0, 0.0, 0.0, 0.0, 0.0, 0.0, 0.0, 0.0, 0.0, 0.0, 0.0, 0.0, 0.0, 0.0, 0.0, 0.0, 0.0, 0.0, 0.0, 0.0, 0.0, 0.0, 0.0, 0.0, 0.0, 0.0, 0.0, 0.0, 0.0, 0.0, 0.0, 0.0, 0.0, 0.0, 0.0, 0.0, 0.0, 0.0, 0.0, 0.0, 0.0, 0.0, 0.0, 0.0, 0.0, 0.0, 0.0, 0.0, 0.0, 0.0, 0.0, 0.0, 0.0, 0.0, 0.0, 0.0, 0.0, 0.0, 0.0, 0.0, 0.0, 0.0, 0.0, 0.0, 0.0, 0.0, 0.0, 0.0, 0.0, 0.0, 0.0, 0.0, 0.0, 0.0, 0.0, 0.0, 0.0, 0.0]"
flowSalt_discharge_t,"[0.07316475121175679, 0.0, 0.0, 0.0, 0.0, 0.0, 0.0, 0.0, 0.0, 0.0, 0.0, 0.0, 0.0, 0.0, 0.07316475121175679, 0.0, 0.07316475121175692, 0.0, 0.0, 0.0, 0.0, 0.0, 0.0, 0.07316475121175679, 0.0, 0.0, 0.21519044474046115, 0.0, 0.0, 0.0, 0.0, 0.0, 0.0, 0.0, 0.0, 0.0, 0.0, 0.288355195952218, 0.0, 0.288355195952218, 0.0, 0.0, 0.0, 0.0, 0.0, 0.0, 0.07316475121175679, 0.0, 0.0, 0.28701913842359955, 0.0, 0.0, 0.0, 0.0, 0.0, 0.0, 0.0, 0.0, 0.0, 0.0, 0.43038088948092235, 0.0, 0.43038088948092235, 0.0, 0.0, 0.0, 0.0, 0.0, 0.0, 0.07316475121175679, 0.0, 0.0, 0.43038088948092235, 0.0, 0.0, 0.0, 0.0, 0.0, 0.0, 0.0, 0.0, 0.0, 0.0, 0.43038088948092235, 0.0, 0.43038088948092235, 0.0, 0.0, 0.0, 0.0, 0.0, 0.0, 0.07316475121175679, 0.0, 0.0, 0.4303808894809223, 0.0, 0.0, 0.0, 0.0, 0.0, 0.0, 0.0, 0.0, 0.0, 0.0, 0.4303808894809223, 0.0, 0.4303808894809223, 0.0, 0.0, 0.0, 0.0, 0.0, 0.0, 0.288355195952218, 0.0, 0.0, 0.4303808894809223, 0.0, 0.0, 0.0, 0.0, 0.0, 0.0, 0.0, 0.0, 0.0, 0.0, 0.4245210511336611, 0.0, 0.24628134025272636, 0.0, 0.0, 0.0, 0.0, 0.0, 0.0, 0.4303808894809223, 0.0, 0.0, 0.21519044474046115, 0.0, 0.0, 0.0, 0.0, 0.0, 0.0, 0.0, 0.0, 0.0, 0.0, 0.2093306063932, 0.0, 0.0731647512117568, 0.0, 0.0, 0.0, 0.0, 0.0, 0.0, 0.21519044474046115, 0.0, 0.0, 0.0, 0.0, 0.0, 0.0, 0.0, 0.0, 0.0, 0.0, 0.0, 0.0, 0.0, 0.0, 0.0, 0.0, 0.0, 0.0, 0.0, 0.0, 0.0, 0.0, 0.0, 0.0, 0.0, 0.0, 0.0, 0.0, 0.0, 0.0, 0.0, 0.0, 0.0, 0.0, 0.0, 0.0, 0.0, 0.0, 0.0, 0.0, 0.0, 0.0, 0.0, 0.0, 0.0, 0.0, 0.0, 0.0, 0.0, 0.0, 0.0, 0.0, 0.0, 0.0, 0.0, 0.0, 0.0, 0.0, 0.0, 0.0, 0.0, 0.0, 0.0, 0.0, 0.0, 0.0, 0.0, 0.0, 0.0, 0.0, 0.0, 0.0, 0.0, 0.0, 0.0, 0.0, 0.0, 0.0, 0.0, 0.0, 0.0, 0.0, 0.0, 0.0, 0.0, 0.0, 0.0, 0.0, 0.0, 0.0, 0.0, 0.0, 0.0, 0.0, 0.0, 0.0, 0.0, 0.0, 0.0, 0.0, 0.0, 0.0, 0.0, 0.0, 0.0, 0.0, 0.0, 0.0, 0.0, 0.0, 0.0, 0.0, 0.0, 0.0, 0.0, 0.0, 0.0, 0.0, 0.0, 0.0, 0.0, 0.0, 0.0, 0.0, 0.0, 0.0, 0.0, 0.0, 0.0, 0.0, 0.0, 0.0, 0.0, 0.0, 0.0, 0.0, 0.0, 0.0, 0.0, 0.0, 0.0, 0.0, 0.0, 0.0, 0.0, 0.0, 0.0, 0.0, 0.0, 0.0, 0.0, 0.0, 0.0, 0.0, 0.0, 0.0, 0.0, 0.0, 0.0, 0.0, 0.0, 0.0, 0.0, 0.0, 0.0, 0.0, 0.0, 0.0, 0.0, 0.0, 0.0, 0.0, 0.0, 0.0, 0.0, 0.0, 0.0, 0.0, 0.0, 0.0, 0.0, 0.0, 0.0, 0.0, 0.0, 0.0, 0.0, 0.0, 0.0, 0.0, 0.0, 0.0, 0.0, 0.0, 0.0, 0.0, 0.0, 0.0, 0.0, 0.0, 0.0, 0.0, 0.0, 0.0, 0.0, 0.0, 0.0, 0.0, 0.0, 0.0, 0.0, 0.0, 0.0, 0.0, 0.0, 0.0, 0.0, 0.0, 0.0, 0.0, 0.0, 0.0, 0.21519044474046115, 0.0, 0.0, 0.0, 0.0, 0.0, 0.0, 0.0, 0.0, 0.0, 0.0, 0.0, 0.0, 0.0, 0.0, 0.0, 0.0, 0.0, 0.0, 0.0, 0.0, 0.0, 0.0, 0.4303808894809223, 0.0, 0.0, 0.0, 0.0, 0.0, 0.0, 0.0, 0.0, 0.0, 0.0, 0.0, 0.0, 0.0, 0.0, 0.0, 0.0, 0.0, 0.0, 0.0, 0.0, 0.0, 0.0, 0.4303808894809223, 0.0, 0.0, 0.0, 0.0, 0.0, 0.0, 0.0, 0.0, 0.0, 0.0, 0.0, 0.0, 0.0, 0.0, 0.0, 0.0, 0.0, 0.0, 0.0, 0.0, 0.0, 0.0, 0.4303808894809223, 0.0, 0.0, 0.0, 0.0, 0.0, 0.0, 0.0, 0.0, 0.0, 0.0, 0.0, 0.0, 0.0, 0.0, 0.0, 0.0, 0.0, 0.0, 0.0, 0.0, 0.0, 0.0, 0.4303808894809223, 0.0, 0.0, 0.0, 0.0, 0.0, 0.0, 0.0, 0.0, 0.0, 0.0, 0.0, 0.0, 0.0, 0.0, 0.0, 0.0, 0.0, 0.0, 0.0, 0.0, 0.0, 0.0, 0.43038088948092235, 0.0, 0.0, 0.0, 0.0, 0.0, 0.0, 0.0, 0.0, 0.0, 0.0, 0.0, 0.0, 0.0, 0.0, 0.0, 0.0, 0.0, 0.0, 0.0, 0.0, 0.0, 0.0, 0.2957277169700763, 0.0, 0.0, 0.0, 0.0, 0.0, 0.0, 0.0, 0.0, 0.0, 0.0, 0.0, 0.0, 0.0, 0.0, 0.0, 0.21519044474046115, 0.0, 0.0, 0.0, 0.21519044474046115, 0.21519044474046115, 0.0, 0.08053727222961513, 0.0, 0.21519044474046115, 0.0, 0.0, 0.0, 0.0, 0.0, 0.0, 0.0, 0.0, 0.0, 0.0, 0.21519044474046115, 0.0, 0.0, 0.4303808894809223, 0.0, 0.0, 0.0, 0.43038088948092235, 0.4303808894809223, 0.0, 0.0, 0.0, 0.4303808894809223, 0.0, 0.0, 0.0, 0.0, 0.0, 0.0, 0.0, 0.0, 0.0, 0.0, 0.4303808894809223, 0.0, 0.0, 0.43038088948092235, 0.0, 0.0, 0.0, 0.43038088948092235, 0.43038088948092235, 0.0, 0.0, 0.0, 0.4303808894809223, 0.0, 0.0, 0.0, 0.0, 0.0, 0.0, 0.0, 0.0, 0.0, 0.0, 0.4303808894809223, 0.0, 0.0, 0.4303808894809223, 0.0, 0.0, 0.0, 0.4303808894809223, 0.4303808894809223, 0.0, 0.0, 0.0, 0.4303808894809223, 0.0, 0.0, 0.0, 0.0, 0.0, 0.0, 0.0, 0.0, 0.0, 0.0, 0.43038088948092235, 0.0, 0.0, 0.4303808894809223, 0.0, 0.0, 0.0, 0.4303808894809223, 0.4303808894809223, 0.0, 0.0, 0.0, 0.4303808894809223, 0.0, 0.0, 0.0, 0.0, 0.0, 0.0, 0.0, 0.0, 0.0, 0.0, 0.3134951252370655, 0.0, 0.0, 0.21519044474046115, 0.0, 0.0, 0.0, 0.4303808894809223, 0.4303808894809223, 0.0, 0.0, 0.0, 0.4303808894809223, 0.0, 0.0, 0.0, 0.0, 0.0, 0.0, 0.0, 0.0, 0.0, 0.0, 0.09830468049660435, 0.0, 0.0, 0.14755980341974276, 0.0, 0.0, 0.0, 0.32942654544106936, 0.29281101158986733, 0.0, 0.0, 0.0, 0.3288417549111043, 0.0, 0.0, 0.0, 0.0, 0.0, 0.0, 0.0, 0.0, 0.0, 0.0, 0.0, 0.0, 0.0, 0.3627502481602038, 0.0, 0.0, 0.0, 0.11423610070060818, 0.07762056684940613, 0.0, 0.0, 0.0, 0.11365131017064316, 0.0, 0.0, 0.0, 0.0, 0.0, 0.0, 0.0, 0.0, 0.0, 0.0, 0.0, 0.0, 0.0, 0.1475598034197427, 0.0, 0.0, 0.0, 0.0, 0.0, 0.0, 0.0, 0.0, 0.0, 0.0, 0.0, 0.0, 0.0, 0.0, 0.0, 0.0, 0.0, 0.0, 0.0, 0.0, 0.0, 0.0, 0.0, 0.0, 0.0, 0.0, 0.0, 0.0, 0.0, 0.0, 0.0, 0.0, 0.0, 0.0, 0.0, 0.0, 0.0, 0.0, 0.0, 0.0, 0.0, 0.0, 0.0, 0.0, 0.0, 0.0, 0.0, 0.0, 0.0, 0.0, 0.0, 0.0, 0.0, 0.0, 0.0, 0.0, 0.0, 0.0, 0.0, 0.0, 0.0, 0.0, 0.0, 0.0, 0.0, 0.0, 0.0, 0.0, 0.0, 0.0, 0.0, 0.0, 0.0, 0.0, 0.0, 0.0, 0.0, 0.0, 0.0, 0.0, 0.0, 0.0, 0.0, 0.0, 0.0, 0.0, 0.0, 0.0, 0.0, 0.0, 0.0, 0.0, 0.0, 0.0, 0.0, 0.0, 0.0, 0.0, 0.0, 0.0, 0.0, 0.0, 0.0, 0.0, 0.0, 0.0, 0.0, 0.0, 0.0, 0.0, 0.0, 0.0, 0.0, 0.0, 0.0, 0.0, 0.0, 0.0, 0.0, 0.0, 0.0, 0.0, 0.0, 0.0, 0.0, 0.0, 0.0, 0.0, 0.0, 0.0, 0.0, 0.0, 0.0, 0.0, 0.0, 0.0, 0.0, 0.0, 0.0, 0.0, 0.0, 0.0, 0.0, 0.0, 0.0, 0.0, 0.0, 0.0, 0.0, 0.0, 0.0, 0.0, 0.0, 0.0, 0.0, 0.0, 0.0, 0.0, 0.0, 0.0, 0.0, 0.0, 0.0, 0.0, 0.0, 0.0, 0.0, 0.0, 0.0, 0.0, 0.0, 0.0, 0.0, 0.0, 0.0, 0.0, 0.0, 0.0, 0.0, 0.0, 0.0, 0.0, 0.0, 0.0, 0.0, 0.0, 0.0, 0.0, 0.0, 0.0, 0.0, 0.0, 0.0, 0.0, 0.0, 0.0, 0.0, 0.0, 0.0, 0.0, 0.0, 0.0, 0.0, 0.0, 0.0, 0.0, 0.0, 0.0, 0.0, 0.0, 0.0, 0.0, 0.0, 0.0, 0.0, 0.0, 0.0, 0.0, 0.0, 0.0, 0.0, 0.0, 0.0, 0.0, 0.0, 0.0, 0.0, 0.0, 0.0, 0.0, 0.0, 0.0, 0.0, 0.0, 0.0, 0.0, 0.0, 0.0, 0.07914032874460364, 0.0, 0.0, 0.0, 0.0, 0.0, 0.0, 0.0, 0.0, 0.0, 0.0, 0.0, 0.0, 0.0, 0.0, 0.0, 0.0, 0.0, 0.0, 0.0, 0.0, 0.0, 0.0, 0.2943307734850649, 0.0, 0.0, 0.0, 0.0, 0.0, 0.0, 0.0, 0.0, 0.0, 0.0, 0.0, 0.0, 0.0, 0.0, 0.0, 0.0, 0.0, 0.0, 0.0, 0.0, 0.0, 0.0, 0.4303808894809223, 0.0, 0.0, 0.0, 0.0, 0.0, 0.0, 0.0, 0.0, 0.0, 0.0, 0.0, 0.0, 0.0, 0.0, 0.0, 0.0, 0.0, 0.0, 0.0, 0.0, 0.0, 0.0, 0.43038088948092235, 0.0, 0.0, 0.0, 0.0, 0.0, 0.0, 0.0, 0.0, 0.0, 0.0, 0.0, 0.0, 0.0, 0.0, 0.0, 0.0, 0.0, 0.0, 0.0, 0.0, 0.0, 0.0, 0.21519044474046115, 0.0, 0.0, 0.0, 0.0, 0.0, 0.0, 0.0, 0.0, 0.0, 0.0, 0.0, 0.0, 0.0, 0.0, 0.0, 0.0, 0.0, 0.0, 0.0, 0.0, 0.0, 0.0, 0.07316475121175679, 0.0, 0.0, 0.0, 0.0, 0.0, 0.0, 0.0, 0.0, 0.0, 0.1133970917073764, 0.0, 0.0, 0.11357729895775927, 0.0, 0.0, 0.0, 0.0, 0.0, 0.21519044474046115, 0.0, 0.0, 0.0, 0.21519044474046128, 0.11423547128739055, 0.0, 0.0, 0.0, 0.0, 0.0, 0.0, 0.0, 0.0, 0.3285875364478367, 0.0, 0.0, 0.3287677436982194, 0.0, 0.0, 0.0, 0.21519044474046115, 0.0, 0.4303808894809223, 0.0, 0.0, 0.0, 0.4303808894809223, 0.32942591602785115, 0.21519044474046115, 0.0, 0.0, 0.0, 0.0, 0.0, 0.0, 0.0, 0.4303808894809223, 0.0, 0.0, 0.4303808894809223, 0.0, 0.0, 0.0, 0.4303808894809223, 0.0, 0.4303808894809223, 0.0, 0.0, 0.0, 0.4303808894809223, 0.4303808894809223, 0.4303808894809223, 0.0, 0.0, 0.0, 0.0, 0.0, 0.0, 0.0, 0.4303808894809223, 0.0, 0.0, 0.4303808894809223, 0.0, 0.0, 0.0, 0.4303808894809223, 0.0, 0.4303808894809223, 0.0, 0.0, 0.0, 0.21519044474046115, 0.4303808894809223, 0.4303808894809223, 0.0, 0.0, 0.0, 0.0, 0.0, 0.0, 0.0, 0.4303808894809223, 0.0, 0.0, 0.4303808894809223, 0.0, 0.0, 0.0, 0.4303808894809223, 0.0, 0.43038088948092235, 0.0, 0.0, 0.0, 0.0, 0.4303808894809223, 0.23454601539219755, 0.0, 0.0, 0.0, 0.0, 0.0, 0.0, 0.0, 0.4303808894809223, 0.0, 0.0, 0.4303808894809223, 0.0, 0.0, 0.0, 0.4303808894809223, 0.0, 0.4303808894809223, 0.0, 0.0, 0.0, 0.0, 0.4303808894809223, 0.4303808894809223, 0.0, 0.0, 0.0, 0.0, 0.0, 0.0, 0.0, 0.4303808894809223, 0.0, 0.0, 0.4303808894809223, 0.0, 0.0, 0.0, 0.4303808894809223, 0.0, 0.29281101158986733, 0.0, 0.0, 0.0, 0.0, 0.4303808894809223, 0.4303808894809223, 0.0, 0.0, 0.0, 0.0, 0.0, 0.0, 0.0, 0.21519044474046115, 0.0, 0.0, 0.21519044474046115, 0.0, 0.0, 0.0, 0.3285084937911208, 0.0, 0.07762056684940613, 0.0, 0.0, 0.0, 0.0, 0.21519044474046115, 0.4303808894809223, 0.0, 0.0, 0.0, 0.0, 0.0, 0.0, 0.0, 0.0, 0.0, 0.0, 0.0, 0.0, 0.0, 0.0, 0.11331804905065967, 0.0, 0.0, 0.0, 0.0, 0.0, 0.0, 0.0, 0.21519044474046115, 0.0, 0.0, 0.0, 0.0, 0.0, 0.0, 0.0, 0.0, 0.0, 0.0, 0.0, 0.0, 0.0, 0.0, 0.0, 0.0, 0.0, 0.0, 0.0, 0.0, 0.0, 0.0, 0.0, 0.0, 0.0, 0.0, 0.0, 0.0, 0.0, 0.0, 0.0, 0.0, 0.0, 0.0, 0.0, 0.0, 0.0, 0.0, 0.0, 0.0, 0.0, 0.0, 0.0, 0.0, 0.0, 0.0, 0.0, 0.0, 0.0, 0.0, 0.0, 0.0, 0.0, 0.0, 0.0, 0.0, 0.0, 0.0, 0.0, 0.0, 0.0, 0.0, 0.0, 0.0, 0.0, 0.0, 0.0, 0.0, 0.0, 0.0, 0.0, 0.0, 0.0, 0.0, 0.0, 0.0, 0.0, 0.0, 0.0, 0.0, 0.0, 0.0, 0.0, 0.0, 0.0, 0.0, 0.0, 0.0, 0.0, 0.0, 0.0, 0.0, 0.0, 0.0, 0.0, 0.0, 0.0, 0.0, 0.0, 0.0, 0.0, 0.0, 0.0, 0.0, 0.0, 0.0, 0.0, 0.0, 0.0, 0.0, 0.0, 0.0, 0.0, 0.0, 0.0, 0.0, 0.0, 0.0, 0.0, 0.0, 0.0, 0.0, 0.0, 0.0, 0.0, 0.0, 0.0, 0.0, 0.0, 0.0, 0.0, 0.0, 0.0, 0.0, 0.0, 0.0, 0.0, 0.0, 0.0, 0.0, 0.0, 0.0, 0.0, 0.0, 0.0, 0.0, 0.0, 0.0, 0.0, 0.0, 0.0, 0.0, 0.0, 0.0, 0.0, 0.0, 0.0, 0.0, 0.0, 0.0, 0.0, 0.0, 0.0, 0.0, 0.0, 0.0, 0.0, 0.0, 0.0, 0.0, 0.0, 0.0, 0.0, 0.0, 0.0, 0.0, 0.0, 0.0, 0.0, 0.0, 0.0, 0.0, 0.0, 0.0, 0.0, 0.0, 0.0, 0.0, 0.0, 0.0, 0.0, 0.0, 0.0, 0.0, 0.0, 0.0, 0.0, 0.0, 0.0, 0.0, 0.0, 0.0, 0.0, 0.0, 0.0, 0.0, 0.0, 0.0, 0.0, 0.0, 0.0, 0.0, 0.0, 0.0, 0.0, 0.0, 0.0, 0.0, 0.0, 0.0, 0.0, 0.0, 0.0, 0.0, 0.0, 0.0, 0.0, 0.0, 0.0, 0.0, 0.0, 0.0, 0.0, 0.0, 0.0, 0.0, 0.0, 0.0, 0.0, 0.0, 0.0, 0.0, 0.0, 0.0, 0.0, 0.0, 0.0, 0.0, 0.0, 0.0, 0.0, 0.0, 0.0, 0.0, 0.0, 0.0, 0.0, 0.0, 0.0, 0.0, 0.0, 0.0, 0.0, 0.0, 0.0, 0.0, 0.0, 0.0, 0.0, 0.0, 0.0, 0.0, 0.0, 0.0, 0.0, 0.0, 0.0, 0.0, 0.0, 0.0, 0.0, 0.0, 0.0, 0.0, 0.0, 0.0, 0.0, 0.0, 0.0, 0.0, 0.0, 0.0, 0.0, 0.0, 0.0, 0.0, 0.0, 0.0, 0.0, 0.0, 0.0, 0.0, 0.0, 0.0, 0.0, 0.0, 0.0, 0.0, 0.0, 0.0, 0.0, 0.0, 0.0, 0.0, 0.0, 0.0, 0.0, 0.0, 0.0, 0.0, 0.0, 0.0, 0.0, 0.0, 0.0, 0.0, 0.0, 0.0, 0.0, 0.0, 0.0, 0.0, 0.0, 0.0, 0.0, 0.0, 0.0, 0.0, 0.0, 0.07316475121175679, 0.0, 0.0, 0.0, 0.0, 0.0, 0.0, 0.0, 0.0, 0.0, 0.0, 0.0, 0.0, 0.07316475121175679, 0.0, 0.0, 0.0, 0.0, 0.0, 0.0, 0.0, 0.0, 0.0, 0.07668650289792417, 0.0, 0.0, 0.0, 0.07316475121175679, 0.0, 0.0, 0.0, 0.0, 0.21519044474046115, 0.0, 0.0, 0.21519044474046115, 0.288355195952218, 0.0, 0.0, 0.0, 0.0, 0.0, 0.0, 0.21519044474046115, 0.0, 0.0, 0.2918769476383848, 0.0, 0.0, 0.0, 0.288355195952218, 0.0, 0.0, 0.0, 0.0, 0.4303808894809223, 0.0, 0.0, 0.4303808894809223, 0.4303808894809223, 0.0, 0.0, 0.0, 0.0, 0.0, 0.0, 0.4303808894809223, 0.0, 0.0, 0.4303808894809223, 0.0, 0.0, 0.0, 0.4303808894809223, 0.0, 0.0, 0.0, 0.0, 0.4303808894809223, 0.0, 0.0, 0.4303808894809223, 0.4303808894809223, 0.0, 0.0, 0.0, 0.0, 0.0, 0.0, 0.4303808894809223, 0.0, 0.0, 0.4303808894809223, 0.0, 0.0, 0.0, 0.4303808894809223, 0.0, 0.0, 0.0, 0.0, 0.4303808894809223, 0.0, 0.0, 0.4303808894809223, 0.4303808894809223, 0.0, 0.0, 0.0, 0.0, 0.0, 0.0, 0.4303808894809223, 0.0, 0.0, 0.4303808894809223, 0.0, 0.0, 0.0, 0.4303808894809223, 0.0, 0.0, 0.0, 0.0, 0.22459095106318097, 0.0, 0.0, 0.4303808894809223, 0.4303808894809223, 0.0, 0.0, 0.0, 0.0, 0.0, 0.0, 0.4303808894809223, 0.0, 0.0, 0.4303808894809223, 0.0, 0.0, 0.0, 0.4303808894809223, 0.0, 0.0, 0.0, 0.0, 0.4303808894809223, 0.0, 0.0, 0.4303808894809223, 0.21519044474046115, 0.0, 0.0, 0.0, 0.0, 0.0, 0.0, 0.4303808894809223, 0.0, 0.0, 0.4303808894809223, 0.0, 0.0, 0.0, 0.43038088948092235, 0.0, 0.0, 0.0, 0.0, 0.4303808894809223, 0.0, 0.0, 0.21519044474046115, 0.0, 0.0, 0.0, 0.0, 0.0, 0.0, 0.0, 0.33260617647550006, 0.0, 0.0, 0.21519044474046115, 0.0, 0.0, 0.0, 0.22976947721371332, 0.0, 0.0, 0.0, 0.0, 0.21519044474046115, 0.0, 0.0, 0.0, 0.0, 0.0, 0.0, 0.0, 0.0, 0.0, 0.0, 0.11741573173503894, 0.0, 0.0, 0.0, 0.0, 0.0, 0.0, 0.0731647512117568, 0.0, 0.0, 0.0, 0.0, 0.0, 0.0, 0.0, 0.0, 0.0, 0.0, 0.0, 0.0, 0.0, 0.0, 0.0, 0.0, 0.0, 0.0, 0.0, 0.0, 0.0, 0.0, 0.0, 0.0, 0.0, 0.0, 0.0, 0.0, 0.0, 0.0, 0.0, 0.0, 0.0, 0.0, 0.0, 0.0, 0.0, 0.0, 0.0, 0.0, 0.0, 0.0, 0.0, 0.0, 0.0, 0.0, 0.0, 0.0, 0.0, 0.0, 0.0, 0.0, 0.0, 0.0, 0.0, 0.0, 0.0, 0.0, 0.0, 0.0, 0.0, 0.0, 0.0, 0.0, 0.0, 0.0, 0.0, 0.0, 0.0, 0.0, 0.0, 0.0, 0.0, 0.0, 0.0, 0.0, 0.0, 0.0, 0.0, 0.0, 0.0, 0.0, 0.0, 0.0, 0.0, 0.0, 0.0, 0.0, 0.0, 0.0, 0.0, 0.0, 0.0, 0.0, 0.0, 0.0, 0.0, 0.0, 0.0, 0.0, 0.0, 0.0, 0.0, 0.0, 0.0, 0.0, 0.0, 0.0, 0.0, 0.0, 0.0, 0.0, 0.0, 0.0, 0.0, 0.0, 0.0, 0.0, 0.0, 0.0, 0.0, 0.0, 0.0, 0.0, 0.0, 0.0, 0.0, 0.0, 0.0, 0.0, 0.0, 0.0, 0.0, 0.0, 0.0, 0.0, 0.0, 0.0, 0.0, 0.0, 0.0, 0.0, 0.0, 0.0, 0.0, 0.0, 0.0, 0.0, 0.0, 0.0, 0.0, 0.0, 0.0, 0.0, 0.0, 0.0, 0.0, 0.0, 0.0, 0.0, 0.0, 0.0, 0.0, 0.0, 0.0, 0.0, 0.0, 0.0, 0.0, 0.0, 0.0, 0.0, 0.0, 0.0, 0.0, 0.0, 0.0, 0.0, 0.0, 0.0, 0.0, 0.0, 0.0, 0.0, 0.0, 0.0, 0.0, 0.0, 0.0, 0.0, 0.0, 0.0, 0.0, 0.0, 0.0, 0.0, 0.0, 0.0, 0.0, 0.0, 0.0, 0.0, 0.0, 0.0, 0.0, 0.0, 0.0, 0.0, 0.0, 0.0, 0.0, 0.0, 0.0, 0.0, 0.0, 0.21519044474046115, 0.0, 0.0, 0.0, 0.0, 0.0, 0.0, 0.0, 0.0, 0.0, 0.0, 0.0, 0.0, 0.0, 0.0, 0.0, 0.0, 0.0, 0.0, 0.0, 0.0, 0.0, 0.0, 0.4303808894809223, 0.0, 0.0, 0.0, 0.0, 0.0, 0.0, 0.0, 0.0, 0.0, 0.0, 0.0, 0.0, 0.0, 0.0, 0.0, 0.0, 0.0, 0.0, 0.0, 0.0, 0.0, 0.0, 0.4303808894809223, 0.0, 0.0, 0.0, 0.0, 0.0, 0.0, 0.0, 0.0, 0.0, 0.0, 0.0, 0.0, 0.0, 0.0, 0.0, 0.0, 0.0, 0.0, 0.0, 0.0, 0.0, 0.0, 0.4303808894809223, 0.0, 0.0, 0.0, 0.0, 0.0, 0.0, 0.0, 0.0, 0.0, 0.0, 0.0, 0.0, 0.0, 0.0, 0.0, 0.0, 0.0, 0.0, 0.0, 0.0, 0.0, 0.0, 0.4303808894809223, 0.0, 0.0, 0.0, 0.0, 0.0, 0.0, 0.0, 0.0, 0.0, 0.0, 0.0, 0.0, 0.0, 0.0, 0.0, 0.0, 0.0, 0.0, 0.0, 0.0, 0.0, 0.0, 0.4303808894809223, 0.0, 0.0, 0.0, 0.0, 0.0, 0.0, 0.0, 0.0, 0.0, 0.0, 0.0, 0.0, 0.0, 0.0, 0.0, 0.0, 0.0, 0.0, 0.0, 0.0, 0.0, 0.0, 0.3317681462203393, 0.0, 0.0, 0.07316475121175679, 0.11423547128739046, 0.11717093806615615, 0.0, 0.0, 0.21519044474046115, 0.0, 0.0, 0.0, 0.0, 0.0, 0.0, 0.0, 0.0, 0.0, 0.0, 0.0, 0.0, 0.0, 0.0, 0.1165777014798781, 0.0, 0.0, 0.288355195952218, 0.32942591602785093, 0.3323613828066167, 0.0, 0.21519044474046115, 0.4303808894809223, 0.0, 0.0, 0.0, 0.21519044474046115, 0.0, 0.0, 0.0, 0.0, 0.0, 0.0, 0.0, 0.0, 0.0, 0.0, 0.0, 0.0, 0.0, 0.4303808894809223, 0.4303808894809223, 0.4303808894809223, 0.0, 0.4303808894809223, 0.4303808894809223, 0.0, 0.0, 0.0, 0.4303808894809223, 0.0, 0.0, 0.0, 0.0, 0.0, 0.0, 0.0, 0.0, 0.0, 0.0, 0.0, 0.0, 0.0, 0.3715535911472364, 0.43038088948092235, 0.4303808894809223, 0.0, 0.4303808894809223, 0.4303808894809223, 0.0, 0.0, 0.0, 0.4303808894809223, 0.0, 0.0, 0.0, 0.0, 0.0, 0.0, 0.0, 0.0, 0.0, 0.0, 0.0, 0.0, 0.0, 0.4303808894809223, 0.4303808894809223, 0.43038088948092235, 0.0, 0.4303808894809223, 0.4303808894809223, 0.0, 0.0, 0.0, 0.23454601539219755, 0.0, 0.0, 0.0, 0.0, 0.0, 0.0, 0.0, 0.0, 0.0, 0.0, 0.0, 0.0, 0.0, 0.4303808894809223, 0.4303808894809223, 0.4303808894809223, 0.0, 0.4303808894809223, 0.4303808894809223, 0.0, 0.0, 0.0, 0.4303808894809223, 0.0, 0.0, 0.0, 0.0, 0.0, 0.0, 0.0, 0.0, 0.0, 0.0, 0.0, 0.0, 0.0, 0.4303808894809223, 0.4303808894809223, 0.4303808894809223, 0.0, 0.43038088948092235, 0.32884175491110423, 0.0, 0.0, 0.0, 0.43038088948092235, 0.0, 0.0, 0.0, 0.0, 0.0, 0.0, 0.0, 0.0, 0.0, 0.0, 0.0, 0.0, 0.0, 0.288355195952218, 0.21519044474046115, 0.21519044474046115, 0.0, 0.3285084937911208, 0.11365131017064314, 0.0, 0.0, 0.0, 0.4303808894809223, 0.0, 0.0, 0.0, 0.0, 0.0, 0.0, 0.0, 0.0, 0.0, 0.0, 0.0, 0.0, 0.0, 0.0731647512117568, 0.0, 0.0, 0.0, 0.11331804905065967, 0.0, 0.0, 0.0, 0.0, 0.21519044474046115, 0.0, 0.0, 0.0, 0.0, 0.0, 0.0, 0.0, 0.0, 0.0, 0.0, 0.0, 0.0, 0.0, 0.0, 0.0, 0.0, 0.0, 0.0, 0.0, 0.0, 0.0, 0.0, 0.0, 0.0, 0.0, 0.0, 0.0, 0.0, 0.0, 0.0, 0.0, 0.0, 0.0, 0.0, 0.0, 0.0, 0.0, 0.0, 0.0, 0.0, 0.0, 0.0, 0.0, 0.0, 0.0, 0.0, 0.0, 0.0, 0.0, 0.0, 0.0, 0.0, 0.0, 0.0, 0.0, 0.0, 0.0, 0.0, 0.0, 0.0, 0.0, 0.0, 0.0, 0.0, 0.0, 0.0, 0.0, 0.0, 0.0, 0.0, 0.0, 0.0, 0.0, 0.0, 0.0, 0.0, 0.0, 0.0, 0.0, 0.0, 0.0, 0.0, 0.0, 0.0, 0.0, 0.0, 0.0, 0.0, 0.0, 0.0, 0.0, 0.0, 0.0, 0.0, 0.0, 0.0, 0.0, 0.0, 0.0, 0.0, 0.0, 0.0, 0.0, 0.0, 0.0, 0.0, 0.0, 0.0, 0.0, 0.0, 0.0, 0.0, 0.0, 0.0, 0.0, 0.0, 0.0, 0.0, 0.0, 0.0, 0.0, 0.0, 0.0, 0.0, 0.0, 0.0, 0.0, 0.0, 0.0, 0.0, 0.0, 0.0, 0.0, 0.0, 0.0, 0.0, 0.0, 0.0, 0.0, 0.0, 0.0, 0.0, 0.0, 0.0, 0.0, 0.0, 0.0, 0.0, 0.0, 0.0, 0.0, 0.0, 0.0, 0.0, 0.0, 0.0, 0.0, 0.0, 0.0, 0.0, 0.0, 0.0, 0.0, 0.0, 0.0, 0.0, 0.0, 0.0, 0.0, 0.0, 0.0, 0.0, 0.0, 0.0, 0.0, 0.0, 0.0, 0.0, 0.0, 0.0, 0.0, 0.0, 0.0, 0.0, 0.0, 0.0, 0.0, 0.0, 0.0, 0.0, 0.0, 0.0, 0.0, 0.0, 0.0, 0.0, 0.0, 0.0, 0.0, 0.0, 0.0, 0.0, 0.0, 0.0, 0.0, 0.0, 0.0, 0.0, 0.0, 0.0, 0.0, 0.0, 0.0, 0.0, 0.0, 0.0, 0.0, 0.0, 0.0, 0.0, 0.0, 0.0, 0.0, 0.0, 0.0, 0.0, 0.0, 0.0, 0.0, 0.0, 0.0, 0.0, 0.0, 0.0, 0.0, 0.0, 0.0, 0.0, 0.0, 0.0, 0.0, 0.0, 0.0, 0.0, 0.0, 0.0, 0.0, 0.0, 0.0, 0.0, 0.0, 0.0, 0.0, 0.0, 0.0, 0.0, 0.0, 0.0, 0.0, 0.0, 0.0, 0.0, 0.0, 0.0, 0.0, 0.0, 0.0, 0.0, 0.0, 0.0, 0.0, 0.0, 0.0, 0.0, 0.0, 0.0, 0.0, 0.0, 0.0, 0.0, 0.0, 0.0, 0.0, 0.0, 0.0, 0.0, 0.0, 0.0, 0.0, 0.0, 0.0, 0.0, 0.0, 0.0, 0.0, 0.0, 0.0, 0.0, 0.0, 0.0, 0.0, 0.0, 0.0, 0.0, 0.0, 0.0, 0.0, 0.0, 0.0, 0.0, 0.0, 0.0, 0.0, 0.0, 0.0, 0.0, 0.0, 0.0, 0.0, 0.0, 0.0, 0.0, 0.0, 0.0, 0.0, 0.0, 0.0, 0.0, 0.0, 0.0, 0.0, 0.0, 0.0, 0.0, 0.0, 0.0, 0.0, 0.07316475121175679, 0.0, 0.0, 0.0, 0.0, 0.0, 0.0, 0.0, 0.0, 0.0, 0.0, 0.0, 0.0, 0.0, 0.0, 0.0, 0.07316475121175679, 0.11342790087462308, 0.0, 0.0, 0.0, 0.11299121350335743, 0.0, 0.07767595807998688, 0.0, 0.0, 0.0, 0.0, 0.0, 0.0, 0.0, 0.0, 0.21519044474046115, 0.0, 0.21519044474046115, 0.0, 0.0, 0.0, 0.0, 0.288355195952218, 0.32861834561508424, 0.0, 0.0, 0.0, 0.32818165824381856, 0.0, 0.2928664028204475, 0.0, 0.0, 0.0, 0.0, 0.0, 0.0, 0.0, 0.21519044474046115, 0.4303808894809223, 0.0, 0.4303808894809223, 0.0, 0.0, 0.0, 0.0, 0.4303808894809223, 0.4303808894809223, 0.0, 0.0, 0.0, 0.4303808894809223, 0.0, 0.4303808894809223, 0.0, 0.0, 0.0, 0.0, 0.0, 0.0, 0.0, 0.43038088948092235, 0.4303808894809223, 0.0, 0.43038088948092235, 0.0, 0.0, 0.0, 0.0, 0.4303808894809223, 0.4303808894809223, 0.0, 0.0, 0.0, 0.4303808894809223, 0.0, 0.4303808894809223, 0.0, 0.0, 0.0, 0.0, 0.0, 0.0, 0.0, 0.4303808894809223, 0.43038088948092235, 0.0, 0.4303808894809223, 0.0, 0.0, 0.0, 0.0, 0.4303808894809223, 0.4303808894809223, 0.0, 0.0, 0.0, 0.4303808894809223, 0.0, 0.43038088948092235, 0.0, 0.0, 0.0, 0.0, 0.0, 0.0, 0.0, 0.4303808894809223, 0.2346276132629288, 0.0, 0.4303808894809223, 0.0, 0.0, 0.0, 0.0, 0.4303808894809223, 0.4303808894809223, 0.0, 0.0, 0.0, 0.4303808894809223, 0.0, 0.4303808894809223, 0.0, 0.0, 0.0, 0.0, 0.0, 0.0, 0.0, 0.43038088948092235, 0.43038088948092235, 0.0, 0.43038088948092235, 0.0, 0.0, 0.0, 0.0, 0.43038088948092235, 0.4303808894809223, 0.0, 0.0, 0.0, 0.4303808894809223, 0.0, 0.4303808894809223, 0.0, 0.0, 0.0, 0.0, 0.0, 0.0, 0.0, 0.43038088948092235, 0.4303808894809223, 0.0, 0.3288232295176964, 0.0, 0.0, 0.0, 0.0, 0.22893376673950167, 0.21519044474046115, 0.0, 0.0, 0.0, 0.21519044474046115, 0.0, 0.21519044474046115, 0.0, 0.0, 0.0, 0.0, 0.0, 0.0, 0.0, 0.3288417549111043, 0.21519044474046115, 0.0, 0.1136327847772352, 0.0, 0.0, 0.0, 0.0, 0.0731647512117568, 0.0, 0.0, 0.0, 0.0, 0.0, 0.0, 0.0, 0.0, 0.0, 0.0, 0.0, 0.0, 0.0, 0.0, 0.11365131017064316, 0.0, 0.0, 0.0, 0.0, 0.0, 0.0, 0.0, 0.0, 0.0, 0.0, 0.0, 0.0, 0.0, 0.0, 0.0, 0.0, 0.0, 0.0, 0.0, 0.0, 0.0, 0.0, 0.0, 0.0, 0.0, 0.0, 0.0, 0.0, 0.0, 0.0, 0.0, 0.0, 0.0, 0.0, 0.0, 0.0, 0.0, 0.0, 0.0, 0.0, 0.0, 0.0, 0.0, 0.0, 0.0, 0.0, 0.0, 0.0, 0.0, 0.0, 0.0, 0.0, 0.0, 0.0, 0.0, 0.0, 0.0, 0.0, 0.0, 0.0, 0.0, 0.0, 0.0, 0.0, 0.0, 0.0, 0.0, 0.0, 0.0, 0.0, 0.0, 0.0, 0.0, 0.0, 0.0, 0.0, 0.0, 0.0, 0.0, 0.0, 0.0, 0.0, 0.0, 0.0, 0.0, 0.0, 0.0, 0.0, 0.0, 0.0, 0.0, 0.0, 0.0, 0.0, 0.0, 0.0, 0.0, 0.0, 0.0, 0.0, 0.0, 0.0, 0.0, 0.0, 0.0, 0.0, 0.0, 0.0, 0.0, 0.0, 0.0, 0.0, 0.0, 0.0, 0.0, 0.0, 0.0, 0.0, 0.0, 0.0, 0.0, 0.0, 0.0, 0.0, 0.0, 0.0, 0.0, 0.0, 0.0, 0.0, 0.0, 0.0, 0.0, 0.0, 0.0, 0.0, 0.0, 0.0, 0.0, 0.0, 0.0, 0.0, 0.0, 0.0, 0.0, 0.0, 0.0, 0.0, 0.0, 0.0, 0.0, 0.0, 0.0, 0.0, 0.0, 0.0, 0.0, 0.0, 0.0, 0.0, 0.0, 0.0, 0.0, 0.0, 0.0, 0.0, 0.0, 0.0, 0.0, 0.0, 0.0, 0.0, 0.0, 0.0, 0.0, 0.0, 0.0, 0.0, 0.0, 0.0, 0.0, 0.0, 0.0, 0.0, 0.0, 0.0, 0.0, 0.0, 0.0, 0.0, 0.0, 0.0, 0.0, 0.0, 0.0, 0.0, 0.0, 0.0, 0.0, 0.0, 0.0, 0.0, 0.0, 0.0, 0.0, 0.0, 0.0, 0.0, 0.0, 0.0, 0.0, 0.0, 0.0, 0.0, 0.0, 0.0, 0.0, 0.0, 0.0, 0.0, 0.0, 0.0, 0.0, 0.0, 0.0, 0.0, 0.0, 0.0, 0.0, 0.0, 0.0, 0.0, 0.0, 0.0, 0.0, 0.0, 0.0, 0.0, 0.0, 0.0, 0.0, 0.0, 0.0, 0.0, 0.0, 0.0, 0.0, 0.0, 0.0, 0.0, 0.0, 0.0, 0.0, 0.0, 0.0, 0.0, 0.0, 0.0, 0.0, 0.0, 0.0, 0.0, 0.0, 0.0, 0.0, 0.0, 0.0, 0.0, 0.0, 0.0, 0.0, 0.0, 0.0, 0.0, 0.0, 0.0, 0.0, 0.0, 0.0, 0.0, 0.0, 0.0, 0.0, 0.0, 0.0, 0.0, 0.0, 0.0, 0.0, 0.0, 0.0, 0.0, 0.0, 0.0, 0.0, 0.0, 0.0, 0.0, 0.0, 0.0, 0.0, 0.0, 0.0, 0.0, 0.0, 0.0, 0.0, 0.0, 0.0, 0.0, 0.0, 0.0, 0.0, 0.0, 0.0, 0.0, 0.0, 0.0, 0.0, 0.0, 0.0, 0.0, 0.0, 0.0, 0.0, 0.0, 0.0, 0.0, 0.0, 0.0, 0.0, 0.0, 0.0, 0.0, 0.0, 0.0, 0.0, 0.0, 0.0, 0.0, 0.0, 0.0, 0.0, 0.0, 0.0, 0.0, 0.0, 0.0, 0.0, 0.0, 0.0, 0.0, 0.1132311692860691, 0.21519044474046115, 0.0, 0.0, 0.0, 0.0, 0.0, 0.0, 0.0, 0.0, 0.0, 0.0, 0.0, 0.0, 0.0, 0.0, 0.0, 0.0, 0.21519044474046115, 0.0, 0.0, 0.0, 0.0, 0.32842161402653025, 0.4303808894809223, 0.0, 0.0, 0.0, 0.0, 0.0, 0.21519044474046115, 0.21519044474046115, 0.0, 0.0, 0.0, 0.0, 0.0, 0.0, 0.0, 0.0, 0.0, 0.4303808894809223, 0.0, 0.0, 0.0, 0.0, 0.4303808894809223, 0.43038088948092235, 0.0, 0.0, 0.0, 0.0, 0.0, 0.4303808894809223, 0.4303808894809223, 0.0, 0.0, 0.0, 0.0, 0.0, 0.0, 0.0, 0.0, 0.0, 0.43038088948092235, 0.0, 0.0, 0.0, 0.0, 0.43038088948092235, 0.43038088948092235, 0.0, 0.0, 0.0, 0.0, 0.0, 0.43038088948092235, 0.43038088948092235, 0.0, 0.0, 0.0, 0.0, 0.0, 0.0, 0.0, 0.0, 0.0, 0.43038088948092235, 0.0, 0.0, 0.0, 0.0, 0.43038088948092235, 0.4303808894809223, 0.0, 0.0, 0.0, 0.0, 0.0, 0.43038088948092235, 0.43038088948092235, 0.0, 0.0, 0.0, 0.0, 0.0, 0.0, 0.0, 0.0, 0.0, 0.43038088948092235, 0.0, 0.0, 0.0, 0.0, 0.4303808894809223, 0.21519044474046115, 0.0, 0.0, 0.0, 0.0, 0.0, 0.4303808894809223, 0.43038088948092235, 0.0, 0.0, 0.0, 0.0, 0.0, 0.0, 0.0, 0.0, 0.0, 0.4303808894809223, 0.0, 0.0, 0.0, 0.0, 0.43038088948092235, 0.0, 0.0, 0.0, 0.0, 0.0, 0.0, 0.4303808894809223, 0.43038088948092235, 0.0, 0.0, 0.0, 0.0, 0.0, 0.0, 0.0, 0.0, 0.0, 0.3288232295176964, 0.0, 0.0, 0.0, 0.0, 0.21519044474046115, 0.0, 0.0, 0.0, 0.0, 0.0, 0.0, 0.21519044474046115, 0.3284751981894746, 0.0, 0.0, 0.0, 0.0, 0.0, 0.0, 0.0, 0.0, 0.0, 0.1136327847772352, 0.0, 0.0, 0.0, 0.0, 0.0, 0.0, 0.0, 0.0, 0.0, 0.0, 0.0, 0.0, 0.11328475344901347, 0.0, 0.0, 0.0, 0.0, 0.0, 0.0, 0.0, 0.0, 0.0, 0.0, 0.0, 0.0, 0.0, 0.0, 0.0, 0.0, 0.0, 0.0, 0.0, 0.0, 0.0, 0.0, 0.0, 0.0, 0.0, 0.0, 0.0, 0.0, 0.0, 0.0, 0.0, 0.0, 0.0, 0.0, 0.0, 0.0, 0.0, 0.0, 0.0, 0.0, 0.0, 0.0, 0.0, 0.0, 0.0, 0.0, 0.0, 0.0, 0.0, 0.0, 0.0, 0.0, 0.0, 0.0, 0.0, 0.0, 0.0, 0.0, 0.0, 0.0, 0.0, 0.0, 0.0, 0.0, 0.0, 0.0, 0.0, 0.0, 0.0, 0.0, 0.0, 0.0, 0.0, 0.0, 0.0, 0.0, 0.0, 0.0, 0.0, 0.0, 0.0, 0.0, 0.0, 0.0, 0.0, 0.0, 0.0, 0.0, 0.0, 0.0, 0.0, 0.0, 0.0, 0.0, 0.0, 0.0, 0.0, 0.0, 0.0, 0.0, 0.0, 0.0, 0.0, 0.0, 0.0, 0.0, 0.0, 0.0, 0.0, 0.0, 0.0, 0.0, 0.0, 0.0, 0.0, 0.0, 0.0, 0.0, 0.0, 0.0, 0.0, 0.0, 0.0, 0.0, 0.0, 0.0, 0.0, 0.0, 0.0, 0.0, 0.0, 0.0, 0.0, 0.0, 0.0, 0.0, 0.0, 0.0, 0.0, 0.0, 0.0, 0.0, 0.0, 0.0, 0.0, 0.0, 0.0, 0.0, 0.0, 0.0, 0.0, 0.0, 0.0, 0.0, 0.0, 0.0, 0.0, 0.0, 0.0, 0.0, 0.0, 0.0, 0.0, 0.0, 0.0, 0.0, 0.0, 0.0, 0.0, 0.0, 0.0, 0.0, 0.0, 0.0, 0.0, 0.0, 0.0, 0.0, 0.0, 0.0, 0.0, 0.0, 0.0, 0.0, 0.0, 0.0, 0.0, 0.0, 0.0, 0.0, 0.0, 0.0, 0.0, 0.0, 0.0, 0.0, 0.0, 0.0, 0.0, 0.0, 0.0, 0.0, 0.0, 0.0, 0.0, 0.0, 0.0, 0.0, 0.0, 0.0, 0.0, 0.0, 0.0, 0.0, 0.0, 0.0, 0.0, 0.0, 0.0, 0.0, 0.0, 0.0, 0.0, 0.0, 0.0, 0.0, 0.0, 0.0, 0.0, 0.0, 0.0, 0.0, 0.0, 0.0, 0.0, 0.0, 0.0, 0.0, 0.0, 0.0, 0.0, 0.21519044474046115, 0.0, 0.0, 0.0, 0.0, 0.0, 0.0, 0.0, 0.0, 0.0, 0.0, 0.0, 0.0, 0.0, 0.0, 0.0, 0.0, 0.0, 0.0, 0.0, 0.0, 0.0, 0.0, 0.4303808894809223, 0.0, 0.0, 0.0, 0.0, 0.0, 0.0, 0.0, 0.0, 0.0, 0.0, 0.0, 0.0, 0.0, 0.0, 0.0, 0.0, 0.0, 0.0, 0.0, 0.0, 0.0, 0.0, 0.3713066447010548, 0.0, 0.0, 0.0, 0.0, 0.0, 0.0, 0.0, 0.0, 0.0, 0.0, 0.0, 0.0, 0.0, 0.0, 0.0, 0.0, 0.0, 0.0, 0.0, 0.0, 0.0, 0.0, 0.15611619996059364, 0.0, 0.0, 0.0, 0.0, 0.0, 0.0, 0.0, 0.0, 0.0, 0.0, 0.0, 0.0, 0.0, 0.0, 0.0, 0.0, 0.0, 0.0, 0.0, 0.0, 0.0, 0.0, 0.07316475121175679, 0.0, 0.0, 0.0, 0.0, 0.0, 0.0, 0.0, 0.0, 0.0, 0.0, 0.0, 0.0, 0.0, 0.0, 0.0, 0.0, 0.0, 0.0, 0.0, 0.0, 0.0, 0.0, 0.07316475121175679, 0.0, 0.0, 0.0, 0.0, 0.0, 0.0, 0.0, 0.0, 0.0, 0.0, 0.0, 0.0, 0.0, 0.0, 0.0, 0.0, 0.0, 0.0, 0.0, 0.0, 0.0, 0.0]"
cost_HX_2,330.96028975773277
objective_value,673.4600167280989
start_z_t,"[-0.0, -0.0, 0.0, -0.0, 0.0, 0.0, -0.0, 0.0, 0.0, 0.0, -0.0, -0.0, -0.0, 0.0, 1.0, 0.0, 1.0, -0.0, 0.0, 0.0, -0.0, 0.0, -0.0, 0.0, -0.0, 0.0, 1.0, -0.0, 0.0, 0.0, -0.0, 0.0, 0.0, -0.0, -0.0, -0.0, -0.0, -0.0, 0.0, -0.0, -0.0, 0.0, 0.0, 0.0, -0.0, 0.0, -0.0, 0.0, 0.0, -0.0, -0.0, 0.0, -0.0, -0.0, -0.0, 0.0, 0.0, -0.0, 0.0, 0.0, -0.0, -0.0, -0.0, -0.0, 0.0, 0.0, -0.0, 0.0, -0.0, -0.0, -0.0, 0.0, -0.0, 0.0, 0.0, 0.0, -0.0, -0.0, 0.0, -0.0, 0.0, 0.0, -0.0, -0.0, 0.0, -0.0, -0.0, 0.0, 0.0, 0.0, -0.0, 0.0, -0.0, -0.0, 0.0, -0.0, -0.0, -0.0, 0.0, -0.0, 0.0, 0.0, -0.0, -0.0, -0.0, 0.0, -0.0, 0.0, -0.0, 0.0, 0.0, 0.0, 0.0, 0.0, 0.0, -0.0, -0.0, -0.0, -0.0, 0.0, -0.0, 0.0, -0.0, -0.0, 0.0, 0.0, -0.0, 0.0, -0.0, -0.0, -0.0, 0.0, -0.0, -0.0, -0.0, -0.0, 0.0, 0.0, -0.0, -0.0, 0.0, 0.0, -0.0, 0.0, -0.0, 0.0, 0.0, -0.0, -0.0, 0.0, -0.0, 0.0, -0.0, -0.0, -0.0, -0.0, 0.0, 0.0, 0.0, -0.0, -0.0, -0.0, -0.0, 0.0, 0.0, -0.0, -0.0, -0.0, -0.0, -0.0, 0.0, -0.0, -0.0, -0.0, 0.0, 0.0, 0.0, -0.0, -0.0, -0.0, 0.0, -0.0, 0.0, 0.0, -0.0, -0.0, 0.0, 0.0, -0.0, -0.0, 0.0, 0.0, -0.0, 0.0, -0.0, -0.0, 0.0, 0.0, -0.0, -0.0, -0.0, -0.0, 0.0, -0.0, -0.0, 0.0, 0.0, -0.0, 0.0, 0.0, -0.0, -0.0, 0.0, -0.0, -0.0, -0.0, 0.0, -0.0, -0.0, -0.0, -0.0, -0.0, -0.0, -0.0, 0.0, -0.0, -0.0, 0.0, 0.0, -0.0, -0.0, -0.0, 0.0, 0.0, 0.0, -0.0, 0.0, 0.0, 0.0, 0.0, 0.0, -0.0, -0.0, 0.0, -0.0, -0.0, -0.0, -0.0, -0.0, -0.0, -0.0, -0.0, -0.0, -0.0, -0.0, -0.0, -0.0, -0.0, 0.0, -0.0, -0.0, 0.0, -0.0, -0.0, -0.0, -0.0, -0.0, -0.0, -0.0, -0.0, 0.0, 0.0, -0.0, -0.0, 0.0, -0.0, -0.0, -0.0, -0.0, -0.0, 0.0, 0.0, 0.0, -0.0, 0.0, 0.0, 0.0, -0.0, 0.0, -0.0, 0.0, -0.0, -0.0, 0.0, -0.0, -0.0, 0.0, -0.0, 0.0, 0.0, 0.0, -0.0, -0.0, -0.0, 0.0, -0.0, -0.0, 0.0, 0.0, -0.0, 0.0, 0.0, -0.0, 0.0, 0.0, 0.0, -0.0, 0.0, -0.0, -0.0, -0.0, 0.0, 0.0, 0.0, -0.0, -0.0, 0.0, -0.0, 0.0, 0.0, -0.0, -0.0, -0.0, -0.0, 0.0, 0.0, 0.0, -0.0, -0.0, -0.0, -0.0, -0.0, 0.0, -0.0, 0.0, 0.0, -0.0, -0.0, 0.0, 0.0, 0.0, 0.0, 0.0, 0.0, 0.0, -0.0, 0.0, -0.0, 0.0, -0.0, -0.0, 0.0, -0.0, -0.0, 0.0, 0.0, -0.0, -0.0, -0.0, 0.0, 0.0, -0.0, 0.0, -0.0, -0.0, 0.0, 0.0, -0.0, -0.0, 0.0, -0.0, -0.0, 0.0, -0.0, 1.0, -0.0, 0.0, -0.0, 0.0, -0.0, -0.0, -0.0, 0.0, -0.0, 0.0, -0.0, -0.0, -0.0, -0.0, 0.0, -0.0, 0.0, -0.0, -0.0, 0.0, 0.0, -0.0, 0.0, -0.0, 0.0, 0.0, -0.0, -0.0, -0.0, 0.0, 0.0, -0.0, -0.0, -0.0, 0.0, 0.0, -0.0, -0.0, 0.0, 0.0, -0.0, -0.0, 0.0, 0.0, -0.0, -0.0, -0.0, -0.0, -0.0, -0.0, 0.0, -0.0, -0.0, -0.0, 0.0, -0.0, -0.0, 0.0, 0.0, 0.0, -0.0, 0.0, 0.0, 0.0, -0.0, 0.0, -0.0, -0.0, -0.0, 0.0, -0.0, -0.0, 0.0, 0.0, 0.0, -0.0, -0.0, -0.0, 0.0, 0.0, -0.0, -0.0, 0.0, -0.0, 0.0, 0.0, -0.0, -0.0, -0.0, 0.0, 0.0, -0.0, 0.0, -0.0, 0.0, 0.0, -0.0, -0.0, -0.0, 0.0, -0.0, -0.0, 0.0, 0.0, -0.0, 0.0, -0.0, -0.0, 0.0, -0.0, 0.0, 0.0, 0.0, 0.0, -0.0, 0.0, -0.0, 0.0, -0.0, 0.0, -0.0, 0.0, -0.0, -0.0, -0.0, -0.0, -0.0, 0.0, -0.0, 0.0, 0.0, -0.0, -0.0, -0.0, -0.0, -0.0, -0.0, -0.0, 0.0, -0.0, 0.0, -0.0, 0.0, -0.0, -0.0, -0.0, 0.0, -0.0, -0.0, 0.0, -0.0, 0.0, -0.0, 1.0, -0.0, 0.0, -0.0, 1.0, 1.0, 0.0, -0.0, -0.0, 1.0, 0.0, 0.0, -0.0, -0.0, -0.0, -0.0, 0.0, -0.0, -0.0, -0.0, 1.0, 0.0, -0.0, -0.0, -0.0, -0.0, -0.0, -0.0, -0.0, 0.0, 0.0, -0.0, -0.0, 0.0, -0.0, -0.0, 0.0, -0.0, -0.0, 0.0, -0.0, -0.0, -0.0, 0.0, -0.0, -0.0, -0.0, 0.0, -0.0, -0.0, -0.0, -0.0, 0.0, -0.0, 0.0, -0.0, 0.0, 0.0, 0.0, 0.0, 0.0, 0.0, -0.0, 0.0, 0.0, -0.0, -0.0, -0.0, -0.0, -0.0, 0.0, -0.0, 0.0, -0.0, -0.0, 0.0, 0.0, -0.0, -0.0, -0.0, -0.0, -0.0, -0.0, -0.0, -0.0, -0.0, -0.0, -0.0, 0.0, -0.0, 0.0, -0.0, -0.0, -0.0, -0.0, -0.0, -0.0, -0.0, -0.0, 0.0, 0.0, -0.0, 0.0, -0.0, -0.0, 0.0, 0.0, -0.0, -0.0, -0.0, -0.0, -0.0, -0.0, 0.0, 0.0, -0.0, 0.0, -0.0, -0.0, -0.0, -0.0, -0.0, -0.0, 0.0, -0.0, -0.0, -0.0, 0.0, 0.0, 0.0, -0.0, -0.0, 0.0, 0.0, 0.0, -0.0, 0.0, -0.0, 0.0, -0.0, -0.0, -0.0, 0.0, -0.0, 0.0, 0.0, -0.0, -0.0, -0.0, -0.0, -0.0, -0.0, -0.0, -0.0, -0.0, 0.0, -0.0, -0.0, 0.0, -0.0, -0.0, -0.0, -0.0, 0.0, 0.0, -0.0, -0.0, -0.0, 0.0, 0.0, -0.0, 0.0, -0.0, -0.0, -0.0, 0.0, -0.0, 0.0, -0.0, 0.0, 0.0, -0.0, -0.0, -0.0, -0.0, 0.0, -0.0, -0.0, 0.0, -0.0, -0.0, -0.0, 0.0, 0.0, 0.0, 0.0, 0.0, -0.0, 0.0, 0.0, -0.0, 0.0, 0.0, -0.0, -0.0, 0.0, 0.0, 0.0, 0.0, -0.0, -0.0, 0.0, 0.0, 0.0, -0.0, -0.0, -0.0, 0.0, 0.0, -0.0, 0.0, 0.0, -0.0, -0.0, -0.0, -0.0, -0.0, 0.0, -0.0, -0.0, 0.0, 0.0, 0.0, 0.0, -0.0, 0.0, -0.0, 0.0, -0.0, -0.0, -0.0, -0.0, 0.0, 0.0, 0.0, 0.0, -0.0, 0.0, -0.0, 0.0, -0.0, 0.0, -0.0, 0.0, -0.0, -0.0, 0.0, 0.0, -0.0, -0.0, -0.0, 0.0, 0.0, 0.0, 0.0, 0.0, 0.0, -0.0, 0.0, 0.0, 0.0, 0.0, -0.0, 0.0, -0.0, 0.0, -0.0, 0.0, 0.0, -0.0, -0.0, 0.0, 0.0, 0.0, 0.0, 0.0, 0.0, 0.0, -0.0, -0.0, -0.0, -0.0, -0.0, -0.0, 0.0, -0.0, 0.0, 0.0, -0.0, 0.0, -0.0, 0.0, 0.0, -0.0, -0.0, -0.0, 0.0, -0.0, -0.0, 0.0, 0.0, -0.0, 0.0, -0.0, -0.0, 0.0, -0.0, -0.0, 0.0, 0.0, 0.0, 0.0, -0.0, -0.0, -0.0, -0.0, -0.0, -0.0, 0.0, -0.0, -0.0, -0.0, -0.0, 0.0, 0.0, -0.0, -0.0, -0.0, 0.0, -0.0, -0.0, 0.0, -0.0, -0.0, -0.0, -0.0, -0.0, 0.0, 0.0, -0.0, -0.0, -0.0, 0.0, -0.0, 0.0, -0.0, 0.0, -0.0, 0.0, 0.0, 0.0, -0.0, -0.0, 0.0, 0.0, -0.0, 0.0, -0.0, 0.0, 0.0, 0.0, -0.0, 0.0, 0.0, -0.0, 0.0, -0.0, 0.0, -0.0, -0.0, 0.0, -0.0, -0.0, -0.0, 0.0, -0.0, -0.0, 0.0, 0.0, -0.0, 0.0, -0.0, -0.0, 0.0, -0.0, -0.0, 0.0, 0.0, -0.0, 0.0, 0.0, 0.0, 0.0, -0.0, 0.0, 0.0, -0.0, -0.0, -0.0, 0.0, -0.0, 0.0, -0.0, -0.0, -0.0, -0.0, -0.0, 0.0, -0.0, -0.0, -0.0, -0.0, 0.0, 1.0, -0.0, -0.0, -0.0, -0.0, -0.0, -0.0, 0.0, -0.0, 0.0, -0.0, -0.0, -0.0, 0.0, 0.0, -0.0, -0.0, -0.0, 0.0, 0.0, -0.0, -0.0, -0.0, -0.0, -0.0, -0.0, 0.0, 0.0, 0.0, 0.0, -0.0, -0.0, 0.0, 0.0, 0.0, -0.0, -0.0, -0.0, 0.0, -0.0, 0.0, -0.0, -0.0, 0.0, 0.0, 0.0, -0.0, 0.0, 0.0, 0.0, -0.0, -0.0, -0.0, 0.0, 0.0, 0.0, 0.0, -0.0, -0.0, 0.0, -0.0, 0.0, 0.0, 0.0, -0.0, 0.0, 0.0, -0.0, 0.0, -0.0, -0.0, -0.0, -0.0, 0.0, -0.0, -0.0, 0.0, -0.0, -0.0, -0.0, 0.0, -0.0, 0.0, 0.0, 0.0, -0.0, 0.0, 0.0, -0.0, -0.0, 0.0, 0.0, -0.0, 0.0, 0.0, -0.0, 0.0, -0.0, 0.0, 0.0, -0.0, 0.0, -0.0, -0.0, -0.0, -0.0, 0.0, 0.0, -0.0, -0.0, 0.0, 0.0, 0.0, 0.0, -0.0, -0.0, -0.0, 0.0, 0.0, -0.0, -0.0, 0.0, -0.0, 0.0, 0.0, 1.0, 0.0, -0.0, 1.0, -0.0, 0.0, 0.0, 0.0, 0.0, 1.0, 0.0, -0.0, 0.0, -0.0, 1.0, 0.0, -0.0, 0.0, -0.0, -0.0, 0.0, 0.0, 0.0, -0.0, 0.0, -0.0, -0.0, 0.0, -0.0, -0.0, 1.0, -0.0, 0.0, -0.0, -0.0, 0.0, -0.0, -0.0, 1.0, -0.0, 0.0, -0.0, 0.0, 0.0, 0.0, -0.0, -0.0, -0.0, 0.0, -0.0, 0.0, -0.0, 0.0, -0.0, -0.0, -0.0, -0.0, -0.0, -0.0, -0.0, -0.0, -0.0, 0.0, -0.0, 0.0, -0.0, -0.0, 0.0, -0.0, -0.0, -0.0, 0.0, -0.0, -0.0, 0.0, -0.0, -0.0, 0.0, -0.0, -0.0, -0.0, -0.0, -0.0, -0.0, 0.0, 0.0, 0.0, -0.0, 0.0, -0.0, -0.0, 0.0, -0.0, -0.0, -0.0, -0.0, 0.0, -0.0, 0.0, -0.0, 0.0, -0.0, 0.0, 0.0, -0.0, -0.0, -0.0, 0.0, 0.0, -0.0, 0.0, -0.0, 0.0, -0.0, 0.0, -0.0, -0.0, 0.0, -0.0, -0.0, -0.0, -0.0, -0.0, -0.0, -0.0, -0.0, 0.0, -0.0, 0.0, -0.0, -0.0, 0.0, -0.0, -0.0, 0.0, 0.0, 0.0, -0.0, -0.0, -0.0, 0.0, -0.0, -0.0, -0.0, -0.0, -0.0, -0.0, -0.0, -0.0, -0.0, 0.0, 0.0, -0.0, -0.0, 0.0, -0.0, -0.0, -0.0, -0.0, -0.0, 0.0, -0.0, -0.0, -0.0, -0.0, -0.0, -0.0, -0.0, 0.0, -0.0, 0.0, -0.0, 0.0, -0.0, 0.0, -0.0, -0.0, 0.0, -0.0, -0.0, 0.0, -0.0, -0.0, -0.0, 0.0, -0.0, -0.0, -0.0, -0.0, 0.0, 0.0, -0.0, -0.0, -0.0, 0.0, 0.0, -0.0, -0.0, 0.0, -0.0, 0.0, 0.0, 0.0, -0.0, -0.0, 0.0, -0.0, -0.0, -0.0, 0.0, 0.0, 0.0, -0.0, -0.0, 0.0, 0.0, 0.0, -0.0, 0.0, 0.0, -0.0, -0.0, -0.0, 0.0, 0.0, 0.0, -0.0, -0.0, -0.0, -0.0, -0.0, -0.0, -0.0, -0.0, -0.0, -0.0, 0.0, -0.0, -0.0, -0.0, -0.0, -0.0, -0.0, 0.0, 0.0, -0.0, -0.0, 0.0, 0.0, -0.0, 0.0, 0.0, -0.0, -0.0, 0.0, -0.0, -0.0, 0.0, 0.0, -0.0, 0.0, 0.0, -0.0, -0.0, -0.0, -0.0, 0.0, 0.0, -0.0, -0.0, -0.0, -0.0, -0.0, -0.0, -0.0, 0.0, 0.0, 0.0, -0.0, -0.0, -0.0, 0.0, 0.0, -0.0, -0.0, -0.0, 0.0, -0.0, 0.0, -0.0, 0.0, -0.0, 0.0, 0.0, -0.0, 0.0, 0.0, 0.0, -0.0, -0.0, -0.0, -0.0, 0.0, 0.0, 0.0, -0.0, -0.0, -0.0, 0.0, -0.0, 0.0, 0.0, -0.0, -0.0, -0.0, 0.0, -0.0, 0.0, -0.0, -0.0, -0.0, -0.0, -0.0, 0.0, 0.0, -0.0, -0.0, -0.0, 0.0, -0.0, 0.0, -0.0, 0.0, -0.0, -0.0, 0.0, 0.0, -0.0, -0.0, -0.0, -0.0, 0.0, -0.0, 0.0, 0.0, 0.0, 0.0, 0.0, -0.0, 0.0, -0.0, 0.0, 0.0, 0.0, -0.0, -0.0, -0.0, 0.0, -0.0, 0.0, 0.0, 0.0, 0.0, 0.0, 0.0, 0.0, -0.0, -0.0, -0.0, -0.0, 0.0, -0.0, 0.0, 0.0, -0.0, 0.0, -0.0, -0.0, 0.0, 0.0, -0.0, 0.0, -0.0, 0.0, 0.0, -0.0, -0.0, -0.0, 0.0, 0.0, 0.0, 0.0, 0.0, -0.0, 0.0, 0.0, -0.0, -0.0, 0.0, -0.0, -0.0, 0.0, -0.0, -0.0, 0.0, 0.0, 0.0, -0.0, -0.0, 0.0, 0.0, 0.0, 0.0, -0.0, -0.0, -0.0, -0.0, 0.0, 0.0, 0.0, -0.0, -0.0, -0.0, 0.0, 0.0, 0.0, -0.0, -0.0, 0.0, 0.0, -0.0, -0.0, -0.0, 0.0, -0.0, -0.0, -0.0, 0.0, 0.0, 0.0, -0.0, 0.0, 0.0, -0.0, -0.0, -0.0, -0.0, 0.0, -0.0, -0.0, 0.0, 0.0, -0.0, 0.0, 0.0, 0.0, 0.0, 0.0, 0.0, 0.0, -0.0, 0.0, -0.0, -0.0, 0.0, -0.0, -0.0, -0.0, -0.0, -0.0, 0.0, -0.0, -0.0, -0.0, -0.0, 0.0, -0.0, 0.0, 0.0, 0.0, -0.0, -0.0, 0.0, -0.0, 0.0, 0.0, 0.0, 0.0, 0.0, -0.0, 0.0, 0.0, 0.0, -0.0, 0.0, 0.0, 0.0, -0.0, -0.0, -0.0, -0.0, -0.0, 0.0, -0.0, -0.0, -0.0, -0.0, -0.0, 0.0, -0.0, -0.0, -0.0, 0.0, 0.0, 0.0, -0.0, 0.0, -0.0, -0.0, -0.0, -0.0, 0.0, -0.0, -0.0, -0.0, 0.0, -0.0, -0.0, 0.0, -0.0, -0.0, -0.0, 0.0, -0.0, -0.0, -0.0, -0.0, 0.0, -0.0, 1.0, 0.0, 0.0, -0.0, 0.0, -0.0, 0.0, -0.0, -0.0, -0.0, 0.0, -0.0, -0.0, 1.0, 0.0, -0.0, -0.0, 0.0, 0.0, -0.0, 0.0, -0.0, -0.0, -0.0, -0.0, -0.0, 0.0, 1.0, -0.0, -0.0, -0.0, 0.0, 1.0, 0.0, -0.0, 1.0, -0.0, -0.0, 0.0, -0.0, -0.0, -0.0, -0.0, 1.0, 0.0, 0.0, -0.0, -0.0, 0.0, -0.0, -0.0, 0.0, 0.0, -0.0, 0.0, -0.0, -0.0, 0.0, -0.0, -0.0, 0.0, -0.0, -0.0, 0.0, -0.0, 0.0, -0.0, 0.0, -0.0, -0.0, 0.0, -0.0, 0.0, -0.0, -0.0, 0.0, -0.0, 0.0, -0.0, -0.0, 0.0, -0.0, -0.0, 0.0, 0.0, -0.0, -0.0, 0.0, -0.0, -0.0, 0.0, -0.0, -0.0, -0.0, -0.0, -0.0, -0.0, 0.0, -0.0, -0.0, -0.0, -0.0, -0.0, -0.0, -0.0, -0.0, -0.0, -0.0, -0.0, 0.0, -0.0, -0.0, -0.0, 0.0, 0.0, -0.0, 0.0, 0.0, -0.0, -0.0, -0.0, 0.0, -0.0, 0.0, 0.0, 0.0, -0.0, -0.0, -0.0, 0.0, 0.0, -0.0, -0.0, 0.0, -0.0, -0.0, -0.0, -0.0, -0.0, -0.0, 0.0, 0.0, -0.0, 0.0, 0.0, -0.0, -0.0, -0.0, -0.0, -0.0, 0.0, -0.0, 0.0, 0.0, 0.0, 0.0, -0.0, -0.0, -0.0, -0.0, -0.0, -0.0, -0.0, -0.0, 0.0, -0.0, 0.0, -0.0, -0.0, -0.0, -0.0, -0.0, -0.0, -0.0, 0.0, 0.0, -0.0, -0.0, 0.0, -0.0, 0.0, -0.0, -0.0, 0.0, -0.0, -0.0, 0.0, 0.0, -0.0, 0.0, 0.0, -0.0, -0.0, -0.0, 0.0, 0.0, 0.0, -0.0, 0.0, -0.0, -0.0, -0.0, 0.0, 0.0, 0.0, 0.0, 0.0, 0.0, 0.0, -0.0, 0.0, -0.0, 0.0, -0.0, 0.0, -0.0, -0.0, 0.0, 0.0, 0.0, -0.0, 0.0, -0.0, -0.0, 0.0, 0.0, -0.0, -0.0, 0.0, -0.0, 0.0, -0.0, -0.0, 0.0, -0.0, -0.0, -0.0, -0.0, 0.0, 0.0, -0.0, 0.0, -0.0, -0.0, -0.0, -0.0, -0.0, -0.0, -0.0, 0.0, 0.0, -0.0, 0.0, 0.0, 0.0, 0.0, 0.0, 0.0, -0.0, 0.0, -0.0, 0.0, -0.0, -0.0, 0.0, 0.0, -0.0, 0.0, -0.0, 0.0, 0.0, -0.0, 0.0, 0.0, -0.0, 0.0, -0.0, 0.0, -0.0, -0.0, -0.0, 0.0, -0.0, 0.0, -0.0, -0.0, 0.0, 0.0, 0.0, -0.0, 0.0, -0.0, 0.0, 0.0, 0.0, -0.0, 0.0, 0.0, 0.0, -0.0, -0.0, -0.0, -0.0, 0.0, 0.0, -0.0, 0.0, 0.0, 0.0, 0.0, -0.0, 0.0, -0.0, -0.0, -0.0, -0.0, -0.0, -0.0, -0.0, -0.0, 0.0, -0.0, -0.0, -0.0, -0.0, -0.0, -0.0, 0.0, 0.0, -0.0, -0.0, 0.0, -0.0, -0.0, -0.0, 0.0, 0.0, 0.0, 0.0, -0.0, -0.0, -0.0, -0.0, -0.0, -0.0, 0.0, -0.0, 0.0, -0.0, 0.0, -0.0, 0.0, -0.0, 0.0, -0.0, 0.0, 0.0, -0.0, 0.0, 0.0, 0.0, -0.0, -0.0, 0.0, 0.0, -0.0, -0.0, -0.0, -0.0, -0.0, -0.0, -0.0, -0.0, 0.0, 0.0, -0.0, 0.0, 0.0, -0.0, -0.0, 0.0, 0.0, -0.0, 0.0, -0.0, -0.0, -0.0, -0.0, -0.0, -0.0, 0.0, 0.0, 0.0, 0.0, 0.0, 0.0, 0.0, 0.0, 0.0, 0.0, -0.0, 0.0, 0.0, -0.0, 0.0, -0.0, 0.0, -0.0, -0.0, 0.0, -0.0, 0.0, -0.0, 0.0, -0.0, 0.0, -0.0, 0.0, -0.0, -0.0, 0.0, -0.0, -0.0, -0.0, -0.0, -0.0, 0.0, 1.0, -0.0, -0.0, 0.0, -0.0, -0.0, -0.0, -0.0, 0.0, 0.0, 0.0, -0.0, -0.0, -0.0, 0.0, -0.0, -0.0, 0.0, 0.0, -0.0, 0.0, -0.0, 0.0, -0.0, 0.0, -0.0, -0.0, -0.0, 0.0, 0.0, 0.0, 0.0, 0.0, 0.0, 0.0, 0.0, -0.0, -0.0, 0.0, 0.0, -0.0, -0.0, 0.0, -0.0, -0.0, 0.0, 0.0, -0.0, -0.0, -0.0, 0.0, 0.0, -0.0, 0.0, 0.0, -0.0, 0.0, -0.0, -0.0, 0.0, -0.0, 0.0, 0.0, 0.0, -0.0, 0.0, 0.0, 0.0, 0.0, -0.0, 0.0, -0.0, 0.0, -0.0, 0.0, -0.0, -0.0, -0.0, 0.0, -0.0, 0.0, 0.0, -0.0, 0.0, 0.0, -0.0, -0.0, -0.0, -0.0, 0.0, 0.0, -0.0, -0.0, 0.0, -0.0, 0.0, -0.0, 0.0, -0.0, 0.0, -0.0, 0.0, 0.0, -0.0, 0.0, 0.0, 0.0, 0.0, -0.0, -0.0, -0.0, 0.0, 0.0, -0.0, 0.0, -0.0, -0.0, 0.0, -0.0, -0.0, -0.0, -0.0, -0.0, 0.0, 0.0, -0.0, -0.0, 0.0, 0.0, 0.0, -0.0, 0.0, -0.0, 0.0, -0.0, 0.0, -0.0, -0.0, -0.0, -0.0, -0.0, 1.0, 1.0, 1.0, 0.0, 0.0, 1.0, 0.0, -0.0, -0.0, 0.0, 0.0, -0.0, -0.0, 0.0, -0.0, -0.0, 0.0, 0.0, 0.0, -0.0, -0.0, -0.0, -0.0, -0.0, -0.0, 0.0, -0.0, 1.0, -0.0, -0.0, 0.0, -0.0, 1.0, 0.0, 0.0, -0.0, 0.0, -0.0, -0.0, 0.0, -0.0, 0.0, -0.0, -0.0, 0.0, 0.0, -0.0, -0.0, -0.0, 0.0, -0.0, -0.0, -0.0, -0.0, -0.0, -0.0, 0.0, -0.0, 0.0, 0.0, 0.0, 0.0, 0.0, 0.0, -0.0, -0.0, 0.0, 0.0, -0.0, -0.0, -0.0, -0.0, 0.0, -0.0, -0.0, -0.0, -0.0, 0.0, -0.0, -0.0, -0.0, -0.0, 0.0, -0.0, 0.0, 0.0, -0.0, 0.0, 0.0, -0.0, -0.0, -0.0, -0.0, -0.0, -0.0, 0.0, -0.0, -0.0, -0.0, 0.0, 0.0, 0.0, -0.0, -0.0, 0.0, -0.0, 0.0, 0.0, -0.0, -0.0, -0.0, -0.0, -0.0, 0.0, -0.0, -0.0, -0.0, -0.0, 0.0, -0.0, -0.0, -0.0, 0.0, -0.0, -0.0, 0.0, -0.0, 0.0, -0.0, -0.0, 0.0, -0.0, 0.0, -0.0, 0.0, 0.0, 0.0, -0.0, -0.0, -0.0, -0.0, -0.0, -0.0, -0.0, -0.0, -0.0, 0.0, -0.0, -0.0, 0.0, 0.0, 0.0, -0.0, 0.0, -0.0, 0.0, -0.0, -0.0, -0.0, 0.0, -0.0, -0.0, -0.0, -0.0, 0.0, -0.0, -0.0, 0.0, -0.0, -0.0, -0.0, -0.0, 0.0, 0.0, -0.0, -0.0, 0.0, -0.0, -0.0, 0.0, -0.0, -0.0, -0.0, 0.0, -0.0, -0.0, -0.0, -0.0, -0.0, 0.0, -0.0, 0.0, 0.0, -0.0, -0.0, -0.0, 0.0, 0.0, 0.0, -0.0, 0.0, -0.0, -0.0, 0.0, -0.0, -0.0, -0.0, 0.0, -0.0, 0.0, 0.0, 0.0, 0.0, -0.0, 0.0, 0.0, -0.0, 0.0, 0.0, -0.0, -0.0, -0.0, 0.0, -0.0, -0.0, -0.0, -0.0, 0.0, -0.0, 0.0, -0.0, 0.0, 0.0, 0.0, -0.0, -0.0, -0.0, -0.0, 0.0, 0.0, -0.0, 0.0, 0.0, -0.0, 0.0, -0.0, -0.0, -0.0, -0.0, -0.0, -0.0, 0.0, -0.0, -0.0, -0.0, 0.0, -0.0, 0.0, -0.0, 0.0, 0.0, -0.0, 0.0, 0.0, -0.0, 0.0, 0.0, -0.0, -0.0, 0.0, 0.0, 0.0, -0.0, 0.0, -0.0, 0.0, 0.0, -0.0, -0.0, 0.0, -0.0, 0.0, 0.0, -0.0, 0.0, -0.0, -0.0, -0.0, -0.0, 0.0, -0.0, 0.0, 0.0, 0.0, -0.0, 0.0, -0.0, 0.0, 0.0, 0.0, -0.0, -0.0, -0.0, 0.0, -0.0, 0.0, -0.0, -0.0, 0.0, -0.0, 0.0, 0.0, 0.0, -0.0, -0.0, 0.0, -0.0, 0.0, -0.0, -0.0, 0.0, -0.0, -0.0, -0.0, -0.0, -0.0, 0.0, -0.0, 0.0, 0.0, 0.0, -0.0, 0.0, -0.0, -0.0, 0.0, -0.0, 0.0, 0.0, 0.0, -0.0, 0.0, -0.0, 0.0, 0.0, 0.0, -0.0, 0.0, -0.0, -0.0, 0.0, -0.0, -0.0, 0.0, -0.0, -0.0, 0.0, 0.0, -0.0, -0.0, 0.0, -0.0, -0.0, 0.0, -0.0, 0.0, -0.0, 0.0, 0.0, -0.0, -0.0, -0.0, -0.0, 0.0, 0.0, -0.0, -0.0, 0.0, 0.0, 0.0, 0.0, -0.0, -0.0, -0.0, 0.0, 0.0, 0.0, 0.0, -0.0, -0.0, 0.0, 0.0, 0.0, 0.0, -0.0, 0.0, -0.0, 0.0, 0.0, 0.0, 0.0, -0.0, -0.0, 0.0, -0.0, 0.0, -0.0, -0.0, 0.0, -0.0, 0.0, 0.0, -0.0, 0.0, 0.0, 0.0, -0.0, 0.0, -0.0, 0.0, 0.0, 0.0, -0.0, -0.0, 0.0, 0.0, 0.0, 0.0, -0.0, -0.0, -0.0, -0.0, 0.0, -0.0, -0.0, 0.0, 0.0, 0.0, 0.0, -0.0, -0.0, 0.0, 0.0, -0.0, 0.0, -0.0, 0.0, -0.0, 0.0, -0.0, 0.0, -0.0, -0.0, -0.0, 0.0, -0.0, 0.0, 0.0, 0.0, -0.0, 0.0, -0.0, -0.0, -0.0, 0.0, -0.0, 0.0, -0.0, -0.0, -0.0, 0.0, -0.0, 0.0, -0.0, 0.0, -0.0, 0.0, -0.0, -0.0, -0.0, 0.0, -0.0, 0.0, 0.0, 0.0, -0.0, -0.0, 0.0, 0.0, -0.0, -0.0, -0.0, 0.0, 0.0, 0.0, -0.0, -0.0, -0.0, 0.0, -0.0, 0.0, -0.0, 0.0, -0.0, 0.0, -0.0, -0.0, -0.0, 0.0, 0.0, 0.0, -0.0, -0.0, 0.0, 0.0, 0.0, 0.0, -0.0, 0.0, 0.0, -0.0, -0.0, 0.0, -0.0, -0.0, -0.0, -0.0, -0.0, 0.0, 0.0, 0.0, 1.0, 0.0, -0.0, 0.0, 0.0, -0.0, -0.0, -0.0, -0.0, -0.0, 0.0, -0.0, 0.0, -0.0, 0.0, 0.0, 1.0, 1.0, -0.0, -0.0, -0.0, 1.0, -0.0, -0.0, 0.0, -0.0, -0.0, -0.0, -0.0, -0.0, 0.0, 0.0, 1.0, -0.0, 1.0, 0.0, 0.0, -0.0, 0.0, -0.0, -0.0, 0.0, -0.0, -0.0, -0.0, -0.0, -0.0, 0.0, -0.0, 0.0, -0.0, -0.0, -0.0, 0.0, 1.0, 0.0, 0.0, -0.0, 0.0, -0.0, 0.0, -0.0, -0.0, -0.0, -0.0, -0.0, 0.0, -0.0, 0.0, -0.0, -0.0, 0.0, 0.0, -0.0, 0.0, -0.0, -0.0, -0.0, -0.0, -0.0, -0.0, 0.0, 0.0, -0.0, 0.0, 0.0, -0.0, 0.0, -0.0, 0.0, -0.0, -0.0, -0.0, -0.0, -0.0, -0.0, 0.0, -0.0, 0.0, -0.0, -0.0, -0.0, -0.0, -0.0, 0.0, 0.0, -0.0, -0.0, -0.0, -0.0, -0.0, 0.0, -0.0, -0.0, 0.0, -0.0, -0.0, -0.0, 0.0, -0.0, 0.0, -0.0, 0.0, -0.0, -0.0, 0.0, -0.0, 0.0, 0.0, -0.0, -0.0, -0.0, -0.0, 0.0, 0.0, 0.0, -0.0, -0.0, -0.0, -0.0, -0.0, -0.0, 0.0, -0.0, 0.0, 0.0, -0.0, -0.0, -0.0, -0.0, -0.0, 0.0, 0.0, -0.0, -0.0, -0.0, 0.0, 0.0, 0.0, -0.0, -0.0, -0.0, -0.0, -0.0, 0.0, -0.0, 0.0, 0.0, -0.0, -0.0, -0.0, 0.0, -0.0, -0.0, -0.0, 0.0, -0.0, -0.0, -0.0, -0.0, 0.0, -0.0, -0.0, -0.0, -0.0, -0.0, -0.0, -0.0, -0.0, -0.0, 0.0, 0.0, -0.0, 0.0, -0.0, -0.0, 0.0, 0.0, 0.0, 0.0, -0.0, -0.0, -0.0, 0.0, 0.0, -0.0, 0.0, 0.0, -0.0, -0.0, 0.0, 0.0, 0.0, 0.0, -0.0, -0.0, 0.0, 0.0, -0.0, 0.0, 0.0, 0.0, -0.0, 0.0, 0.0, -0.0, -0.0, -0.0, 0.0, -0.0, -0.0, 0.0, -0.0, -0.0, -0.0, 0.0, -0.0, 0.0, -0.0, -0.0, -0.0, -0.0, -0.0, -0.0, 0.0, -0.0, -0.0, -0.0, -0.0, -0.0, 0.0, -0.0, -0.0, -0.0, 0.0, 0.0, 0.0, 0.0, 0.0, 0.0, 0.0, -0.0, -0.0, 0.0, 0.0, 0.0, 0.0, -0.0, 0.0, -0.0, 0.0, 0.0, 0.0, -0.0, -0.0, 0.0, -0.0, -0.0, 0.0, -0.0, -0.0, -0.0, 0.0, -0.0, 0.0, 0.0, 0.0, -0.0, -0.0, -0.0, 0.0, -0.0, 0.0, -0.0, 0.0, -0.0, 0.0, 0.0, -0.0, -0.0, -0.0, -0.0, -0.0, 0.0, 0.0, 0.0, 0.0, -0.0, -0.0, -0.0, 0.0, 0.0, -0.0, -0.0, 0.0, 0.0, 0.0, 0.0, -0.0, 0.0, -0.0, -0.0, 0.0, -0.0, -0.0, 0.0, 0.0, 0.0, 0.0, -0.0, -0.0, -0.0, 0.0, -0.0, 0.0, 0.0, -0.0, 0.0, -0.0, 0.0, 0.0, 0.0, -0.0, -0.0, 0.0, 0.0, -0.0, -0.0, 0.0, -0.0, -0.0, -0.0, -0.0, 0.0, 0.0, 0.0, -0.0, -0.0, 0.0, -0.0, 0.0, -0.0, 0.0, -0.0, -0.0, 0.0, 0.0, 0.0, -0.0, -0.0, -0.0, -0.0, 0.0, 0.0, 0.0, -0.0, -0.0, 0.0, -0.0, 0.0, -0.0, 0.0, -0.0, -0.0, -0.0, 0.0, -0.0, -0.0, 0.0, 0.0, 0.0, 0.0, 0.0, 0.0, -0.0, -0.0, -0.0, -0.0, -0.0, -0.0, -0.0, 0.0, 0.0, 0.0, -0.0, 0.0, -0.0, -0.0, -0.0, 0.0, 0.0, -0.0, -0.0, -0.0, 0.0, -0.0, 0.0, 0.0, -0.0, -0.0, 0.0, -0.0, 0.0, -0.0, 0.0, -0.0, 0.0, -0.0, 0.0, 0.0, -0.0, -0.0, -0.0, -0.0, 0.0, 0.0, -0.0, -0.0, 0.0, 0.0, 0.0, -0.0, -0.0, 0.0, 0.0, -0.0, -0.0, -0.0, -0.0, 0.0, -0.0, 0.0, 0.0, -0.0, -0.0, -0.0, -0.0, -0.0, 0.0, 0.0, 0.0, -0.0, 0.0, 0.0, 0.0, -0.0, -0.0, 0.0, -0.0, 0.0, 0.0, 0.0, -0.0, 0.0, 0.0, -0.0, 0.0, -0.0, 0.0, 0.0, -0.0, -0.0, -0.0, -0.0, 0.0, 0.0, 0.0, 0.0, -0.0, 0.0, 0.0, 0.0, 0.0, 0.0, 0.0, -0.0, -0.0, 0.0, 0.0, 0.0, 0.0, -0.0, -0.0, 0.0, -0.0, 0.0, -0.0, 0.0, -0.0, -0.0, 0.0, -0.0, 0.0, -0.0, -0.0, 0.0, -0.0, -0.0, -0.0, 0.0, 0.0, 0.0, 0.0, -0.0, -0.0, 0.0, -0.0, -0.0, 0.0, -0.0, 0.0, -0.0, 0.0, -0.0, 0.0, -0.0, 0.0, -0.0, 0.0, 0.0, -0.0, 0.0, 0.0, -0.0, 0.0, -0.0, 0.0, -0.0, -0.0, -0.0, -0.0, -0.0, -0.0, -0.0, 0.0, -0.0, 0.0, 0.0, 0.0, -0.0, -0.0, -0.0, 0.0, 0.0, 0.0, -0.0, 0.0, 0.0, 1.0, 1.0, 0.0, 0.0, 0.0, 0.0, -0.0, 0.0, -0.0, 0.0, -0.0, 0.0, 0.0, -0.0, 0.0, 0.0, 0.0, -0.0, 1.0, -0.0, 0.0, 0.0, 0.0, -0.0, -0.0, 0.0, -0.0, 0.0, -0.0, -0.0, 1.0, 1.0, -0.0, -0.0, -0.0, -0.0, 0.0, -0.0, -0.0, 0.0, -0.0, -0.0, 0.0, 0.0, 0.0, 0.0, -0.0, -0.0, 0.0, 0.0, -0.0, -0.0, -0.0, -0.0, -0.0, -0.0, 0.0, 0.0, 0.0, -0.0, -0.0, -0.0, -0.0, 0.0, -0.0, -0.0, 0.0, -0.0, -0.0, -0.0, -0.0, 0.0, -0.0, 0.0, -0.0, 0.0, -0.0, -0.0, -0.0, -0.0, -0.0, 0.0, -0.0, -0.0, -0.0, -0.0, -0.0, -0.0, 0.0, -0.0, 0.0, -0.0, -0.0, -0.0, -0.0, -0.0, 0.0, 0.0, -0.0, -0.0, -0.0, -0.0, -0.0, -0.0, 0.0, -0.0, -0.0, -0.0, -0.0, 0.0, -0.0, 0.0, -0.0, -0.0, 0.0, 0.0, -0.0, 0.0, 0.0, -0.0, -0.0, -0.0, -0.0, -0.0, 0.0, -0.0, -0.0, -0.0, -0.0, 0.0, 0.0, 0.0, -0.0, -0.0, -0.0, 0.0, -0.0, -0.0, -0.0, 0.0, -0.0, -0.0, -0.0, -0.0, 0.0, -0.0, -0.0, 0.0, -0.0, -0.0, -0.0, -0.0, 0.0, -0.0, 0.0, -0.0, -0.0, -0.0, -0.0, 0.0, 0.0, -0.0, 0.0, -0.0, -0.0, 0.0, 0.0, -0.0, -0.0, -0.0, -0.0, -0.0, 0.0, 0.0, 0.0, -0.0, -0.0, 0.0, -0.0, -0.0, -0.0, 0.0, -0.0, -0.0, 0.0, -0.0, -0.0, 0.0, -0.0, -0.0, 0.0, 0.0, -0.0, 0.0, -0.0, -0.0, -0.0, -0.0, -0.0, -0.0, 0.0, 0.0, 0.0, -0.0, 0.0, -0.0, -0.0, 0.0, 0.0, -0.0, 0.0, -0.0, -0.0, 0.0, 0.0, -0.0, 0.0, 0.0, 0.0, 0.0, 0.0, -0.0, 0.0, 0.0, 0.0, 0.0, 0.0, -0.0, -0.0, 0.0, 0.0, 0.0, 0.0, 0.0, 0.0, 0.0, -0.0, 0.0, 0.0, 0.0, 0.0, 0.0, 0.0, -0.0, 0.0, -0.0, 0.0, 0.0, -0.0, -0.0, 0.0, -0.0, 0.0, 0.0, 0.0, -0.0, 0.0, 0.0, -0.0, 0.0, 0.0, 0.0, 0.0, 0.0, 0.0, -0.0, -0.0, 0.0, -0.0, -0.0, -0.0, 0.0, -0.0, -0.0, -0.0, 0.0, 0.0, -0.0, -0.0, -0.0, -0.0, 0.0, -0.0, -0.0, -0.0, 0.0, -0.0, 0.0, -0.0, -0.0, 0.0, 0.0, -0.0, -0.0, 0.0, -0.0, -0.0, 0.0, 0.0, 0.0, 0.0, -0.0, 0.0, 0.0, 0.0, 0.0, -0.0, 0.0, -0.0, 0.0, -0.0, 0.0, -0.0, 0.0, 0.0, 0.0, 0.0, -0.0, -0.0, -0.0, -0.0, -0.0, -0.0, 0.0, 0.0, -0.0, -0.0, 0.0, 0.0, 0.0, -0.0, 0.0, -0.0, -0.0, 0.0, 0.0, -0.0, 0.0, -0.0, 0.0, -0.0, -0.0, -0.0, 0.0, 0.0, 0.0, -0.0, -0.0, -0.0, 0.0, 0.0, 0.0, -0.0, -0.0, -0.0, -0.0, 0.0, 0.0, 0.0, -0.0, -0.0, -0.0, 0.0, 0.0, -0.0, -0.0, 0.0, -0.0, 0.0, -0.0, -0.0, 0.0, -0.0, -0.0, -0.0, 0.0, 0.0, 0.0, 0.0, -0.0, -0.0, -0.0, 0.0, -0.0, -0.0, -0.0, 0.0, 0.0, -0.0, -0.0, 0.0, -0.0, 0.0, -0.0, -0.0, 0.0, 0.0, 0.0, -0.0, -0.0, -0.0, -0.0, -0.0, -0.0, -0.0, -0.0, 0.0, 0.0, -0.0, -0.0, -0.0, 0.0, 0.0, -0.0, 0.0, 0.0, 0.0, 0.0, -0.0, 0.0, -0.0, 0.0, 0.0, 0.0, 0.0, 0.0, 0.0, 0.0, 0.0, -0.0, -0.0, 0.0, -0.0, 0.0, 1.0, 0.0, -0.0, -0.0, -0.0, -0.0, -0.0, 0.0, -0.0, 0.0, -0.0, 0.0, -0.0, -0.0, -0.0, 0.0, 0.0, 0.0, -0.0, 0.0, -0.0, -0.0, -0.0, -0.0, -0.0, -0.0, 0.0, 0.0, -0.0, 0.0, -0.0, -0.0, 0.0, 0.0, 0.0, 0.0, -0.0, 0.0, 0.0, 0.0, 0.0, 0.0, -0.0, 0.0, -0.0, -0.0, 0.0, 0.0, 0.0, -0.0, 0.0, 0.0, 0.0, -0.0, 0.0, 0.0, -0.0, -0.0, -0.0, -0.0, -0.0, -0.0, -0.0, -0.0, -0.0, -0.0, -0.0, -0.0, -0.0, -0.0, 0.0, -0.0, 0.0, -0.0, 0.0, -0.0, 0.0, 0.0, -0.0, -0.0, 0.0, -0.0, -0.0, -0.0, -0.0, 0.0, -0.0, -0.0, 0.0, 0.0, -0.0, -0.0, -0.0, 0.0, -0.0, -0.0, -0.0, -0.0, -0.0, 0.0, 0.0, 0.0, 0.0, 0.0, -0.0, 0.0, -0.0, 0.0, 0.0, -0.0, -0.0, -0.0, 0.0, -0.0, 0.0, -0.0, 0.0, -0.0, -0.0, -0.0, 0.0, 0.0, -0.0, 0.0, -0.0, -0.0, -0.0, -0.0, -0.0, -0.0, -0.0, 0.0, 0.0, 0.0, 0.0, 0.0, -0.0, -0.0]"
TES_startup_costs,370.4749999999997
Li_LCOE_Revenue,0.08354133081353561
coal_LCOE_startup_costs,0.0
cost_tank,25477.71982897625
q_turbind_t,"[0.0, 0.0, 0.0, 0.0, 0.0, 0.0, 0.0, 0.0, 0.0, 0.0, 0.0, 0.0, 0.0, 0.0, 0.0, 0.0, 0.0, 0.0, 0.0, 0.0, 0.0, 0.0, 0.0, 0.0, 0.0, 0.0, 0.0, 0.0, 0.0, 0.0, 0.0, 0.0, 0.0, 0.0, 0.0, 0.0, 0.0, 0.0, 0.0, 0.0, 0.0, 0.0, 0.0, 0.0, 0.0, 0.0, 0.0, 0.0, 0.0, 0.0, 0.0, 0.0, 0.0, 0.0, 0.0, 0.0, 0.0, 0.0, 0.0, 0.0, 0.0, 0.0, 0.0, 0.0, 0.0, 0.0, 0.0, 0.0, 0.0, 0.0, 0.0, 0.0, 0.0, 0.0, 0.0, 0.0, 0.0, 0.0, 0.0, 0.0, 0.0, 0.0, 0.0, 0.0, 0.0, 0.0, 0.0, 0.0, 0.0, 0.0, 0.0, 0.0, 0.0, 0.0, 0.0, 0.0, 0.0, 0.0, 0.0, 0.0, 0.0, 0.0, 0.0, 0.0, 0.0, 0.0, 0.0, 0.0, 0.0, 0.0, 0.0, 0.0, 0.0, 0.0, 0.0, 0.0, 0.0, 0.0, 0.0, 0.0, 0.0, 0.0, 0.0, 0.0, 0.0, 0.0, 0.0, 0.0, 0.0, 0.0, 0.0, 0.0, 0.0, 0.0, 0.0, 0.0, 0.0, 0.0, 0.0, 0.0, 0.0, 0.0, 0.0, 0.0, 0.0, 0.0, 0.0, 0.0, 0.0, 0.0, 0.0, 0.0, 0.0, 0.0, 0.0, 0.0, 0.0, 0.0, 0.0, 0.0, 0.0, 0.0, 0.0, 0.0, 0.0, 0.0, 0.0, 0.0, 0.0, 0.0, 0.0, 0.0, 0.0, 0.0, 0.0, 0.0, 0.0, 0.0, 0.0, 0.0, 0.0, 0.0, 0.0, 0.0, 0.0, 0.0, 0.0, 0.0, 0.0, 0.0, 0.0, 0.0, 0.0, 0.0, 0.0, 0.0, 0.0, 0.0, 0.0, 0.0, 0.0, 0.0, 0.0, 0.0, 0.0, 0.0, 0.0, 0.0, 0.0, 0.0, 0.0, 0.0, 0.0, 0.0, 0.0, 0.0, 0.0, 0.0, 0.0, 0.0, 0.0, 0.0, 0.0, 0.0, 0.0, 0.0, 0.0, 0.0, 0.0, 0.0, 0.0, 0.0, 0.0, 0.0, 0.0, 0.0, 0.0, 0.0, 0.0, 0.0, 0.0, 0.0, 0.0, 0.0, 0.0, 0.0, 0.0, 0.0, 0.0, 0.0, 0.0, 0.0, 0.0, 0.0, 0.0, 0.0, 0.0, 0.0, 0.0, 0.0, 0.0, 0.0, 0.0, 0.0, 0.0, 0.0, 0.0, 0.0, 0.0, 0.0, 0.0, 0.0, 0.0, 0.0, 0.0, 0.0, 0.0, 0.0, 0.0, 0.0, 0.0, 0.0, 0.0, 0.0, 0.0, 0.0, 0.0, 0.0, 0.0, 0.0, 0.0, 0.0, 0.0, 0.0, 0.0, 0.0, 0.0, 0.0, 0.0, 0.0, 0.0, 0.0, 0.0, 0.0, 0.0, 0.0, 0.0, 0.0, 0.0, 0.0, 0.0, 0.0, 0.0, 0.0, 0.0, 0.0, 0.0, 0.0, 0.0, 0.0, 0.0, 0.0, 0.0, 0.0, 0.0, 0.0, 0.0, 0.0, 0.0, 0.0, 0.0, 0.0, 0.0, 0.0, 0.0, 0.0, 0.0, 0.0, 0.0, 0.0, 0.0, 0.0, 0.0, 0.0, 0.0, 0.0, 0.0, 0.0, 0.0, 0.0, 0.0, 0.0, 0.0, 0.0, 0.0, 0.0, 0.0, 0.0, 0.0, 0.0, 0.0, 0.0, 0.0, 0.0, 0.0, 0.0, 0.0, 0.0, 0.0, 0.0, 0.0, 0.0, 0.0, 0.0, 0.0, 0.0, 0.0, 0.0, 0.0, 0.0, 0.0, 0.0, 0.0, 0.0, 0.0, 0.0, 0.0, 0.0, 0.0, 0.0, 0.0, 0.0, 0.0, 0.0, 0.0, 0.0, 0.0, 0.0, 0.0, 0.0, 0.0, 0.0, 0.0, 0.0, 0.0, 0.0, 0.0, 0.0, 0.0, 0.0, 0.0, 0.0, 0.0, 0.0, 0.0, 0.0, 0.0, 0.0, 0.0, 0.0, 0.0, 0.0, 0.0, 0.0, 0.0, 0.0, 0.0, 0.0, 0.0, 0.0, 0.0, 0.0, 0.0, 0.0, 0.0, 0.0, 0.0, 0.0, 0.0, 0.0, 0.0, 0.0, 0.0, 0.0, 0.0, 0.0, 0.0, 0.0, 0.0, 0.0, 0.0, 0.0, 0.0, 0.0, 0.0, 0.0, 0.0, 0.0, 0.0, 0.0, 0.0, 0.0, 0.0, 0.0, 0.0, 0.0, 0.0, 0.0, 0.0, 0.0, 0.0, 0.0, 0.0, 0.0, 0.0, 0.0, 0.0, 0.0, 0.0, 0.0, 0.0, 0.0, 0.0, 0.0, 0.0, 0.0, 0.0, 0.0, 0.0, 0.0, 0.0, 0.0, 0.0, 0.0, 0.0, 0.0, 0.0, 0.0, 0.0, 0.0, 0.0, 0.0, 0.0, 0.0, 0.0, 0.0, 0.0, 0.0, 0.0, 0.0, 0.0, 0.0, 0.0, 0.0, 0.0, 0.0, 0.0, 0.0, 0.0, 0.0, 0.0, 0.0, 0.0, 0.0, 0.0, 0.0, 0.0, 0.0, 0.0, 0.0, 0.0, 0.0, 0.0, 0.0, 0.0, 0.0, 0.0, 0.0, 0.0, 0.0, 0.0, 0.0, 0.0, 0.0, 0.0, 0.0, 0.0, 0.0, 0.0, 0.0, 0.0, 0.0, 0.0, 0.0, 0.0, 0.0, 0.0, 0.0, 0.0, 0.0, 0.0, 0.0, 0.0, 0.0, 0.0, 0.0, 0.0, 0.0, 0.0, 0.0, 0.0, 0.0, 0.0, 0.0, 0.0, 0.0, 0.0, 0.0, 0.0, 0.0, 0.0, 0.0, 0.0, 0.0, 0.0, 0.0, 0.0, 0.0, 0.0, 0.0, 0.0, 0.0, 0.0, 0.0, 0.0, 0.0, 0.0, 0.0, 0.0, 0.0, 0.0, 0.0, 0.0, 0.0, 0.0, 0.0, 0.0, 0.0, 0.0, 0.0, 0.0, 0.0, 0.0, 0.0, 0.0, 0.0, 0.0, 0.0, 0.0, 0.0, 0.0, 0.0, 0.0, 0.0, 0.0, 0.0, 0.0, 0.0, 0.0, 0.0, 0.0, 0.0, 0.0, 0.0, 0.0, 0.0, 0.0, 0.0, 0.0, 0.0, 0.0, 0.0, 0.0, 0.0, 0.0, 0.0, 0.0, 0.0, 0.0, 0.0, 0.0, 0.0, 0.0, 0.0, 0.0, 0.0, 0.0, 0.0, 0.0, 0.0, 0.0, 0.0, 0.0, 0.0, 0.0, 0.0, 0.0, 0.0, 0.0, 0.0, 0.0, 0.0, 0.0, 0.0, 0.0, 0.0, 0.0, 0.0, 0.0, 0.0, 0.0, 0.0, 0.0, 0.0, 0.0, 0.0, 0.0, 0.0, 0.0, 0.0, 0.0, 0.0, 0.0, 0.0, 0.0, 0.0, 0.0, 0.0, 0.0, 0.0, 0.0, 0.0, 0.0, 0.0, 0.0, 0.0, 0.0, 0.0, 0.0, 0.0, 0.0, 0.0, 0.0, 0.0, 0.0, 0.0, 0.0, 0.0, 0.0, 0.0, 0.0, 0.0, 0.0, 0.0, 0.0, 0.0, 0.0, 0.0, 0.0, 0.0, 0.0, 0.0, 0.0, 0.0, 0.0, 0.0, 0.0, 0.0, 0.0, 0.0, 0.0, 0.0, 0.0, 0.0, 0.0, 0.0, 0.0, 0.0, 0.0, 0.0, 0.0, 0.0, 0.0, 0.0, 0.0, 0.0, 0.0, 0.0, 0.0, 0.0, 0.0, 0.0, 0.0, 0.0, 0.0, 0.0, 0.0, 0.0, 0.0, 0.0, 0.0, 0.0, 0.0, 0.0, 0.0, 0.0, 0.0, 0.0, 0.0, 0.0, 0.0, 0.0, 0.0, 0.0, 0.0, 0.0, 0.0, 0.0, 0.0, 0.0, 0.0, 0.0, 0.0, 0.0, 0.0, 0.0, 0.0, 0.0, 0.0, 0.0, 0.0, 0.0, 0.0, 0.0, 0.0, 0.0, 0.0, 0.0, 0.0, 0.0, 0.0, 0.0, 0.0, 0.0, 0.0, 0.0, 0.0, 0.0, 0.0, 0.0, 0.0, 0.0, 0.0, 0.0, 0.0, 0.0, 0.0, 0.0, 0.0, 0.0, 0.0, 0.0, 0.0, 0.0, 0.0, 0.0, 0.0, 0.0, 0.0, 0.0, 0.0, 0.0, 0.0, 0.0, 0.0, 0.0, 0.0, 0.0, 0.0, 0.0, 0.0, 0.0, 0.0, 0.0, 0.0, 0.0, 0.0, 0.0, 0.0, 0.0, 0.0, 0.0, 0.0, 0.0, 0.0, 0.0, 0.0, 0.0, 0.0, 0.0, 0.0, 0.0, 0.0, 0.0, 0.0, 0.0, 0.0, 0.0, 0.0, 0.0, 0.0, 0.0, 0.0, 0.0, 0.0, 0.0, 0.0, 0.0, 0.0, 0.0, 0.0, 0.0, 0.0, 0.0, 0.0, 0.0, 0.0, 0.0, 0.0, 0.0, 0.0, 0.0, 0.0, 0.0, 0.0, 0.0, 0.0, 0.0, 0.0, 0.0, 0.0, 0.0, 0.0, 0.0, 0.0, 0.0, 0.0, 0.0, 0.0, 0.0, 0.0, 0.0, 0.0, 0.0, 0.0, 0.0, 0.0, 0.0, 0.0, 0.0, 0.0, 0.0, 0.0, 0.0, 0.0, 0.0, 0.0, 0.0, 0.0, 0.0, 0.0, 0.0, 0.0, 0.0, 0.0, 0.0, 0.0, 0.0, 0.0, 0.0, 0.0, 0.0, 0.0, 0.0, 0.0, 0.0, 0.0, 0.0, 0.0, 0.0, 0.0, 0.0, 0.0, 0.0, 0.0, 0.0, 0.0, 0.0, 0.0, 0.0, 0.0, 0.0, 0.0, 0.0, 0.0, 0.0, 0.0, 0.0, 0.0, 0.0, 0.0, 0.0, 0.0, 0.0, 0.0, 0.0, 0.0, 0.0, 0.0, 0.0, 0.0, 0.0, 0.0, 0.0, 0.0, 0.0, 0.0, 0.0, 0.0, 0.0, 0.0, 0.0, 0.0, 0.0, 0.0, 0.0, 0.0, 0.0, 0.0, 0.0, 0.0, 0.0, 0.0, 0.0, 0.0, 0.0, 0.0, 0.0, 0.0, 0.0, 0.0, 0.0, 0.0, 0.0, 0.0, 0.0, 0.0, 0.0, 0.0, 0.0, 0.0, 0.0, 0.0, 0.0, 0.0, 0.0, 0.0, 0.0, 0.0, 0.0, 0.0, 0.0, 0.0, 0.0, 0.0, 0.0, 0.0, 0.0, 0.0, 0.0, 0.0, 0.0, 0.0, 0.0, 0.0, 0.0, 0.0, 0.0, 0.0, 0.0, 0.0, 0.0, 0.0, 0.0, 0.0, 0.0, 0.0, 0.0, 0.0, 0.0, 0.0, 0.0, 0.0, 0.0, 0.0, 0.0, 0.0, 0.0, 0.0, 0.0, 0.0, 0.0, 0.0, 0.0, 0.0, 0.0, 0.0, 0.0, 0.0, 0.0, 0.0, 0.0, 0.0, 0.0, 0.0, 0.0, 0.0, 0.0, 0.0, 0.0, 0.0, 0.0, 0.0, 0.0, 0.0, 0.0, 0.0, 0.0, 0.0, 0.0, 0.0, 0.0, 0.0, 0.0, 0.0, 0.0, 0.0, 0.0, 0.0, 0.0, 0.0, 0.0, 0.0, 0.0, 0.0, 0.0, 0.0, 0.0, 0.0, 0.0, 0.0, 0.0, 0.0, 0.0, 0.0, 0.0, 0.0, 0.0, 0.0, 0.0, 0.0, 0.0, 0.0, 0.0, 0.0, 0.0, 0.0, 0.0, 0.0, 0.0, 0.0, 0.0, 0.0, 0.0, 0.0, 0.0, 0.0, 0.0, 0.0, 0.0, 0.0, 0.0, 0.0, 0.0, 0.0, 0.0, 0.0, 0.0, 0.0, 0.0, 0.0, 0.0, 0.0, 0.0, 0.0, 0.0, 0.0, 0.0, 0.0, 0.0, 0.0, 0.0, 0.0, 0.0, 0.0, 0.0, 0.0, 0.0, 0.0, 0.0, 0.0, 0.0, 0.0, 0.0, 0.0, 0.0, 0.0, 0.0, 0.0, 0.0, 0.0, 0.0, 0.0, 0.0, 0.0, 0.0, 0.0, 0.0, 0.0, 0.0, 0.0, 0.0, 0.0, 0.0, 0.0, 0.0, 0.0, 0.0, 0.0, 0.0, 0.0, 0.0, 0.0, 0.0, 0.0, 0.0, 0.0, 0.0, 0.0, 0.0, 0.0, 0.0, 0.0, 0.0, 0.0, 0.0, 0.0, 0.0, 0.0, 0.0, 0.0, 0.0, 0.0, 0.0, 0.0, 0.0, 0.0, 0.0, 0.0, 0.0, 0.0, 0.0, 0.0, 0.0, 0.0, 0.0, 0.0, 0.0, 0.0, 0.0, 0.0, 0.0, 0.0, 0.0, 0.0, 0.0, 0.0, 0.0, 0.0, 0.0, 0.0, 0.0, 0.0, 0.0, 0.0, 0.0, 0.0, 0.0, 0.0, 0.0, 0.0, 0.0, 0.0, 0.0, 0.0, 0.0, 0.0, 0.0, 0.0, 0.0, 0.0, 0.0, 0.0, 0.0, 0.0, 0.0, 0.0, 0.0, 0.0, 0.0, 0.0, 0.0, 0.0, 0.0, 0.0, 0.0, 0.0, 0.0, 0.0, 0.0, 0.0, 0.0, 0.0, 0.0, 0.0, 0.0, 0.0, 0.0, 0.0, 0.0, 0.0, 0.0, 0.0, 0.0, 0.0, 0.0, 0.0, 0.0, 0.0, 0.0, 0.0, 0.0, 0.0, 0.0, 0.0, 0.0, 0.0, 0.0, 0.0, 0.0, 0.0, 0.0, 0.0, 0.0, 0.0, 0.0, 0.0, 0.0, 0.0, 0.0, 0.0, 0.0, 0.0, 0.0, 0.0, 0.0, 0.0, 0.0, 0.0, 0.0, 0.0, 0.0, 0.0, 0.0, 0.0, 0.0, 0.0, 0.0, 0.0, 0.0, 0.0, 0.0, 0.0, 0.0, 0.0, 0.0, 0.0, 0.0, 0.0, 0.0, 0.0, 0.0, 0.0, 0.0, 0.0, 0.0, 0.0, 0.0, 0.0, 0.0, 0.0, 0.0, 0.0, 0.0, 0.0, 0.0, 0.0, 0.0, 0.0, 0.0, 0.0, 0.0, 0.0, 0.0, 0.0, 0.0, 0.0, 0.0, 0.0, 0.0, 0.0, 0.0, 0.0, 0.0, 0.0, 0.0, 0.0, 0.0, 0.0, 0.0, 0.0, 0.0, 0.0, 0.0, 0.0, 0.0, 0.0, 0.0, 0.0, 0.0, 0.0, 0.0, 0.0, 0.0, 0.0, 0.0, 0.0, 0.0, 0.0, 0.0, 0.0, 0.0, 0.0, 0.0, 0.0, 0.0, 0.0, 0.0, 0.0, 0.0, 0.0, 0.0, 0.0, 0.0, 0.0, 0.0, 0.0, 0.0, 0.0, 0.0, 0.0, 0.0, 0.0, 0.0, 0.0, 0.0, 0.0, 0.0, 0.0, 0.0, 0.0, 0.0, 0.0, 0.0, 0.0, 0.0, 0.0, 0.0, 0.0, 0.0, 0.0, 0.0, 0.0, 0.0, 0.0, 0.0, 0.0, 0.0, 0.0, 0.0, 0.0, 0.0, 0.0, 0.0, 0.0, 0.0, 0.0, 0.0, 0.0, 0.0, 0.0, 0.0, 0.0, 0.0, 0.0, 0.0, 0.0, 0.0, 0.0, 0.0, 0.0, 0.0, 0.0, 0.0, 0.0, 0.0, 0.0, 0.0, 0.0, 0.0, 0.0, 0.0, 0.0, 0.0, 0.0, 0.0, 0.0, 0.0, 0.0, 0.0, 0.0, 0.0, 0.0, 0.0, 0.0, 0.0, 0.0, 0.0, 0.0, 0.0, 0.0, 0.0, 0.0, 0.0, 0.0, 0.0, 0.0, 0.0, 0.0, 0.0, 0.0, 0.0, 0.0, 0.0, 0.0, 0.0, 0.0, 0.0, 0.0, 0.0, 0.0, 0.0, 0.0, 0.0, 0.0, 0.0, 0.0, 0.0, 0.0, 0.0, 0.0, 0.0, 0.0, 0.0, 0.0, 0.0, 0.0, 0.0, 0.0, 0.0, 0.0, 0.0, 0.0, 0.0, 0.0, 0.0, 0.0, 0.0, 0.0, 0.0, 0.0, 0.0, 0.0, 0.0, 0.0, 0.0, 0.0, 0.0, 0.0, 0.0, 0.0, 0.0, 0.0, 0.0, 0.0, 0.0, 0.0, 0.0, 0.0, 0.0, 0.0, 0.0, 0.0, 0.0, 0.0, 0.0, 0.0, 0.0, 0.0, 0.0, 0.0, 0.0, 0.0, 0.0, 0.0, 0.0, 0.0, 0.0, 0.0, 0.0, 0.0, 0.0, 0.0, 0.0, 0.0, 0.0, 0.0, 0.0, 0.0, 0.0, 0.0, 0.0, 0.0, 0.0, 0.0, 0.0, 0.0, 0.0, 0.0, 0.0, 0.0, 0.0, 0.0, 0.0, 0.0, 0.0, 0.0, 0.0, 0.0, 0.0, 0.0, 0.0, 0.0, 0.0, 0.0, 0.0, 0.0, 0.0, 0.0, 0.0, 0.0, 0.0, 0.0, 0.0, 0.0, 0.0, 0.0, 0.0, 0.0, 0.0, 0.0, 0.0, 0.0, 0.0, 0.0, 0.0, 0.0, 0.0, 0.0, 0.0, 0.0, 0.0, 0.0, 0.0, 0.0, 0.0, 0.0, 0.0, 0.0, 0.0, 0.0, 0.0, 0.0, 0.0, 0.0, 0.0, 0.0, 0.0, 0.0, 0.0, 0.0, 0.0, 0.0, 0.0, 0.0, 0.0, 0.0, 0.0, 0.0, 0.0, 0.0, 0.0, 0.0, 0.0, 0.0, 0.0, 0.0, 0.0, 0.0, 0.0, 0.0, 0.0, 0.0, 0.0, 0.0, 0.0, 0.0, 0.0, 0.0, 0.0, 0.0, 0.0, 0.0, 0.0, 0.0, 0.0, 0.0, 0.0, 0.0, 0.0, 0.0, 0.0, 0.0, 0.0, 0.0, 0.0, 0.0, 0.0, 0.0, 0.0, 0.0, 0.0, 0.0, 0.0, 0.0, 0.0, 0.0, 0.0, 0.0, 0.0, 0.0, 0.0, 0.0, 0.0, 0.0, 0.0, 0.0, 0.0, 0.0, 0.0, 0.0, 0.0, 0.0, 0.0, 0.0, 0.0, 0.0, 0.0, 0.0, 0.0, 0.0, 0.0, 0.0, 0.0, 0.0, 0.0, 0.0, 0.0, 0.0, 0.0, 0.0, 0.0, 0.0, 0.0, 0.0, 0.0, 0.0, 0.0, 0.0, 0.0, 0.0, 0.0, 0.0, 0.0, 0.0, 0.0, 0.0, 0.0, 0.0, 0.0, 0.0, 0.0, 0.0, 0.0, 0.0, 0.0, 0.0, 0.0, 0.0, 0.0, 0.0, 0.0, 0.0, 0.0, 0.0, 0.0, 0.0, 0.0, 0.0, 0.0, 0.0, 0.0, 0.0, 0.0, 0.0, 0.0, 0.0, 0.0, 0.0, 0.0, 0.0, 0.0, 0.0, 0.0, 0.0, 0.0, 0.0, 0.0, 0.0, 0.0, 0.0, 0.0, 0.0, 0.0, 0.0, 0.0, 0.0, 0.0, 0.0, 0.0, 0.0, 0.0, 0.0, 0.0, 0.0, 0.0, 0.0, 0.0, 0.0, 0.0, 0.0, 0.0, 0.0, 0.0, 0.0, 0.0, 0.0, 0.0, 0.0, 0.0, 0.0, 0.0, 0.0, 0.0, 0.0, 0.0, 0.0, 0.0, 0.0, 0.0, 0.0, 0.0, 0.0, 0.0, 0.0, 0.0, 0.0, 0.0, 0.0, 0.0, 0.0, 0.0, 0.0, 0.0, 0.0, 0.0, 0.0, 0.0, 0.0, 0.0, 0.0, 0.0, 0.0, 0.0, 0.0, 0.0, 0.0, 0.0, 0.0, 0.0, 0.0, 0.0, 0.0, 0.0, 0.0, 0.0, 0.0, 0.0, 0.0, 0.0, 0.0, 0.0, 0.0, 0.0, 0.0, 0.0, 0.0, 0.0, 0.0, 0.0, 0.0, 0.0, 0.0, 0.0, 0.0, 0.0, 0.0, 0.0, 0.0, 0.0, 0.0, 0.0, 0.0, 0.0, 0.0, 0.0, 0.0, 0.0, 0.0, 0.0, 0.0, 0.0, 0.0, 0.0, 0.0, 0.0, 0.0, 0.0, 0.0, 0.0, 0.0, 0.0, 0.0, 0.0, 0.0, 0.0, 0.0, 0.0, 0.0, 0.0, 0.0, 0.0, 0.0, 0.0, 0.0, 0.0, 0.0, 0.0, 0.0, 0.0, 0.0, 0.0, 0.0, 0.0, 0.0, 0.0, 0.0, 0.0, 0.0, 0.0, 0.0, 0.0, 0.0, 0.0, 0.0, 0.0, 0.0, 0.0, 0.0, 0.0, 0.0, 0.0, 0.0, 0.0, 0.0, 0.0, 0.0, 0.0, 0.0, 0.0, 0.0, 0.0, 0.0, 0.0, 0.0, 0.0, 0.0, 0.0, 0.0, 0.0, 0.0, 0.0, 0.0, 0.0, 0.0, 0.0, 0.0, 0.0, 0.0, 0.0, 0.0, 0.0, 0.0, 0.0, 0.0, 0.0, 0.0, 0.0, 0.0, 0.0, 0.0, 0.0, 0.0, 0.0, 0.0, 0.0, 0.0, 0.0, 0.0, 0.0, 0.0, 0.0, 0.0, 0.0, 0.0, 0.0, 0.0, 0.0, 0.0, 0.0, 0.0, 0.0, 0.0, 0.0, 0.0, 0.0, 0.0, 0.0, 0.0, 0.0, 0.0, 0.0, 0.0, 0.0, 0.0, 0.0, 0.0, 0.0, 0.0, 0.0, 0.0, 0.0, 0.0, 0.0, 0.0, 0.0, 0.0, 0.0, 0.0, 0.0, 0.0, 0.0, 0.0, 0.0, 0.0, 0.0, 0.0, 0.0, 0.0, 0.0, 0.0, 0.0, 0.0, 0.0, 0.0, 0.0, 0.0, 0.0, 0.0, 0.0, 0.0, 0.0, 0.0, 0.0, 0.0, 0.0, 0.0, 0.0, 0.0, 0.0, 0.0, 0.0, 0.0, 0.0, 0.0, 0.0, 0.0, 0.0, 0.0, 0.0, 0.0, 0.0, 0.0, 0.0, 0.0, 0.0, 0.0, 0.0, 0.0, 0.0, 0.0, 0.0, 0.0, 0.0, 0.0, 0.0, 0.0, 0.0, 0.0, 0.0, 0.0, 0.0, 0.0, 0.0, 0.0, 0.0, 0.0, 0.0, 0.0, 0.0, 0.0, 0.0, 0.0, 0.0, 0.0, 0.0, 0.0, 0.0, 0.0, 0.0, 0.0, 0.0, 0.0, 0.0, 0.0, 0.0, 0.0, 0.0, 0.0, 0.0, 0.0, 0.0, 0.0, 0.0, 0.0, 0.0, 0.0, 0.0, 0.0, 0.0, 0.0, 0.0, 0.0, 0.0, 0.0, 0.0, 0.0, 0.0, 0.0, 0.0, 0.0, 0.0, 0.0, 0.0, 0.0, 0.0, 0.0, 0.0, 0.0, 0.0, 0.0, 0.0, 0.0, 0.0, 0.0, 0.0, 0.0, 0.0, 0.0, 0.0, 0.0, 0.0, 0.0, 0.0, 0.0, 0.0, 0.0, 0.0, 0.0, 0.0, 0.0, 0.0, 0.0, 0.0, 0.0, 0.0, 0.0, 0.0, 0.0, 0.0, 0.0, 0.0, 0.0, 0.0, 0.0, 0.0, 0.0, 0.0, 0.0, 0.0, 0.0, 0.0, 0.0, 0.0, 0.0, 0.0, 0.0, 0.0, 0.0, 0.0, 0.0, 0.0, 0.0, 0.0, 0.0, 0.0, 0.0, 0.0, 0.0, 0.0, 0.0, 0.0, 0.0, 0.0, 0.0, 0.0, 0.0, 0.0, 0.0, 0.0, 0.0, 0.0, 0.0, 0.0, 0.0, 0.0, 0.0, 0.0, 0.0, 0.0, 0.0, 0.0, 0.0, 0.0, 0.0, 0.0, 0.0, 0.0, 0.0, 0.0, 0.0, 0.0, 0.0, 0.0, 0.0, 0.0, 0.0, 0.0, 0.0, 0.0, 0.0, 0.0, 0.0, 0.0, 0.0, 0.0, 0.0, 0.0, 0.0, 0.0, 0.0, 0.0, 0.0, 0.0, 0.0, 0.0, 0.0, 0.0, 0.0, 0.0, 0.0, 0.0, 0.0, 0.0, 0.0, 0.0, 0.0, 0.0, 0.0, 0.0, 0.0, 0.0, 0.0, 0.0, 0.0, 0.0, 0.0, 0.0, 0.0, 0.0, 0.0, 0.0, 0.0, 0.0, 0.0, 0.0, 0.0, 0.0, 0.0, 0.0, 0.0, 0.0, 0.0, 0.0, 0.0, 0.0, 0.0, 0.0, 0.0, 0.0, 0.0, 0.0, 0.0, 0.0, 0.0, 0.0, 0.0, 0.0, 0.0, 0.0, 0.0, 0.0, 0.0, 0.0, 0.0, 0.0, 0.0, 0.0, 0.0, 0.0, 0.0, 0.0, 0.0, 0.0, 0.0, 0.0, 0.0, 0.0, 0.0, 0.0, 0.0, 0.0, 0.0, 0.0, 0.0, 0.0, 0.0, 0.0, 0.0, 0.0, 0.0, 0.0, 0.0, 0.0, 0.0, 0.0, 0.0, 0.0, 0.0, 0.0, 0.0, 0.0, 0.0, 0.0, 0.0, 0.0, 0.0, 0.0, 0.0, 0.0, 0.0, 0.0, 0.0, 0.0, 0.0, 0.0, 0.0, 0.0, 0.0, 0.0, 0.0, 0.0, 0.0, 0.0, 0.0, 0.0, 0.0, 0.0, 0.0, 0.0, 0.0, 0.0, 0.0, 0.0, 0.0, 0.0, 0.0, 0.0, 0.0, 0.0, 0.0, 0.0, 0.0, 0.0, 0.0, 0.0, 0.0, 0.0, 0.0, 0.0, 0.0, 0.0, 0.0, 0.0, 0.0, 0.0, 0.0, 0.0, 0.0, 0.0, 0.0, 0.0, 0.0, 0.0, 0.0, 0.0, 0.0, 0.0, 0.0, 0.0, 0.0, 0.0, 0.0, 0.0, 0.0, 0.0, 0.0, 0.0, 0.0, 0.0, 0.0, 0.0, 0.0, 0.0, 0.0, 0.0, 0.0, 0.0, 0.0, 0.0, 0.0, 0.0, 0.0, 0.0, 0.0, 0.0, 0.0, 0.0, 0.0, 0.0, 0.0, 0.0, 0.0, 0.0, 0.0, 0.0, 0.0, 0.0, 0.0, 0.0, 0.0, 0.0, 0.0, 0.0, 0.0, 0.0, 0.0, 0.0, 0.0, 0.0, 0.0, 0.0, 0.0, 0.0, 0.0, 0.0, 0.0, 0.0, 0.0, 0.0, 0.0, 0.0, 0.0, 0.0, 0.0, 0.0, 0.0, 0.0, 0.0, 0.0, 0.0, 0.0, 0.0, 0.0, 0.0, 0.0, 0.0, 0.0, 0.0, 0.0, 0.0, 0.0, 0.0, 0.0, 0.0, 0.0, 0.0, 0.0, 0.0, 0.0, 0.0, 0.0, 0.0, 0.0, 0.0, 0.0, 0.0, 0.0, 0.0, 0.0, 0.0, 0.0, 0.0, 0.0, 0.0, 0.0, 0.0, 0.0, 0.0, 0.0, 0.0, 0.0, 0.0, 0.0, 0.0, 0.0, 0.0, 0.0, 0.0, 0.0, 0.0, 0.0, 0.0, 0.0, 0.0, 0.0, 0.0, 0.0, 0.0, 0.0, 0.0, 0.0, 0.0, 0.0, 0.0, 0.0, 0.0, 0.0, 0.0, 0.0, 0.0, 0.0, 0.0, 0.0, 0.0, 0.0, 0.0, 0.0, 0.0, 0.0, 0.0, 0.0, 0.0, 0.0, 0.0, 0.0, 0.0, 0.0, 0.0, 0.0, 0.0, 0.0, 0.0, 0.0, 0.0, 0.0, 0.0, 0.0, 0.0, 0.0, 0.0, 0.0, 0.0, 0.0, 0.0, 0.0, 0.0, 0.0, 0.0, 0.0, 0.0, 0.0, 0.0, 0.0, 0.0, 0.0, 0.0, 0.0, 0.0, 0.0, 0.0, 0.0, 0.0, 0.0, 0.0, 0.0, 0.0, 0.0, 0.0, 0.0, 0.0, 0.0, 0.0, 0.0, 0.0, 0.0, 0.0, 0.0, 0.0, 0.0, 0.0, 0.0, 0.0, 0.0, 0.0, 0.0, 0.0, 0.0, 0.0, 0.0, 0.0, 0.0, 0.0, 0.0, 0.0, 0.0, 0.0, 0.0, 0.0, 0.0, 0.0, 0.0, 0.0, 0.0, 0.0, 0.0, 0.0, 0.0, 0.0, 0.0, 0.0, 0.0, 0.0, 0.0, 0.0, 0.0, 0.0, 0.0, 0.0, 0.0, 0.0, 0.0, 0.0, 0.0, 0.0, 0.0, 0.0, 0.0, 0.0, 0.0, 0.0, 0.0, 0.0, 0.0, 0.0, 0.0, 0.0, 0.0, 0.0, 0.0, 0.0, 0.0, 0.0, 0.0, 0.0, 0.0, 0.0, 0.0, 0.0, 0.0, 0.0, 0.0, 0.0, 0.0, 0.0, 0.0, 0.0, 0.0, 0.0, 0.0, 0.0, 0.0, 0.0, 0.0, 0.0, 0.0, 0.0, 0.0, 0.0, 0.0, 0.0, 0.0, 0.0, 0.0, 0.0, 0.0, 0.0, 0.0, 0.0, 0.0, 0.0, 0.0, 0.0, 0.0, 0.0, 0.0, 0.0, 0.0, 0.0, 0.0, 0.0, 0.0, 0.0, 0.0, 0.0, 0.0, 0.0, 0.0, 0.0, 0.0, 0.0, 0.0, 0.0, 0.0, 0.0, 0.0, 0.0, 0.0, 0.0, 0.0, 0.0, 0.0, 0.0, 0.0, 0.0, 0.0, 0.0, 0.0, 0.0, 0.0, 0.0, 0.0, 0.0, 0.0, 0.0, 0.0, 0.0, 0.0, 0.0, 0.0, 0.0, 0.0, 0.0, 0.0, 0.0, 0.0, 0.0, 0.0, 0.0, 0.0, 0.0, 0.0, 0.0, 0.0, 0.0, 0.0, 0.0, 0.0, 0.0, 0.0, 0.0, 0.0, 0.0, 0.0, 0.0, 0.0, 0.0, 0.0, 0.0, 0.0, 0.0, 0.0, 0.0, 0.0, 0.0, 0.0, 0.0, 0.0, 0.0, 0.0, 0.0, 0.0, 0.0, 0.0, 0.0, 0.0, 0.0, 0.0, 0.0, 0.0, 0.0, 0.0, 0.0, 0.0, 0.0, 0.0, 0.0, 0.0, 0.0, 0.0, 0.0, 0.0, 0.0, 0.0, 0.0, 0.0, 0.0, 0.0, 0.0, 0.0, 0.0, 0.0, 0.0, 0.0, 0.0, 0.0, 0.0, 0.0, 0.0, 0.0, 0.0, 0.0, 0.0, 0.0, 0.0, 0.0, 0.0, 0.0, 0.0, 0.0, 0.0, 0.0, 0.0, 0.0, 0.0, 0.0, 0.0, 0.0, 0.0, 0.0, 0.0, 0.0, 0.0, 0.0, 0.0, 0.0, 0.0, 0.0, 0.0, 0.0, 0.0, 0.0, 0.0, 0.0, 0.0, 0.0, 0.0, 0.0, 0.0, 0.0, 0.0, 0.0, 0.0, 0.0, 0.0, 0.0, 0.0, 0.0, 0.0, 0.0, 0.0, 0.0, 0.0, 0.0, 0.0, 0.0, 0.0, 0.0, 0.0, 0.0, 0.0, 0.0, 0.0, 0.0, 0.0, 0.0, 0.0, 0.0, 0.0, 0.0, 0.0, 0.0, 0.0, 0.0, 0.0, 0.0, 0.0, 0.0, 0.0, 0.0, 0.0, 0.0, 0.0, 0.0, 0.0, 0.0, 0.0, 0.0, 0.0, 0.0, 0.0, 0.0, 0.0, 0.0, 0.0, 0.0, 0.0, 0.0, 0.0, 0.0, 0.0, 0.0, 0.0, 0.0, 0.0, 0.0, 0.0, 0.0, 0.0, 0.0, 0.0, 0.0, 0.0, 0.0, 0.0, 0.0, 0.0, 0.0, 0.0, 0.0, 0.0, 0.0, 0.0, 0.0, 0.0, 0.0, 0.0, 0.0, 0.0, 0.0, 0.0, 0.0, 0.0, 0.0, 0.0, 0.0, 0.0, 0.0, 0.0, 0.0, 0.0, 0.0, 0.0, 0.0, 0.0, 0.0, 0.0, 0.0, 0.0, 0.0, 0.0, 0.0, 0.0, 0.0, 0.0, 0.0, 0.0, 0.0, 0.0, 0.0, 0.0, 0.0, 0.0, 0.0, 0.0, 0.0, 0.0, 0.0, 0.0, 0.0, 0.0, 0.0, 0.0, 0.0, 0.0, 0.0, 0.0, 0.0, 0.0, 0.0, 0.0, 0.0, 0.0, 0.0, 0.0, 0.0, 0.0, 0.0, 0.0, 0.0, 0.0, 0.0, 0.0, 0.0, 0.0, 0.0, 0.0, 0.0, 0.0, 0.0, 0.0, 0.0, 0.0, 0.0, 0.0, 0.0, 0.0, 0.0, 0.0, 0.0, 0.0, 0.0, 0.0, 0.0, 0.0, 0.0, 0.0, 0.0, 0.0, 0.0, 0.0, 0.0, 0.0, 0.0, 0.0, 0.0, 0.0, 0.0, 0.0, 0.0, 0.0, 0.0, 0.0, 0.0, 0.0, 0.0, 0.0, 0.0, 0.0, 0.0, 0.0, 0.0, 0.0, 0.0, 0.0, 0.0, 0.0, 0.0, 0.0, 0.0, 0.0, 0.0, 0.0, 0.0, 0.0, 0.0, 0.0, 0.0, 0.0, 0.0, 0.0, 0.0, 0.0, 0.0, 0.0, 0.0, 0.0, 0.0, 0.0, 0.0, 0.0, 0.0, 0.0, 0.0, 0.0, 0.0, 0.0, 0.0, 0.0, 0.0, 0.0, 0.0, 0.0, 0.0, 0.0, 0.0, 0.0, 0.0, 0.0, 0.0, 0.0, 0.0, 0.0, 0.0, 0.0, 0.0, 0.0, 0.0, 0.0, 0.0, 0.0, 0.0, 0.0, 0.0, 0.0, 0.0, 0.0, 0.0, 0.0, 0.0, 0.0, 0.0, 0.0, 0.0, 0.0, 0.0, 0.0, 0.0, 0.0, 0.0, 0.0, 0.0, 0.0, 0.0, 0.0, 0.0, 0.0, 0.0, 0.0, 0.0, 0.0, 0.0, 0.0, 0.0, 0.0, 0.0, 0.0, 0.0, 0.0, 0.0, 0.0, 0.0, 0.0, 0.0, 0.0, 0.0, 0.0, 0.0, 0.0, 0.0, 0.0, 0.0, 0.0, 0.0, 0.0, 0.0, 0.0, 0.0, 0.0, 0.0, 0.0, 0.0, 0.0, 0.0, 0.0, 0.0, 0.0, 0.0, 0.0, 0.0, 0.0, 0.0, 0.0, 0.0, 0.0, 0.0, 0.0, 0.0, 0.0, 0.0, 0.0, 0.0, 0.0, 0.0, 0.0, 0.0, 0.0, 0.0, 0.0, 0.0, 0.0, 0.0, 0.0, 0.0, 0.0, 0.0, 0.0, 0.0, 0.0, 0.0, 0.0, 0.0, 0.0, 0.0, 0.0, 0.0, 0.0, 0.0, 0.0, 0.0, 0.0, 0.0, 0.0, 0.0, 0.0, 0.0, 0.0, 0.0, 0.0, 0.0, 0.0, 0.0, 0.0, 0.0, 0.0, 0.0, 0.0, 0.0, 0.0, 0.0, 0.0, 0.0, 0.0, 0.0, 0.0, 0.0, 0.0, 0.0, 0.0, 0.0, 0.0, 0.0, 0.0, 0.0, 0.0, 0.0, 0.0, 0.0, 0.0, 0.0, 0.0, 0.0, 0.0, 0.0, 0.0, 0.0, 0.0, 0.0, 0.0, 0.0, 0.0, 0.0, 0.0, 0.0, 0.0, 0.0, 0.0, 0.0, 0.0, 0.0, 0.0, 0.0, 0.0, 0.0, 0.0, 0.0, 0.0, 0.0, 0.0, 0.0, 0.0, 0.0, 0.0, 0.0, 0.0, 0.0, 0.0, 0.0, 0.0, 0.0, 0.0, 0.0, 0.0, 0.0, 0.0, 0.0, 0.0, 0.0, 0.0, 0.0, 0.0, 0.0, 0.0, 0.0, 0.0, 0.0, 0.0, 0.0, 0.0, 0.0, 0.0, 0.0, 0.0, 0.0, 0.0, 0.0, 0.0, 0.0, 0.0, 0.0, 0.0, 0.0, 0.0, 0.0, 0.0, 0.0, 0.0, 0.0, 0.0, 0.0, 0.0, 0.0, 0.0, 0.0, 0.0, 0.0, 0.0, 0.0, 0.0, 0.0, 0.0, 0.0, 0.0, 0.0, 0.0, 0.0, 0.0, 0.0, 0.0, 0.0, 0.0, 0.0, 0.0, 0.0, 0.0, 0.0, 0.0, 0.0, 0.0, 0.0, 0.0, 0.0, 0.0, 0.0, 0.0, 0.0, 0.0, 0.0, 0.0, 0.0, 0.0, 0.0, 0.0, 0.0, 0.0, 0.0, 0.0, 0.0, 0.0, 0.0, 0.0, 0.0, 0.0, 0.0, 0.0, 0.0, 0.0, 0.0, 0.0, 0.0, 0.0, 0.0, 0.0, 0.0, 0.0, 0.0, 0.0, 0.0, 0.0, 0.0, 0.0, 0.0, 0.0, 0.0, 0.0, 0.0, 0.0, 0.0, 0.0, 0.0, 0.0, 0.0, 0.0, 0.0, 0.0, 0.0, 0.0, 0.0, 0.0, 0.0, 0.0, 0.0, 0.0, 0.0, 0.0, 0.0, 0.0, 0.0, 0.0, 0.0, 0.0, 0.0, 0.0, 0.0, 0.0, 0.0, 0.0, 0.0, 0.0, 0.0, 0.0, 0.0, 0.0, 0.0, 0.0, 0.0, 0.0, 0.0, 0.0, 0.0, 0.0, 0.0, 0.0, 0.0, 0.0, 0.0, 0.0, 0.0, 0.0, 0.0, 0.0, 0.0, 0.0, 0.0, 0.0, 0.0, 0.0, 0.0, 0.0, 0.0, 0.0, 0.0, 0.0, 0.0, 0.0, 0.0, 0.0, 0.0, 0.0, 0.0, 0.0, 0.0, 0.0, 0.0, 0.0, 0.0, 0.0, 0.0, 0.0, 0.0, 0.0, 0.0, 0.0, 0.0, 0.0, 0.0, 0.0, 0.0, 0.0, 0.0, 0.0, 0.0, 0.0, 0.0, 0.0, 0.0, 0.0, 0.0, 0.0, 0.0, 0.0, 0.0, 0.0, 0.0, 0.0, 0.0, 0.0, 0.0, 0.0, 0.0, 0.0, 0.0, 0.0, 0.0, 0.0, 0.0, 0.0, 0.0, 0.0, 0.0, 0.0, 0.0, 0.0, 0.0, 0.0, 0.0, 0.0, 0.0, 0.0, 0.0, 0.0, 0.0, 0.0, 0.0, 0.0, 0.0, 0.0, 0.0, 0.0, 0.0, 0.0, 0.0, 0.0, 0.0, 0.0, 0.0, 0.0, 0.0, 0.0, 0.0, 0.0, 0.0, 0.0, 0.0, 0.0, 0.0, 0.0, 0.0, 0.0, 0.0, 0.0, 0.0, 0.0, 0.0, 0.0, 0.0, 0.0, 0.0, 0.0, 0.0, 0.0, 0.0, 0.0, 0.0, 0.0, 0.0, 0.0, 0.0, 0.0, 0.0, 0.0, 0.0, 0.0, 0.0, 0.0, 0.0, 0.0, 0.0, 0.0, 0.0, 0.0, 0.0, 0.0, 0.0, 0.0, 0.0, 0.0, 0.0, 0.0, 0.0, 0.0, 0.0, 0.0, 0.0, 0.0, 0.0, 0.0, 0.0, 0.0, 0.0, 0.0, 0.0, 0.0, 0.0, 0.0, 0.0, 0.0, 0.0, 0.0, 0.0, 0.0, 0.0, 0.0, 0.0, 0.0, 0.0, 0.0, 0.0, 0.0, 0.0, 0.0, 0.0, 0.0, 0.0, 0.0, 0.0, 0.0, 0.0, 0.0, 0.0, 0.0, 0.0, 0.0, 0.0, 0.0, 0.0, 0.0, 0.0, 0.0, 0.0, 0.0, 0.0, 0.0, 0.0, 0.0, 0.0, 0.0, 0.0, 0.0, 0.0, 0.0, 0.0, 0.0, 0.0, 0.0, 0.0, 0.0, 0.0, 0.0, 0.0, 0.0, 0.0, 0.0, 0.0, 0.0, 0.0, 0.0, 0.0, 0.0, 0.0, 0.0, 0.0, 0.0, 0.0, 0.0, 0.0, 0.0, 0.0, 0.0, 0.0, 0.0, 0.0, 0.0, 0.0, 0.0, 0.0, 0.0, 0.0, 0.0, 0.0, 0.0, 0.0, 0.0, 0.0]"
UA_2,0.44081347884356026
Li_duration,6.999999999999998
TES_LCOE_IndustrialCharge,0.0
coal_dispatch,4.1754e6
UA_3,0.6168244325887614
powerPeak,500.0
cost_coldpump,363.10758059691204
Li_LCOE_Capex,0.06749660502642453
net_discharge_t,"[12.559309302986655, 0.0, 0.0, 0.0, 0.0, 0.0, 0.0, 0.0, 0.0, 0.0, 0.0, 0.0, 0.0, 0.0, 12.559309302986655, 0.0, 12.559309302986676, 0.0, 0.0, 0.0, 0.0, 0.0, 0.0, 12.559309302986655, 0.0, 0.0, 36.93914500878427, 0.0, 0.0, 0.0, 0.0, 0.0, 0.0, 0.0, 0.0, 0.0, 0.0, 49.498454311770935, 0.0, 49.498454311770935, 0.0, 0.0, 0.0, 0.0, 0.0, 0.0, 12.559309302986655, 0.0, 0.0, 49.26910945006373, 0.0, 0.0, 0.0, 0.0, 0.0, 0.0, 0.0, 0.0, 0.0, 0.0, 73.87829001756855, 0.0, 73.87829001756855, 0.0, 0.0, 0.0, 0.0, 0.0, 0.0, 12.559309302986655, 0.0, 0.0, 73.87829001756855, 0.0, 0.0, 0.0, 0.0, 0.0, 0.0, 0.0, 0.0, 0.0, 0.0, 73.87829001756855, 0.0, 73.87829001756855, 0.0, 0.0, 0.0, 0.0, 0.0, 0.0, 12.559309302986655, 0.0, 0.0, 73.87829001756855, 0.0, 0.0, 0.0, 0.0, 0.0, 0.0, 0.0, 0.0, 0.0, 0.0, 73.87829001756855, 0.0, 73.87829001756855, 0.0, 0.0, 0.0, 0.0, 0.0, 0.0, 49.498454311770935, 0.0, 0.0, 73.87829001756855, 0.0, 0.0, 0.0, 0.0, 0.0, 0.0, 0.0, 0.0, 0.0, 0.0, 72.87240233190211, 0.0, 42.27614358772064, 0.0, 0.0, 0.0, 0.0, 0.0, 0.0, 73.87829001756855, 0.0, 0.0, 36.93914500878427, 0.0, 0.0, 0.0, 0.0, 0.0, 0.0, 0.0, 0.0, 0.0, 0.0, 35.933257323117836, 0.0, 12.559309302986657, 0.0, 0.0, 0.0, 0.0, 0.0, 0.0, 36.93914500878427, 0.0, 0.0, 0.0, 0.0, 0.0, 0.0, 0.0, 0.0, 0.0, 0.0, 0.0, 0.0, 0.0, 0.0, 0.0, 0.0, 0.0, 0.0, 0.0, 0.0, 0.0, 0.0, 0.0, 0.0, 0.0, 0.0, 0.0, 0.0, 0.0, 0.0, 0.0, 0.0, 0.0, 0.0, 0.0, 0.0, 0.0, 0.0, 0.0, 0.0, 0.0, 0.0, 0.0, 0.0, 0.0, 0.0, 0.0, 0.0, 0.0, 0.0, 0.0, 0.0, 0.0, 0.0, 0.0, 0.0, 0.0, 0.0, 0.0, 0.0, 0.0, 0.0, 0.0, 0.0, 0.0, 0.0, 0.0, 0.0, 0.0, 0.0, 0.0, 0.0, 0.0, 0.0, 0.0, 0.0, 0.0, 0.0, 0.0, 0.0, 0.0, 0.0, 0.0, 0.0, 0.0, 0.0, 0.0, 0.0, 0.0, 0.0, 0.0, 0.0, 0.0, 0.0, 0.0, 0.0, 0.0, 0.0, 0.0, 0.0, 0.0, 0.0, 0.0, 0.0, 0.0, 0.0, 0.0, 0.0, 0.0, 0.0, 0.0, 0.0, 0.0, 0.0, 0.0, 0.0, 0.0, 0.0, 0.0, 0.0, 0.0, 0.0, 0.0, 0.0, 0.0, 0.0, 0.0, 0.0, 0.0, 0.0, 0.0, 0.0, 0.0, 0.0, 0.0, 0.0, 0.0, 0.0, 0.0, 0.0, 0.0, 0.0, 0.0, 0.0, 0.0, 0.0, 0.0, 0.0, 0.0, 0.0, 0.0, 0.0, 0.0, 0.0, 0.0, 0.0, 0.0, 0.0, 0.0, 0.0, 0.0, 0.0, 0.0, 0.0, 0.0, 0.0, 0.0, 0.0, 0.0, 0.0, 0.0, 0.0, 0.0, 0.0, 0.0, 0.0, 0.0, 0.0, 0.0, 0.0, 0.0, 0.0, 0.0, 0.0, 0.0, 0.0, 0.0, 0.0, 0.0, 0.0, 0.0, 0.0, 0.0, 0.0, 0.0, 0.0, 0.0, 0.0, 0.0, 0.0, 0.0, 0.0, 0.0, 0.0, 0.0, 0.0, 0.0, 0.0, 0.0, 0.0, 0.0, 0.0, 0.0, 0.0, 0.0, 0.0, 0.0, 0.0, 0.0, 0.0, 0.0, 0.0, 36.93914500878427, 0.0, 0.0, 0.0, 0.0, 0.0, 0.0, 0.0, 0.0, 0.0, 0.0, 0.0, 0.0, 0.0, 0.0, 0.0, 0.0, 0.0, 0.0, 0.0, 0.0, 0.0, 0.0, 73.87829001756855, 0.0, 0.0, 0.0, 0.0, 0.0, 0.0, 0.0, 0.0, 0.0, 0.0, 0.0, 0.0, 0.0, 0.0, 0.0, 0.0, 0.0, 0.0, 0.0, 0.0, 0.0, 0.0, 73.87829001756855, 0.0, 0.0, 0.0, 0.0, 0.0, 0.0, 0.0, 0.0, 0.0, 0.0, 0.0, 0.0, 0.0, 0.0, 0.0, 0.0, 0.0, 0.0, 0.0, 0.0, 0.0, 0.0, 73.87829001756855, 0.0, 0.0, 0.0, 0.0, 0.0, 0.0, 0.0, 0.0, 0.0, 0.0, 0.0, 0.0, 0.0, 0.0, 0.0, 0.0, 0.0, 0.0, 0.0, 0.0, 0.0, 0.0, 73.87829001756855, 0.0, 0.0, 0.0, 0.0, 0.0, 0.0, 0.0, 0.0, 0.0, 0.0, 0.0, 0.0, 0.0, 0.0, 0.0, 0.0, 0.0, 0.0, 0.0, 0.0, 0.0, 0.0, 73.87829001756855, 0.0, 0.0, 0.0, 0.0, 0.0, 0.0, 0.0, 0.0, 0.0, 0.0, 0.0, 0.0, 0.0, 0.0, 0.0, 0.0, 0.0, 0.0, 0.0, 0.0, 0.0, 0.0, 50.76400596434287, 0.0, 0.0, 0.0, 0.0, 0.0, 0.0, 0.0, 0.0, 0.0, 0.0, 0.0, 0.0, 0.0, 0.0, 0.0, 36.93914500878427, 0.0, 0.0, 0.0, 36.93914500878427, 36.93914500878427, 0.0, 13.824860955558583, 0.0, 36.93914500878427, 0.0, 0.0, 0.0, 0.0, 0.0, 0.0, 0.0, 0.0, 0.0, 0.0, 36.93914500878427, 0.0, 0.0, 73.87829001756855, 0.0, 0.0, 0.0, 73.87829001756855, 73.87829001756855, 0.0, 0.0, 0.0, 73.87829001756855, 0.0, 0.0, 0.0, 0.0, 0.0, 0.0, 0.0, 0.0, 0.0, 0.0, 73.87829001756855, 0.0, 0.0, 73.87829001756855, 0.0, 0.0, 0.0, 73.87829001756855, 73.87829001756855, 0.0, 0.0, 0.0, 73.87829001756855, 0.0, 0.0, 0.0, 0.0, 0.0, 0.0, 0.0, 0.0, 0.0, 0.0, 73.87829001756855, 0.0, 0.0, 73.87829001756855, 0.0, 0.0, 0.0, 73.87829001756855, 73.87829001756855, 0.0, 0.0, 0.0, 73.87829001756855, 0.0, 0.0, 0.0, 0.0, 0.0, 0.0, 0.0, 0.0, 0.0, 0.0, 73.87829001756855, 0.0, 0.0, 73.87829001756855, 0.0, 0.0, 0.0, 73.87829001756855, 73.87829001756855, 0.0, 0.0, 0.0, 73.87829001756855, 0.0, 0.0, 0.0, 0.0, 0.0, 0.0, 0.0, 0.0, 0.0, 0.0, 53.81392238231467, 0.0, 0.0, 36.93914500878427, 0.0, 0.0, 0.0, 73.87829001756855, 73.87829001756855, 0.0, 0.0, 0.0, 73.87829001756855, 0.0, 0.0, 0.0, 0.0, 0.0, 0.0, 0.0, 0.0, 0.0, 0.0, 16.87477737353039, 0.0, 0.0, 25.329809520881142, 0.0, 0.0, 0.0, 56.548676900905626, 50.26333037385656, 0.0, 0.0, 0.0, 56.44829297255696, 0.0, 0.0, 0.0, 0.0, 0.0, 0.0, 0.0, 0.0, 0.0, 0.0, 0.0, 0.0, 0.0, 62.2689545296654, 0.0, 0.0, 0.0, 19.609531892121343, 13.324185365072275, 0.0, 0.0, 0.0, 19.50914796377269, 0.0, 0.0, 0.0, 0.0, 0.0, 0.0, 0.0, 0.0, 0.0, 0.0, 0.0, 0.0, 0.0, 25.329809520881135, 0.0, 0.0, 0.0, 0.0, 0.0, 0.0, 0.0, 0.0, 0.0, 0.0, 0.0, 0.0, 0.0, 0.0, 0.0, 0.0, 0.0, 0.0, 0.0, 0.0, 0.0, 0.0, 0.0, 0.0, 0.0, 0.0, 0.0, 0.0, 0.0, 0.0, 0.0, 0.0, 0.0, 0.0, 0.0, 0.0, 0.0, 0.0, 0.0, 0.0, 0.0, 0.0, 0.0, 0.0, 0.0, 0.0, 0.0, 0.0, 0.0, 0.0, 0.0, 0.0, 0.0, 0.0, 0.0, 0.0, 0.0, 0.0, 0.0, 0.0, 0.0, 0.0, 0.0, 0.0, 0.0, 0.0, 0.0, 0.0, 0.0, 0.0, 0.0, 0.0, 0.0, 0.0, 0.0, 0.0, 0.0, 0.0, 0.0, 0.0, 0.0, 0.0, 0.0, 0.0, 0.0, 0.0, 0.0, 0.0, 0.0, 0.0, 0.0, 0.0, 0.0, 0.0, 0.0, 0.0, 0.0, 0.0, 0.0, 0.0, 0.0, 0.0, 0.0, 0.0, 0.0, 0.0, 0.0, 0.0, 0.0, 0.0, 0.0, 0.0, 0.0, 0.0, 0.0, 0.0, 0.0, 0.0, 0.0, 0.0, 0.0, 0.0, 0.0, 0.0, 0.0, 0.0, 0.0, 0.0, 0.0, 0.0, 0.0, 0.0, 0.0, 0.0, 0.0, 0.0, 0.0, 0.0, 0.0, 0.0, 0.0, 0.0, 0.0, 0.0, 0.0, 0.0, 0.0, 0.0, 0.0, 0.0, 0.0, 0.0, 0.0, 0.0, 0.0, 0.0, 0.0, 0.0, 0.0, 0.0, 0.0, 0.0, 0.0, 0.0, 0.0, 0.0, 0.0, 0.0, 0.0, 0.0, 0.0, 0.0, 0.0, 0.0, 0.0, 0.0, 0.0, 0.0, 0.0, 0.0, 0.0, 0.0, 0.0, 0.0, 0.0, 0.0, 0.0, 0.0, 0.0, 0.0, 0.0, 0.0, 0.0, 0.0, 0.0, 0.0, 0.0, 0.0, 0.0, 0.0, 0.0, 0.0, 0.0, 0.0, 0.0, 0.0, 0.0, 0.0, 0.0, 0.0, 0.0, 0.0, 0.0, 0.0, 0.0, 0.0, 0.0, 0.0, 0.0, 0.0, 0.0, 0.0, 0.0, 0.0, 0.0, 0.0, 0.0, 0.0, 0.0, 0.0, 0.0, 0.0, 0.0, 0.0, 0.0, 0.0, 0.0, 0.0, 13.585064536976187, 0.0, 0.0, 0.0, 0.0, 0.0, 0.0, 0.0, 0.0, 0.0, 0.0, 0.0, 0.0, 0.0, 0.0, 0.0, 0.0, 0.0, 0.0, 0.0, 0.0, 0.0, 0.0, 50.524209545760485, 0.0, 0.0, 0.0, 0.0, 0.0, 0.0, 0.0, 0.0, 0.0, 0.0, 0.0, 0.0, 0.0, 0.0, 0.0, 0.0, 0.0, 0.0, 0.0, 0.0, 0.0, 0.0, 73.87829001756855, 0.0, 0.0, 0.0, 0.0, 0.0, 0.0, 0.0, 0.0, 0.0, 0.0, 0.0, 0.0, 0.0, 0.0, 0.0, 0.0, 0.0, 0.0, 0.0, 0.0, 0.0, 0.0, 73.87829001756855, 0.0, 0.0, 0.0, 0.0, 0.0, 0.0, 0.0, 0.0, 0.0, 0.0, 0.0, 0.0, 0.0, 0.0, 0.0, 0.0, 0.0, 0.0, 0.0, 0.0, 0.0, 0.0, 36.93914500878427, 0.0, 0.0, 0.0, 0.0, 0.0, 0.0, 0.0, 0.0, 0.0, 0.0, 0.0, 0.0, 0.0, 0.0, 0.0, 0.0, 0.0, 0.0, 0.0, 0.0, 0.0, 0.0, 12.559309302986655, 0.0, 0.0, 0.0, 0.0, 0.0, 0.0, 0.0, 0.0, 0.0, 19.465509350125846, 0.0, 0.0, 19.496443352616318, 0.0, 0.0, 0.0, 0.0, 0.0, 36.93914500878427, 0.0, 0.0, 0.0, 36.939145008784294, 19.609423848355068, 0.0, 0.0, 0.0, 0.0, 0.0, 0.0, 0.0, 0.0, 56.40465435890999, 0.0, 0.0, 56.43558836140041, 0.0, 0.0, 0.0, 36.93914500878427, 0.0, 73.87829001756855, 0.0, 0.0, 0.0, 73.87829001756855, 56.54856885713925, 36.93914500878427, 0.0, 0.0, 0.0, 0.0, 0.0, 0.0, 0.0, 73.87829001756855, 0.0, 0.0, 73.87829001756855, 0.0, 0.0, 0.0, 73.87829001756855, 0.0, 73.87829001756855, 0.0, 0.0, 0.0, 73.87829001756855, 73.87829001756855, 73.87829001756855, 0.0, 0.0, 0.0, 0.0, 0.0, 0.0, 0.0, 73.87829001756855, 0.0, 0.0, 73.87829001756855, 0.0, 0.0, 0.0, 73.87829001756855, 0.0, 73.87829001756855, 0.0, 0.0, 0.0, 36.93914500878427, 73.87829001756855, 73.87829001756855, 0.0, 0.0, 0.0, 0.0, 0.0, 0.0, 0.0, 73.87829001756855, 0.0, 0.0, 73.87829001756855, 0.0, 0.0, 0.0, 73.87829001756855, 0.0, 73.87829001756855, 0.0, 0.0, 0.0, 0.0, 73.87829001756855, 40.26168208469667, 0.0, 0.0, 0.0, 0.0, 0.0, 0.0, 0.0, 73.87829001756855, 0.0, 0.0, 73.87829001756855, 0.0, 0.0, 0.0, 73.87829001756855, 0.0, 73.87829001756855, 0.0, 0.0, 0.0, 0.0, 73.87829001756855, 73.87829001756855, 0.0, 0.0, 0.0, 0.0, 0.0, 0.0, 0.0, 73.87829001756855, 0.0, 0.0, 73.87829001756855, 0.0, 0.0, 0.0, 73.87829001756855, 0.0, 50.26333037385656, 0.0, 0.0, 0.0, 0.0, 73.87829001756855, 73.87829001756855, 0.0, 0.0, 0.0, 0.0, 0.0, 0.0, 0.0, 36.93914500878427, 0.0, 0.0, 36.93914500878427, 0.0, 0.0, 0.0, 56.39108606055068, 0.0, 13.324185365072275, 0.0, 0.0, 0.0, 0.0, 36.93914500878427, 73.87829001756855, 0.0, 0.0, 0.0, 0.0, 0.0, 0.0, 0.0, 0.0, 0.0, 0.0, 0.0, 0.0, 0.0, 0.0, 19.451941051766408, 0.0, 0.0, 0.0, 0.0, 0.0, 0.0, 0.0, 36.93914500878427, 0.0, 0.0, 0.0, 0.0, 0.0, 0.0, 0.0, 0.0, 0.0, 0.0, 0.0, 0.0, 0.0, 0.0, 0.0, 0.0, 0.0, 0.0, 0.0, 0.0, 0.0, 0.0, 0.0, 0.0, 0.0, 0.0, 0.0, 0.0, 0.0, 0.0, 0.0, 0.0, 0.0, 0.0, 0.0, 0.0, 0.0, 0.0, 0.0, 0.0, 0.0, 0.0, 0.0, 0.0, 0.0, 0.0, 0.0, 0.0, 0.0, 0.0, 0.0, 0.0, 0.0, 0.0, 0.0, 0.0, 0.0, 0.0, 0.0, 0.0, 0.0, 0.0, 0.0, 0.0, 0.0, 0.0, 0.0, 0.0, 0.0, 0.0, 0.0, 0.0, 0.0, 0.0, 0.0, 0.0, 0.0, 0.0, 0.0, 0.0, 0.0, 0.0, 0.0, 0.0, 0.0, 0.0, 0.0, 0.0, 0.0, 0.0, 0.0, 0.0, 0.0, 0.0, 0.0, 0.0, 0.0, 0.0, 0.0, 0.0, 0.0, 0.0, 0.0, 0.0, 0.0, 0.0, 0.0, 0.0, 0.0, 0.0, 0.0, 0.0, 0.0, 0.0, 0.0, 0.0, 0.0, 0.0, 0.0, 0.0, 0.0, 0.0, 0.0, 0.0, 0.0, 0.0, 0.0, 0.0, 0.0, 0.0, 0.0, 0.0, 0.0, 0.0, 0.0, 0.0, 0.0, 0.0, 0.0, 0.0, 0.0, 0.0, 0.0, 0.0, 0.0, 0.0, 0.0, 0.0, 0.0, 0.0, 0.0, 0.0, 0.0, 0.0, 0.0, 0.0, 0.0, 0.0, 0.0, 0.0, 0.0, 0.0, 0.0, 0.0, 0.0, 0.0, 0.0, 0.0, 0.0, 0.0, 0.0, 0.0, 0.0, 0.0, 0.0, 0.0, 0.0, 0.0, 0.0, 0.0, 0.0, 0.0, 0.0, 0.0, 0.0, 0.0, 0.0, 0.0, 0.0, 0.0, 0.0, 0.0, 0.0, 0.0, 0.0, 0.0, 0.0, 0.0, 0.0, 0.0, 0.0, 0.0, 0.0, 0.0, 0.0, 0.0, 0.0, 0.0, 0.0, 0.0, 0.0, 0.0, 0.0, 0.0, 0.0, 0.0, 0.0, 0.0, 0.0, 0.0, 0.0, 0.0, 0.0, 0.0, 0.0, 0.0, 0.0, 0.0, 0.0, 0.0, 0.0, 0.0, 0.0, 0.0, 0.0, 0.0, 0.0, 0.0, 0.0, 0.0, 0.0, 0.0, 0.0, 0.0, 0.0, 0.0, 0.0, 0.0, 0.0, 0.0, 0.0, 0.0, 0.0, 0.0, 0.0, 0.0, 0.0, 0.0, 0.0, 0.0, 0.0, 0.0, 0.0, 0.0, 0.0, 0.0, 0.0, 0.0, 0.0, 0.0, 0.0, 0.0, 0.0, 0.0, 0.0, 0.0, 0.0, 0.0, 0.0, 0.0, 0.0, 0.0, 0.0, 0.0, 0.0, 0.0, 0.0, 0.0, 0.0, 0.0, 0.0, 0.0, 0.0, 0.0, 0.0, 0.0, 0.0, 0.0, 0.0, 0.0, 0.0, 0.0, 0.0, 0.0, 0.0, 0.0, 0.0, 0.0, 0.0, 0.0, 0.0, 0.0, 0.0, 0.0, 0.0, 0.0, 0.0, 0.0, 0.0, 0.0, 0.0, 0.0, 0.0, 0.0, 0.0, 0.0, 0.0, 0.0, 0.0, 0.0, 0.0, 0.0, 0.0, 0.0, 0.0, 0.0, 0.0, 0.0, 0.0, 12.559309302986655, 0.0, 0.0, 0.0, 0.0, 0.0, 0.0, 0.0, 0.0, 0.0, 0.0, 0.0, 0.0, 12.559309302986655, 0.0, 0.0, 0.0, 0.0, 0.0, 0.0, 0.0, 0.0, 0.0, 13.163845886277645, 0.0, 0.0, 0.0, 12.559309302986655, 0.0, 0.0, 0.0, 0.0, 36.93914500878427, 0.0, 0.0, 36.93914500878427, 49.498454311770935, 0.0, 0.0, 0.0, 0.0, 0.0, 0.0, 36.93914500878427, 0.0, 0.0, 50.102990895061836, 0.0, 0.0, 0.0, 49.498454311770935, 0.0, 0.0, 0.0, 0.0, 73.87829001756855, 0.0, 0.0, 73.87829001756855, 73.87829001756855, 0.0, 0.0, 0.0, 0.0, 0.0, 0.0, 73.87829001756855, 0.0, 0.0, 73.87829001756855, 0.0, 0.0, 0.0, 73.87829001756855, 0.0, 0.0, 0.0, 0.0, 73.87829001756855, 0.0, 0.0, 73.87829001756855, 73.87829001756855, 0.0, 0.0, 0.0, 0.0, 0.0, 0.0, 73.87829001756855, 0.0, 0.0, 73.87829001756855, 0.0, 0.0, 0.0, 73.87829001756855, 0.0, 0.0, 0.0, 0.0, 73.87829001756855, 0.0, 0.0, 73.87829001756855, 73.87829001756855, 0.0, 0.0, 0.0, 0.0, 0.0, 0.0, 73.87829001756855, 0.0, 0.0, 73.87829001756855, 0.0, 0.0, 0.0, 73.87829001756855, 0.0, 0.0, 0.0, 0.0, 38.55281640869124, 0.0, 0.0, 73.87829001756855, 73.87829001756855, 0.0, 0.0, 0.0, 0.0, 0.0, 0.0, 73.87829001756855, 0.0, 0.0, 73.87829001756855, 0.0, 0.0, 0.0, 73.87829001756855, 0.0, 0.0, 0.0, 0.0, 73.87829001756855, 0.0, 0.0, 73.87829001756855, 36.93914500878427, 0.0, 0.0, 0.0, 0.0, 0.0, 0.0, 73.87829001756855, 0.0, 0.0, 73.87829001756855, 0.0, 0.0, 0.0, 73.87829001756855, 0.0, 0.0, 0.0, 0.0, 73.87829001756855, 0.0, 0.0, 36.93914500878427, 0.0, 0.0, 0.0, 0.0, 0.0, 0.0, 0.0, 57.09448576336197, 0.0, 0.0, 36.93914500878427, 0.0, 0.0, 0.0, 39.44175145707133, 0.0, 0.0, 0.0, 0.0, 36.93914500878427, 0.0, 0.0, 0.0, 0.0, 0.0, 0.0, 0.0, 0.0, 0.0, 0.0, 20.1553407545777, 0.0, 0.0, 0.0, 0.0, 0.0, 0.0, 12.559309302986657, 0.0, 0.0, 0.0, 0.0, 0.0, 0.0, 0.0, 0.0, 0.0, 0.0, 0.0, 0.0, 0.0, 0.0, 0.0, 0.0, 0.0, 0.0, 0.0, 0.0, 0.0, 0.0, 0.0, 0.0, 0.0, 0.0, 0.0, 0.0, 0.0, 0.0, 0.0, 0.0, 0.0, 0.0, 0.0, 0.0, 0.0, 0.0, 0.0, 0.0, 0.0, 0.0, 0.0, 0.0, 0.0, 0.0, 0.0, 0.0, 0.0, 0.0, 0.0, 0.0, 0.0, 0.0, 0.0, 0.0, 0.0, 0.0, 0.0, 0.0, 0.0, 0.0, 0.0, 0.0, 0.0, 0.0, 0.0, 0.0, 0.0, 0.0, 0.0, 0.0, 0.0, 0.0, 0.0, 0.0, 0.0, 0.0, 0.0, 0.0, 0.0, 0.0, 0.0, 0.0, 0.0, 0.0, 0.0, 0.0, 0.0, 0.0, 0.0, 0.0, 0.0, 0.0, 0.0, 0.0, 0.0, 0.0, 0.0, 0.0, 0.0, 0.0, 0.0, 0.0, 0.0, 0.0, 0.0, 0.0, 0.0, 0.0, 0.0, 0.0, 0.0, 0.0, 0.0, 0.0, 0.0, 0.0, 0.0, 0.0, 0.0, 0.0, 0.0, 0.0, 0.0, 0.0, 0.0, 0.0, 0.0, 0.0, 0.0, 0.0, 0.0, 0.0, 0.0, 0.0, 0.0, 0.0, 0.0, 0.0, 0.0, 0.0, 0.0, 0.0, 0.0, 0.0, 0.0, 0.0, 0.0, 0.0, 0.0, 0.0, 0.0, 0.0, 0.0, 0.0, 0.0, 0.0, 0.0, 0.0, 0.0, 0.0, 0.0, 0.0, 0.0, 0.0, 0.0, 0.0, 0.0, 0.0, 0.0, 0.0, 0.0, 0.0, 0.0, 0.0, 0.0, 0.0, 0.0, 0.0, 0.0, 0.0, 0.0, 0.0, 0.0, 0.0, 0.0, 0.0, 0.0, 0.0, 0.0, 0.0, 0.0, 0.0, 0.0, 0.0, 0.0, 0.0, 0.0, 0.0, 0.0, 0.0, 0.0, 0.0, 0.0, 0.0, 0.0, 0.0, 0.0, 0.0, 0.0, 0.0, 0.0, 0.0, 0.0, 36.93914500878427, 0.0, 0.0, 0.0, 0.0, 0.0, 0.0, 0.0, 0.0, 0.0, 0.0, 0.0, 0.0, 0.0, 0.0, 0.0, 0.0, 0.0, 0.0, 0.0, 0.0, 0.0, 0.0, 73.87829001756855, 0.0, 0.0, 0.0, 0.0, 0.0, 0.0, 0.0, 0.0, 0.0, 0.0, 0.0, 0.0, 0.0, 0.0, 0.0, 0.0, 0.0, 0.0, 0.0, 0.0, 0.0, 0.0, 73.87829001756855, 0.0, 0.0, 0.0, 0.0, 0.0, 0.0, 0.0, 0.0, 0.0, 0.0, 0.0, 0.0, 0.0, 0.0, 0.0, 0.0, 0.0, 0.0, 0.0, 0.0, 0.0, 0.0, 73.87829001756855, 0.0, 0.0, 0.0, 0.0, 0.0, 0.0, 0.0, 0.0, 0.0, 0.0, 0.0, 0.0, 0.0, 0.0, 0.0, 0.0, 0.0, 0.0, 0.0, 0.0, 0.0, 0.0, 73.87829001756855, 0.0, 0.0, 0.0, 0.0, 0.0, 0.0, 0.0, 0.0, 0.0, 0.0, 0.0, 0.0, 0.0, 0.0, 0.0, 0.0, 0.0, 0.0, 0.0, 0.0, 0.0, 0.0, 73.87829001756855, 0.0, 0.0, 0.0, 0.0, 0.0, 0.0, 0.0, 0.0, 0.0, 0.0, 0.0, 0.0, 0.0, 0.0, 0.0, 0.0, 0.0, 0.0, 0.0, 0.0, 0.0, 0.0, 56.950631229511885, 0.0, 0.0, 12.559309302986655, 19.609423848355053, 20.11331998156894, 0.0, 0.0, 36.93914500878427, 0.0, 0.0, 0.0, 0.0, 0.0, 0.0, 0.0, 0.0, 0.0, 0.0, 0.0, 0.0, 0.0, 0.0, 20.011486220727598, 0.0, 0.0, 49.498454311770935, 56.548568857139216, 57.05246499035311, 0.0, 36.93914500878427, 73.87829001756855, 0.0, 0.0, 0.0, 36.93914500878427, 0.0, 0.0, 0.0, 0.0, 0.0, 0.0, 0.0, 0.0, 0.0, 0.0, 0.0, 0.0, 0.0, 73.87829001756855, 73.87829001756855, 73.87829001756855, 0.0, 73.87829001756855, 73.87829001756855, 0.0, 0.0, 0.0, 73.87829001756855, 0.0, 0.0, 0.0, 0.0, 0.0, 0.0, 0.0, 0.0, 0.0, 0.0, 0.0, 0.0, 0.0, 63.78011811107937, 73.87829001756855, 73.87829001756855, 0.0, 73.87829001756855, 73.87829001756855, 0.0, 0.0, 0.0, 73.87829001756855, 0.0, 0.0, 0.0, 0.0, 0.0, 0.0, 0.0, 0.0, 0.0, 0.0, 0.0, 0.0, 0.0, 73.87829001756855, 73.87829001756855, 73.87829001756855, 0.0, 73.87829001756855, 73.87829001756855, 0.0, 0.0, 0.0, 40.26168208469667, 0.0, 0.0, 0.0, 0.0, 0.0, 0.0, 0.0, 0.0, 0.0, 0.0, 0.0, 0.0, 0.0, 73.87829001756855, 73.87829001756855, 73.87829001756855, 0.0, 73.87829001756855, 73.87829001756855, 0.0, 0.0, 0.0, 73.87829001756855, 0.0, 0.0, 0.0, 0.0, 0.0, 0.0, 0.0, 0.0, 0.0, 0.0, 0.0, 0.0, 0.0, 73.87829001756855, 73.87829001756855, 73.87829001756855, 0.0, 73.87829001756855, 56.44829297255695, 0.0, 0.0, 0.0, 73.87829001756855, 0.0, 0.0, 0.0, 0.0, 0.0, 0.0, 0.0, 0.0, 0.0, 0.0, 0.0, 0.0, 0.0, 49.498454311770935, 36.93914500878427, 36.93914500878427, 0.0, 56.39108606055068, 19.50914796377269, 0.0, 0.0, 0.0, 73.87829001756855, 0.0, 0.0, 0.0, 0.0, 0.0, 0.0, 0.0, 0.0, 0.0, 0.0, 0.0, 0.0, 0.0, 12.559309302986657, 0.0, 0.0, 0.0, 19.451941051766408, 0.0, 0.0, 0.0, 0.0, 36.93914500878427, 0.0, 0.0, 0.0, 0.0, 0.0, 0.0, 0.0, 0.0, 0.0, 0.0, 0.0, 0.0, 0.0, 0.0, 0.0, 0.0, 0.0, 0.0, 0.0, 0.0, 0.0, 0.0, 0.0, 0.0, 0.0, 0.0, 0.0, 0.0, 0.0, 0.0, 0.0, 0.0, 0.0, 0.0, 0.0, 0.0, 0.0, 0.0, 0.0, 0.0, 0.0, 0.0, 0.0, 0.0, 0.0, 0.0, 0.0, 0.0, 0.0, 0.0, 0.0, 0.0, 0.0, 0.0, 0.0, 0.0, 0.0, 0.0, 0.0, 0.0, 0.0, 0.0, 0.0, 0.0, 0.0, 0.0, 0.0, 0.0, 0.0, 0.0, 0.0, 0.0, 0.0, 0.0, 0.0, 0.0, 0.0, 0.0, 0.0, 0.0, 0.0, 0.0, 0.0, 0.0, 0.0, 0.0, 0.0, 0.0, 0.0, 0.0, 0.0, 0.0, 0.0, 0.0, 0.0, 0.0, 0.0, 0.0, 0.0, 0.0, 0.0, 0.0, 0.0, 0.0, 0.0, 0.0, 0.0, 0.0, 0.0, 0.0, 0.0, 0.0, 0.0, 0.0, 0.0, 0.0, 0.0, 0.0, 0.0, 0.0, 0.0, 0.0, 0.0, 0.0, 0.0, 0.0, 0.0, 0.0, 0.0, 0.0, 0.0, 0.0, 0.0, 0.0, 0.0, 0.0, 0.0, 0.0, 0.0, 0.0, 0.0, 0.0, 0.0, 0.0, 0.0, 0.0, 0.0, 0.0, 0.0, 0.0, 0.0, 0.0, 0.0, 0.0, 0.0, 0.0, 0.0, 0.0, 0.0, 0.0, 0.0, 0.0, 0.0, 0.0, 0.0, 0.0, 0.0, 0.0, 0.0, 0.0, 0.0, 0.0, 0.0, 0.0, 0.0, 0.0, 0.0, 0.0, 0.0, 0.0, 0.0, 0.0, 0.0, 0.0, 0.0, 0.0, 0.0, 0.0, 0.0, 0.0, 0.0, 0.0, 0.0, 0.0, 0.0, 0.0, 0.0, 0.0, 0.0, 0.0, 0.0, 0.0, 0.0, 0.0, 0.0, 0.0, 0.0, 0.0, 0.0, 0.0, 0.0, 0.0, 0.0, 0.0, 0.0, 0.0, 0.0, 0.0, 0.0, 0.0, 0.0, 0.0, 0.0, 0.0, 0.0, 0.0, 0.0, 0.0, 0.0, 0.0, 0.0, 0.0, 0.0, 0.0, 0.0, 0.0, 0.0, 0.0, 0.0, 0.0, 0.0, 0.0, 0.0, 0.0, 0.0, 0.0, 0.0, 0.0, 0.0, 0.0, 0.0, 0.0, 0.0, 0.0, 0.0, 0.0, 0.0, 0.0, 0.0, 0.0, 0.0, 0.0, 0.0, 0.0, 0.0, 0.0, 0.0, 0.0, 0.0, 0.0, 0.0, 0.0, 0.0, 0.0, 0.0, 0.0, 0.0, 0.0, 0.0, 0.0, 0.0, 0.0, 0.0, 0.0, 0.0, 0.0, 0.0, 0.0, 0.0, 0.0, 0.0, 0.0, 0.0, 0.0, 0.0, 0.0, 0.0, 0.0, 0.0, 0.0, 0.0, 0.0, 0.0, 0.0, 0.0, 0.0, 0.0, 0.0, 0.0, 0.0, 0.0, 0.0, 0.0, 0.0, 0.0, 0.0, 0.0, 0.0, 0.0, 0.0, 0.0, 0.0, 0.0, 0.0, 0.0, 0.0, 0.0, 0.0, 0.0, 0.0, 0.0, 0.0, 0.0, 0.0, 0.0, 0.0, 0.0, 12.559309302986655, 0.0, 0.0, 0.0, 0.0, 0.0, 0.0, 0.0, 0.0, 0.0, 0.0, 0.0, 0.0, 0.0, 0.0, 0.0, 12.559309302986655, 19.47079798781558, 0.0, 0.0, 0.0, 19.3958371402271, 0.0, 13.333693708721574, 0.0, 0.0, 0.0, 0.0, 0.0, 0.0, 0.0, 0.0, 36.93914500878427, 0.0, 36.93914500878427, 0.0, 0.0, 0.0, 0.0, 49.498454311770935, 56.40994299659986, 0.0, 0.0, 0.0, 56.33498214901138, 0.0, 50.272838717505756, 0.0, 0.0, 0.0, 0.0, 0.0, 0.0, 0.0, 36.93914500878427, 73.87829001756855, 0.0, 73.87829001756855, 0.0, 0.0, 0.0, 0.0, 73.87829001756855, 73.87829001756855, 0.0, 0.0, 0.0, 73.87829001756855, 0.0, 73.87829001756855, 0.0, 0.0, 0.0, 0.0, 0.0, 0.0, 0.0, 73.87829001756855, 73.87829001756855, 0.0, 73.87829001756855, 0.0, 0.0, 0.0, 0.0, 73.87829001756855, 73.87829001756855, 0.0, 0.0, 0.0, 73.87829001756855, 0.0, 73.87829001756855, 0.0, 0.0, 0.0, 0.0, 0.0, 0.0, 0.0, 73.87829001756855, 73.87829001756855, 0.0, 73.87829001756855, 0.0, 0.0, 0.0, 0.0, 73.87829001756855, 73.87829001756855, 0.0, 0.0, 0.0, 73.87829001756855, 0.0, 73.87829001756855, 0.0, 0.0, 0.0, 0.0, 0.0, 0.0, 0.0, 73.87829001756855, 40.275689005789225, 0.0, 73.87829001756855, 0.0, 0.0, 0.0, 0.0, 73.87829001756855, 73.87829001756855, 0.0, 0.0, 0.0, 73.87829001756855, 0.0, 73.87829001756855, 0.0, 0.0, 0.0, 0.0, 0.0, 0.0, 0.0, 73.87829001756855, 73.87829001756855, 0.0, 73.87829001756855, 0.0, 0.0, 0.0, 0.0, 73.87829001756855, 73.87829001756855, 0.0, 0.0, 0.0, 73.87829001756855, 0.0, 73.87829001756855, 0.0, 0.0, 0.0, 0.0, 0.0, 0.0, 0.0, 73.87829001756855, 73.87829001756855, 0.0, 56.445112941983275, 0.0, 0.0, 0.0, 0.0, 39.298295132003105, 36.93914500878427, 0.0, 0.0, 0.0, 36.93914500878427, 0.0, 36.93914500878427, 0.0, 0.0, 0.0, 0.0, 0.0, 0.0, 0.0, 56.44829297255696, 36.93914500878427, 0.0, 19.505967933198995, 0.0, 0.0, 0.0, 0.0, 12.559309302986657, 0.0, 0.0, 0.0, 0.0, 0.0, 0.0, 0.0, 0.0, 0.0, 0.0, 0.0, 0.0, 0.0, 0.0, 19.50914796377269, 0.0, 0.0, 0.0, 0.0, 0.0, 0.0, 0.0, 0.0, 0.0, 0.0, 0.0, 0.0, 0.0, 0.0, 0.0, 0.0, 0.0, 0.0, 0.0, 0.0, 0.0, 0.0, 0.0, 0.0, 0.0, 0.0, 0.0, 0.0, 0.0, 0.0, 0.0, 0.0, 0.0, 0.0, 0.0, 0.0, 0.0, 0.0, 0.0, 0.0, 0.0, 0.0, 0.0, 0.0, 0.0, 0.0, 0.0, 0.0, 0.0, 0.0, 0.0, 0.0, 0.0, 0.0, 0.0, 0.0, 0.0, 0.0, 0.0, 0.0, 0.0, 0.0, 0.0, 0.0, 0.0, 0.0, 0.0, 0.0, 0.0, 0.0, 0.0, 0.0, 0.0, 0.0, 0.0, 0.0, 0.0, 0.0, 0.0, 0.0, 0.0, 0.0, 0.0, 0.0, 0.0, 0.0, 0.0, 0.0, 0.0, 0.0, 0.0, 0.0, 0.0, 0.0, 0.0, 0.0, 0.0, 0.0, 0.0, 0.0, 0.0, 0.0, 0.0, 0.0, 0.0, 0.0, 0.0, 0.0, 0.0, 0.0, 0.0, 0.0, 0.0, 0.0, 0.0, 0.0, 0.0, 0.0, 0.0, 0.0, 0.0, 0.0, 0.0, 0.0, 0.0, 0.0, 0.0, 0.0, 0.0, 0.0, 0.0, 0.0, 0.0, 0.0, 0.0, 0.0, 0.0, 0.0, 0.0, 0.0, 0.0, 0.0, 0.0, 0.0, 0.0, 0.0, 0.0, 0.0, 0.0, 0.0, 0.0, 0.0, 0.0, 0.0, 0.0, 0.0, 0.0, 0.0, 0.0, 0.0, 0.0, 0.0, 0.0, 0.0, 0.0, 0.0, 0.0, 0.0, 0.0, 0.0, 0.0, 0.0, 0.0, 0.0, 0.0, 0.0, 0.0, 0.0, 0.0, 0.0, 0.0, 0.0, 0.0, 0.0, 0.0, 0.0, 0.0, 0.0, 0.0, 0.0, 0.0, 0.0, 0.0, 0.0, 0.0, 0.0, 0.0, 0.0, 0.0, 0.0, 0.0, 0.0, 0.0, 0.0, 0.0, 0.0, 0.0, 0.0, 0.0, 0.0, 0.0, 0.0, 0.0, 0.0, 0.0, 0.0, 0.0, 0.0, 0.0, 0.0, 0.0, 0.0, 0.0, 0.0, 0.0, 0.0, 0.0, 0.0, 0.0, 0.0, 0.0, 0.0, 0.0, 0.0, 0.0, 0.0, 0.0, 0.0, 0.0, 0.0, 0.0, 0.0, 0.0, 0.0, 0.0, 0.0, 0.0, 0.0, 0.0, 0.0, 0.0, 0.0, 0.0, 0.0, 0.0, 0.0, 0.0, 0.0, 0.0, 0.0, 0.0, 0.0, 0.0, 0.0, 0.0, 0.0, 0.0, 0.0, 0.0, 0.0, 0.0, 0.0, 0.0, 0.0, 0.0, 0.0, 0.0, 0.0, 0.0, 0.0, 0.0, 0.0, 0.0, 0.0, 0.0, 0.0, 0.0, 0.0, 0.0, 0.0, 0.0, 0.0, 0.0, 0.0, 0.0, 0.0, 0.0, 0.0, 0.0, 0.0, 0.0, 0.0, 0.0, 0.0, 0.0, 0.0, 0.0, 0.0, 0.0, 0.0, 0.0, 0.0, 0.0, 0.0, 0.0, 0.0, 0.0, 0.0, 0.0, 0.0, 0.0, 0.0, 0.0, 0.0, 0.0, 0.0, 0.0, 0.0, 0.0, 0.0, 0.0, 0.0, 0.0, 0.0, 0.0, 0.0, 0.0, 0.0, 0.0, 0.0, 0.0, 0.0, 0.0, 0.0, 0.0, 0.0, 0.0, 0.0, 0.0, 0.0, 0.0, 0.0, 19.437027451739183, 36.93914500878427, 0.0, 0.0, 0.0, 0.0, 0.0, 0.0, 0.0, 0.0, 0.0, 0.0, 0.0, 0.0, 0.0, 0.0, 0.0, 0.0, 36.93914500878427, 0.0, 0.0, 0.0, 0.0, 56.376172460523456, 73.87829001756855, 0.0, 0.0, 0.0, 0.0, 0.0, 36.93914500878427, 36.93914500878427, 0.0, 0.0, 0.0, 0.0, 0.0, 0.0, 0.0, 0.0, 0.0, 73.87829001756855, 0.0, 0.0, 0.0, 0.0, 73.87829001756855, 73.87829001756855, 0.0, 0.0, 0.0, 0.0, 0.0, 73.87829001756855, 73.87829001756855, 0.0, 0.0, 0.0, 0.0, 0.0, 0.0, 0.0, 0.0, 0.0, 73.87829001756855, 0.0, 0.0, 0.0, 0.0, 73.87829001756855, 73.87829001756855, 0.0, 0.0, 0.0, 0.0, 0.0, 73.87829001756855, 73.87829001756855, 0.0, 0.0, 0.0, 0.0, 0.0, 0.0, 0.0, 0.0, 0.0, 73.87829001756855, 0.0, 0.0, 0.0, 0.0, 73.87829001756855, 73.87829001756855, 0.0, 0.0, 0.0, 0.0, 0.0, 73.87829001756855, 73.87829001756855, 0.0, 0.0, 0.0, 0.0, 0.0, 0.0, 0.0, 0.0, 0.0, 73.87829001756855, 0.0, 0.0, 0.0, 0.0, 73.87829001756855, 36.93914500878427, 0.0, 0.0, 0.0, 0.0, 0.0, 73.87829001756855, 73.87829001756855, 0.0, 0.0, 0.0, 0.0, 0.0, 0.0, 0.0, 0.0, 0.0, 73.87829001756855, 0.0, 0.0, 0.0, 0.0, 73.87829001756855, 0.0, 0.0, 0.0, 0.0, 0.0, 0.0, 73.87829001756855, 73.87829001756855, 0.0, 0.0, 0.0, 0.0, 0.0, 0.0, 0.0, 0.0, 0.0, 56.445112941983275, 0.0, 0.0, 0.0, 0.0, 36.93914500878427, 0.0, 0.0, 0.0, 0.0, 0.0, 0.0, 36.93914500878427, 56.38537060669377, 0.0, 0.0, 0.0, 0.0, 0.0, 0.0, 0.0, 0.0, 0.0, 19.505967933198995, 0.0, 0.0, 0.0, 0.0, 0.0, 0.0, 0.0, 0.0, 0.0, 0.0, 0.0, 0.0, 19.44622559790949, 0.0, 0.0, 0.0, 0.0, 0.0, 0.0, 0.0, 0.0, 0.0, 0.0, 0.0, 0.0, 0.0, 0.0, 0.0, 0.0, 0.0, 0.0, 0.0, 0.0, 0.0, 0.0, 0.0, 0.0, 0.0, 0.0, 0.0, 0.0, 0.0, 0.0, 0.0, 0.0, 0.0, 0.0, 0.0, 0.0, 0.0, 0.0, 0.0, 0.0, 0.0, 0.0, 0.0, 0.0, 0.0, 0.0, 0.0, 0.0, 0.0, 0.0, 0.0, 0.0, 0.0, 0.0, 0.0, 0.0, 0.0, 0.0, 0.0, 0.0, 0.0, 0.0, 0.0, 0.0, 0.0, 0.0, 0.0, 0.0, 0.0, 0.0, 0.0, 0.0, 0.0, 0.0, 0.0, 0.0, 0.0, 0.0, 0.0, 0.0, 0.0, 0.0, 0.0, 0.0, 0.0, 0.0, 0.0, 0.0, 0.0, 0.0, 0.0, 0.0, 0.0, 0.0, 0.0, 0.0, 0.0, 0.0, 0.0, 0.0, 0.0, 0.0, 0.0, 0.0, 0.0, 0.0, 0.0, 0.0, 0.0, 0.0, 0.0, 0.0, 0.0, 0.0, 0.0, 0.0, 0.0, 0.0, 0.0, 0.0, 0.0, 0.0, 0.0, 0.0, 0.0, 0.0, 0.0, 0.0, 0.0, 0.0, 0.0, 0.0, 0.0, 0.0, 0.0, 0.0, 0.0, 0.0, 0.0, 0.0, 0.0, 0.0, 0.0, 0.0, 0.0, 0.0, 0.0, 0.0, 0.0, 0.0, 0.0, 0.0, 0.0, 0.0, 0.0, 0.0, 0.0, 0.0, 0.0, 0.0, 0.0, 0.0, 0.0, 0.0, 0.0, 0.0, 0.0, 0.0, 0.0, 0.0, 0.0, 0.0, 0.0, 0.0, 0.0, 0.0, 0.0, 0.0, 0.0, 0.0, 0.0, 0.0, 0.0, 0.0, 0.0, 0.0, 0.0, 0.0, 0.0, 0.0, 0.0, 0.0, 0.0, 0.0, 0.0, 0.0, 0.0, 0.0, 0.0, 0.0, 0.0, 0.0, 0.0, 0.0, 0.0, 0.0, 0.0, 0.0, 0.0, 0.0, 0.0, 0.0, 0.0, 0.0, 0.0, 0.0, 0.0, 0.0, 0.0, 0.0, 0.0, 0.0, 0.0, 0.0, 0.0, 0.0, 0.0, 0.0, 0.0, 0.0, 0.0, 0.0, 0.0, 0.0, 0.0, 0.0, 0.0, 0.0, 0.0, 0.0, 0.0, 36.93914500878427, 0.0, 0.0, 0.0, 0.0, 0.0, 0.0, 0.0, 0.0, 0.0, 0.0, 0.0, 0.0, 0.0, 0.0, 0.0, 0.0, 0.0, 0.0, 0.0, 0.0, 0.0, 0.0, 73.87829001756855, 0.0, 0.0, 0.0, 0.0, 0.0, 0.0, 0.0, 0.0, 0.0, 0.0, 0.0, 0.0, 0.0, 0.0, 0.0, 0.0, 0.0, 0.0, 0.0, 0.0, 0.0, 0.0, 63.73772779678866, 0.0, 0.0, 0.0, 0.0, 0.0, 0.0, 0.0, 0.0, 0.0, 0.0, 0.0, 0.0, 0.0, 0.0, 0.0, 0.0, 0.0, 0.0, 0.0, 0.0, 0.0, 0.0, 26.798582788004385, 0.0, 0.0, 0.0, 0.0, 0.0, 0.0, 0.0, 0.0, 0.0, 0.0, 0.0, 0.0, 0.0, 0.0, 0.0, 0.0, 0.0, 0.0, 0.0, 0.0, 0.0, 0.0, 12.559309302986655, 0.0, 0.0, 0.0, 0.0, 0.0, 0.0, 0.0, 0.0, 0.0, 0.0, 0.0, 0.0, 0.0, 0.0, 0.0, 0.0, 0.0, 0.0, 0.0, 0.0, 0.0, 0.0, 12.559309302986655, 0.0, 0.0, 0.0, 0.0, 0.0, 0.0, 0.0, 0.0, 0.0, 0.0, 0.0, 0.0, 0.0, 0.0, 0.0, 0.0, 0.0, 0.0, 0.0, 0.0, 0.0, 0.0]"
Q,"[838.7083579224328, 838.7083579224328, 838.7083579224329, 838.708357922433, 838.7083579224329, 838.708357922433, 838.708357922433, 838.7083579224327, 730.5960212638252, 524.3700100096424, 531.161188181726, 537.476983843733, 543.3506737740312, 548.8132053763158, 553.8933597358503, 558.6179032617686, 563.0117287144151, 853.5943910348606, 524.3700100096424, 531.161188181726, 537.476983843733, 558.6179032617687, 563.0117287144151, 490.4376176034981, 691.0317551669519, 321.32976421774373, 149.4183394615275, 69.47952743123894, 558.6179032617687, 563.0117287144151, 869.599677064959, 524.3700100096424, 531.161188181726, 854.9698146777005, 989.820060769659, 460.26632548639526, 548.8132053763158, 553.8933597358503, 558.6179032617684, 563.011728714415, 524.3700100096424, 531.161188181726, 537.476983843733, 543.3506737740312, 838.3325924967744, 838.3588960786749, 563.0117287144151, 524.3700100096423, 838.7083579224326, 838.7083579224327, 838.7083579224328, 838.7083579224327]"
fn_map,[15; 15; 15; 15; 15; 15; 15; 15; 22; 20; 0; 0; 0; 0; 0; 0; 0; 16; 18; 0; 0; 17; 0; 7; 1; 9; 8; 11; 12; 0; 3; 13; 0; 10; 14; 4; 19; 0; 0; 0; 5; 0; 0; 0; 6; 15; 21; 5; 2; 15; 15; 15;;]
CAPEX_TES_upgrade_costs,0.0
TES_revenue,5384.250128293296
cost_HX_1,520.8928736159623
powerTurbine,76.25023788462342
fname,/home/gridsan/spatel/MITEI_TES/UttarPradesh/parameters/Group210_1hrs.csv
TES_LCOE_Startup,0.01099275469920878
steam_eff,0.41
TES_indheater_costs,0.0
Li_objective,4414.863825883483
CRF,0.0923
P_hotpump,84.44073051615696
TES_charge_dispatch,93764.69675927586
Li_net_discharge_t,"[0.0, 67.85714285714288, 67.85714285714276, 67.85714285714288, 67.85714285714288, 67.85714285714288, 67.85714285714288, 0.0, 67.85714285714288, 67.85714285714288, 0.0, 67.85714285714288, 67.85714285714276, 67.85714285714288, 67.85714285714288, 67.85714285714288, 67.85714285714288, 67.85714285714288, 67.85714285714276, 67.85714285714288, 0.0, 67.85714285714288, 0.0, 67.85714285714288, 67.85714285714288, 67.85714285714288, 67.85714285714288, 67.85714285714288, 67.85714285714288, 67.85714285714288, 0.0, 67.85714285714276, 67.85714285714288, 67.85714285714276, 67.85714285714288, 0.0, 67.85714285714288, 67.85714285714288, 67.85714285714288, 67.85714285714288, 67.85714285714288, 67.85714285714288, 67.85714285714288, 0.0, 67.85714285714288, 0.0, 67.85714285714288, 67.85714285714288, 67.85714285714288, 67.85714285714288, 67.85714285714288, 67.85714285714288, 67.85714285714276, 0.0, 67.85714285714288, 67.85714285714288, 0.0, 67.85714285714288, 0.0, 0.0, 67.85714285714288, 67.85714285714288, 67.85714285714288, 67.85714285714288, 67.85714285714288, 67.85714285714288, 0.0, 67.85714285714276, 0.0, 67.85714285714288, 67.85714285714276, 67.85714285714288, 67.85714285714288, 67.85714285714288, 67.85714285714288, 0.0, 0.0, 67.85714285714288, 67.85714285714288, 0.0, 67.85714285714288, 0.0, 0.0, 67.85714285714288, 67.85714285714288, 67.85714285714276, 67.85714285714276, 67.85714285714288, 67.85714285714288, 0.0, 67.85714285714288, 0.0, 0.0, 0.0, 0.0, 67.85714285714288, 0.0, 67.85714285714288, 67.85714285714288, 0.0, 67.85714285714288, 67.85714285714276, 0.0, 67.85714285714288, 0.0, 0.0, 67.85714285714288, 67.85714285714288, 67.85714285714288, 67.85714285714288, 67.85714285714288, 67.85714285714288, 0.0, 67.85714285714288, 0.0, 67.85714285714288, 67.85714285714288, 67.85714285714288, 67.85714285714288, 0.0, 67.85714285714288, 0.0, 0.0, 67.85714285714288, 67.85714285714288, 0.0, 67.85714285714288, 0.0, 0.0, 67.85714285714288, 67.85714285714288, 67.85714285714288, 0.0, 67.85714285714288, 67.85714285714288, 67.85714285714288, 67.85714285714288, 0.0, 67.85714285714288, 67.85714285714288, 67.85714285714288, 67.85714285714288, 0.0, 67.85714285714276, 0.0, 67.85714285714288, 67.85714285714288, 67.85714285714288, 0.0, 67.85714285714288, 0.0, 0.0, 67.85714285714288, 67.85714285714288, 67.85714285714288, 67.85714285714288, 67.85714285714288, 0.0, 61.24107142857133, 0.0, 0.0, 67.85714285714288, 67.85714285714288, 67.85714285714288, 0.0, 0.0, 0.0, 0.0, 67.85714285714288, 0.0, 0.0, 0.0, 0.0, 0.0, 0.0, 0.0, 0.0, 0.0, 67.85714285714288, 0.0, 0.0, 0.0, 0.0, 0.0, 0.0, 0.0, 0.0, 0.0, 0.0, 0.0, 0.0, 0.0, 0.0, 0.0, 0.0, 0.0, 0.0, 0.0, 0.0, 0.0, 0.0, 0.0, 0.0, 0.0, 0.0, 0.0, 0.0, 0.0, 0.0, 0.0, 0.0, 0.0, 0.0, 0.0, 0.0, 0.0, 0.0, 0.0, 0.0, 0.0, 0.0, 0.0, 0.0, 0.0, 0.0, 0.0, 0.0, 0.0, 0.0, 0.0, 0.0, 0.0, 0.0, 0.0, 0.0, 0.0, 0.0, 0.0, 0.0, 0.0, 0.0, 0.0, 0.0, 0.0, 0.0, 0.0, 0.0, 0.0, 0.0, 0.0, 0.0, 0.0, 0.0, 0.0, 0.0, 0.0, 0.0, 0.0, 0.0, 0.0, 0.0, 0.0, 0.0, 0.0, 0.0, 0.0, 0.0, 0.0, 0.0, 0.0, 0.0, 0.0, 0.0, 0.0, 0.0, 0.0, 0.0, 0.0, 0.0, 0.0, 0.0, 0.0, 0.0, 0.0, 0.0, 0.0, 0.0, 0.0, 0.0, 0.0, 0.0, 0.0, 0.0, 0.0, 0.0, 0.0, 0.0, 0.0, 0.0, 0.0, 0.0, 0.0, 0.0, 0.0, 0.0, 0.0, 0.0, 0.0, 0.0, 0.0, 0.0, 0.0, 0.0, 0.0, 0.0, 0.0, 0.0, 0.0, 0.0, 0.0, 0.0, 0.0, 0.0, 0.0, 0.0, 0.0, 0.0, 0.0, 0.0, 0.0, 0.0, 0.0, 0.0, 0.0, 0.0, 0.0, 0.0, 0.0, 0.0, 0.0, 0.0, 0.0, 0.0, 0.0, 0.0, 0.0, 0.0, 0.0, 0.0, 0.0, 0.0, 0.0, 0.0, 0.0, 0.0, 0.0, 0.0, 0.0, 0.0, 0.0, 0.0, 0.0, 0.0, 0.0, 0.0, 0.0, 0.0, 0.0, 0.0, 67.85714285714288, 67.85714285714288, 0.0, 0.0, 0.0, 0.0, 67.85714285714288, 0.0, 0.0, 0.0, 0.0, 0.0, 0.0, 0.0, 0.0, 67.85714285714288, 67.85714285714288, 0.0, 0.0, 67.85714285714288, 0.0, 0.0, 67.85714285714288, 67.85714285714288, 67.85714285714288, 0.0, 0.0, 0.0, 0.0, 67.85714285714288, 0.0, 0.0, 0.0, 0.0, 0.0, 0.0, 0.0, 0.0, 67.85714285714288, 67.85714285714288, 67.85714285714276, 0.0, 67.85714285714288, 0.0, 0.0, 67.85714285714288, 67.85714285714288, 67.85714285714288, 0.0, 0.0, 67.85714285714276, 0.0, 67.85714285714288, 0.0, 0.0, 0.0, 67.85714285714288, 0.0, 0.0, 0.0, 0.0, 67.85714285714288, 67.85714285714288, 0.0, 0.0, 67.85714285714288, 0.0, 67.85714285714288, 67.85714285714288, 67.85714285714276, 67.85714285714288, 67.85714285714288, 67.85714285714288, 0.0, -1.0800249583553524e-13, 67.85714285714288, 0.0, 0.0, 0.0, 67.85714285714288, 0.0, 0.0, 67.85714285714276, 0.0, 67.85714285714288, 67.85714285714288, 0.0, 0.0, 67.85714285714288, 0.0, 67.85714285714288, 67.85714285714288, 0.0, 67.85714285714288, 0.0, 67.85714285714288, 0.0, 0.0, 0.0, 0.0, 0.0, 0.0, 67.85714285714288, 0.0, 0.0, 0.0, 0.0, 67.85714285714288, 67.85714285714288, 0.0, 0.0, 67.85714285714288, -1.0800249583553524e-13, 67.85714285714288, 0.0, 67.85714285714288, 67.85714285714288, 0.0, 67.85714285714288, 0.0, 0.0, 0.0, 0.0, 0.0, 0.0, 67.85714285714288, 0.0, 0.0, 0.0, 0.0, 67.85714285714288, 67.85714285714288, 0.0, 0.0, 67.85714285714288, 0.0, 67.85714285714288, 0.0, 67.85714285714288, -1.0800249583553524e-13, 0.0, -1.0800249583553524e-13, 0.0, 0.0, 0.0, 0.0, -1.0800249583553524e-13, 0.0, 67.85714285714288, 0.0, 0.0, 0.0, 0.0, 67.85714285714276, 67.85714285714276, 0.0, 0.0, 67.85714285714288, 0.0, 67.85714285714288, 0.0, 0.0, 0.0, 0.0, 67.85714285714288, 0.0, 0.0, 0.0, -1.0800249583553524e-13, 0.0, 0.0, 67.85714285714288, 0.0, 0.0, 0.0, 0.0, 0.0, 0.0, 0.0, 0.0, 0.0, 0.0, 67.85714285714288, 67.85714285714288, 0.0, 0.0, 67.85714285714288, 67.85714285714288, 67.85714285714288, 67.85714285714288, 0.0, 67.85714285714288, 67.85714285714288, 67.85714285714288, 67.85714285714276, 67.85714285714288, 67.85714285714288, 67.85714285714288, 67.85714285714288, 0.0, 0.0, 67.85714285714288, 67.85714285714276, 0.0, 67.85714285714288, 67.85714285714276, 0.0, 0.0, 0.0, 67.85714285714288, 67.85714285714288, 67.85714285714288, 67.85714285714288, 0.0, 67.85714285714288, 67.85714285714288, 67.85714285714288, 0.0, 67.85714285714288, 67.85714285714288, 67.85714285714288, 67.85714285714288, 0.0, 0.0, 67.85714285714288, 67.85714285714288, 0.0, 67.85714285714288, 0.0, 0.0, 0.0, 0.0, 67.85714285714288, 0.0, 67.85714285714288, 67.85714285714288, 0.0, 67.85714285714288, 67.85714285714288, 67.85714285714288, 0.0, 67.85714285714288, 67.85714285714288, 67.85714285714288, 67.85714285714288, 0.0, 0.0, 67.85714285714288, 67.85714285714288, 0.0, 67.85714285714288, 0.0, 0.0, 0.0, 0.0, 67.85714285714288, 0.0, 67.85714285714288, 67.85714285714288, 0.0, 67.85714285714288, 67.85714285714288, 67.85714285714288, 0.0, 67.85714285714288, 67.85714285714288, 67.85714285714288, 67.85714285714288, 0.0, 0.0, 67.85714285714288, 67.85714285714288, 0.0, 67.85714285714288, 0.0, 48.008928571428456, 0.0, 0.0, 67.85714285714288, 0.0, 67.85714285714288, 67.85714285714288, -1.0800249583553524e-13, 67.85714285714288, 67.85714285714288, 67.85714285714288, 0.0, 67.85714285714288, 67.85714285714288, 67.85714285714288, 67.85714285714288, 0.0, 0.0, 67.85714285714288, 67.85714285714288, 67.85714285714288, 67.85714285714288, 0.0, 67.85714285714288, 0.0, 0.0, 67.85714285714288, 67.85714285714288, 67.85714285714288, 67.85714285714288, 67.85714285714288, 67.85714285714288, 67.85714285714288, 0.0, 0.0, 67.85714285714288, 67.85714285714288, 67.85714285714288, 67.85714285714288, 0.0, 0.0, 67.85714285714288, 67.85714285714288, 67.85714285714288, 67.85714285714288, 0.0, 67.85714285714288, 67.85714285714288, 0.0, -1.0800249583553524e-13, 0.0, 0.0, 67.85714285714288, 67.85714285714288, 67.85714285714288, 67.85714285714288, 41.392857142857025, 0.0, 67.85714285714276, 67.85714285714276, 0.0, 67.85714285714276, 0.0, 67.85714285714288, 0.0, 67.85714285714288, 67.85714285714288, 67.85714285714288, 0.0, 67.85714285714288, 0.0, 67.85714285714288, 0.0, 0.0, 0.0, 0.0, 67.85714285714288, 0.0, 0.0, 0.0, 0.0, 0.0, 0.0, 0.0, 0.0, 0.0, 0.0, 0.0, 0.0, 67.85714285714288, 0.0, 0.0, 67.85714285714288, 0.0, 0.0, 0.0, 0.0, 0.0, 0.0, 0.0, 0.0, 0.0, 0.0, 0.0, 0.0, 0.0, 0.0, 0.0, 0.0, 0.0, 0.0, 0.0, 0.0, 0.0, 0.0, 0.0, 0.0, 0.0, 0.0, 0.0, 0.0, 0.0, 0.0, 0.0, 0.0, 0.0, 0.0, 0.0, 0.0, 0.0, 0.0, 0.0, 0.0, 0.0, 0.0, 0.0, 0.0, 0.0, 0.0, 0.0, 0.0, 0.0, 0.0, 0.0, 0.0, 0.0, 0.0, 0.0, 0.0, 0.0, 0.0, 0.0, 0.0, 0.0, 0.0, 0.0, 0.0, 0.0, 0.0, 0.0, 0.0, 0.0, 0.0, 0.0, 0.0, 0.0, 0.0, 0.0, 0.0, 0.0, 0.0, 0.0, 0.0, 0.0, 0.0, 0.0, 0.0, 0.0, 0.0, 0.0, 0.0, 0.0, 0.0, 0.0, 0.0, 0.0, 0.0, 0.0, 0.0, 0.0, 0.0, 0.0, 0.0, 0.0, 0.0, 0.0, 0.0, 0.0, 0.0, 0.0, 0.0, 0.0, 0.0, 0.0, 0.0, 0.0, 0.0, 0.0, 0.0, 0.0, 0.0, 0.0, 0.0, 0.0, 0.0, 0.0, 0.0, 0.0, 0.0, 0.0, 0.0, 0.0, 0.0, 0.0, 0.0, 0.0, 0.0, 0.0, 0.0, 0.0, 0.0, 0.0, 0.0, 0.0, 0.0, 0.0, 0.0, 0.0, 0.0, 0.0, 0.0, 0.0, 0.0, 0.0, 0.0, 0.0, 0.0, 0.0, 0.0, 0.0, 0.0, 0.0, 0.0, 0.0, 0.0, 0.0, 0.0, 0.0, 0.0, 0.0, 0.0, 0.0, 0.0, 0.0, 0.0, 0.0, 0.0, 0.0, 0.0, 0.0, 0.0, 0.0, 0.0, 0.0, 0.0, 0.0, 67.85714285714288, 0.0, 0.0, 0.0, 0.0, 0.0, 0.0, 0.0, 0.0, 0.0, 0.0, 0.0, 0.0, 0.0, 0.0, 0.0, 0.0, 0.0, 0.0, 0.0, 0.0, 0.0, 0.0, 67.85714285714288, 0.0, 67.85714285714288, 0.0, 0.0, 0.0, 67.85714285714276, 67.85714285714288, 0.0, 0.0, 0.0, 67.85714285714288, 0.0, 0.0, 0.0, 0.0, 0.0, 0.0, 67.85714285714288, 0.0, 0.0, 0.0, -1.0800249583553524e-13, 67.85714285714288, 0.0, 67.85714285714288, 0.0, 0.0, 0.0, 67.85714285714288, 67.85714285714276, 0.0, 0.0, 0.0, 67.85714285714288, 0.0, 0.0, 0.0, 0.0, 0.0, 0.0, 67.85714285714288, 0.0, 0.0, 0.0, 0.0, 67.85714285714288, 0.0, 67.85714285714288, -1.0800249583553524e-13, 0.0, 0.0, 67.85714285714288, 0.0, 0.0, 0.0, 0.0, 67.85714285714288, 0.0, 0.0, 67.85714285714276, 0.0, 0.0, 0.0, 67.85714285714288, 0.0, 0.0, 0.0, 0.0, 67.85714285714288, 0.0, 67.85714285714288, 0.0, 0.0, 0.0, 67.85714285714288, 0.0, -1.0800249583553524e-13, 0.0, 0.0, 67.85714285714288, 0.0, 0.0, 0.0, 0.0, 0.0, 0.0, 67.85714285714288, 0.0, 0.0, -1.0800249583553524e-13, 0.0, 67.85714285714288, 0.0, 67.85714285714288, 0.0, 0.0, 0.0, 67.85714285714288, 0.0, 0.0, 0.0, 0.0, 67.85714285714288, 0.0, 0.0, 0.0, 0.0, 0.0, 0.0, 67.85714285714288, -1.0800249583553524e-13, 0.0, 0.0, 0.0, 21.54464285714282, 0.0, 0.0, 0.0, 0.0, -1.0800249583553524e-13, 67.85714285714288, 0.0, 0.0, 0.0, 0.0, 67.85714285714276, 0.0, 0.0, 0.0, 0.0, 0.0, 0.0, -1.0800249583553524e-13, 0.0, 0.0, 0.0, 0.0, 0.0, 0.0, 0.0, 0.0, 0.0, 0.0, 67.85714285714288, 0.0, 0.0, 0.0, 0.0, 67.85714285714288, 0.0, 0.0, 0.0, 0.0, 0.0, 0.0, 0.0, 0.0, 0.0, 0.0, 0.0, 0.0, 67.85714285714288, 0.0, 67.85714285714288, 67.85714285714288, 67.85714285714288, 0.0, 0.0, 67.85714285714288, 67.85714285714288, 67.85714285714288, 0.0, 67.85714285714288, 67.85714285714276, 67.85714285714288, 67.85714285714276, 67.85714285714288, 67.85714285714288, 67.85714285714288, 67.85714285714288, 67.85714285714288, 67.85714285714288, 67.85714285714288, 0.0, 67.85714285714288, 0.0, 67.85714285714288, 67.85714285714288, 67.85714285714288, 0.0, 0.0, 67.85714285714288, 67.85714285714288, 67.85714285714288, 0.0, 67.85714285714288, 67.85714285714288, 67.85714285714288, 67.85714285714288, 67.85714285714288, 67.85714285714288, 67.85714285714288, 67.85714285714288, 67.85714285714288, 67.85714285714288, 67.85714285714288, 0.0, 67.85714285714288, 0.0, 67.85714285714288, 67.85714285714288, 67.85714285714288, 0.0, 0.0, 67.85714285714288, 67.85714285714288, 67.85714285714288, 0.0, 67.85714285714288, 67.85714285714288, 67.85714285714288, 67.85714285714288, 67.85714285714288, 67.85714285714276, 0.0, 67.85714285714288, 67.85714285714276, 67.85714285714288, 67.85714285714288, 0.0, 67.85714285714276, 0.0, 67.85714285714288, 67.85714285714288, 67.85714285714288, 0.0, 67.85714285714288, 67.85714285714288, 67.85714285714288, 0.0, 0.0, 67.85714285714288, 67.85714285714288, 67.85714285714288, 67.85714285714288, 67.85714285714288, 0.0, 0.0, 67.85714285714288, 0.0, 67.85714285714288, 67.85714285714288, 0.0, 0.0, 0.0, 67.85714285714288, 67.85714285714288, 67.85714285714288, 0.0, 67.85714285714288, 67.85714285714288, 67.85714285714276, 0.0, 0.0, 67.85714285714288, 67.85714285714288, 67.85714285714288, 67.85714285714288, 67.85714285714288, 67.85714285714288, 0.0, 67.85714285714288, 67.85714285714288, 67.85714285714288, 67.85714285714288, 0.0, 67.85714285714288, 67.85714285714288, 67.85714285714288, 67.85714285714288, 67.85714285714288, 0.0, 67.85714285714288, 67.85714285714288, 67.85714285714288, 67.85714285714288, 0.0, 67.85714285714288, 67.85714285714288, 67.85714285714288, 67.85714285714288, 67.85714285714276, 67.85714285714288, 0.0, 67.85714285714288, 67.85714285714288, 67.85714285714288, 67.85714285714288, 0.0, 67.85714285714288, 67.85714285714288, 67.85714285714288, 67.85714285714288, 67.85714285714288, 0.0, 67.85714285714288, 67.85714285714288, 67.85714285714288, 67.85714285714288, 0.0, 67.85714285714288, 67.85714285714288, 0.0, 67.85714285714288, 67.85714285714288, 67.85714285714288, 0.0, 67.85714285714288, 67.85714285714288, 67.85714285714288, 67.85714285714288, 67.85714285714288, 67.85714285714288, -1.0800249583553524e-13, 0.0, 0.0, 0.0, 0.0, 67.85714285714288, 0.0, 0.0, 0.0, 0.0, -1.0800249583553524e-13, 0.0, 0.0, 0.0, 0.0, 67.85714285714288, 0.0, 0.0, 67.85714285714288, 0.0, 0.0, 0.0, 0.0, 0.0, 0.0, 0.0, 0.0, 0.0, 0.0, 0.0, 0.0, 0.0, 0.0, 0.0, 0.0, 0.0, 0.0, 0.0, 0.0, 0.0, 0.0, 0.0, 0.0, 0.0, 0.0, 0.0, 0.0, 0.0, 0.0, 0.0, 0.0, 0.0, 0.0, 0.0, 0.0, 0.0, 0.0, 0.0, 0.0, 0.0, 0.0, 0.0, 0.0, 0.0, 0.0, 0.0, 0.0, 0.0, 0.0, 0.0, 0.0, 0.0, 0.0, 0.0, 0.0, 0.0, 0.0, 0.0, 0.0, 0.0, 0.0, 0.0, 0.0, 0.0, 0.0, 0.0, 0.0, 0.0, 0.0, 0.0, 0.0, 0.0, 0.0, 0.0, 0.0, 0.0, 0.0, 0.0, 0.0, 0.0, 0.0, 0.0, 0.0, 0.0, 0.0, 0.0, 0.0, 0.0, 0.0, 0.0, 0.0, 0.0, 0.0, 0.0, 0.0, 0.0, 0.0, 0.0, 0.0, 0.0, 0.0, 0.0, 0.0, 0.0, 0.0, 0.0, 0.0, 0.0, 0.0, 0.0, 0.0, 0.0, 0.0, 0.0, 0.0, 0.0, 0.0, 0.0, 0.0, 0.0, 0.0, 0.0, 0.0, 0.0, 0.0, 0.0, 0.0, 0.0, 0.0, 0.0, 0.0, 0.0, 0.0, 0.0, 0.0, 0.0, 0.0, 0.0, 0.0, 0.0, 0.0, 0.0, 0.0, 0.0, 0.0, 0.0, 0.0, 0.0, 0.0, 0.0, 0.0, 0.0, 0.0, 0.0, 0.0, 0.0, 0.0, 0.0, 0.0, 0.0, 0.0, 0.0, 0.0, 0.0, 0.0, 0.0, 0.0, 0.0, 0.0, 0.0, 0.0, 0.0, 0.0, 0.0, 0.0, 0.0, 0.0, 0.0, 0.0, 0.0, 0.0, 0.0, 0.0, 0.0, 0.0, 0.0, 0.0, 0.0, 0.0, 0.0, 0.0, 0.0, 67.85714285714288, 0.0, 0.0, 0.0, 0.0, 0.0, 0.0, 0.0, 0.0, 0.0, 0.0, 0.0, 0.0, 67.85714285714288, 0.0, 0.0, 67.85714285714288, 0.0, 67.85714285714288, 0.0, 0.0, 67.85714285714276, 0.0, 67.85714285714288, 0.0, 0.0, 0.0, 0.0, 0.0, 0.0, 0.0, 0.0, 67.85714285714288, 0.0, 0.0, 0.0, 67.85714285714288, 0.0, 67.85714285714288, 67.85714285714288, 0.0, 67.85714285714288, 0.0, 0.0, 0.0, 0.0, 67.85714285714288, 0.0, 0.0, 0.0, 0.0, 0.0, 0.0, 0.0, 0.0, 67.85714285714288, 0.0, 0.0, 0.0, 67.85714285714288, 0.0, 67.85714285714288, 67.85714285714288, 0.0, 67.85714285714288, -1.0800249583553524e-13, 0.0, 0.0, 0.0, 67.85714285714288, 0.0, 0.0, 67.85714285714288, 0.0, 0.0, 0.0, 67.85714285714288, 0.0, 67.85714285714276, 0.0, 67.85714285714288, 0.0, 67.85714285714288, 0.0, 67.85714285714288, 67.85714285714288, 0.0, 67.85714285714288, 0.0, 0.0, 0.0, 0.0, 67.85714285714288, 0.0, 0.0, 67.85714285714288, 0.0, 0.0, 0.0, -1.0800249583553524e-13, 0.0, 0.0, 0.0, 0.0, 0.0, 67.85714285714288, 0.0, 67.85714285714288, 67.85714285714288, 0.0, 67.85714285714288, 0.0, 0.0, 0.0, 0.0, -1.0800249583553524e-13, 0.0, 0.0, 67.85714285714288, 0.0, 0.0, 0.0, 0.0, 0.0, 67.85714285714288, 0.0, 0.0, -1.0800249583553524e-13, 67.85714285714276, 0.0, 67.85714285714288, 67.85714285714288, 0.0, 0.0, 0.0, 0.0, 0.0, 0.0, 0.0, 0.0, 0.0, 67.85714285714288, 0.0, 0.0, 0.0, 0.0, 0.0, 67.85714285714288, 0.0, 0.0, 0.0, 0.0, 0.0, 67.85714285714288, 67.85714285714276, 0.0, 0.0, 0.0, 0.0, 0.0, 0.0, 0.0, 0.0, -1.0800249583553524e-13, 0.0, 0.0, 0.0, 0.0, 0.0, 0.0, 0.0, 0.0, 0.0, 0.0, 67.85714285714288, 67.85714285714276, 67.85714285714288, 0.0, 67.85714285714276, 0.0, 67.85714285714288, 67.85714285714276, 67.85714285714288, 67.85714285714288, 0.0, 67.85714285714276, 67.85714285714288, 67.85714285714288, 67.85714285714276, 67.85714285714288, 67.85714285714276, 67.85714285714288, 67.85714285714288, 0.0, 67.85714285714288, 67.85714285714288, 67.85714285714288, 0.0, 67.85714285714288, 0.0, 0.0, 67.85714285714288, 0.0, 67.85714285714288, 67.85714285714288, 67.85714285714288, 67.85714285714288, 0.0, 67.85714285714288, 67.85714285714288, 0.0, 67.85714285714288, 67.85714285714288, 67.85714285714288, 67.85714285714288, 67.85714285714288, 0.0, 67.85714285714288, 67.85714285714288, 67.85714285714288, 0.0, 67.85714285714288, 0.0, 0.0, 67.85714285714288, 0.0, 67.85714285714288, 67.85714285714288, 67.85714285714288, 67.85714285714288, 0.0, 67.85714285714288, 67.85714285714288, 0.0, 67.85714285714288, 67.85714285714288, 67.85714285714288, 67.85714285714288, 67.85714285714288, 0.0, 67.85714285714288, 67.85714285714288, 67.85714285714288, 0.0, 67.85714285714288, 0.0, 0.0, 0.0, 0.0, 67.85714285714288, 67.85714285714288, 67.85714285714288, 67.85714285714288, 0.0, 67.85714285714288, 67.85714285714288, 0.0, 67.85714285714288, 67.85714285714288, 67.85714285714288, 67.85714285714288, 67.85714285714288, 0.0, 67.85714285714276, 67.85714285714288, 67.85714285714288, 0.0, 67.85714285714288, 0.0, 0.0, 67.85714285714288, 0.0, 67.85714285714288, 67.85714285714288, 67.85714285714288, 67.85714285714288, 0.0, 67.85714285714288, 67.85714285714288, 0.0, 67.85714285714288, 67.85714285714288, 67.85714285714288, 67.85714285714288, 67.85714285714288, 0.0, 0.0, 0.0, 67.85714285714288, 0.0, 67.85714285714288, 0.0, 0.0, 67.85714285714288, -1.0800249583553524e-13, 67.85714285714288, 67.85714285714288, 67.85714285714288, 67.85714285714288, 0.0, 67.85714285714288, 67.85714285714288, 0.0, 67.85714285714288, 67.85714285714288, 67.85714285714288, 67.85714285714288, 67.85714285714288, 67.85714285714288, 67.85714285714288, 67.85714285714288, 67.85714285714288, 0.0, 67.85714285714288, -1.0800249583553524e-13, 0.0, 67.85714285714288, 67.85714285714288, 67.85714285714288, 67.85714285714288, 0.0, 67.85714285714288, 67.85714285714288, 67.85714285714288, 67.85714285714288, 0.0, 67.85714285714288, 67.85714285714288, 67.85714285714288, 0.0, 67.85714285714288, 67.85714285714288, 67.85714285714288, 67.85714285714276, 67.85714285714288, 67.85714285714288, 0.0, 0.0, 0.0, 67.85714285714288, 67.85714285714288, 0.0, 0.0, 0.0, -1.0800249583553524e-13, 67.85714285714288, 0.0, 0.0, 0.0, 0.0, -1.0800249583553524e-13, 0.0, 0.0, 0.0, 0.0, 67.85714285714288, 0.0, 0.0, 0.0, 0.0, 0.0, 0.0, 0.0, 0.0, 0.0, 0.0, 0.0, 0.0, 0.0, 0.0, 0.0, 0.0, 0.0, 0.0, 0.0, 0.0, 0.0, 0.0, 0.0, 0.0, 0.0, 0.0, 0.0, 0.0, 0.0, 0.0, 0.0, 0.0, 0.0, 0.0, 0.0, 0.0, 0.0, 0.0, 0.0, 0.0, 0.0, 0.0, 0.0, 0.0, 0.0, 0.0, 0.0, 0.0, 0.0, 0.0, 0.0, 0.0, 0.0, 0.0, 0.0, 0.0, 0.0, 0.0, 0.0, 0.0, 0.0, 0.0, 0.0, 0.0, 0.0, 0.0, 0.0, 0.0, 0.0, 0.0, 0.0, 0.0, 0.0, 0.0, 0.0, 0.0, 0.0, 0.0, 0.0, 0.0, 0.0, 0.0, 0.0, 0.0, 0.0, 0.0, 0.0, 0.0, 0.0, 0.0, 0.0, 0.0, 0.0, 0.0, 0.0, 0.0, 0.0, 0.0, 0.0, 0.0, 0.0, 0.0, 0.0, 0.0, 0.0, 0.0, 0.0, 0.0, 0.0, 0.0, 0.0, 0.0, 0.0, 0.0, 0.0, 0.0, 0.0, 0.0, 0.0, 0.0, 0.0, 0.0, 0.0, 0.0, 0.0, 0.0, 0.0, 0.0, 0.0, 0.0, 0.0, 0.0, 0.0, 0.0, 0.0, 0.0, 0.0, 0.0, 0.0, 0.0, 0.0, 0.0, 0.0, 0.0, 0.0, 0.0, 0.0, 0.0, 0.0, 0.0, 0.0, 0.0, 0.0, 0.0, 0.0, 0.0, 0.0, 0.0, 0.0, 0.0, 0.0, 0.0, 0.0, 0.0, 0.0, 0.0, 0.0, 0.0, 0.0, 0.0, 0.0, 0.0, 0.0, 0.0, 0.0, 0.0, 0.0, 0.0, 0.0, 0.0, 0.0, 0.0, 0.0, 0.0, 0.0, 0.0, 0.0, 0.0, 0.0, 0.0, 67.85714285714288, 0.0, 0.0, 0.0, 0.0, 0.0, 67.85714285714288, 0.0, 0.0, 0.0, 0.0, 0.0, 0.0, 0.0, 0.0, 67.85714285714288, 0.0, 0.0, 0.0, 67.85714285714288, 0.0, 0.0, 0.0, 67.85714285714288, 67.85714285714288, 0.0, 0.0, 67.85714285714276, 0.0, 67.85714285714288, 0.0, 0.0, 0.0, 0.0, 0.0, 0.0, 0.0, 0.0, 67.85714285714288, 0.0, 0.0, 0.0, 67.85714285714288, 0.0, 67.85714285714288, 0.0, 67.85714285714288, 67.85714285714288, 0.0, 0.0, 67.85714285714288, 0.0, 67.85714285714288, 0.0, 0.0, 0.0, 0.0, 0.0, 67.85714285714276, 67.85714285714288, 0.0, 67.85714285714288, 0.0, 67.85714285714288, 67.85714285714288, 67.85714285714288, 0.0, 67.85714285714288, 0.0, 67.85714285714288, 67.85714285714288, -1.0800249583553524e-13, -1.0800249583553524e-13, 67.85714285714288, 0.0, 67.85714285714288, 0.0, 0.0, 0.0, 0.0, 0.0, 0.0, 0.0, 0.0, 67.85714285714288, 0.0, 67.85714285714288, 67.85714285714288, 67.85714285714288, 0.0, 67.85714285714288, 0.0, 67.85714285714288, 67.85714285714288, 0.0, 0.0, 67.85714285714288, 0.0, 67.85714285714288, 0.0, 0.0, 0.0, 0.0, 0.0, 0.0, 67.85714285714288, 67.85714285714276, 67.85714285714288, 0.0, 67.85714285714288, 67.85714285714288, 67.85714285714288, -1.0800249583553524e-13, 67.85714285714288, 0.0, 67.85714285714288, 67.85714285714288, 0.0, 0.0, 67.85714285714288, 0.0, 67.85714285714288, 0.0, -1.0800249583553524e-13, 0.0, 0.0, -1.0800249583553524e-13, 0.0, 67.85714285714288, 67.85714285714288, 67.85714285714288, 0.0, 67.85714285714288, 67.85714285714288, -1.0800249583553524e-13, 0.0, 67.85714285714288, 0.0, 67.85714285714288, 67.85714285714288, 0.0, 0.0, 67.85714285714288, 0.0, 67.85714285714276, -1.0800249583553524e-13, 0.0, 0.0, 0.0, 0.0, 0.0, 67.85714285714288, 67.85714285714288, 67.85714285714276, 0.0, 67.85714285714288, -1.0800249583553524e-13, 0.0, 0.0, 67.85714285714288, 0.0, -1.0800249583553524e-13, 67.85714285714288, 0.0, 0.0, 67.85714285714288, -1.0800249583553524e-13, 0.0, 0.0, 0.0, 0.0, 0.0, 0.0, 0.0, 67.85714285714288, 67.85714285714288, 0.0, 0.0, 67.85714285714288, 67.85714285714288, 0.0, 67.85714285714288, 67.85714285714288, 67.85714285714288, 0.0, 0.0, 67.85714285714288, 67.85714285714288, 0.0, 67.85714285714288, 0.0, 67.85714285714288, 67.85714285714288, 67.85714285714288, 67.85714285714288, 67.85714285714288, 67.85714285714288, 67.85714285714288, 67.85714285714288, 0.0, 67.85714285714288, 67.85714285714276, 67.85714285714288, 0.0, 67.85714285714288, 0.0, 67.85714285714288, 0.0, 0.0, 67.85714285714288, 67.85714285714288, 0.0, 67.85714285714288, 0.0, 67.85714285714288, 67.85714285714288, 67.85714285714288, 67.85714285714288, 67.85714285714288, 67.85714285714288, 67.85714285714276, 0.0, 0.0, 67.85714285714288, 0.0, 67.85714285714288, 0.0, 67.85714285714288, -1.0800249583553524e-13, -1.0800249583553524e-13, 0.0, 0.0, 67.85714285714288, 67.85714285714288, 0.0, 67.85714285714288, 0.0, 67.85714285714288, 67.85714285714288, 67.85714285714288, 67.85714285714288, 67.85714285714288, 67.85714285714288, 0.0, 0.0, 0.0, 67.85714285714276, 0.0, 0.0, 0.0, 67.85714285714288, 0.0, 67.85714285714288, 0.0, 0.0, 67.85714285714288, 67.85714285714288, 0.0, 67.85714285714288, 0.0, 67.85714285714288, 67.85714285714288, 67.85714285714288, 67.85714285714276, 67.85714285714288, 67.85714285714288, 0.0, 0.0, 0.0, 0.0, 0.0, 0.0, 0.0, 67.85714285714288, 0.0, 67.85714285714288, 0.0, 0.0, 67.85714285714288, 67.85714285714288, 0.0, 67.85714285714288, 0.0, 67.85714285714288, 67.85714285714288, 67.85714285714288, 67.85714285714288, 67.85714285714288, 67.85714285714288, 0.0, 67.85714285714288, 0.0, 67.85714285714288, 0.0, 0.0, 0.0, 67.85714285714288, 0.0, 67.85714285714288, 0.0, 0.0, 67.85714285714288, 67.85714285714288, 0.0, 67.85714285714288, 0.0, 67.85714285714288, 67.85714285714288, 67.85714285714288, 67.85714285714288, 67.85714285714288, 67.85714285714288, 0.0, 67.85714285714288, 0.0, 67.85714285714288, 0.0, 0.0, 0.0, 67.85714285714288, 0.0, 67.85714285714288, 0.0, 67.85714285714288, 67.85714285714288, 67.85714285714288, 0.0, 67.85714285714288, 0.0, 67.85714285714288, 67.85714285714288, 67.85714285714276, 67.85714285714288, 67.85714285714288, 0.0, 0.0, 0.0, 0.0, 67.85714285714288, 0.0, 0.0, 67.85714285714288, 0.0, 0.0, 67.85714285714288, 0.0, 67.85714285714288, 0.0, 0.0, 0.0, 0.0, 0.0, 0.0, 0.0, 0.0, 0.0, 0.0, 0.0, 0.0, 0.0, 0.0, 67.85714285714288, 0.0, 0.0, 67.85714285714288, 0.0, 0.0, 0.0, 0.0, 0.0, 0.0, 0.0, 0.0, 0.0, 0.0, 0.0, 0.0, 0.0, 0.0, 0.0, 0.0, 0.0, 0.0, 0.0, 0.0, 0.0, 0.0, 0.0, 0.0, 0.0, 0.0, 0.0, 0.0, 0.0, 0.0, 0.0, 0.0, 0.0, 0.0, 0.0, 0.0, 0.0, 0.0, 0.0, 0.0, 0.0, 0.0, 0.0, 0.0, 0.0, 0.0, 0.0, 0.0, 0.0, 0.0, 0.0, 0.0, 0.0, 0.0, 0.0, 0.0, 0.0, 0.0, 0.0, 0.0, 0.0, 0.0, 0.0, 0.0, 0.0, 0.0, 0.0, 0.0, 0.0, 0.0, 0.0, 0.0, 0.0, 0.0, 0.0, 0.0, 0.0, 0.0, 0.0, 0.0, 0.0, 0.0, 0.0, 0.0, 0.0, 0.0, 0.0, 0.0, 0.0, 0.0, 0.0, 0.0, 0.0, 0.0, 0.0, 0.0, 0.0, 0.0, 0.0, 0.0, 0.0, 0.0, 0.0, 0.0, 0.0, 0.0, 0.0, 0.0, 0.0, 0.0, 0.0, 0.0, 0.0, 0.0, 0.0, 0.0, 0.0, 0.0, 0.0, 0.0, 0.0, 0.0, 0.0, 0.0, 0.0, 0.0, 0.0, 0.0, 0.0, 0.0, 0.0, 0.0, 0.0, 0.0, 0.0, 0.0, 0.0, 0.0, 0.0, 0.0, 0.0, 0.0, 0.0, 0.0, 0.0, 0.0, 0.0, 0.0, 0.0, 0.0, 0.0, 0.0, 0.0, 0.0, 0.0, 0.0, 0.0, 0.0, 0.0, 0.0, 0.0, 0.0, 0.0, 0.0, 0.0, 0.0, 0.0, 0.0, 0.0, 0.0, 0.0, 0.0, 0.0, 0.0, 0.0, 0.0, 0.0, 0.0, 0.0, 0.0, 0.0, 0.0, 0.0, 0.0, 0.0, 0.0, 0.0, 67.85714285714288, 0.0, 0.0, 0.0, 0.0, 0.0, 67.85714285714288, 0.0, 0.0, 0.0, 0.0, 0.0, 0.0, 0.0, 0.0, 67.85714285714288, 0.0, 0.0, 0.0, 0.0, 0.0, 0.0, 67.85714285714288, 67.85714285714288, 67.85714285714288, 0.0, 0.0, 67.85714285714288, 0.0, 67.85714285714288, 0.0, 0.0, 0.0, -1.0800249583553524e-13, 0.0, 0.0, 0.0, 0.0, 67.85714285714288, 0.0, 0.0, 0.0, 67.85714285714288, 0.0, 67.85714285714288, 67.85714285714288, 67.85714285714288, 67.85714285714288, 0.0, 0.0, 67.85714285714288, 67.85714285714288, 67.85714285714288, 0.0, 0.0, 0.0, 0.0, 0.0, 0.0, 0.0, 0.0, 67.85714285714288, 0.0, 0.0, 0.0, 67.85714285714288, 0.0, 67.85714285714288, 67.85714285714288, 67.85714285714288, 67.85714285714276, 0.0, 0.0, 67.85714285714288, 67.85714285714288, 67.85714285714288, 0.0, 0.0, 0.0, 0.0, 0.0, 0.0, 0.0, 0.0, 67.85714285714288, 0.0, 0.0, 0.0, 0.0, 0.0, 67.85714285714288, 67.85714285714288, 67.85714285714288, 67.85714285714288, 0.0, 0.0, 67.85714285714288, 67.85714285714288, 67.85714285714288, -1.0800249583553524e-13, 0.0, 0.0, 0.0, 0.0, 0.0, 0.0, 0.0, 67.85714285714288, 0.0, 0.0, -1.0800249583553524e-13, 67.85714285714288, 67.85714285714276, 67.85714285714288, 67.85714285714288, 0.0, 0.0, 0.0, 0.0, 67.85714285714288, 67.85714285714288, 0.0, 0.0, 0.0, 0.0, 0.0, 0.0, 0.0, 0.0, 0.0, 0.0, 0.0, 0.0, 0.0, 67.85714285714276, 0.0, 67.85714285714288, 67.85714285714288, 0.0, 0.0, 0.0, 0.0, 67.85714285714288, 0.0, 0.0, 0.0, 0.0, 61.24107142857133, 0.0, 0.0, 0.0, 0.0, 0.0, 0.0, 0.0, 0.0, 0.0, 0.0, 0.0, 67.85714285714288, 67.85714285714276, 0.0, 0.0, 0.0, -1.0800249583553524e-13, 67.85714285714288, 0.0, -1.0800249583553524e-13, 0.0, 0.0, 0.0, 0.0, 0.0, -1.0800249583553524e-13, 0.0, 67.85714285714288, 0.0, 0.0, 0.0, 0.0, 0.0, 0.0, 67.85714285714288, 0.0, 0.0, 0.0, 67.85714285714276, 67.85714285714288, 0.0, 67.85714285714288, 0.0, 67.85714285714288, 67.85714285714288, 67.85714285714288, 67.85714285714288, 67.85714285714288, 67.85714285714288, 67.85714285714288, 67.85714285714288, 67.85714285714288, 67.85714285714276, 67.85714285714288, 67.85714285714288, 0.0, 67.85714285714288, -1.0800249583553524e-13, 0.0, 0.0, 0.0, 67.85714285714288, 67.85714285714288, 0.0, 0.0, 0.0, 67.85714285714288, 67.85714285714288, 67.85714285714288, 67.85714285714288, 67.85714285714288, 67.85714285714288, 67.85714285714288, 67.85714285714288, 54.62499999999989, 67.85714285714288, 67.85714285714288, 67.85714285714288, 0.0, 67.85714285714288, 0.0, 0.0, 0.0, 0.0, 67.85714285714288, 67.85714285714288, 0.0, 67.85714285714288, 0.0, 67.85714285714288, 67.85714285714288, 67.85714285714288, 67.85714285714288, 67.85714285714288, 67.85714285714288, 67.85714285714288, 67.85714285714288, 0.0, 67.85714285714288, 67.85714285714288, 67.85714285714288, 0.0, 67.85714285714288, 0.0, 0.0, 0.0, 0.0, 67.85714285714288, 67.85714285714288, 0.0, 0.0, 0.0, 67.85714285714288, 67.85714285714288, 67.85714285714288, 67.85714285714288, 67.85714285714288, 67.85714285714288, 67.85714285714288, 67.85714285714288, 0.0, 0.0, 67.85714285714288, 67.85714285714288, 0.0, 67.85714285714288, 0.0, 0.0, 0.0, 0.0, 67.85714285714288, 67.85714285714288, 0.0, 67.85714285714276, 0.0, 67.85714285714288, 67.85714285714288, 67.85714285714288, 67.85714285714288, 67.85714285714288, 67.85714285714288, 67.85714285714288, 67.85714285714288, 0.0, 67.85714285714288, 67.85714285714288, 67.85714285714288, 0.0, 67.85714285714288, 0.0, 0.0, 67.85714285714288, 67.85714285714288, 67.85714285714288, 67.85714285714288, -1.0800249583553524e-13, 0.0, 0.0, 67.85714285714288, 67.85714285714288, 67.85714285714288, 67.85714285714288, 67.85714285714288, 67.85714285714288, 67.85714285714288, 67.85714285714288, 67.85714285714288, 67.85714285714288, 67.85714285714288, 67.85714285714288, 67.85714285714288, 67.85714285714288, 0.0, 0.0, 67.85714285714288, 67.85714285714288, 67.85714285714288, 67.85714285714288, 0.0, 0.0, 67.85714285714288, 67.85714285714288, 67.85714285714288, 67.85714285714288, 67.85714285714288, 67.85714285714276, 67.85714285714288, 67.85714285714288, -1.0800249583553524e-13, 67.85714285714288, 67.85714285714288, 67.85714285714288, 67.85714285714288, 67.85714285714288, 0.0, 0.0, 0.0, 67.85714285714288, 67.85714285714288, 0.0, 0.0, 0.0, 0.0, 67.85714285714288, 0.0, -1.0800249583553524e-13, 0.0, 0.0, 0.0, 0.0, -1.0800249583553524e-13, 0.0, 0.0, 67.85714285714288, -1.0800249583553524e-13, 0.0, 67.85714285714288, 0.0, 0.0, 0.0, 0.0, 0.0, 0.0, 0.0, 0.0, 0.0, 0.0, 0.0, 0.0, 0.0, 0.0, 0.0, 0.0, 0.0, 0.0, 0.0, 0.0, 0.0, 0.0, 0.0, 0.0, 0.0, 0.0, 0.0, 0.0, 0.0, 0.0, 0.0, 0.0, 0.0, 0.0, 0.0, 0.0, 0.0, 0.0, 0.0, 0.0, 0.0, 0.0, 0.0, 0.0, 0.0, 0.0, 0.0, 0.0, 0.0, 0.0, 0.0, 0.0, 0.0, 0.0, 0.0, 0.0, 0.0, 0.0, 0.0, 0.0, 0.0, 0.0, 0.0, 0.0, 0.0, 0.0, 0.0, 0.0, 0.0, 0.0, 0.0, 0.0, 0.0, 0.0, 0.0, 0.0, 0.0, 0.0, 0.0, 0.0, 0.0, 0.0, 0.0, 0.0, 0.0, 0.0, 0.0, 0.0, 0.0, 0.0, 0.0, 0.0, 0.0, 0.0, 0.0, 0.0, 0.0, 0.0, 0.0, 0.0, 0.0, 0.0, 0.0, 0.0, 0.0, 0.0, 0.0, 0.0, 0.0, 0.0, 0.0, 0.0, 0.0, 0.0, 0.0, 0.0, 0.0, 0.0, 0.0, 0.0, 0.0, 0.0, 0.0, 0.0, 0.0, 0.0, 0.0, 0.0, 0.0, 0.0, 0.0, 0.0, 0.0, 0.0, 0.0, 0.0, 0.0, 0.0, 0.0, 0.0, 0.0, 0.0, 0.0, 0.0, 0.0, 0.0, 0.0, 0.0, 0.0, 0.0, 0.0, 0.0, 0.0, 0.0, 0.0, 0.0, 0.0, 0.0, 0.0, 0.0, 0.0, 0.0, 0.0, 0.0, 0.0, 0.0, 0.0, 0.0, 0.0, 0.0, 0.0, 0.0, 0.0, 0.0, 0.0, 0.0, 0.0, 0.0, 0.0, 0.0, 0.0, 0.0, 0.0, 0.0, 0.0, 0.0, 0.0, 67.85714285714288, 0.0, 0.0, 0.0, 0.0, 0.0, 67.85714285714288, 0.0, 0.0, 0.0, 0.0, 0.0, 0.0, 0.0, 0.0, 0.0, 0.0, 0.0, 0.0, 0.0, 0.0, 0.0, 0.0, 67.85714285714288, 21.54464285714282, 0.0, 67.85714285714288, 0.0, 0.0, 67.85714285714288, 0.0, 0.0, 0.0, 0.0, 67.85714285714288, 0.0, 0.0, 0.0, 67.85714285714288, 67.85714285714288, 0.0, 0.0, 0.0, 0.0, 0.0, 0.0, 61.24107142857133, 67.85714285714288, 0.0, 67.85714285714288, 0.0, 0.0, 67.85714285714288, 0.0, 0.0, 0.0, 0.0, 67.85714285714288, 67.85714285714288, 0.0, 0.0, 67.85714285714288, 67.85714285714288, 67.85714285714288, 0.0, 0.0, 0.0, 0.0, 0.0, 0.0, 67.85714285714288, 0.0, 0.0, 67.85714285714288, 0.0, 67.85714285714288, 0.0, 0.0, 0.0, 0.0, 67.85714285714288, 67.85714285714288, 0.0, 0.0, 67.85714285714288, 67.85714285714288, 67.85714285714288, 0.0, 0.0, 67.85714285714276, 0.0, 0.0, 67.85714285714288, 67.85714285714288, -1.0800249583553524e-13, 67.85714285714276, -1.0800249583553524e-13, 0.0, 67.85714285714288, 0.0, 0.0, -1.0800249583553524e-13, 0.0, 67.85714285714288, 67.85714285714288, -1.0800249583553524e-13, -1.0800249583553524e-13, 0.0, 67.85714285714288, 67.85714285714288, 0.0, 0.0, 0.0, 0.0, 0.0, 67.85714285714288, 67.85714285714288, 0.0, 0.0, 0.0, 0.0, 67.85714285714288, 0.0, 0.0, 0.0, 0.0, 67.85714285714288, 67.85714285714288, 0.0, 0.0, 0.0, 67.85714285714288, 67.85714285714288, 0.0, 0.0, 0.0, 0.0, 0.0, 0.0, 67.85714285714288, 0.0, 0.0, 67.85714285714288, 0.0, 67.85714285714288, 0.0, 0.0, 0.0, 0.0, 67.85714285714288, 67.85714285714288, 0.0, 0.0, 0.0, 67.85714285714288, 67.85714285714288, 0.0, 0.0, 0.0, 0.0, 0.0, 0.0, 67.85714285714288, 0.0, 0.0, 67.85714285714288, 0.0, -1.0800249583553524e-13, 0.0, 0.0, 0.0, 0.0, 67.85714285714288, 67.85714285714288, 0.0, 0.0, 0.0, 67.85714285714288, 67.85714285714288, 0.0, 0.0, 0.0, 0.0, 0.0, 0.0, 0.0, 67.85714285714288, 67.85714285714288, 67.85714285714288, 67.85714285714276, 0.0, 67.85714285714276, 67.85714285714288, 67.85714285714288, 67.85714285714288, 0.0, 0.0, 67.85714285714288, 67.85714285714288, 67.85714285714276, -1.0800249583553524e-13, 67.85714285714276, 67.85714285714288, 67.85714285714288, 67.85714285714288, 67.85714285714276, 0.0, 0.0, 0.0, 67.85714285714288, 67.85714285714288, 67.85714285714288, 67.85714285714288, 0.0, 67.85714285714288, 67.85714285714288, 67.85714285714288, 67.85714285714288, 0.0, 0.0, 67.85714285714288, 67.85714285714288, 0.0, 0.0, 0.0, 67.85714285714288, 67.85714285714288, 67.85714285714288, 67.85714285714288, 67.85714285714288, 0.0, 0.0, 67.85714285714288, 67.85714285714288, 67.85714285714288, 67.85714285714288, 0.0, 67.85714285714288, 67.85714285714288, 67.85714285714288, 67.85714285714288, 0.0, 0.0, 67.85714285714288, 67.85714285714288, 0.0, 61.24107142857144, 0.0, 67.85714285714288, 67.85714285714288, 67.85714285714288, 67.85714285714288, 67.85714285714288, 0.0, 0.0, 67.85714285714288, 67.85714285714288, 67.85714285714288, 67.85714285714288, 0.0, 67.85714285714288, 67.85714285714288, 67.85714285714288, 67.85714285714288, -1.0800249583553524e-13, 67.85714285714276, 67.85714285714288, 67.85714285714288, 0.0, 0.0, 0.0, 67.85714285714288, 67.85714285714276, 67.85714285714288, 67.85714285714288, 67.85714285714288, 0.0, 0.0, 67.85714285714288, 0.0, 0.0, 67.85714285714288, 0.0, 67.85714285714288, 67.85714285714288, 67.85714285714288, 67.85714285714288, 0.0, 0.0, 67.85714285714288, 67.85714285714288, 67.85714285714288, 0.0, 0.0, 67.85714285714288, 0.0, 67.85714285714288, 67.85714285714288, 67.85714285714288, 67.85714285714288, 0.0, 67.85714285714288, 0.0, 0.0, 67.85714285714288, 0.0, 67.85714285714288, 67.85714285714288, 67.85714285714288, 67.85714285714288, 0.0, 0.0, 67.85714285714288, 67.85714285714288, 67.85714285714288, 67.85714285714288, 0.0, 67.85714285714288, 67.85714285714288, 67.85714285714288, 67.85714285714288, 67.85714285714288, 67.85714285714288, 0.0, 67.85714285714288, 0.0, 0.0, 67.85714285714288, 67.85714285714288, 67.85714285714288, 67.85714285714288, 67.85714285714288, 67.85714285714288, 0.0, 0.0, 67.85714285714288, 67.85714285714288, 67.85714285714288, 54.625, 0.0, 67.85714285714288, 67.85714285714288, 0.0, 67.85714285714288, 67.85714285714288, 67.85714285714288, 0.0, 0.0, 0.0, 0.0, 0.0, 67.85714285714288, 0.0, -1.0800249583553524e-13, 0.0, -1.0800249583553524e-13, 0.0, 0.0, 0.0, 0.0, 0.0, 0.0, 0.0, 0.0, 67.85714285714288, 0.0, 0.0, 0.0, 0.0, 0.0, 0.0, 0.0, 0.0, 0.0, 0.0, 0.0, 0.0, 0.0, 0.0, 0.0, 0.0, 0.0, 0.0, 0.0, 0.0, 0.0, 0.0, 0.0, 0.0, 0.0, 0.0, 0.0, 0.0, 0.0, 0.0, 0.0, 0.0, 0.0, 0.0, 0.0, 0.0, 0.0, 0.0, 0.0, 0.0, 0.0, 0.0, 0.0, 0.0, 0.0, 0.0, 0.0, 0.0, 0.0, 0.0, 0.0, 0.0, 0.0, 0.0, 0.0, 0.0, 0.0, 0.0, 0.0, 0.0, 0.0, 0.0, 0.0, 0.0, 0.0, 0.0, 0.0, 0.0, 0.0, 0.0, 0.0, 0.0, 0.0, 0.0, 0.0, 0.0, 0.0, 0.0, 0.0, 0.0, 0.0, 0.0, 0.0, 0.0, 0.0, 0.0, 0.0, 0.0, 0.0, 0.0, 0.0, 0.0, 0.0, 0.0, 0.0, 0.0, 0.0, 0.0, 0.0, 0.0, 0.0, 0.0, 0.0, 0.0, 0.0, 0.0, 0.0, 0.0, 0.0, 0.0, 0.0, 0.0, 0.0, 0.0, 0.0, 0.0, 0.0, 0.0, 0.0, 0.0, 0.0, 0.0, 0.0, 0.0, 0.0, 0.0, 0.0, 0.0, 0.0, 0.0, 0.0, 0.0, 0.0, 0.0, 0.0, 0.0, 0.0, 0.0, 0.0, 0.0, 0.0, 0.0, 0.0, 0.0, 0.0, 0.0, 0.0, 0.0, 0.0, 0.0, 0.0, 0.0, 0.0, 0.0, 0.0, 0.0, 0.0, 0.0, 0.0, 0.0, 0.0, 0.0, 0.0, 0.0, 0.0, 0.0, 0.0, 0.0, 0.0, 0.0, 0.0, 0.0, 0.0, 0.0, 0.0, 0.0, 0.0, 0.0, 0.0, 0.0, 0.0, 0.0, 0.0, 0.0, 0.0, 0.0, 0.0, 0.0, 0.0, 0.0, 0.0, 0.0, 0.0, 21.54464285714282, 0.0, 0.0, 0.0, 0.0, 0.0, 0.0, 0.0, 0.0, 0.0, 0.0, 0.0, 0.0, 67.85714285714288, 0.0, 0.0, 0.0, 0.0, 0.0, 0.0, 0.0, 0.0, 0.0, 67.85714285714288, 0.0, 0.0, 0.0, 0.0, 0.0, 0.0, 0.0, 0.0, 54.625, 0.0, 0.0, 0.0, 67.85714285714288, 0.0, 67.85714285714288, 61.24107142857133, 0.0, 0.0, 0.0, 0.0, 0.0, 0.0, 67.85714285714288, 0.0, 0.0, 67.85714285714288, -1.0800249583553524e-13, 67.85714285714288, 67.85714285714288, 0.0, 0.0, 67.85714285714288, 0.0, 0.0, 0.0, 67.85714285714288, 0.0, 67.85714285714288, 0.0, 0.0, 0.0, 0.0, 67.85714285714288, 0.0, 0.0, 67.85714285714288, 0.0, 0.0, 67.85714285714288, 0.0, 67.85714285714288, 67.85714285714288, 0.0, 0.0, 0.0, 0.0, 0.0, 0.0, 67.85714285714288, 0.0, 67.85714285714288, 67.85714285714288, 0.0, 0.0, 0.0, 67.85714285714288, 0.0, 0.0, 67.85714285714288, 0.0, 0.0, 67.85714285714288, 0.0, 67.85714285714288, 67.85714285714288, 0.0, 0.0, 0.0, 0.0, 0.0, 0.0, 67.85714285714288, 0.0, 67.85714285714288, 0.0, 0.0, 0.0, 0.0, 67.85714285714288, 0.0, 67.85714285714288, 0.0, 0.0, 0.0, 67.85714285714288, 0.0, 67.85714285714288, 67.85714285714288, -1.0800249583553524e-13, 0.0, 0.0, 0.0, 0.0, 0.0, 0.0, 0.0, 67.85714285714288, 0.0, 0.0, 0.0, 0.0, -1.0800249583553524e-13, 0.0, 67.85714285714288, 0.0, 0.0, 0.0, 67.85714285714288, 0.0, 67.85714285714288, 67.85714285714276, 0.0, 0.0, 0.0, 0.0, 0.0, 0.0, 67.85714285714288, 0.0, 67.85714285714276, 0.0, 0.0, 0.0, 0.0, 0.0, 0.0, 67.85714285714288, 0.0, 0.0, 0.0, 67.85714285714288, 0.0, 67.85714285714288, 0.0, 0.0, -1.0800249583553524e-13, 0.0, 0.0, 0.0, 67.85714285714276, 0.0, 67.85714285714288, 67.85714285714288]"
UA_1,0.8
flowSalt_charge_t,"[0.0, 0.0, 0.0, 0.0, 0.0, 0.0, 0.0, 0.0, 0.0, 0.00030983849964909846, 0.0008243947312811978, 0.0, 0.0005386408366033184, 0.0, 0.0, 0.0, 0.0, 0.0005386408366033348, 0.0, 0.0005291867703427658, 0.000505617702605012, 0.0, 0.0, 0.0, 0.0, 0.0, 0.0, 0.0, 0.0, 0.0, 0.0, 0.0, 0.0, 0.0, 0.0, 0.0, 0.0, 0.0, 0.0, 0.0, 0.0, 0.0, 0.0, 0.0, 0.0, 0.0, 0.0, 0.0, 0.0, 0.0, 0.0, 0.0, 0.0, 0.0, 0.0, 0.0, 0.0, 0.0, 0.0, 0.0, 0.0, 0.0, 0.0, 0.0, 0.0, 0.0, 0.0, 0.0, 0.0, 0.0, 0.0, 0.0, 0.0, 0.0, 0.0, 0.0, 0.0, 0.0, 0.0, 0.0, 0.0, 0.0, 0.0, 0.0, 0.0, 0.0, 0.0, 0.0, 0.0, 0.0, 0.0, 0.0, 0.0, 0.0, 0.0, 0.0, 0.0, 0.0, 0.0, 0.0, 0.0, 0.0, 0.0, 0.0, 0.0, 0.0, 0.0, 0.0, 0.0, 0.0, 0.0, 0.0, 0.0, 0.0, 0.0, 0.0, 0.0, 0.0, 0.0, 0.0, 0.0, 0.0, 0.0, 0.0, 0.0, 0.0, 0.0, 0.0, 0.0, 0.0, 0.0, 0.0, 0.0, 0.0, 0.0, 0.0, 0.0, 0.0, 0.0, 0.0, 0.0, 0.0, 0.0, 0.0, 0.0, 0.0, 0.0, 0.0, 0.0, 0.0, 0.0, 0.0, 0.0, 0.0, 0.0, 0.0, 0.0, 0.0, 0.0, 0.0, 0.0, 0.0, 0.0, 0.0, 0.0, 0.0, 0.0, 0.0, 0.0, 0.0, 0.0, 0.0, 0.0, 0.0, 0.0, 0.0, 0.0, 0.0, 0.0, 0.0, 0.0, 0.0, 0.0, 0.0, 0.0, 0.0, 0.0, 0.0, 0.0, 0.0, 0.0, 0.0, 0.0, 0.0, 0.0, 0.0, 0.0, 0.0, 0.0, 0.0, 0.0, 0.0, 0.0, 0.0, 0.0, 0.0, 0.0, 0.0, 0.0, 0.0, 0.0, 0.0, 0.0, 0.0, 0.0, 0.31507034725146343, 0.0, 0.0, 0.0, 0.0, 0.0, 0.4331563104405758, 0.0, 0.4331563104405758, 0.0, 0.0, 0.0, 0.0, 0.0, 0.0, 0.0, 0.0, 0.0, 0.0, 0.0, 0.0, 0.0, 0.0, 0.43315631044057584, 0.3519181454931543, 0.0, 0.09398589314130722, 0.0, 0.31670061383401954, 0.4331563104405758, 0.0, 0.4331563104405758, 0.0, 0.0, 0.26037284038046, 0.0, 0.0, 0.0, 0.0, 0.0, 0.0, 0.0, 0.0, 0.0, 0.0, 0.0, 0.4331563104405758, 0.4331563104405758, 0.0, 0.4331563104405758, 0.0, 0.4331563104405758, 0.4331563104405758, 0.0, 0.4331563104405758, 0.0, 0.31720391894388655, 0.4331563104405758, 0.3344223241561004, 0.0, 0.0, 0.0, 0.3664671897805724, 0.0, 0.0, 0.0, 0.0, 0.0, 0.0, 0.4331563104405758, 0.4331563104405758, 0.0, 0.43315631044057584, 0.0, 0.4331563104405758, 0.4331563104405758, 0.0, 0.43315631044057584, 0.0, 0.4331563104405758, 0.4331563104405758, 0.4331563104405758, 0.0, 0.0, 0.0, 0.4331563104405758, 0.0, 0.0, 0.0, 0.0, 0.0, 0.0, 0.4331563104405758, 0.4331563104405758, 0.0, 0.4331563104405758, 0.0, 0.4331563104405758, 0.4331563104405758, 0.0, 0.4331563104405758, 0.0, 0.4331563104405758, 0.4331563104405758, 0.0, 0.0, 0.0, 0.0, 0.4331563104405758, 0.0, 0.0, 0.0, 0.0, 0.0, 0.0, 0.4331563104405758, 0.4331563104405758, 0.0, 0.0, 0.0, 0.0011756898210604444, 0.4331563104405758, 0.0, 0.4331563104405758, 0.0, 0.4331563104405758, 0.001175900495119703, 0.0, 0.0, 0.0, 0.0, 0.0, 0.0, 0.0, 0.0, 0.0, 0.0, 0.0, 0.0011758404639058114, 0.001175900495119703, 0.0, 0.0, 0.0, 0.0011756898210604444, 0.15289141323143468, 0.0, 0.15302276725407607, 0.0, 0.0011756898210604444, 0.0, 0.0, 0.0, 0.0, 0.0, 0.0, 0.0, 0.0, 0.0, 0.0, 0.0, 0.0, 0.0011758404639058114, 0.001175900495119703, 0.0, 0.0, 0.0, 0.0011756898210604444, 0.0011450175035950688, 0.0, 0.0, 0.0, 0.0011756898210604444, 0.0, 0.0, 0.0, 0.0, 0.0, 0.0, 0.0, 0.0, 0.0, 0.0, 0.0, 0.0, 0.0, 0.0, 0.0, 0.0, 0.0, 0.0011756898210604444, 0.0011450175035955948, 0.0, 0.0, 0.0, 0.0, 0.0, 0.0, 0.0, 0.0, 0.0, 0.0, 0.0, 0.0, 0.0, 0.0, 0.0, 0.0, 0.0, 0.0, 0.0, 0.0, 0.0, 0.0, 0.0, 0.0, 0.0, 0.0, 0.0, 0.0, 0.0, 0.0, 0.0, 0.0, 0.0, 0.0, 0.0, 0.0, 0.0, 0.0, 0.0, 0.0, 0.0, 0.0, 0.0, 0.0, 0.0, 0.0, 0.0, 0.0, 0.0, 0.0, 0.0, 0.0, 0.0, 0.0, 0.0, 0.0, 0.0, 0.0, 0.0, 0.0, 0.0, 0.0, 0.0, 0.0, 0.0, 0.0, 0.0, 0.0, 0.0, 0.0, 0.0, 0.0, 0.0, 0.0, 0.0, 0.0, 0.0, 0.0, 0.0, 0.0, 0.0, 0.0, 0.0, 0.0, 0.0, 0.0, 0.0, 0.0, 0.0, 0.0, 0.0, 0.0, 0.0, 0.0, 0.0, 0.0, 0.0, 0.0, 0.0, 0.0, 0.0, 0.0, 0.0, 0.0, 0.0, 0.0, 0.0, 0.0, 0.0, 0.0, 0.0, 0.0, 0.0, 0.0, 0.0, 0.0, 0.0, 0.0, 0.0, 0.0, 0.0, 0.0, 0.0, 0.0, 0.0, 0.0, 0.0, 0.0, 0.0, 0.0, 0.0, 0.0, 0.0, 0.0, 0.0, 0.0, 0.0, 0.0, 0.0, 0.0, 0.0, 0.0, 0.0, 0.0, 0.0, 0.0, 0.0, 0.0, 0.0, 0.0, 0.0, 0.0, 0.0, 0.0, 0.0, 0.0, 0.0, 0.0, 0.0, 0.0, 0.0, 0.0, 0.0, 0.0, 0.0, 0.0, 0.0, 0.0, 0.0, 0.0, 0.0, 0.0, 0.0, 0.0, 0.0, 0.0, 0.0, 0.0, 0.0, 0.0, 0.0, 0.0, 0.0, 0.0, 0.0, 0.0, 0.0, 0.0, 0.0, 0.0, 0.0, 0.0, 0.0, 0.0, 0.0, 0.0, 0.0, 0.0, 0.0, 0.0, 0.0, 0.0, 0.0, 0.0, 0.0, 0.0, 0.0, 0.0, 0.0, 0.0, 0.0, 0.0, 0.0, 0.0, 0.0, 0.0, 0.0, 0.0, 0.0, 0.0, 0.0, 0.0, 0.0, 0.0, 0.0, 0.0, 0.0, 0.0, 0.0, 0.0, 0.0, 0.0, 0.0, 0.0, 0.0, 0.0, 0.0, 0.0, 0.0, 0.0, 0.0, 0.0, 0.0, 0.0, 0.0, 0.0, 0.0, 0.0, 0.0, 0.0, 0.0, 0.0, 0.0, 0.0, 0.0, 0.0, 0.0, 0.0, 0.0, 0.0, 0.0, 0.0, 0.0, 0.0, 0.0, 0.0, 0.0, 0.0, 0.0, 0.0, 0.0, 0.0, 0.0, 0.0, 0.0, 0.0, 0.0, 0.0, 0.0, 0.0, 0.0, 0.0, 0.0, 0.0, 0.0, 0.0, 0.0, 0.0, 0.0, 0.0, 0.0, 0.0, 0.0, 0.0, 0.0, 0.0, 0.0, 0.0, 0.0, 0.0, 0.0, 0.0, 0.0, 0.0, 0.0, 0.0, 0.0, 0.0, 0.0, 0.0, 0.0, 0.0, 0.0, 0.0, 0.0, 0.0, 0.0, 0.0, 0.0, 0.0, 0.0, 0.0, 0.0, 0.0, 0.0, 0.0, 0.0, 0.0, 0.0, 0.0, 0.0, 0.0, 0.0, 0.0, 0.0, 0.0, 0.0, 0.0, 0.0, 0.0, 0.0, 0.0, 0.0, 0.4331563104405758, 0.15218972799669347, 0.0, 0.0, 0.0, 0.0, 0.0, 0.0, 0.0, 0.0, 0.0, 0.0, 0.0, 0.0, 0.0, 0.0, 0.0, 0.0, 0.0, 0.0, 0.0, 0.0, 0.0, 0.43315631044057584, 0.43315631044057584, 0.0, 0.0, 0.0, 0.225987586609539, 0.0, 0.0, 0.0, 0.0, 0.0, 0.0, 0.0, 0.0, 0.0, 0.3287222328481852, 0.0, 0.0, 0.0, 0.4331563104405758, 0.0, 0.0, 0.0, 0.4331563104405758, 0.4331563104405758, 0.0, 0.0, 0.0, 0.4331563104405758, 0.0, 0.4331563104405758, 0.0, 0.0, 0.0, 0.0, 0.0, 0.0, 0.0, 0.4331563104405758, 0.0, 0.0, 0.0, 0.4331563104405758, 0.0, 0.0, 0.25112062794761736, 0.4331563104405758, 0.4331563104405758, 0.0, 0.0, 0.43315631044057584, 0.4331563104405758, 0.0, 0.4331563104405758, 0.0, 0.0, 0.0, 0.0, 0.0, 0.0, 0.0, 0.4331563104405758, 0.0, 0.0, 0.0, 0.4331563104405758, 0.0, 0.0, 0.4331563104405758, 0.4331563104405758, 0.4331563104405758, 0.0, 0.0, 0.0, 0.4331563104405758, 0.0, 0.0, 0.0, 0.0, 0.0, 0.0, 0.0, 0.0, 0.0, 0.4331563104405758, 0.0, 0.0, 0.02459003468972403, 0.4331563104405758, 0.0, 0.0, 0.4331563104405758, 0.4331563104405758, 0.4331563104405758, 0.0, 0.0, 0.28979918279293426, 0.4331563104405758, 0.0, 0.002351311031660755, 0.0, 0.0, 0.0, 0.0, 0.0, 0.0, 0.0, 0.0011756898210604444, 0.0, 0.0, 0.0011758404639058114, 0.4331563104405758, 0.0, 0.0, 0.4331563104405758, 0.22650496925820832, 0.4331563104405758, 0.0, 0.0, 0.0, 0.4331563104405758, 0.028086795611185284, 0.001175900495119703, 0.0, 0.0, 0.0, 0.0, 0.0, 0.0, 0.0, 0.0011756898210604444, 0.0, 0.0, 0.0011758404639058114, 0.0, 0.0, 0.0, 0.001175900495119703, 0.0, 0.0011450175035950688, 0.0, 0.0, 0.0, 0.4331563104405758, 0.0, 0.001175900495119703, 0.0, 0.0, 0.0, 0.0, 0.0, 0.0, 0.0, 0.0011756898210604444, 0.0, 0.0, 0.001175840463905285, 0.0, 0.0, 0.0, 0.001175900495119703, 0.0, 0.0011450175035950688, 0.0, 0.0, 0.0, 0.0, 0.002351311031660755, 0.001175900495119703, 0.0, 0.0, 0.0, 0.0, 0.0, 0.0, 0.0, 0.0, 0.0, 0.0, 0.0, 0.0, 0.0, 0.0, 0.0, 0.0, 0.0011450175035955948, 0.0, 0.0, 0.0, 0.0, 0.001175900495119703, 0.0, 0.0, 0.0, 0.0, 0.0, 0.0, 0.0, 0.0, 0.0, 0.0, 0.0, 0.0, 0.0, 0.0, 0.0, 0.0, 0.0, 0.0, 0.0, 0.0, 0.0, 0.0, 0.0, 0.0, 0.0, 0.0, 0.0, 0.0, 0.0, 0.0, 0.0, 0.0, 0.0, 0.0, 0.0, 0.0, 0.0, 0.0, 0.0, 0.0, 0.0, 0.0, 0.0, 0.0, 0.0, 0.0, 0.0, 0.0, 0.0, 0.0, 0.0, 0.0, 0.0, 0.0, 0.0, 0.0, 0.0, 0.0, 0.0, 0.0, 0.0, 0.0, 0.0, 0.0, 0.0, 0.0, 0.0, 0.0, 0.0, 0.0, 0.0, 0.0, 0.0, 0.0, 0.0, 0.0, 0.0, 0.0, 0.0, 0.0, 0.0, 0.0, 0.0, 0.0, 0.0, 0.0, 0.0, 0.0, 0.0, 0.0, 0.0, 0.0, 0.0, 0.0, 0.0, 0.0, 0.0, 0.0, 0.0, 0.0, 0.0, 0.0, 0.0, 0.0, 0.0, 0.0, 0.0, 0.0, 0.0, 0.0, 0.0, 0.0, 0.0, 0.0, 0.0, 0.0, 0.0, 0.0, 0.0, 0.0, 0.0, 0.0, 0.0, 0.0, 0.0, 0.0, 0.0, 0.0, 0.0, 0.0, 0.0, 0.0, 0.0, 0.0, 0.0, 0.0, 0.0, 0.0, 0.008221021477936337, 0.0, 0.0, 0.0, 0.0, 0.0, 0.0, 0.0, 0.0, 0.0, 0.0, 0.0, 0.0, 0.0, 0.0, 0.0, 0.0, 0.0, 0.0, 0.0, 0.0, 0.0, 0.0, 0.0, 0.0, 0.0, 0.0, 0.0, 0.0, 0.0, 0.0, 0.0, 0.0, 0.0, 0.0, 0.0, 0.0, 0.0, 0.0, 0.0, 0.0, 0.0, 0.0, 0.0, 0.0, 0.0, 0.0, 0.0, 0.0, 0.0, 0.0, 0.0, 0.0, 0.0, 0.0, 0.0, 0.0, 0.0, 0.0, 0.0, 0.0, 0.0, 0.0, 0.0, 0.0, 0.0, 0.0, 0.0, 0.0, 0.0, 0.0, 0.0, 0.0, 0.0, 0.0, 0.0, 0.0, 0.0, 0.0, 0.0, 0.0, 0.0, 0.0, 0.0, 0.0, 0.0, 0.0, 0.0, 0.0, 0.0, 0.0, 0.0, 0.0, 0.0, 0.0, 0.0, 0.0, 0.0, 0.0, 0.0, 0.0, 0.0, 0.0, 0.0, 0.0, 0.0, 0.0, 0.0, 0.0, 0.0, 0.0, 0.0, 0.0, 0.0, 0.0, 0.0, 0.0, 0.0, 0.0, 0.0, 0.0, 0.0, 0.0, 0.0, 0.0, 0.0, 0.0, 0.0, 0.0, 0.0, 0.0, 0.0, 0.0, 0.0, 0.0, 0.0, 0.0, 0.0, 0.0, 0.0, 0.0, 0.0, 0.0, 0.0, 0.0, 0.0, 0.0, 0.0, 0.0, 0.0, 0.0, 0.0, 0.0, 0.0, 0.0, 0.0, 0.0, 0.0, 0.0, 0.0, 0.0, 0.0, 0.0, 0.0, 0.0, 0.0, 0.0, 0.0, 0.0, 0.0, 0.0, 0.0, 0.0, 0.0, 0.0, 0.0, 0.0, 0.0, 0.0, 0.0, 0.0, 0.0, 0.0, 0.0, 0.0, 0.0, 0.0, 0.0, 0.0, 0.0, 0.0, 0.0, 0.4331563104405758, 0.0, 0.0, 0.0, 0.0, 0.4331563104405758, 0.0, 0.0, 0.0, 0.0, 0.0, 0.0, 0.0, 0.0, 0.0, 0.0, 0.0, 0.0, 0.0, 0.0, 0.0, 0.0, 0.0, 0.4331563104405758, 0.0, 0.0, 0.4331563104405758, 0.0, 0.0, 0.4331563104405758, 0.2264944702019499, 0.0, 0.0, 0.0, 0.0, 0.0, 0.0, 0.2264944702019499, 0.0, 0.0, 0.0, 0.0, 0.0, 0.0, 0.0, 0.0, 0.4331563104405758, 0.0, 0.0, 0.4331563104405758, 0.24398494382357186, 0.0, 0.4331563104405758, 0.4331563104405758, 0.0, 0.0, 0.4331563104405758, 0.0, 0.0, 0.0, 0.4331563104405758, 0.0, 0.0, 0.0, 0.0, 0.0, 0.0, 0.0, 0.2601781012245268, 0.4331563104405758, 0.0, 0.0, 0.4331563104405758, 0.4331563104405758, 0.0, 0.4331563104405758, 0.4331563104405758, 0.0, 0.0, 0.4331563104405758, 0.0, 0.0, 0.0, 0.4331563104405758, 0.4331563104405758, 0.0, 0.0, 0.0, 0.0, 0.0, 0.0, 0.4331563104405758, 0.4331563104405758, 0.0, 0.0, 0.4331563104405758, 0.0, 0.0, 0.0, 0.4331563104405758, 0.0, 0.4331563104405758, 0.06338558899638165, 0.0, 0.0, 0.0, 0.4331563104405758, 0.0, 0.0, 0.0, 0.0, 0.0, 0.0, 0.0, 0.4331563104405758, 0.14794138326023898, 0.0, 0.0, 0.4331563104405758, 0.002351311031660755, 0.0, 0.0, 0.4331563104405758, 0.0, 0.17492965979469544, 0.0011755635305876566, 0.0, 0.0, 0.0, 0.4331563104405758, 0.009931938997688669, 0.0, 0.0, 0.0, 0.05588086823591925, 0.0, 0.0, 0.43315631044057584, 0.0, 0.0, 0.0, 0.4331563104405758, 0.0, 0.0, 0.0, 0.4331563104405758, 0.0, 0.0, 0.0011755635305892352, 0.0, 0.0, 0.0, 0.4331563104405758, 0.0, 0.0, 0.0, 0.0, 0.0011756228620318585, 0.0, 0.0, 0.0, 0.0, 0.0, 0.0, 0.22686651205934386, 0.0, 0.0, 0.0, 0.4331563104405758, 0.0, 0.0, 0.001175563530588709, 0.0, 0.0, 0.0, 0.4331563104405758, 0.0, 0.0, 0.0, 0.0, 0.0, 0.0, 0.0, 0.0, 0.0, 0.0, 0.0, 0.0, 0.0, 0.0, 0.0, 0.001175900495119703, 0.0, 0.0, 0.001175563530588709, 0.0, 0.0, 0.0, 0.001175900495119703, 0.0, 0.0, 0.0, 0.0, 0.0, 0.0, 0.0, 0.0, 0.0, 0.22568409388749808, 0.0, 0.0, 0.0, 0.0, 0.0, 0.001175900495119703, 0.0, 0.0, 0.0, 0.0, 0.0, 0.0, 0.001175900495119703, 0.0, 0.0, 0.0, 0.0, 0.0, 0.0, 0.0, 0.0, 0.0, 0.43315631044057584, 0.0, 0.0, 0.0, 0.0, 0.0, 0.0, 0.0, 0.0, 0.0, 0.0, 0.0, 0.0, 0.0, 0.0, 0.0, 0.0, 0.0, 0.0, 0.0, 0.0, 0.0, 0.0, 0.4331563104405758, 0.0, 0.0, 0.0, 0.0, 0.0, 0.0, 0.0, 0.0, 0.0, 0.0, 0.0, 0.0, 0.0, 0.0, 0.0, 0.0, 0.0, 0.0, 0.0, 0.0, 0.0, 0.0, 0.4331563104405758, 0.0, 0.0, 0.0, 0.0, 0.0, 0.0, 0.0, 0.0, 0.0, 0.0, 0.0, 0.0, 0.0, 0.0, 0.0, 0.0, 0.0, 0.0, 0.0, 0.0, 0.0, 0.0, 0.4331563104405758, 0.0, 0.0, 0.0, 0.0, 0.0, 0.0, 0.0, 0.0, 0.0, 0.0, 0.0, 0.0, 0.0, 0.0, 0.0, 0.0, 0.0, 0.0, 0.0, 0.0, 0.0, 0.0, 0.4331563104405758, 0.0, 0.0, 0.0, 0.0, 0.0, 0.0, 0.0, 0.0, 0.0, 0.0, 0.0, 0.0, 0.005874604930879592, 0.0, 0.0, 0.0, 0.0, 0.0, 0.0, 0.0, 0.0, 0.0, 0.4331563104405758, 0.0, 0.0, 0.0, 0.0, 0.0, 0.007048057673748997, 0.0, 0.0, 0.0, 0.0, 0.0, 0.0, 0.0, 0.0, 0.0, 0.0, 0.0, 0.0, 0.0, 0.0, 0.0, 0.0, 0.0, 0.0, 0.0, 0.0, 0.0, 0.0, 0.0, 0.0, 0.0, 0.0, 0.0, 0.0, 0.0, 0.0, 0.0, 0.0, 0.0, 0.0, 0.0, 0.0, 0.0, 0.0, 0.0, 0.0, 0.0, 0.0, 0.0, 0.0, 0.0, 0.0, 0.0, 0.0, 0.0, 0.0, 0.0, 0.0, 0.0, 0.0, 0.0, 0.0, 0.0, 0.0, 0.0, 0.0, 0.0, 0.0, 0.0, 0.0, 0.0, 0.0, 0.0, 0.0, 0.0, 0.0, 0.0, 0.0, 0.0, 0.0, 0.0, 0.0, 0.0, 0.0, 0.0, 0.0, 0.0, 0.0, 0.0, 0.0, 0.0, 0.0, 0.0, 0.0, 0.0, 0.0, 0.0, 0.0, 0.0, 0.0, 0.0, 0.0, 0.0, 0.0, 0.0, 0.0, 0.0, 0.0, 0.0, 0.0, 0.0, 0.0, 0.0, 0.0, 0.0, 0.0, 0.0, 0.0, 0.0, 0.0, 0.0, 0.0, 0.0, 0.0, 0.0, 0.0, 0.0, 0.0, 0.0, 0.0, 0.0, 0.0, 0.0, 0.0, 0.0, 0.0, 0.0, 0.0, 0.0, 0.0, 0.0, 0.0, 0.0, 0.0, 0.0, 0.0, 0.0, 0.0, 0.0, 0.0, 0.0, 0.0, 0.0, 0.0, 0.0, 0.0, 0.0, 0.0, 0.0, 0.0, 0.0, 0.0, 0.0, 0.0, 0.0, 0.0, 0.0, 0.0, 0.0, 0.0, 0.0, 0.0, 0.0, 0.0, 0.0, 0.0, 0.0, 0.0, 0.0, 0.0, 0.0, 0.0, 0.0, 0.0, 0.0, 0.0, 0.0, 0.0, 0.0, 0.0, 0.0, 0.0, 0.0, 0.0, 0.0, 0.0, 0.0, 0.0, 0.0, 0.0, 0.0, 0.0, 0.0, 0.0, 0.22604955259782494, 0.4331563104405758, 0.0, 0.0, 0.0, 0.0, 0.0, 0.0, 0.0, 0.0, 0.0, 0.0, 0.0, 0.0, 0.225987586609539, 0.0, 0.0, 0.0, 0.0, 0.0, 0.0, 0.0, 0.4331563104405758, 0.43315631044057584, 0.4331563104405758, 0.0, 0.0, 0.0, 0.0, 0.0, 0.0, 0.2264944702019499, 0.0, 0.0, 0.4331563104405758, 0.0, 0.0, 0.43315631044057584, 0.0, 0.0, 0.0, 0.0, 0.0, 0.0, 0.0, 0.4331563104405758, 0.4331563104405758, 0.4331563104405758, 0.0, 0.0, 0.0, 0.0, 0.0, 0.0, 0.4331563104405758, 0.0, 0.0, 0.4331563104405758, 0.0, 0.0, 0.4331563104405758, 0.0, 0.0, 0.0, 0.0, 0.0, 0.0, 0.0, 0.4331563104405758, 0.4331563104405758, 0.4331563104405758, 0.0, 0.0, 0.0, 0.0, 0.0, 0.02808612886322559, 0.4331563104405758, 0.0, 0.0, 0.4331563104405758, 0.0, 0.0, 0.4331563104405758, 0.0, 0.0, 0.0, 0.0, 0.0, 0.0, 0.0, 0.0, 0.4331563104405758, 0.4331563104405758, 0.0, 0.0, 0.0, 0.0, 0.0, 0.0011758725806053196, 0.4331563104405758, 0.0, 0.0, 0.4331563104405758, 0.0, 0.4331563104405758, 0.4331563104405758, 0.0, 0.0, 0.0, 0.0, 0.0, 0.0, 0.0, 0.0, 0.4331563104405758, 0.22641882863389715, 0.0, 0.0, 0.0, 0.028086795611185284, 0.0, 0.0011758725806053196, 0.43315631044057584, 0.0, 0.0, 0.41815634027469545, 0.0, 0.4331563104405758, 0.4331563104405758, 0.0, 0.0, 0.0, 0.0, 0.0, 0.0, 0.0, 0.0, 0.4331563104405758, 0.43315631044057584, 0.0, 0.0, 0.0, 0.001175900495119703, 0.4331563104405758, 0.0011758725806053196, 0.4331563104405758, 0.05588405099866324, 0.0, 0.0, 0.0, 0.001175900495119703, 0.4331563104405758, 0.0, 0.0, 0.0, 0.0, 0.0, 0.0, 0.0, 0.0, 0.0, 0.0011756898210604444, 0.0, 0.0, 0.028085361744595475, 0.001175900495119703, 0.0, 0.0, 0.4331563104405758, 0.0011756898210604444, 0.0, 0.0, 0.0, 0.001175900495119703, 0.0011756898210604444, 0.0, 0.0, 0.0, 0.0, 0.0, 0.0, 0.0, 0.0, 0.0, 0.0, 0.0, 0.0, 0.0011758404639058114, 0.001175900495119703, 0.05464770098979864, 0.0, 0.001175900495119703, 0.0011756898210604444, 0.0, 0.0, 0.0, 0.0, 0.0, 0.0, 0.0, 0.0, 0.0, 0.0, 0.0, 0.0, 0.0, 0.0, 0.0, 0.0, 0.0, 0.0011758404639058114, 0.001175900495119703, 0.001175900495119703, 0.0, 0.0, 0.0, 0.0, 0.0, 0.0, 0.0, 0.0, 0.0, 0.0, 0.0, 0.0, 0.0, 0.0, 0.0, 0.0, 0.0, 0.0, 0.0, 0.0, 0.0, 0.0, 0.0, 0.0, 0.0, 0.0, 0.0, 0.0, 0.0, 0.0, 0.0, 0.0, 0.0, 0.0, 0.0, 0.0, 0.0, 0.0, 0.0, 0.0, 0.0, 0.0, 0.0, 0.0, 0.0, 0.0, 0.0, 0.0, 0.0, 0.0, 0.0, 0.0, 0.0, 0.0, 0.0, 0.0, 0.0, 0.0, 0.0, 0.0, 0.0, 0.0, 0.0, 0.0, 0.0, 0.0, 0.0, 0.0, 0.0, 0.0, 0.0, 0.0, 0.0, 0.0, 0.0, 0.0, 0.0, 0.0, 0.0, 0.0, 0.0, 0.0, 0.0, 0.0, 0.0, 0.0, 0.0, 0.0, 0.0, 0.0, 0.0, 0.0, 0.0, 0.0, 0.0, 0.0, 0.0, 0.0, 0.0, 0.0, 0.0, 0.0, 0.0, 0.0, 0.0, 0.0, 0.0, 0.0, 0.0, 0.0, 0.0, 0.0, 0.005874305024836461, 0.0, 0.005874604930879592, 0.0, 0.0, 0.0, 0.0, 0.0, 0.0, 0.0, 0.0, 0.0, 0.0, 0.0, 0.0, 0.0, 0.0, 0.0, 0.0, 0.0, 0.0, 0.0, 0.0, 0.0, 0.0, 0.0, 0.0, 0.0, 0.0, 0.0, 0.0, 0.0, 0.009393496547166048, 0.0, 0.0, 0.0, 0.0, 0.0, 0.0, 0.0, 0.0, 0.0, 0.0, 0.0, 0.0, 0.0, 0.0, 0.0, 0.0, 0.0, 0.0, 0.0, 0.0, 0.0, 0.0, 0.0, 0.0, 0.0, 0.0, 0.0, 0.0, 0.0, 0.0, 0.0, 0.0, 0.0, 0.0, 0.0, 0.0, 0.0, 0.0, 0.0, 0.0, 0.0, 0.0, 0.0, 0.0, 0.0, 0.0, 0.0, 0.0, 0.0, 0.0, 0.0, 0.0, 0.0, 0.0, 0.0, 0.0, 0.0, 0.0, 0.0, 0.0, 0.0, 0.0, 0.0, 0.0, 0.0, 0.0, 0.0, 0.0, 0.0, 0.0, 0.0, 0.0, 0.0, 0.0, 0.0, 0.0, 0.0, 0.0, 0.0, 0.0, 0.0, 0.0, 0.0, 0.0, 0.0, 0.0, 0.0, 0.0, 0.0, 0.0, 0.0, 0.0, 0.0, 0.0, 0.0, 0.0, 0.0, 0.0, 0.0, 0.0, 0.0, 0.0, 0.0, 0.0, 0.0, 0.0, 0.0, 0.0, 0.0, 0.0, 0.0, 0.0, 0.0, 0.0, 0.0, 0.0, 0.0, 0.0, 0.0, 0.0, 0.0, 0.0, 0.0, 0.0, 0.0, 0.0, 0.0, 0.0, 0.0, 0.0, 0.0, 0.0, 0.0, 0.0, 0.0, 0.0, 0.0, 0.0, 0.0, 0.0, 0.0, 0.0, 0.0, 0.0, 0.0, 0.0, 0.0, 0.0, 0.0, 0.0, 0.0, 0.0, 0.0, 0.0, 0.0, 0.0, 0.0, 0.0, 0.0, 0.0, 0.0, 0.0, 0.0, 0.0, 0.0, 0.0, 0.0, 0.0, 0.0, 0.0, 0.0, 0.0, 0.0, 0.0, 0.0, 0.0, 0.0, 0.0, 0.0, 0.0, 0.0, 0.0, 0.0, 0.0, 0.0, 0.0, 0.0, 0.0, 0.0, 0.0, 0.0, 0.0, 0.0, 0.0, 0.0, 0.0, 0.0, 0.22635003458734043, 0.0, 0.0, 0.0, 0.0, 0.0, 0.0, 0.0, 0.0, 0.0, 0.0, 0.0, 0.0, 0.0, 0.0, 0.0, 0.0, 0.0, 0.0, 0.0, 0.0, 0.0, 0.0, 0.4331563104405758, 0.0, 0.43315631044057584, 0.0, 0.0, 0.0, 0.0, 0.0, 0.0, 0.0, 0.0, 0.4331563104405758, 0.0, 0.0, 0.0, 0.0, 0.0, 0.0, 0.23776308888535408, 0.0, 0.0, 0.0, 0.0, 0.4331563104405758, 0.0, 0.4331563104405758, 0.0, 0.0, 0.0, 0.0, 0.0, 0.0, 0.0, 0.0, 0.4331563104405758, 0.0, 0.0, 0.0, 0.0, 0.0, 0.0, 0.4331563104405758, 0.0, 0.0, 0.0, 0.0, 0.4331563104405758, 0.0, 0.4331563104405758, 0.0, 0.0, 0.0, 0.0, 0.0, 0.4331563104405758, 0.0, 0.0, 0.4331563104405758, 0.0, 0.27903233087253043, 0.0, 0.0, 0.0, 0.0, 0.43315631044057584, 0.0, 0.0, 0.0, 0.0, 0.4331563104405758, 0.0, 0.4331563104405758, 0.0, 0.0, 0.0, 0.0, 0.0, 0.0, 0.0, 0.02458688433649393, 0.43315631044057584, 0.0, 0.4331563104405758, 0.0, 0.0, 0.0, 0.0, 0.4331563104405758, 0.026917878955095564, 0.3701179126374922, 0.0, 0.0, 0.4331563104405758, 0.0, 0.4331563104405758, 0.0, 0.0, 0.0, 0.0, 0.0, 0.0, 0.0, 0.0, 0.4331563104405758, 0.0, 0.4331563104405758, 0.0, 0.0, 0.0, 0.0, 0.0011755511195056599, 0.0011757155757432765, 0.4331563104405758, 0.0, 0.0, 0.4331563104405758, 0.0, 0.4331563104405758, 0.0, 0.0, 0.0, 0.0, 0.0, 0.0, 0.0, 0.002350889771322515, 0.4331563104405758, 0.0, 0.4331563104405758, 0.0, 0.0, 0.0, 0.0, 0.0011755511195056599, 0.0011757155757432765, 0.0, 0.0, 0.0, 0.001175840463905285, 0.0, 0.22701058696081325, 0.0, 0.0, 0.0, 0.0, 0.0, 0.0, 0.0, 0.0011756898210604444, 0.22701058696081325, 0.0, 0.0011756742961298485, 0.0, 0.0, 0.0, 0.0, 0.0011755511195056599, 0.0011757155757438026, 0.0, 0.0, 0.0, 0.0, 0.0, 0.001175900495119703, 0.0, 0.0, 0.0, 0.0, 0.0, 0.0, 0.0, 0.0011756898210604444, 0.001175900495119703, 0.0, 0.0011756742961298485, 0.0, 0.0, 0.0, 0.0, 0.0011755511195056599, 0.0, 0.0, 0.0, 0.0, 0.0, 0.0, 0.001175900495119703, 0.0, 0.0, 0.0, 0.0, 0.0, 0.0, 0.0, 0.0011756898210604444, 0.001175900495119703, 0.0, 0.0, 0.0, 0.0, 0.0, 0.0, 0.0011755511195056599, 0.0, 0.0, 0.0, 0.0, 0.0, 0.0, 0.0, 0.0, 0.0, 0.0, 0.0, 0.0, 0.0, 0.0, 0.0, 0.001175900495119177, 0.0, 0.0, 0.0, 0.0, 0.0, 0.0, 0.0, 0.0, 0.0, 0.0, 0.0, 0.0, 0.0, 0.0, 0.0, 0.0, 0.0, 0.0, 0.0, 0.0, 0.0, 0.0, 0.0, 0.0, 0.0, 0.0, 0.0, 0.0, 0.0, 0.0, 0.0, 0.0, 0.0, 0.0, 0.0, 0.0, 0.0, 0.0, 0.0, 0.0, 0.0, 0.0, 0.0, 0.0, 0.0, 0.0, 0.0, 0.0, 0.0, 0.0, 0.0, 0.0, 0.0035251841235888898, 0.0, 0.0, 0.0, 0.0, 0.0, 0.0, 0.0, 0.0, 0.0, 0.0, 0.0, 0.0, 0.0, 0.0, 0.0, 0.0, 0.0, 0.0, 0.0, 0.0, 0.0, 0.0, 0.0011755511195056599, 0.0, 0.0, 0.0, 0.0, 0.0, 0.0, 0.0, 0.0, 0.0, 0.0, 0.0, 0.0, 0.0, 0.0, 0.0, 0.004700663045519498, 0.0, 0.0, 0.0, 0.0, 0.0, 0.0, 0.0, 0.0, 0.0, 0.0, 0.0, 0.0, 0.0, 0.0, 0.0, 0.0, 0.0, 0.0, 0.0, 0.0, 0.0, 0.0, 0.0, 0.0, 0.0, 0.0, 0.0, 0.0, 0.0, 0.0, 0.0, 0.0, 0.0, 0.0, 0.0, 0.0, 0.0, 0.0, 0.0, 0.0, 0.0, 0.0, 0.0, 0.0, 0.0, 0.0, 0.0, 0.0, 0.0, 0.0, 0.0, 0.0, 0.0, 0.0, 0.0, 0.0, 0.0, 0.0, 0.0, 0.0, 0.0, 0.0, 0.0, 0.0, 0.0, 0.0, 0.0, 0.0, 0.0, 0.0, 0.0, 0.0, 0.0, 0.0, 0.0, 0.0, 0.0, 0.0, 0.0, 0.0, 0.0, 0.0, 0.0, 0.0, 0.0, 0.0, 0.0, 0.0, 0.0, 0.0, 0.0, 0.0, 0.0, 0.0, 0.0, 0.0, 0.0, 0.0, 0.0, 0.0, 0.0, 0.0, 0.0, 0.0, 0.0, 0.0, 0.0, 0.0, 0.0, 0.0, 0.0, 0.0, 0.0, 0.0, 0.0, 0.0, 0.0, 0.0, 0.0, 0.0, 0.0, 0.0, 0.0, 0.0, 0.0, 0.0, 0.0, 0.0, 0.0, 0.0, 0.0, 0.0, 0.0, 0.0, 0.0, 0.0, 0.0, 0.0, 0.0, 0.0, 0.0, 0.0, 0.0, 0.0, 0.0, 0.0, 0.0, 0.0, 0.0, 0.0, 0.0, 0.0, 0.0, 0.0, 0.0, 0.0, 0.0, 0.0, 0.0, 0.0, 0.0, 0.0, 0.0, 0.0, 0.0, 0.0, 0.0, 0.0, 0.0, 0.0, 0.0, 0.0, 0.0, 0.0, 0.0, 0.0, 0.0, 0.0, 0.0, 0.0, 0.0, 0.0, 0.0, 0.0, 0.0, 0.0, 0.0, 0.0, 0.0, 0.0, 0.0, 0.0, 0.0, 0.0, 0.0, 0.0, 0.0, 0.0, 0.0, 0.0, 0.0, 0.0, 0.0, 0.0, 0.0, 0.0, 0.0, 0.0, 0.0, 0.0, 0.0, 0.0, 0.0, 0.0, 0.0, 0.0, 0.0, 0.0, 0.0, 0.0, 0.0, 0.0, 0.0, 0.0, 0.0, 0.0, 0.0, 0.0, 0.0, 0.0, 0.0, 0.43315631044057584, 0.0, 0.0, 0.0, 0.0, 0.4331563104405758, 0.0, 0.0, 0.0, 0.0, 0.0, 0.0, 0.4331563104405758, 0.0, 0.0, 0.0, 0.0, 0.0, 0.0, 0.0, 0.0, 0.0, 0.0, 0.4331563104405758, 0.0, 0.0, 0.0, 0.0, 0.4331563104405758, 0.43141891270100063, 0.0, 0.0, 0.0, 0.0, 0.0, 0.4331563104405758, 0.0, 0.0, 0.0, 0.0, 0.0, 0.0, 0.0, 0.0, 0.27304635439676894, 0.0, 0.4331563104405758, 0.0, 0.0, 0.4331563104405758, 0.0, 0.4331563104405758, 0.4331563104405758, 0.0, 0.0, 0.0, 0.0, 0.0, 0.4331563104405758, 0.0524321028301378, 0.0, 0.0, 0.0, 0.0, 0.1655238749838331, 0.14977305626640747, 0.0, 0.43315631044057584, 0.0, 0.4331563104405758, 0.0, 0.0, 0.4331563104405757, 0.0, 0.4331563104405758, 0.4331563104405758, 0.0, 0.0, 0.0, 0.0, 0.0, 0.4331563104405758, 0.0, 0.0, 0.0, 0.0, 0.0, 0.4331563104405758, 0.43315631044057584, 0.0, 0.4331563104405758, 0.0, 0.4331563104405758, 0.0, 0.0, 0.4331563104405758, 0.0, 0.4331563104405758, 0.43315631044057584, 0.0, 0.0, 0.0, 0.0, 0.0, 0.4331563104405758, 0.002351255214263237, 0.0, 0.0, 0.0, 0.0, 0.0, 0.4331563104405758, 0.0, 0.4331563104405758, 0.0, 0.4331563104405758, 0.0, 0.0, 0.0, 0.0, 0.43315631044057584, 0.4331563104405758, 0.0, 0.0, 0.0, 0.0, 0.0, 0.0, 0.0, 0.0, 0.0, 0.0, 0.0, 0.0, 0.4331563104405758, 0.0, 0.0, 0.0, 0.22646770942895966, 0.0, 0.0, 0.0, 0.0, 0.22617208555434362, 0.0, 0.0, 0.0, 0.0, 0.0, 0.0, 0.22782593876572824, 0.002351255214263237, 0.0, 0.0, 0.0, 0.0, 0.0, 0.0, 0.0, 0.0, 0.0, 0.0011756742961298485, 0.0, 0.0, 0.0, 0.0, 0.0011755511195051336, 0.0, 0.0, 0.0, 0.0, 0.0, 0.0, 0.43315631044057584, 0.0011758725806058459, 0.0, 0.0, 0.0, 0.0, 0.0, 0.0, 0.0, 0.0, 0.0, 0.0011756742961298485, 0.0, 0.152602303347101, 0.0, 0.0, 0.0, 0.0, 0.0, 0.0, 0.0, 0.0, 0.0, 0.0, 0.0, 0.0, 0.0, 0.0, 0.0, 0.0, 0.0, 0.0, 0.0, 0.0, 0.0, 0.0, 0.43315631044057584, 0.0, 0.0, 0.0, 0.0, 0.0, 0.0, 0.0, 0.0, 0.0, 0.0, 0.0, 0.0, 0.0, 0.0, 0.0, 0.0, 0.0, 0.0, 0.0, 0.0, 0.0, 0.0, 0.4331563104405758, 0.0, 0.0, 0.0, 0.0, 0.0, 0.0, 0.0, 0.0, 0.0, 0.0, 0.0, 0.0, 0.0, 0.0, 0.0, 0.0, 0.0, 0.0, 0.0, 0.0, 0.0, 0.0, 0.4331563104405758, 0.0, 0.0, 0.0, 0.0, 0.0, 0.0, 0.0, 0.0, 0.0, 0.0, 0.0, 0.0, 0.0, 0.0, 0.0, 0.0, 0.0, 0.0, 0.0, 0.0, 0.0, 0.0, 0.4331563104405758, 0.0, 0.0, 0.0, 0.0, 0.0, 0.0, 0.0, 0.0, 0.0, 0.0, 0.0, 0.0, 0.0, 0.0, 0.0, 0.0, 0.0, 0.0, 0.0, 0.0, 0.0, 0.0, 0.4331563104405758, 0.0, 0.0, 0.0, 0.0, 0.0, 0.0, 0.0, 0.0, 0.0, 0.0, 0.0, 0.0, 0.0, 0.0, 0.0, 0.0, 0.0, 0.0, 0.0, 0.0, 0.0, 0.0, 0.4331563104405758, 0.0, 0.0, 0.0, 0.0, 0.0, 0.0, 0.0, 0.0, 0.0, 0.0, 0.0, 0.0, 0.0, 0.0, 0.0, 0.0, 0.0, 0.0, 0.0, 0.0, 0.0, 0.0, 0.0, 0.0, 0.0, 0.0, 0.0, 0.0, 0.0, 0.0, 0.0, 0.0, 0.0, 0.0, 0.0, 0.0, 0.0, 0.0, 0.0, 0.0, 0.0, 0.0, 0.0, 0.0, 0.0, 0.0, 0.0, 0.0, 0.0, 0.0, 0.0, 0.0, 0.0, 0.0, 0.0, 0.0, 0.0, 0.0, 0.0, 0.0, 0.0, 0.0, 0.0, 0.0, 0.0, 0.0, 0.0, 0.0, 0.0, 0.0, 0.0, 0.0, 0.0, 0.0, 0.0, 0.0, 0.0, 0.0, 0.0, 0.0, 0.0, 0.0, 0.0, 0.0, 0.0, 0.0, 0.0, 0.0, 0.0, 0.0, 0.0, 0.0, 0.0, 0.0, 0.0, 0.0, 0.0, 0.0, 0.0, 0.0, 0.0, 0.0, 0.0, 0.0, 0.0, 0.0, 0.0, 0.0, 0.0, 0.0, 0.0, 0.0, 0.0, 0.0, 0.0, 0.0, 0.0, 0.0, 0.0, 0.0, 0.0, 0.0, 0.0, 0.0, 0.0, 0.0, 0.0, 0.0, 0.0, 0.0, 0.0, 0.0, 0.0, 0.0, 0.0, 0.0, 0.0, 0.0, 0.0, 0.0, 0.0, 0.0, 0.0, 0.0, 0.0, 0.0, 0.0, 0.0, 0.0, 0.0, 0.0, 0.0, 0.0, 0.0, 0.0, 0.0, 0.0, 0.0, 0.0, 0.0, 0.0, 0.0, 0.0, 0.0, 0.0, 0.0, 0.0, 0.0, 0.0, 0.0, 0.0, 0.0, 0.0, 0.0, 0.0, 0.0, 0.0, 0.0, 0.0, 0.0, 0.0, 0.0, 0.0, 0.0, 0.0, 0.0, 0.0, 0.0, 0.0, 0.0, 0.0, 0.0, 0.0, 0.0, 0.0, 0.0, 0.0, 0.0, 0.0, 0.0, 0.0, 0.0, 0.0, 0.0, 0.0, 0.0, 0.0, 0.0, 0.0, 0.0, 0.0, 0.0, 0.0, 0.0, 0.0, 0.0, 0.0, 0.0, 0.0, 0.0, 0.0, 0.0, 0.0, 0.0, 0.0, 0.0, 0.0, 0.0, 0.0, 0.0, 0.0, 0.0, 0.4331563104405758, 0.0, 0.0, 0.0, 0.0, 0.0, 0.0, 0.4331563104405758, 0.0, 0.28170612514010723, 0.0, 0.4331563104405758, 0.0, 0.0, 0.0, 0.0, 0.0, 0.0, 0.0, 0.0, 0.0, 0.0, 0.0, 0.4331563104405758, 0.0, 0.0, 0.0, 0.0, 0.0, 0.0, 0.4331563104405758, 0.0, 0.43315631044057584, 0.0, 0.4331563104405758, 0.0, 0.4331563104405758, 0.0, 0.0, 0.0, 0.0, 0.0, 0.0, 0.0, 0.4331563104405758, 0.0, 0.4331563104405758, 0.0, 0.4331563104405758, 0.0, 0.0, 0.0, 0.0, 0.4331563104405758, 0.0, 0.4331563104405758, 0.0, 0.4331563104405758, 0.0, 0.4331563104405758, 0.0, 0.0, 0.0, 0.43315631044057584, 0.43315631044057584, 0.0, 0.0, 0.4331563104405758, 0.0, 0.4331563104405758, 0.0, 0.0, 0.0, 0.0, 0.0, 0.0, 0.4331563104405758, 0.0, 0.4331563104405758, 0.0, 0.43315631044057584, 0.0, 0.4331563104405758, 0.0, 0.0, 0.0, 0.0, 0.3722197206103494, 0.0, 0.0, 0.0, 0.0, 0.4331563104405758, 0.0, 0.0, 0.0, 0.0, 0.0, 0.0, 0.4331563104405758, 0.0, 0.4331563104405758, 0.1244125360697055, 0.4331563104405758, 0.0, 0.4331563104405758, 0.0, 0.15900264708937137, 0.0, 0.0, 0.0, 0.0, 0.0, 0.0, 0.0, 0.4331563104405758, 0.0, 0.0, 0.0, 0.0, 0.0, 0.0, 0.43315631044057584, 0.0, 0.43315631044057584, 0.4331563104405758, 0.0011450175035950688, 0.0, 0.0011450722344424481, 0.0, 0.4331563104405758, 0.0, 0.0, 0.0, 0.0, 0.0, 0.0, 0.0, 0.22617208555434362, 0.0, 0.0, 0.0, 0.0, 0.0, 0.0, 0.001175900495119703, 0.0, 0.0, 0.0, 0.0011450175035950688, 0.0, 0.0011450722344429744, 0.0, 0.0, 0.0, 0.0, 0.0, 0.0, 0.0, 0.0, 0.0, 0.001175551119506186, 0.0, 0.0, 0.0, 0.0, 0.0, 0.0, 0.001175900495119703, 0.0, 0.0, 0.0, 0.0011450175035950688, 0.0, 0.0, 0.0, 0.0, 0.0, 0.0, 0.0, 0.0, 0.0, 0.0, 0.0, 0.0, 0.0, 0.0, 0.0, 0.0, 0.0, 0.0, 0.0, 0.0, 0.0, 0.0, 0.0011450175035950688, 0.0, 0.0, 0.0, 0.0, 0.0, 0.0, 0.0, 0.0, 0.0, 0.0, 0.0, 0.0, 0.0, 0.0, 0.0, 0.0, 0.0, 0.0, 0.0, 0.0, 0.0, 0.0, 0.0, 0.0, 0.0, 0.0, 0.0, 0.0, 0.0, 0.0, 0.0, 0.0, 0.0, 0.0, 0.0, 0.0, 0.0, 0.0, 0.0, 0.0, 0.0, 0.0, 0.0, 0.0, 0.0, 0.0, 0.0, 0.0, 0.0, 0.0, 0.0, 0.0, 0.0, 0.0, 0.0, 0.0, 0.0, 0.0, 0.0, 0.0, 0.0, 0.0, 0.0, 0.0, 0.0, 0.0, 0.0, 0.0, 0.0, 0.0, 0.0, 0.0, 0.0, 0.0, 0.0, 0.0, 0.0, 0.0, 0.0, 0.4331563104405758, 0.0, 0.0, 0.0, 0.0, 0.0, 0.0, 0.0, 0.0, 0.0, 0.0, 0.0, 0.0, 0.0, 0.0, 0.0, 0.0, 0.0, 0.0, 0.0, 0.0, 0.0, 0.0, 0.4331563104405758, 0.0, 0.0, 0.0, 0.0, 0.0, 0.0, 0.0, 0.0, 0.0, 0.0, 0.0, 0.0, 0.0, 0.0, 0.0, 0.0, 0.0, 0.0, 0.0, 0.0, 0.0, 0.0, 0.07784980731938344, 0.0, 0.0, 0.0, 0.0, 0.0, 0.0, 0.0, 0.0, 0.0, 0.0, 0.0, 0.0, 0.0, 0.0, 0.0, 0.0, 0.0, 0.0, 0.0, 0.0]"
q_heater_dispatch,0.0
pipes_valves_cost,355.46805129286884
TES_annualized_capex,2618.6341483733545
capP_Li,67.85714285714288
Li_LCOE_Profits,0.02488983254109524
capE_Li,500.0
Li_LCOE_dict,"Dict(""Opex"" => 0.0012080332409972379, ""Charge"" => 0.037315964322950854, ""Fom"" => 0.0035185940052554366, ""Profits"" => 0.02488983254109524, ""total"" => 0.10953919659562805, ""Capex"" => 0.06749660502642453, ""Revenue"" => 0.08354133081353561)"
deltaT_salt,277.0
tank_energy_max,1219.5121951219444
min_hours,1.0
y_binary_coal,"[1.0, 1.0, 1.0, 1.0, 1.0, 1.0, 1.0, 1.0, 1.0, 1.0, 1.0, 1.0, 1.0, 1.0, 1.0, 1.0, 1.0, 1.0, 1.0, 1.0, 1.0, 1.0, 1.0, 1.0, 1.0, 1.0, 1.0, 1.0, 1.0, 1.0, 1.0, 1.0, 1.0, 1.0, 1.0, 1.0, 1.0, 1.0, 1.0, 1.0, 1.0, 1.0, 1.0, 1.0, 1.0, 1.0, 1.0, 1.0, 1.0, 1.0, 1.0, 1.0, 1.0, 1.0, 1.0, 1.0, 1.0, 1.0, 1.0, 1.0, 1.0, 1.0, 1.0, 1.0, 1.0, 1.0, 1.0, 1.0, 1.0, 1.0, 1.0, 1.0, 1.0, 1.0, 1.0, 1.0, 1.0, 1.0, 1.0, 1.0, 1.0, 1.0, 1.0, 1.0, 1.0, 1.0, 1.0, 1.0, 1.0, 1.0, 1.0, 1.0, 1.0, 1.0, 1.0, 1.0, 1.0, 1.0, 1.0, 1.0, 1.0, 1.0, 1.0, 1.0, 1.0, 1.0, 1.0, 1.0, 1.0, 1.0, 1.0, 1.0, 1.0, 1.0, 1.0, 1.0, 1.0, 1.0, 1.0, 1.0, 1.0, 1.0, 1.0, 1.0, 1.0, 1.0, 1.0, 1.0, 1.0, 1.0, 1.0, 1.0, 1.0, 1.0, 1.0, 1.0, 1.0, 1.0, 1.0, 1.0, 1.0, 1.0, 1.0, 1.0, 1.0, 1.0, 1.0, 1.0, 1.0, 1.0, 1.0, 1.0, 1.0, 1.0, 1.0, 1.0, 1.0, 1.0, 1.0, 1.0, 1.0, 1.0, 1.0, 1.0, 1.0, 1.0, 1.0, 1.0, 1.0, 1.0, 1.0, 1.0, 1.0, 1.0, 1.0, 1.0, 1.0, 1.0, 1.0, 1.0, 1.0, 1.0, 1.0, 1.0, 1.0, 1.0, 1.0, 1.0, 1.0, 1.0, 1.0, 1.0, 1.0, 1.0, 1.0, 1.0, 1.0, 1.0, 1.0, 1.0, 1.0, 1.0, 1.0, 1.0, 1.0, 1.0, 1.0, 1.0, 1.0, 1.0, 1.0, 1.0, 1.0, 1.0, 1.0, 1.0, 1.0, 1.0, 1.0, 1.0, 1.0, 1.0, 1.0, 1.0, 1.0, 1.0, 1.0, 1.0, 1.0, 1.0, 1.0, 1.0, 1.0, 1.0, 1.0, 1.0, 1.0, 1.0, 1.0, 1.0, 1.0, 1.0, 1.0, 1.0, 1.0, 1.0, 1.0, 1.0, 1.0, 1.0, 1.0, 1.0, 1.0, 1.0, 1.0, 1.0, 1.0, 1.0, 1.0, 1.0, 1.0, 1.0, 1.0, 1.0, 1.0, 1.0, 1.0, 1.0, 1.0, 1.0, 1.0, 1.0, 1.0, 1.0, 1.0, 1.0, 1.0, 1.0, 1.0, 1.0, 1.0, 1.0, 1.0, 1.0, 1.0, 1.0, 1.0, 1.0, 1.0, 1.0, 1.0, 1.0, 1.0, 1.0, 1.0, 1.0, 1.0, 1.0, 1.0, 1.0, 1.0, 1.0, 1.0, 1.0, 1.0, 1.0, 1.0, 1.0, 1.0, 1.0, 1.0, 1.0, 1.0, 1.0, 1.0, 1.0, 1.0, 1.0, 1.0, 1.0, 1.0, 1.0, 1.0, 1.0, 1.0, 1.0, 1.0, 1.0, 1.0, 1.0, 1.0, 1.0, 1.0, 1.0, 1.0, 1.0, 1.0, 1.0, 1.0, 1.0, 1.0, 1.0, 1.0, 1.0, 1.0, 1.0, 1.0, 1.0, 1.0, 1.0, 1.0, 1.0, 1.0, 1.0, 1.0, 1.0, 1.0, 1.0, 1.0, 1.0, 1.0, 1.0, 1.0, 1.0, 1.0, 1.0, 1.0, 1.0, 1.0, 1.0, 1.0, 1.0, 1.0, 1.0, 1.0, 1.0, 1.0, 1.0, 1.0, 1.0, 1.0, 1.0, 1.0, 1.0, 1.0, 1.0, 1.0, 1.0, 1.0, 1.0, 1.0, 1.0, 1.0, 1.0, 1.0, 1.0, 1.0, 1.0, 1.0, 1.0, 1.0, 1.0, 1.0, 1.0, 1.0, 1.0, 1.0, 1.0, 1.0, 1.0, 1.0, 1.0, 1.0, 1.0, 1.0, 1.0, 1.0, 1.0, 1.0, 1.0, 1.0, 1.0, 1.0, 1.0, 1.0, 1.0, 1.0, 1.0, 1.0, 1.0, 1.0, 1.0, 1.0, 1.0, 1.0, 1.0, 1.0, 1.0, 1.0, 1.0, 1.0, 1.0, 1.0, 1.0, 1.0, 1.0, 1.0, 1.0, 1.0, 1.0, 1.0, 1.0, 1.0, 1.0, 1.0, 1.0, 1.0, 1.0, 1.0, 1.0, 1.0, 1.0, 1.0, 1.0, 1.0, 1.0, 1.0, 1.0, 1.0, 1.0, 1.0, 1.0, 1.0, 1.0, 1.0, 1.0, 1.0, 1.0, 1.0, 1.0, 1.0, 1.0, 1.0, 1.0, 1.0, 1.0, 1.0, 1.0, 1.0, 1.0, 1.0, 1.0, 1.0, 1.0, 1.0, 1.0, 1.0, 1.0, 1.0, 1.0, 1.0, 1.0, 1.0, 1.0, 1.0, 1.0, 1.0, 1.0, 1.0, 1.0, 1.0, 1.0, 1.0, 1.0, 1.0, 1.0, 1.0, 1.0, 1.0, 1.0, 1.0, 1.0, 1.0, 1.0, 1.0, 1.0, 1.0, 1.0, 1.0, 1.0, 1.0, 1.0, 1.0, 1.0, 1.0, 1.0, 1.0, 1.0, 1.0, 1.0, 1.0, 1.0, 1.0, 1.0, 1.0, 1.0, 1.0, 1.0, 1.0, 1.0, 1.0, 1.0, 1.0, 1.0, 1.0, 1.0, 1.0, 1.0, 1.0, 1.0, 1.0, 1.0, 1.0, 1.0, 1.0, 1.0, 1.0, 1.0, 1.0, 1.0, 1.0, 1.0, 1.0, 1.0, 1.0, 1.0, 1.0, 1.0, 1.0, 1.0, 1.0, 1.0, 1.0, 1.0, 1.0, 1.0, 1.0, 1.0, 1.0, 1.0, 1.0, 1.0, 1.0, 1.0, 1.0, 1.0, 1.0, 1.0, 1.0, 1.0, 1.0, 1.0, 1.0, 1.0, 1.0, 1.0, 1.0, 1.0, 1.0, 1.0, 1.0, 1.0, 1.0, 1.0, 1.0, 1.0, 1.0, 1.0, 1.0, 1.0, 1.0, 1.0, 1.0, 1.0, 1.0, 1.0, 1.0, 1.0, 1.0, 1.0, 1.0, 1.0, 1.0, 1.0, 1.0, 1.0, 1.0, 1.0, 1.0, 1.0, 1.0, 1.0, 1.0, 1.0, 1.0, 1.0, 1.0, 1.0, 1.0, 1.0, 1.0, 1.0, 1.0, 1.0, 1.0, 1.0, 1.0, 1.0, 1.0, 1.0, 1.0, 1.0, 1.0, 1.0, 1.0, 1.0, 1.0, 1.0, 1.0, 1.0, 1.0, 1.0, 1.0, 1.0, 1.0, 1.0, 1.0, 1.0, 1.0, 1.0, 1.0, 1.0, 1.0, 1.0, 1.0, 1.0, 1.0, 1.0, 1.0, 1.0, 1.0, 1.0, 1.0, 1.0, 1.0, 1.0, 1.0, 1.0, 1.0, 1.0, 1.0, 1.0, 1.0, 1.0, 1.0, 1.0, 1.0, 1.0, 1.0, 1.0, 1.0, 1.0, 1.0, 1.0, 1.0, 1.0, 1.0, 1.0, 1.0, 1.0, 1.0, 1.0, 1.0, 1.0, 1.0, 1.0, 1.0, 1.0, 1.0, 1.0, 1.0, 1.0, 1.0, 1.0, 1.0, 1.0, 1.0, 1.0, 1.0, 1.0, 1.0, 1.0, 1.0, 1.0, 1.0, 1.0, 1.0, 1.0, 1.0, 1.0, 1.0, 1.0, 1.0, 1.0, 1.0, 1.0, 1.0, 1.0, 1.0, 1.0, 1.0, 1.0, 1.0, 1.0, 1.0, 1.0, 1.0, 1.0, 1.0, 1.0, 1.0, 1.0, 1.0, 1.0, 1.0, 1.0, 1.0, 1.0, 1.0, 1.0, 1.0, 1.0, 1.0, 1.0, 1.0, 1.0, 1.0, 1.0, 1.0, 1.0, 1.0, 1.0, 1.0, 1.0, 1.0, 1.0, 1.0, 1.0, 1.0, 1.0, 1.0, 1.0, 1.0, 1.0, 1.0, 1.0, 1.0, 1.0, 1.0, 1.0, 1.0, 1.0, 1.0, 1.0, 1.0, 1.0, 1.0, 1.0, 1.0, 1.0, 1.0, 1.0, 1.0, 1.0, 1.0, 1.0, 1.0, 1.0, 1.0, 1.0, 1.0, 1.0, 1.0, 1.0, 1.0, 1.0, 1.0, 1.0, 1.0, 1.0, 1.0, 1.0, 1.0, 1.0, 1.0, 1.0, 1.0, 1.0, 1.0, 1.0, 1.0, 1.0, 1.0, 1.0, 1.0, 1.0, 1.0, 1.0, 1.0, 1.0, 1.0, 1.0, 1.0, 1.0, 1.0, 1.0, 1.0, 1.0, 1.0, 1.0, 1.0, 1.0, 1.0, 1.0, 1.0, 1.0, 1.0, 1.0, 1.0, 1.0, 1.0, 1.0, 1.0, 1.0, 1.0, 1.0, 1.0, 1.0, 1.0, 1.0, 1.0, 1.0, 1.0, 1.0, 1.0, 1.0, 1.0, 1.0, 1.0, 1.0, 1.0, 1.0, 1.0, 1.0, 1.0, 1.0, 1.0, 1.0, 1.0, 1.0, 1.0, 1.0, 1.0, 1.0, 1.0, 1.0, 1.0, 1.0, 1.0, 1.0, 1.0, 1.0, 1.0, 1.0, 1.0, 1.0, 1.0, 1.0, 1.0, 1.0, 1.0, 1.0, 1.0, 1.0, 1.0, 1.0, 1.0, 1.0, 1.0, 1.0, 1.0, 1.0, 1.0, 1.0, 1.0, 1.0, 1.0, 1.0, 1.0, 1.0, 1.0, 1.0, 1.0, 1.0, 1.0, 1.0, 1.0, 1.0, 1.0, 1.0, 1.0, 1.0, 1.0, 1.0, 1.0, 1.0, 1.0, 1.0, 1.0, 1.0, 1.0, 1.0, 1.0, 1.0, 1.0, 1.0, 1.0, 1.0, 1.0, 1.0, 1.0, 1.0, 1.0, 1.0, 1.0, 1.0, 1.0, 1.0, 1.0, 1.0, 1.0, 1.0, 1.0, 1.0, 1.0, 1.0, 1.0, 1.0, 1.0, 1.0, 1.0, 1.0, 1.0, 1.0, 1.0, 1.0, 1.0, 1.0, 1.0, 1.0, 1.0, 1.0, 1.0, 1.0, 1.0, 1.0, 1.0, 1.0, 1.0, 1.0, 1.0, 1.0, 1.0, 1.0, 1.0, 1.0, 1.0, 1.0, 1.0, 1.0, 1.0, 1.0, 1.0, 1.0, 1.0, 1.0, 1.0, 1.0, 1.0, 1.0, 1.0, 1.0, 1.0, 1.0, 1.0, 1.0, 1.0, 1.0, 1.0, 1.0, 1.0, 1.0, 1.0, 1.0, 1.0, 1.0, 1.0, 1.0, 1.0, 1.0, 1.0, 1.0, 1.0, 1.0, 1.0, 1.0, 1.0, 1.0, 1.0, 1.0, 1.0, 1.0, 1.0, 1.0, 1.0, 1.0, 1.0, 1.0, 1.0, 1.0, 1.0, 1.0, 1.0, 1.0, 1.0, 1.0, 1.0, 1.0, 1.0, 1.0, 1.0, 1.0, 1.0, 1.0, 1.0, 1.0, 1.0, 1.0, 1.0, 1.0, 1.0, 1.0, 1.0, 1.0, 1.0, 1.0, 1.0, 1.0, 1.0, 1.0, 1.0, 1.0, 1.0, 1.0, 1.0, 1.0, 1.0, 1.0, 1.0, 1.0, 1.0, 1.0, 1.0, 1.0, 1.0, 1.0, 1.0, 1.0, 1.0, 1.0, 1.0, 1.0, 1.0, 1.0, 1.0, 1.0, 1.0, 1.0, 1.0, 1.0, 1.0, 1.0, 1.0, 1.0, 1.0, 1.0, 1.0, 1.0, 1.0, 1.0, 1.0, 1.0, 1.0, 1.0, 1.0, 1.0, 1.0, 1.0, 1.0, 1.0, 1.0, 1.0, 1.0, 1.0, 1.0, 1.0, 1.0, 1.0, 1.0, 1.0, 1.0, 1.0, 1.0, 1.0, 1.0, 1.0, 1.0, 1.0, 1.0, 1.0, 1.0, 1.0, 1.0, 1.0, 1.0, 1.0, 1.0, 1.0, 1.0, 1.0, 1.0, 1.0, 1.0, 1.0, 1.0, 1.0, 1.0, 1.0, 1.0, 1.0, 1.0, 1.0, 1.0, 1.0, 1.0, 1.0, 1.0, 1.0, 1.0, 1.0, 1.0, 1.0, 1.0, 1.0, 1.0, 1.0, 1.0, 1.0, 1.0, 1.0, 1.0, 1.0, 1.0, 1.0, 1.0, 1.0, 1.0, 1.0, 1.0, 1.0, 1.0, 1.0, 1.0, 1.0, 1.0, 1.0, 1.0, 1.0, 1.0, 1.0, 1.0, 1.0, 1.0, 1.0, 1.0, 1.0, 1.0, 1.0, 1.0, 1.0, 1.0, 1.0, 1.0, 1.0, 1.0, 1.0, 1.0, 1.0, 1.0, 1.0, 1.0, 1.0, 1.0, 1.0, 1.0, 1.0, 1.0, 1.0, 1.0, 1.0, 1.0, 1.0, 1.0, 1.0, 1.0, 1.0, 1.0, 1.0, 1.0, 1.0, 1.0, 1.0, 1.0, 1.0, 1.0, 1.0, 1.0, 1.0, 1.0, 1.0, 1.0, 1.0, 1.0, 1.0, 1.0, 1.0, 1.0, 1.0, 1.0, 1.0, 1.0, 1.0, 1.0, 1.0, 1.0, 1.0, 1.0, 1.0, 1.0, 1.0, 1.0, 1.0, 1.0, 1.0, 1.0, 1.0, 1.0, 1.0, 1.0, 1.0, 1.0, 1.0, 1.0, 1.0, 1.0, 1.0, 1.0, 1.0, 1.0, 1.0, 1.0, 1.0, 1.0, 1.0, 1.0, 1.0, 1.0, 1.0, 1.0, 1.0, 1.0, 1.0, 1.0, 1.0, 1.0, 1.0, 1.0, 1.0, 1.0, 1.0, 1.0, 1.0, 1.0, 1.0, 1.0, 1.0, 1.0, 1.0, 1.0, 1.0, 1.0, 1.0, 1.0, 1.0, 1.0, 1.0, 1.0, 1.0, 1.0, 1.0, 1.0, 1.0, 1.0, 1.0, 1.0, 1.0, 1.0, 1.0, 1.0, 1.0, 1.0, 1.0, 1.0, 1.0, 1.0, 1.0, 1.0, 1.0, 1.0, 1.0, 1.0, 1.0, 1.0, 1.0, 1.0, 1.0, 1.0, 1.0, 1.0, 1.0, 1.0, 1.0, 1.0, 1.0, 1.0, 1.0, 1.0, 1.0, 1.0, 1.0, 1.0, 1.0, 1.0, 1.0, 1.0, 1.0, 1.0, 1.0, 1.0, 1.0, 1.0, 1.0, 1.0, 1.0, 1.0, 1.0, 1.0, 1.0, 1.0, 1.0, 1.0, 1.0, 1.0, 1.0, 1.0, 1.0, 1.0, 1.0, 1.0, 1.0, 1.0, 1.0, 1.0, 1.0, 1.0, 1.0, 1.0, 1.0, 1.0, 1.0, 1.0, 1.0, 1.0, 1.0, 1.0, 1.0, 1.0, 1.0, 1.0, 1.0, 1.0, 1.0, 1.0, 1.0, 1.0, 1.0, 1.0, 1.0, 1.0, 1.0, 1.0, 1.0, 1.0, 1.0, 1.0, 1.0, 1.0, 1.0, 1.0, 1.0, 1.0, 1.0, 1.0, 1.0, 1.0, 1.0, 1.0, 1.0, 1.0, 1.0, 1.0, 1.0, 1.0, 1.0, 1.0, 1.0, 1.0, 1.0, 1.0, 1.0, 1.0, 1.0, 1.0, 1.0, 1.0, 1.0, 1.0, 1.0, 1.0, 1.0, 1.0, 1.0, 1.0, 1.0, 1.0, 1.0, 1.0, 1.0, 1.0, 1.0, 1.0, 1.0, 1.0, 1.0, 1.0, 1.0, 1.0, 1.0, 1.0, 1.0, 1.0, 1.0, 1.0, 1.0, 1.0, 1.0, 1.0, 1.0, 1.0, 1.0, 1.0, 1.0, 1.0, 1.0, 1.0, 1.0, 1.0, 1.0, 1.0, 1.0, 1.0, 1.0, 1.0, 1.0, 1.0, 1.0, 1.0, 1.0, 1.0, 1.0, 1.0, 1.0, 1.0, 1.0, 1.0, 1.0, 1.0, 1.0, 1.0, 1.0, 1.0, 1.0, 1.0, 1.0, 1.0, 1.0, 1.0, 1.0, 1.0, 1.0, 1.0, 1.0, 1.0, 1.0, 1.0, 1.0, 1.0, 1.0, 1.0, 1.0, 1.0, 1.0, 1.0, 1.0, 1.0, 1.0, 1.0, 1.0, 1.0, 1.0, 1.0, 1.0, 1.0, 1.0, 1.0, 1.0, 1.0, 1.0, 1.0, 1.0, 1.0, 1.0, 1.0, 1.0, 1.0, 1.0, 1.0, 1.0, 1.0, 1.0, 1.0, 1.0, 1.0, 1.0, 1.0, 1.0, 1.0, 1.0, 1.0, 1.0, 1.0, 1.0, 1.0, 1.0, 1.0, 1.0, 1.0, 1.0, 1.0, 1.0, 1.0, 1.0, 1.0, 1.0, 1.0, 1.0, 1.0, 1.0, 1.0, 1.0, 1.0, 1.0, 1.0, 1.0, 1.0, 1.0, 1.0, 1.0, 1.0, 1.0, 1.0, 1.0, 1.0, 1.0, 1.0, 1.0, 1.0, 1.0, 1.0, 1.0, 1.0, 1.0, 1.0, 1.0, 1.0, 1.0, 1.0, 1.0, 1.0, 1.0, 1.0, 1.0, 1.0, 1.0, 1.0, 1.0, 1.0, 1.0, 1.0, 1.0, 1.0, 1.0, 1.0, 1.0, 1.0, 1.0, 1.0, 1.0, 1.0, 1.0, 1.0, 1.0, 1.0, 1.0, 1.0, 1.0, 1.0, 1.0, 1.0, 1.0, 1.0, 1.0, 1.0, 1.0, 1.0, 1.0, 1.0, 1.0, 1.0, 1.0, 1.0, 1.0, 1.0, 1.0, 1.0, 1.0, 1.0, 1.0, 1.0, 1.0, 1.0, 1.0, 1.0, 1.0, 1.0, 1.0, 1.0, 1.0, 1.0, 1.0, 1.0, 1.0, 1.0, 1.0, 1.0, 1.0, 1.0, 1.0, 1.0, 1.0, 1.0, 1.0, 1.0, 1.0, 1.0, 1.0, 1.0, 1.0, 1.0, 1.0, 1.0, 1.0, 1.0, 1.0, 1.0, 1.0, 1.0, 1.0, 1.0, 1.0, 1.0, 1.0, 1.0, 1.0, 1.0, 1.0, 1.0, 1.0, 1.0, 1.0, 1.0, 1.0, 1.0, 1.0, 1.0, 1.0, 1.0, 1.0, 1.0, 1.0, 1.0, 1.0, 1.0, 1.0, 1.0, 1.0, 1.0, 1.0, 1.0, 1.0, 1.0, 1.0, 1.0, 1.0, 1.0, 1.0, 1.0, 1.0, 1.0, 1.0, 1.0, 1.0, 1.0, 1.0, 1.0, 1.0, 1.0, 1.0, 1.0, 1.0, 1.0, 1.0, 1.0, 1.0, 1.0, 1.0, 1.0, 1.0, 1.0, 1.0, 1.0, 1.0, 1.0, 1.0, 1.0, 1.0, 1.0, 1.0, 1.0, 1.0, 1.0, 1.0, 1.0, 1.0, 1.0, 1.0, 1.0, 1.0, 1.0, 1.0, 1.0, 1.0, 1.0, 1.0, 1.0, 1.0, 1.0, 1.0, 1.0, 1.0, 1.0, 1.0, 1.0, 1.0, 1.0, 1.0, 1.0, 1.0, 1.0, 1.0, 1.0, 1.0, 1.0, 1.0, 1.0, 1.0, 1.0, 1.0, 1.0, 1.0, 1.0, 1.0, 1.0, 1.0, 1.0, 1.0, 1.0, 1.0, 1.0, 1.0, 1.0, 1.0, 1.0, 1.0, 1.0, 1.0, 1.0, 1.0, 1.0, 1.0, 1.0, 1.0, 1.0, 1.0, 1.0, 1.0, 1.0, 1.0, 1.0, 1.0, 1.0, 1.0, 1.0, 1.0, 1.0, 1.0, 1.0, 1.0, 1.0, 1.0, 1.0, 1.0, 1.0, 1.0, 1.0, 1.0, 1.0, 1.0, 1.0, 1.0, 1.0, 1.0, 1.0, 1.0, 1.0, 1.0, 1.0, 1.0, 1.0, 1.0, 1.0, 1.0, 1.0, 1.0, 1.0, 1.0, 1.0, 1.0, 1.0, 1.0, 1.0, 1.0, 1.0, 1.0, 1.0, 1.0, 1.0, 1.0, 1.0, 1.0, 1.0, 1.0, 1.0, 1.0, 1.0, 1.0, 1.0, 1.0, 1.0, 1.0, 1.0, 1.0, 1.0, 1.0, 1.0, 1.0, 1.0, 1.0, 1.0, 1.0, 1.0, 1.0, 1.0, 1.0, 1.0, 1.0, 1.0, 1.0, 1.0, 1.0, 1.0, 1.0, 1.0, 1.0, 1.0, 1.0, 1.0, 1.0, 1.0, 1.0, 1.0, 1.0, 1.0, 1.0, 1.0, 1.0, 1.0, 1.0, 1.0, 1.0, 1.0, 1.0, 1.0, 1.0, 1.0, 1.0, 1.0, 1.0, 1.0, 1.0, 1.0, 1.0, 1.0, 1.0, 1.0, 1.0, 1.0, 1.0, 1.0, 1.0, 1.0, 1.0, 1.0, 1.0, 1.0, 1.0, 1.0, 1.0, 1.0, 1.0, 1.0, 1.0, 1.0, 1.0, 1.0, 1.0, 1.0, 1.0, 1.0, 1.0, 1.0, 1.0, 1.0, 1.0, 1.0, 1.0, 1.0, 1.0, 1.0, 1.0, 1.0, 1.0, 1.0, 1.0, 1.0, 1.0, 1.0, 1.0, 1.0, 1.0, 1.0, 1.0, 1.0, 1.0, 1.0, 1.0, 1.0, 1.0, 1.0, 1.0, 1.0, 1.0, 1.0, 1.0, 1.0, 1.0, 1.0, 1.0, 1.0, 1.0, 1.0, 1.0, 1.0, 1.0, 1.0, 1.0, 1.0, 1.0, 1.0, 1.0, 1.0, 1.0, 1.0, 1.0, 1.0, 1.0, 1.0, 1.0, 1.0, 1.0, 1.0, 1.0, 1.0, 1.0, 1.0, 1.0, 1.0, 1.0, 1.0, 1.0, 1.0, 1.0, 1.0, 1.0, 1.0, 1.0, 1.0, 1.0, 1.0, 1.0, 1.0, 1.0, 1.0, 1.0, 1.0, 1.0, 1.0, 1.0, 1.0, 1.0, 1.0, 1.0, 1.0, 1.0, 1.0, 1.0, 1.0, 1.0, 1.0, 1.0, 1.0, 1.0, 1.0, 1.0, 1.0, 1.0, 1.0, 1.0, 1.0, 1.0, 1.0, 1.0, 1.0, 1.0, 1.0, 1.0, 1.0, 1.0, 1.0, 1.0, 1.0, 1.0, 1.0, 1.0, 1.0, 1.0, 1.0, 1.0, 1.0, 1.0, 1.0, 1.0, 1.0, 1.0, 1.0, 1.0, 1.0, 1.0, 1.0, 1.0, 1.0, 1.0, 1.0, 1.0, 1.0, 1.0, 1.0, 1.0, 1.0, 1.0, 1.0, 1.0, 1.0, 1.0, 1.0, 1.0, 1.0, 1.0, 1.0, 1.0, 1.0, 1.0, 1.0, 1.0, 1.0, 1.0, 1.0, 1.0, 1.0, 1.0, 1.0, 1.0, 1.0, 1.0, 1.0, 1.0, 1.0, 1.0, 1.0, 1.0, 1.0, 1.0, 1.0, 1.0, 1.0, 1.0, 1.0, 1.0, 1.0, 1.0, 1.0, 1.0, 1.0, 1.0, 1.0, 1.0, 1.0, 1.0, 1.0, 1.0, 1.0, 1.0, 1.0, 1.0, 1.0, 1.0, 1.0, 1.0, 1.0, 1.0, 1.0, 1.0, 1.0, 1.0, 1.0, 1.0, 1.0, 1.0, 1.0, 1.0, 1.0, 1.0, 1.0, 1.0, 1.0, 1.0, 1.0, 1.0, 1.0, 1.0, 1.0, 1.0, 1.0, 1.0, 1.0, 1.0, 1.0, 1.0, 1.0, 1.0, 1.0, 1.0, 1.0, 1.0, 1.0, 1.0, 1.0, 1.0, 1.0, 1.0, 1.0, 1.0, 1.0, 1.0, 1.0, 1.0, 1.0, 1.0, 1.0, 1.0, 1.0, 1.0, 1.0, 1.0, 1.0, 1.0, 1.0, 1.0, 1.0, 1.0, 1.0, 1.0, 1.0, 1.0, 1.0, 1.0, 1.0, 1.0, 1.0, 1.0, 1.0, 1.0, 1.0, 1.0, 1.0, 1.0, 1.0, 1.0, 1.0, 1.0, 1.0, 1.0, 1.0, 1.0, 1.0, 1.0, 1.0, 1.0, 1.0, 1.0, 1.0, 1.0, 1.0, 1.0, 1.0, 1.0, 1.0, 1.0, 1.0, 1.0, 1.0, 1.0, 1.0, 1.0, 1.0, 1.0, 1.0, 1.0, 1.0, 1.0, 1.0, 1.0, 1.0, 1.0, 1.0, 1.0, 1.0, 1.0, 1.0, 1.0, 1.0, 1.0, 1.0, 1.0, 1.0, 1.0, 1.0, 1.0, 1.0, 1.0, 1.0, 1.0, 1.0, 1.0, 1.0, 1.0, 1.0, 1.0, 1.0, 1.0, 1.0, 1.0, 1.0, 1.0, 1.0, 1.0, 1.0, 1.0, 1.0, 1.0, 1.0, 1.0, 1.0, 1.0, 1.0, 1.0, 1.0, 1.0, 1.0, 1.0, 1.0, 1.0, 1.0, 1.0, 1.0, 1.0, 1.0, 1.0, 1.0, 1.0, 1.0, 1.0, 1.0, 1.0, 1.0, 1.0, 1.0, 1.0, 1.0, 1.0, 1.0, 1.0, 1.0, 1.0, 1.0, 1.0, 1.0, 1.0, 1.0, 1.0, 1.0, 1.0, 1.0, 1.0, 1.0, 1.0, 1.0, 1.0, 1.0, 1.0, 1.0, 1.0, 1.0, 1.0, 1.0, 1.0, 1.0, 1.0, 1.0, 1.0, 1.0, 1.0, 1.0, 1.0, 1.0, 1.0, 1.0, 1.0, 1.0, 1.0, 1.0, 1.0, 1.0, 1.0, 1.0, 1.0, 1.0, 1.0, 1.0, 1.0, 1.0, 1.0, 1.0, 1.0, 1.0, 1.0, 1.0, 1.0, 1.0, 1.0, 1.0, 1.0, 1.0, 1.0, 1.0, 1.0, 1.0, 1.0, 1.0, 1.0, 1.0, 1.0, 1.0, 1.0, 1.0, 1.0, 1.0, 1.0, 1.0, 1.0, 1.0, 1.0, 1.0, 1.0, 1.0, 1.0, 1.0, 1.0, 1.0, 1.0, 1.0, 1.0, 1.0, 1.0, 1.0, 1.0, 1.0, 1.0, 1.0, 1.0, 1.0, 1.0, 1.0, 1.0, 1.0, 1.0, 1.0, 1.0, 1.0, 1.0, 1.0, 1.0, 1.0, 1.0, 1.0, 1.0, 1.0, 1.0, 1.0, 1.0, 1.0, 1.0, 1.0, 1.0, 1.0, 1.0, 1.0, 1.0, 1.0, 1.0, 1.0, 1.0, 1.0, 1.0, 1.0, 1.0, 1.0, 1.0, 1.0, 1.0, 1.0, 1.0, 1.0, 1.0, 1.0, 1.0, 1.0, 1.0, 1.0, 1.0, 1.0, 1.0, 1.0, 1.0, 1.0, 1.0, 1.0, 1.0, 1.0, 1.0, 1.0, 1.0, 1.0, 1.0, 1.0, 1.0, 1.0, 1.0, 1.0, 1.0, 1.0, 1.0, 1.0, 1.0, 1.0, 1.0, 1.0, 1.0, 1.0, 1.0, 1.0, 1.0, 1.0, 1.0, 1.0, 1.0, 1.0, 1.0, 1.0, 1.0, 1.0, 1.0, 1.0, 1.0, 1.0, 1.0, 1.0, 1.0, 1.0, 1.0, 1.0, 1.0, 1.0, 1.0, 1.0, 1.0, 1.0, 1.0, 1.0, 1.0, 1.0, 1.0, 1.0, 1.0, 1.0, 1.0, 1.0, 1.0, 1.0, 1.0, 1.0, 1.0, 1.0, 1.0, 1.0, 1.0, 1.0, 1.0, 1.0, 1.0, 1.0, 1.0, 1.0, 1.0, 1.0, 1.0, 1.0, 1.0, 1.0, 1.0, 1.0, 1.0, 1.0, 1.0, 1.0, 1.0, 1.0, 1.0, 1.0, 1.0, 1.0, 1.0, 1.0, 1.0, 1.0, 1.0, 1.0, 1.0, 1.0, 1.0, 1.0, 1.0, 1.0, 1.0, 1.0, 1.0, 1.0, 1.0, 1.0, 1.0, 1.0, 1.0, 1.0, 1.0, 1.0, 1.0, 1.0, 1.0, 1.0, 1.0, 1.0, 1.0, 1.0, 1.0, 1.0, 1.0, 1.0, 1.0, 1.0, 1.0, 1.0, 1.0, 1.0, 1.0, 1.0, 1.0, 1.0, 1.0, 1.0, 1.0, 1.0, 1.0, 1.0, 1.0, 1.0, 1.0, 1.0, 1.0, 1.0, 1.0, 1.0, 1.0, 1.0, 1.0, 1.0, 1.0, 1.0, 1.0, 1.0, 1.0, 1.0, 1.0, 1.0, 1.0, 1.0, 1.0, 1.0, 1.0, 1.0, 1.0, 1.0, 1.0, 1.0, 1.0, 1.0, 1.0, 1.0, 1.0, 1.0, 1.0, 1.0, 1.0, 1.0, 1.0, 1.0, 1.0, 1.0, 1.0, 1.0, 1.0, 1.0, 1.0, 1.0, 1.0, 1.0, 1.0, 1.0, 1.0, 1.0, 1.0, 1.0, 1.0, 1.0, 1.0, 1.0, 1.0, 1.0, 1.0, 1.0, 1.0, 1.0, 1.0, 1.0, 1.0, 1.0, 1.0, 1.0, 1.0, 1.0, 1.0, 1.0, 1.0, 1.0, 1.0, 1.0, 1.0, 1.0, 1.0, 1.0, 1.0, 1.0, 1.0, 1.0, 1.0, 1.0, 1.0, 1.0, 1.0, 1.0, 1.0, 1.0, 1.0, 1.0, 1.0, 1.0, 1.0, 1.0, 1.0, 1.0, 1.0, 1.0, 1.0, 1.0, 1.0, 1.0, 1.0, 1.0, 1.0, 1.0, 1.0, 1.0, 1.0, 1.0, 1.0, 1.0, 1.0, 1.0, 1.0, 1.0, 1.0, 1.0, 1.0, 1.0, 1.0, 1.0, 1.0, 1.0, 1.0, 1.0, 1.0, 1.0, 1.0, 1.0, 1.0, 1.0, 1.0, 1.0, 1.0, 1.0, 1.0, 1.0, 1.0, 1.0, 1.0, 1.0, 1.0, 1.0, 1.0, 1.0, 1.0, 1.0, 1.0, 1.0, 1.0, 1.0, 1.0, 1.0, 1.0, 1.0, 1.0, 1.0, 1.0, 1.0, 1.0, 1.0, 1.0, 1.0, 1.0, 1.0, 1.0, 1.0, 1.0, 1.0, 1.0, 1.0, 1.0, 1.0, 1.0, 1.0, 1.0, 1.0, 1.0, 1.0, 1.0, 1.0, 1.0, 1.0, 1.0, 1.0, 1.0, 1.0, 1.0, 1.0, 1.0, 1.0, 1.0, 1.0, 1.0, 1.0, 1.0, 1.0, 1.0, 1.0, 1.0, 1.0, 1.0, 1.0, 1.0, 1.0, 1.0, 1.0, 1.0, 1.0, 1.0, 1.0, 1.0, 1.0, 1.0, 1.0, 1.0, 1.0, 1.0, 1.0, 1.0, 1.0, 1.0, 1.0, 1.0, 1.0, 1.0, 1.0, 1.0, 1.0, 1.0, 1.0, 1.0, 1.0, 1.0, 1.0, 1.0, 1.0, 1.0, 1.0, 1.0, 1.0, 1.0, 1.0, 1.0, 1.0, 1.0, 1.0, 1.0, 1.0, 1.0, 1.0, 1.0, 1.0, 1.0, 1.0, 1.0, 1.0, 1.0, 1.0, 1.0, 1.0, 1.0, 1.0, 1.0, 1.0, 1.0, 1.0, 1.0, 1.0, 1.0, 1.0, 1.0, 1.0, 1.0, 1.0, 1.0, 1.0, 1.0, 1.0, 1.0, 1.0, 1.0, 1.0, 1.0, 1.0, 1.0, 1.0, 1.0, 1.0, 1.0, 1.0, 1.0, 1.0, 1.0, 1.0, 1.0, 1.0, 1.0, 1.0, 1.0, 1.0, 1.0, 1.0, 1.0, 1.0, 1.0, 1.0, 1.0, 1.0, 1.0, 1.0, 1.0, 1.0, 1.0, 1.0, 1.0, 1.0, 1.0, 1.0, 1.0, 1.0, 1.0, 1.0, 1.0, 1.0, 1.0, 1.0, 1.0, 1.0, 1.0, 1.0, 1.0, 1.0, 1.0, 1.0, 1.0, 1.0, 1.0, 1.0, 1.0, 1.0, 1.0, 1.0, 1.0, 1.0, 1.0, 1.0, 1.0, 1.0, 1.0, 1.0, 1.0, 1.0, 1.0, 1.0, 1.0, 1.0, 1.0, 1.0, 1.0, 1.0, 1.0, 1.0, 1.0, 1.0, 1.0, 1.0, 1.0, 1.0, 1.0, 1.0, 1.0, 1.0, 1.0, 1.0, 1.0, 1.0, 1.0, 1.0, 1.0, 1.0, 1.0, 1.0, 1.0, 1.0, 1.0, 1.0, 1.0, 1.0, 1.0, 1.0, 1.0, 1.0, 1.0, 1.0, 1.0, 1.0, 1.0, 1.0, 1.0, 1.0, 1.0, 1.0, 1.0, 1.0, 1.0, 1.0, 1.0, 1.0, 1.0, 1.0, 1.0, 1.0, 1.0, 1.0, 1.0, 1.0, 1.0, 1.0, 1.0, 1.0, 1.0, 1.0, 1.0, 1.0, 1.0, 1.0, 1.0, 1.0, 1.0, 1.0, 1.0, 1.0, 1.0, 1.0, 1.0, 1.0, 1.0, 1.0, 1.0, 1.0, 1.0, 1.0, 1.0, 1.0, 1.0, 1.0, 1.0, 1.0, 1.0, 1.0, 1.0, 1.0, 1.0, 1.0, 1.0, 1.0, 1.0, 1.0, 1.0, 1.0, 1.0, 1.0, 1.0, 1.0, 1.0, 1.0, 1.0, 1.0, 1.0, 1.0, 1.0, 1.0, 1.0, 1.0, 1.0, 1.0, 1.0, 1.0, 1.0, 1.0, 1.0, 1.0, 1.0, 1.0, 1.0, 1.0, 1.0, 1.0, 1.0, 1.0, 1.0, 1.0, 1.0, 1.0, 1.0, 1.0, 1.0, 1.0, 1.0, 1.0, 1.0, 1.0, 1.0, 1.0, 1.0, 1.0, 1.0, 1.0, 1.0, 1.0, 1.0, 1.0, 1.0, 1.0, 1.0, 1.0, 1.0, 1.0, 1.0, 1.0, 1.0, 1.0, 1.0, 1.0, 1.0, 1.0, 1.0, 1.0, 1.0, 1.0, 1.0, 1.0, 1.0, 1.0, 1.0, 1.0, 1.0, 1.0, 1.0, 1.0, 1.0, 1.0, 1.0, 1.0, 1.0, 1.0, 1.0, 1.0, 1.0, 1.0, 1.0, 1.0, 1.0, 1.0, 1.0, 1.0, 1.0, 1.0, 1.0, 1.0, 1.0, 1.0, 1.0, 1.0, 1.0, 1.0, 1.0, 1.0, 1.0, 1.0, 1.0, 1.0, 1.0, 1.0, 1.0, 1.0, 1.0, 1.0, 1.0, 1.0, 1.0, 1.0, 1.0, 1.0, 1.0, 1.0, 1.0, 1.0, 1.0, 1.0, 1.0, 1.0, 1.0, 1.0, 1.0, 1.0, 1.0, 1.0, 1.0, 1.0, 1.0, 1.0, 1.0, 1.0, 1.0, 1.0, 1.0, 1.0, 1.0, 1.0, 1.0, 1.0, 1.0, 1.0, 1.0, 1.0, 1.0, 1.0, 1.0, 1.0, 1.0, 1.0, 1.0, 1.0, 1.0, 1.0, 1.0, 1.0, 1.0, 1.0, 1.0, 1.0, 1.0, 1.0, 1.0, 1.0, 1.0, 1.0, 1.0, 1.0, 1.0, 1.0, 1.0, 1.0, 1.0, 1.0, 1.0, 1.0, 1.0, 1.0, 1.0, 1.0, 1.0, 1.0, 1.0, 1.0, 1.0, 1.0, 1.0, 1.0, 1.0, 1.0, 1.0, 1.0, 1.0, 1.0, 1.0, 1.0, 1.0, 1.0, 1.0, 1.0, 1.0, 1.0, 1.0, 1.0, 1.0, 1.0, 1.0, 1.0, 1.0, 1.0, 1.0, 1.0, 1.0, 1.0, 1.0, 1.0, 1.0, 1.0, 1.0, 1.0, 1.0, 1.0, 1.0, 1.0, 1.0, 1.0, 1.0, 1.0, 1.0, 1.0, 1.0, 1.0, 1.0, 1.0, 1.0, 1.0, 1.0, 1.0, 1.0, 1.0, 1.0, 1.0, 1.0, 1.0, 1.0, 1.0, 1.0, 1.0, 1.0, 1.0, 1.0, 1.0, 1.0, 1.0, 1.0, 1.0, 1.0, 1.0, 1.0, 1.0, 1.0, 1.0, 1.0, 1.0, 1.0, 1.0, 1.0, 1.0, 1.0, 1.0, 1.0, 1.0, 1.0, 1.0, 1.0, 1.0, 1.0, 1.0, 1.0, 1.0, 1.0, 1.0, 1.0, 1.0, 1.0, 1.0, 1.0, 1.0, 1.0, 1.0, 1.0, 1.0, 1.0, 1.0, 1.0, 1.0, 1.0, 1.0, 1.0, 1.0, 1.0, 1.0, 1.0, 1.0, 1.0, 1.0, 1.0, 1.0, 1.0, 1.0, 1.0, 1.0, 1.0, 1.0, 1.0, 1.0, 1.0, 1.0, 1.0, 1.0, 1.0, 1.0, 1.0, 1.0, 1.0, 1.0, 1.0, 1.0, 1.0, 1.0, 1.0, 1.0, 1.0, 1.0, 1.0, 1.0, 1.0, 1.0, 1.0, 1.0, 1.0, 1.0, 1.0, 1.0, 1.0, 1.0, 1.0, 1.0, 1.0, 1.0, 1.0, 1.0, 1.0, 1.0, 1.0, 1.0, 1.0, 1.0, 1.0, 1.0, 1.0, 1.0, 1.0, 1.0, 1.0, 1.0, 1.0, 1.0, 1.0, 1.0, 1.0, 1.0, 1.0, 1.0, 1.0, 1.0, 1.0, 1.0, 1.0, 1.0, 1.0, 1.0, 1.0, 1.0, 1.0, 1.0, 1.0, 1.0, 1.0, 1.0, 1.0, 1.0, 1.0, 1.0, 1.0, 1.0, 1.0, 1.0, 1.0, 1.0, 1.0, 1.0, 1.0, 1.0, 1.0, 1.0, 1.0, 1.0, 1.0, 1.0, 1.0, 1.0, 1.0, 1.0, 1.0, 1.0, 1.0, 1.0, 1.0, 1.0, 1.0, 1.0, 1.0, 1.0, 1.0, 1.0, 1.0, 1.0, 1.0, 1.0, 1.0, 1.0, 1.0, 1.0, 1.0, 1.0, 1.0, 1.0, 1.0, 1.0, 1.0, 1.0, 1.0, 1.0, 1.0, 1.0, 1.0, 1.0, 1.0, 1.0, 1.0, 1.0, 1.0, 1.0, 1.0, 1.0, 1.0, 1.0, 1.0, 1.0, 1.0, 1.0, 1.0, 1.0, 1.0, 1.0, 1.0, 1.0, 1.0, 1.0, 1.0, 1.0, 1.0, 1.0, 1.0, 1.0, 1.0, 1.0, 1.0, 1.0, 1.0, 1.0, 1.0, 1.0, 1.0, 1.0, 1.0, 1.0, 1.0, 1.0, 1.0, 1.0, 1.0, 1.0, 1.0, 1.0, 1.0, 1.0, 1.0, 1.0, 1.0, 1.0, 1.0, 1.0, 1.0, 1.0, 1.0, 1.0, 1.0, 1.0, 1.0, 1.0, 1.0, 1.0, 1.0, 1.0, 1.0, 1.0, 1.0, 1.0, 1.0, 1.0, 1.0, 1.0, 1.0, 1.0, 1.0, 1.0, 1.0, 1.0, 1.0, 1.0, 1.0, 1.0, 1.0, 1.0, 1.0, 1.0, 1.0, 1.0, 1.0, 1.0, 1.0, 1.0, 1.0, 1.0, 1.0, 1.0, 1.0, 1.0, 1.0, 1.0, 1.0, 1.0, 1.0, 1.0, 1.0, 1.0, 1.0, 1.0, 1.0, 1.0, 1.0, 1.0, 1.0, 1.0, 1.0, 1.0, 1.0, 1.0, 1.0, 1.0, 1.0, 1.0, 1.0, 1.0, 1.0, 1.0, 1.0, 1.0, 1.0, 1.0, 1.0, 1.0, 1.0, 1.0, 1.0, 1.0, 1.0, 1.0, 1.0, 1.0, 1.0, 1.0, 1.0, 1.0, 1.0, 1.0, 1.0, 1.0, 1.0, 1.0, 1.0, 1.0, 1.0, 1.0, 1.0, 1.0, 1.0, 1.0, 1.0, 1.0, 1.0, 1.0, 1.0, 1.0, 1.0, 1.0, 1.0, 1.0, 1.0, 1.0, 1.0, 1.0, 1.0, 1.0, 1.0, 1.0, 1.0, 1.0, 1.0, 1.0, 1.0, 1.0, 1.0, 1.0, 1.0]"
Li_LCOE_Charge,0.037315964322950854
TES_LCOE_Revenue,0.15976176772929795
upgrade_cost,0.0
